5K,50K,500K,5M
0.6519105152280548,0.6602920747257435,0.6599423579069277,0.65334647410141
0.09171943870550531,0.08869535894554446,0.08756084510546679,0.08909633501741285
0.3592846918906354,0.3572199951588405,0.35299401558049465,0.3527720830604006
0.009726885238284093,0.010092788016079756,0.010152321032448437,0.010426215681679594
0.17852884487736415,0.16800123048630453,0.16711615955566647,0.16348324678797205
0.04213345698540142,0.04191102155596288,0.0420284188117635,0.04181707576523836
0.030937852152138602,0.030867925106697534,0.031167083991976825,0.03121300386482487
0.06755366567936835,0.06417346882785319,0.065550512586849,0.06485040388408522
0.07339934381329624,0.07520651884535823,0.07558451448186689,0.0748352136029667
0.20725402339768634,0.2098688233763208,0.2032870475444586,0.20504487304695374
0.06075599075362409,0.06034600897643519,0.061359567995568534,0.06181851207019903
0.019910070468002177,0.019920232274174107,0.019930503743683634,0.019843118555275353
0.037782267934831644,0.036394826539311476,0.035804817725041176,0.03582370451792797
0.34569054464842947,0.35509421617602427,0.3517034402253617,0.3530979600195668
0.019911513995170348,0.02060709759015777,0.02030685707498313,0.02023303174771246
0.12906237218023678,0.13298583904803457,0.12946464401064514,0.13093262997728244
0.2487710387634016,0.24297766091935283,0.24577315101011796,0.24435845984153182
0.12444851819481123,0.11673232587979468,0.11347371117925786,0.11281567008814787
0.17478690373201405,0.16702093048638317,0.169495149733453,0.16795045790330532
0.021152867739608814,0.02053166227359078,0.02067392838038337,0.020724231061712197
0.0205803283406522,0.021312658160903043,0.02053572328089793,0.020552650853306303
0.018240693873138057,0.02034474528898297,0.019653961245628928,0.01960109254888332
0.28837752422705754,0.28921604059789385,0.28801772781472385,0.2883067714137811
0.011566541082722889,0.012146192620687113,0.012164609022628036,0.011855272482796858
0.019986554118694606,0.02257267461690438,0.02194972549472574,0.021857668229874054
0.03534277027152906,0.03555313801008799,0.035902918653670506,0.036183822317022496
0.14326925199408752,0.1435987795331493,0.14364990158687083,0.14022857869316502
0.13074993795103504,0.13388880309547335,0.13077224109281488,0.13246148073423375
0.17848818703951483,0.18174978473832532,0.1778338720976301,0.17847016079563305
0.02628830244894045,0.027791208692352493,0.027458489360472557,0.02794543283280096
0.035463748681776305,0.03680274064409056,0.034596816033568706,0.03430407959605444
0.02164306692425796,0.021365176606814643,0.02065680603447097,0.020156297037860524
0.018747892005401934,0.018368035102342688,0.018155609645384124,0.018012231868394016
0.09918061825198926,0.09701382131884531,0.09813500492301522,0.09850970330437685
0.6388524438053648,0.6390739886540705,0.641704770016344,0.6409673619706631
0.03984972856537221,0.034878212540811165,0.0339854951897036,0.03352548386650889
0.03221114452627327,0.034946750832830234,0.03486204401234316,0.034796135945354766
0.01415252825431738,0.014599839223683029,0.015051662104697716,0.01542880952240776
0.016999887404535202,0.01578272299536154,0.01561682531458266,0.015732440085420123
0.010746133525563438,0.011145753025002982,0.010747341352666789,0.010527814672243941
0.5587173268076615,0.5711064580595178,0.5719480502799595,0.5772449005935021
0.2672137427395835,0.2643294885925439,0.2700411575755521,0.2688954902715664
0.045873036626382854,0.04803574831433878,0.04780602019235996,0.047999912112690925
0.023392991273159282,0.02625797549693063,0.025905485458887514,0.025874034047449715
0.0680372243791912,0.06357887594229905,0.06352606192189789,0.06331620729565601
0.04321093416553921,0.04574858131325676,0.04470747124927512,0.045029823628443086
0.04875117083113931,0.04851583666409923,0.046961436011715506,0.04748383004981764
0.028748650856355158,0.026254841616831188,0.025305827001003207,0.025276052685722406
0.022805081555325825,0.024444881309210367,0.023997699265688604,0.02400369737140601
0.01984302825837174,0.019362723622120392,0.01928287691477529,0.019293286429320527
0.038744014047653264,0.0372918201310187,0.034869073225389534,0.03450552790722615
0.013513924532259339,0.013301344173791632,0.013062719903356241,0.012803474752187039
0.012432159617524889,0.013789512168436362,0.013846117470329617,0.013941533437652217
0.09119477660411819,0.0909912736089352,0.09048739925252121,0.08978045477940184
0.040837826734913166,0.04420020806870169,0.04421815439742115,0.044056629861262596
0.012952464488143247,0.011877292036573013,0.011651455049962175,0.011418740191796358
0.050508338159078,0.05364371657137169,0.053320791011275015,0.05256567218446557
0.031637025224693006,0.03063635904219554,0.03176302426247087,0.031825985601108955
0.02213241730864489,0.02121197040860986,0.020508402111460534,0.019973007425414045
0.03280094402812652,0.031030261038989582,0.030746601099885355,0.03052662800719662
0.02988035340935754,0.03076681606556079,0.030321556165374807,0.02993797182825505
0.041012984044994275,0.04112625124305745,0.04049477441437906,0.0400547045356361
0.022833788851686927,0.023344360659601115,0.02310725381864966,0.02297728678662897
0.09851950114754385,0.1020821028791757,0.09897283661066625,0.09627121859105858
0.011161711707780743,0.011747485548453434,0.012584996201570475,0.012428543251771281
0.01227012692409296,0.012620940781991077,0.012586303289531555,0.01234786281912887
0.011594872874255252,0.01177244223287039,0.011539359011473575,0.01142273259633095
0.042118757299845266,0.04567228749949486,0.045296100595791,0.04484123747519657
0.5607711954735074,0.564393644077358,0.5700920099558907,0.570829249911613
0.02059001315001848,0.02029660133623826,0.020134835217565334,0.020392763610207854
0.03683250076041707,0.03753167793241728,0.0351921461633092,0.03464879296253131
0.016897744341543085,0.016985035607350246,0.017549341037661054,0.017337643768565184
0.010431643073506447,0.010024537971058274,0.010348575417120583,0.010209668169205042
0.13853625887881713,0.1364277794983164,0.13984279798957963,0.14013798030741428
0.038497165648461604,0.0389972389347547,0.03979392193624648,0.03940443351664689
0.015164973018335587,0.01590482025638368,0.015862441202278366,0.015629618246709213
0.029943929777202057,0.03189309824310485,0.030516024381053698,0.03208074269768306
0.019910070468002177,0.019920232274174107,0.019930503743683634,0.019843118555275353
0.010840867012926997,0.010169147425664006,0.010298797751116171,0.010148892712884503
0.10582940438382053,0.10709522744178504,0.10376639151074453,0.10316871154428173
0.07348946087660262,0.07653872734044476,0.07522949935262582,0.07364885976669232
0.03822753691631088,0.03624457142698062,0.03529193690725295,0.03571790940403775
0.03143970664953439,0.026810534409658145,0.026030297143801177,0.025636728685311853
0.010682323668012802,0.011252791612945078,0.010866852461024597,0.010815913020910475
0.019527008977261943,0.019437025834840457,0.019373516048336807,0.019327575062196525
0.6575882117968934,0.6604440920293131,0.6567028841961214,0.6571414083568484
0.03477204181000791,0.03728432720724197,0.03656737499426567,0.03706299675564265
0.010450418375028513,0.01117116060517838,0.011362169432758577,0.011142318253953728
0.06402427497660584,0.06621333235136706,0.06752217877050466,0.0683385773439549
0.1155206778086112,0.11652100316138873,0.1153435420212088,0.11569505499012439
0.14578186711875954,0.1522917812263415,0.14585668850025266,0.14294711475645705
0.7401308615925644,0.752658911433061,0.7488312416613612,0.7552668567709828
0.010354782611647751,0.010844793701545936,0.010354145290364882,0.010379091281231335
0.018559083130519887,0.019315404640729335,0.019020463595264596,0.01923931513476109
0.09294335357703044,0.08957099033405422,0.08963750517174583,0.09028567352632301
0.11425314213264304,0.1166638813984998,0.11356044054653402,0.11336072983618453
0.1228831033727335,0.12970429955981538,0.12372872735454031,0.12606785714353536
0.7390399571092499,0.7536732487389662,0.7513314110122505,0.7591455591782301
0.6800856641038583,0.6864650342629907,0.6794100675520708,0.6957601415589552
0.04281066813503512,0.042809687544457596,0.042382741251114804,0.042305962951401425
0.543963121541869,0.5398757800077806,0.5339413872759922,0.5455431186926675
0.016837653390438908,0.014646343762060745,0.014165895655888393,0.013933761488612625
0.07686177407492942,0.07702062666348485,0.07766098376112757,0.0781348530454882
0.05591379363455089,0.05414181797086188,0.054899794360405034,0.056283900375729314
0.17611287103560658,0.1667689331159656,0.1637346954321333,0.1605259650049138
0.34809597369127515,0.35959388824854344,0.3516191276949357,0.3595228614083646
0.11098010654114258,0.11744417237403762,0.11045801642641921,0.11465442537376057
0.11988093853756177,0.11478812804722872,0.1144337957277004,0.11210150099111614
0.03298748131729535,0.032389263059269695,0.031952978873782255,0.03237060823655321
0.11619906271065071,0.1158173096422031,0.1159319813236171,0.11772874124495357
0.031204270965050025,0.03342558004733923,0.03283575705374902,0.03313367224846047
0.05672683358911435,0.054103962496559285,0.05373663615159276,0.05400432134468394
0.15728266436378482,0.15733648048723048,0.15950373686759275,0.16108003482670663
0.0678381653370387,0.0681839479740247,0.07014716272915186,0.06982710435660443
0.037450984145689266,0.037576893133207494,0.037129125956497665,0.03716407265368969
0.024062146133916454,0.024465493843186904,0.023371610709007385,0.023562686474040476
0.02463362811745534,0.0240459979394939,0.023339463249250958,0.023803591578215
0.02148527041847353,0.022242527421394258,0.022157097650185413,0.021800762490345692
0.034335049733230975,0.03373147384988375,0.03434094195800547,0.034356842135488105
0.7084554932019711,0.716197785728606,0.7159841549829389,0.7216269657398771
0.024238305563105262,0.025219230807551292,0.024048684453740466,0.023895511513112134
0.12438260418797537,0.12382334049572603,0.12370354669503458,0.12575274385485494
0.5431541719049944,0.5474964837781563,0.5449787257578402,0.5539865007583329
0.055887853624415576,0.054785876767572086,0.05295255657636019,0.05273268173414271
0.029998627419325984,0.031804278533586805,0.03155821713312161,0.031713321653110915
0.1839019353609467,0.18079534570121464,0.1804037303717372,0.18154431393313564
0.18355598318069968,0.1790946108384579,0.18087174496882388,0.179560388827108
0.016189743050477216,0.01716852245073339,0.01717607968795186,0.01744641996544092
0.026345414331272993,0.02676727952852537,0.026413908769180424,0.026077238932281168
0.025766713064227478,0.027288460423731807,0.02885114751614401,0.028578827730972388
0.062093014860615955,0.06414576987023347,0.06460283470409862,0.06486174816229247
0.027142266667007628,0.028103668605562356,0.028551212797068664,0.028541228789417342
0.10421599642654764,0.10558999131860274,0.10898643544783075,0.10437382570881706
0.10192993812210949,0.09985058646937911,0.10086530316964046,0.0994777552276699
0.04841161711170578,0.04935541431756929,0.048861258815083665,0.04950678553591527
0.06374694480457974,0.06619758245519869,0.06544255021236303,0.06409638025032932
0.011491192441016417,0.011828516331444126,0.011396116896982738,0.011398857619391675
0.03477204181000791,0.03728432720724197,0.03656737499426567,0.03706299675564265
0.896209364127722,0.898800402011632,0.89897091181852,0.90165454895339
0.01610692646740176,0.015231068808425731,0.015460322002563295,0.015477326782822773
0.022805081555325825,0.024444881309210367,0.023997699265688604,0.02400369737140601
0.011378227146266042,0.011026766915298136,0.011090764267254498,0.011098731899263109
0.13597062283387332,0.13936783978135547,0.1354474626837365,0.13530098590385586
0.01139845386394505,0.01214314789736833,0.011775557161412946,0.011983883739249515
0.04310951767425965,0.044915356439571154,0.04543485184342582,0.04528177586758908
0.09716833735275211,0.09716793122564668,0.09938056883755463,0.09878977961327988
0.023890077887724882,0.020567270059163995,0.020815837561453176,0.020323497997509214
0.18443148645050245,0.19097991713162846,0.1946864460125739,0.19687939326849968
0.1466508458443216,0.14248273352304122,0.14349997548464288,0.144072090884368
0.05557037887865729,0.05865988243412738,0.05844849370634026,0.05934252791537062
0.019270685655219087,0.016334361559875648,0.01617030720731219,0.01588608371818932
0.014545141935610476,0.014938982035697981,0.01468719421964764,0.014832533119285753
0.010295193407394746,0.01044210543267764,0.010634375812650032,0.010124290443315195
0.04041916851020135,0.042730198941957426,0.04157936245242053,0.04156323171410358
0.0976463989620621,0.09369386734600009,0.0953223964876085,0.09500849981999515
0.1996500835780043,0.20343583658388337,0.20581081120485137,0.20848243357832533
0.047542385954866,0.04881690630754818,0.04727802611567324,0.047577537652683737
0.03914474224037504,0.04396835815697162,0.043585727772358376,0.04352741320792278
0.011308772884860442,0.011428112774695992,0.011944099725030606,0.011771583082217743
0.01861664266917052,0.017286382925794333,0.017355791967384956,0.016977773687744613
0.07495415734805107,0.07980768785370346,0.0805367506531175,0.07887877731845916
0.7124100111787748,0.7158985879599997,0.7193626838544147,0.7238486299326662
0.17647371801997846,0.16813488422158968,0.16161668032999205,0.16310881923800521
0.011991136889164122,0.012681811939622523,0.01258066336750774,0.01240837924483547
0.11510109668533733,0.12373885192593394,0.12018841180353125,0.12004269975047402
0.14541485219375178,0.148018680743142,0.1465666318670466,0.1465641171599478
0.054634837498569684,0.057066827923568014,0.056496166528065536,0.05504610519711405
0.023912102081187343,0.02532122809899241,0.024612896474014784,0.024754175955022842
0.10467190388588937,0.09845550985203155,0.09637490236830899,0.0953808779504104
0.01274588918628239,0.013152804696195728,0.01291502349972737,0.013424225402042494
0.014777516526773494,0.014705591634219053,0.014664071091860022,0.01449802498509684
0.11905808289246712,0.1162992451819689,0.11446620978545384,0.11403142780548484
0.6375910693156601,0.6419673545909438,0.6532912434146185,0.6489902029144966
0.025179547061954983,0.021634130704897586,0.021553953029838185,0.021295354635712978
0.10320650306868608,0.10287152347873468,0.10234591863730323,0.10324474053524556
0.014597322220992727,0.014815305919471333,0.014609969388419942,0.014388935784238
0.07299592171794937,0.0683441972952038,0.06771898661798326,0.06716091125281588
0.1544508681316601,0.15246621634866253,0.15040963334699606,0.15385250035964723
0.011134369228549322,0.011894445485905946,0.011471353780196725,0.01146485654841266
0.010688052814882722,0.010353103472102007,0.010216366241388199,0.010290657113134396
0.033535846320982374,0.03353721872039633,0.03371600061825838,0.0339037323276072
0.5298368498478031,0.5288990975968911,0.5263241463671507,0.5358156153314338
0.01129957610662172,0.011611150667361552,0.011594225507902465,0.0118968850705296
0.8464363383869262,0.8523114081931452,0.8522892108420381,0.8479739791009041
0.02281808279835956,0.021781334787225576,0.021778925829818573,0.02160618910199351
0.012510040233878772,0.012193868393177812,0.012351187986900575,0.012324465179884605
0.017715836109256686,0.019323719036429918,0.019249265868458734,0.019890005014031154
0.03197727242190668,0.03211597939909669,0.032384328368765807,0.033141348893517816
0.022629075490933313,0.024139536864530315,0.02376978720436761,0.023619090866815334
0.01008069837768044,0.010918177001422865,0.01083193093504019,0.010871023351475034
0.5263102020122441,0.54078504076116,0.5409934204137832,0.5419485366977151
0.009697175798648898,0.009972670680203166,0.010225188971571361,0.010351430550985875
0.018150513411298853,0.01670633120169027,0.016958478254794695,0.01644659986276224
0.04216361481125998,0.04330019828602174,0.04234056733676329,0.04190267444897789
0.010477499540128818,0.010273303709337347,0.010070872076209865,0.010168724521624217
0.04085658069719205,0.044261131398489285,0.04412125332851524,0.044167746048444485
0.0892677175502076,0.08413601662593813,0.084335462890857,0.08394354214281877
0.7103807954707579,0.7138800390439611,0.7110973691543121,0.713984573224641
0.03480909523959396,0.03372867833410361,0.03306634697378952,0.03340250731378824
0.17806476450057934,0.16625939698592676,0.16528010540179186,0.16128027749207052
0.5331920432994423,0.5376353882215744,0.5358834081842493,0.5339819639742442
0.2838759502405166,0.2774178494098566,0.27554145023003873,0.2795269699365466
0.014071785080066368,0.014973817457431916,0.014356047394006168,0.014326748625295024
0.0639440994020739,0.059887821590434986,0.060409832023674406,0.05949859677654361
0.5042474738090454,0.5136052406148277,0.52840517667684,0.5233063552058029
0.1479936024966892,0.1473162307425411,0.14507989934052215,0.14629422163107375
0.8544218122554862,0.8550416752044171,0.8438578908100268,0.8605202874207541
0.04141806935282482,0.039665498777452575,0.03931647660284759,0.03846621245280313
0.5331920432994423,0.5376353882215744,0.5358834081842493,0.5339819639742442
0.1869885769072656,0.18015762929656612,0.180589916347167,0.17913494675257266
0.16320762641611894,0.16439281167251193,0.16511525611931147,0.16680225168815532
0.0349479437476932,0.03414509813738791,0.03315991266674082,0.03360495595265974
0.011901962754170645,0.012959707457858818,0.013090754224911546,0.013632538804808945
0.030598544876595322,0.030334534040762733,0.030839060972774918,0.030846533246100878
0.019844066124246378,0.02000322191676261,0.019540896342298473,0.01943304195056513
0.03914092615990234,0.04144140167147518,0.04231265872494702,0.042258627910428705
0.0897053865407002,0.09370233166498315,0.09421515545642974,0.09420279396267368
0.035765679296224144,0.03576682430032217,0.03589291529201193,0.0359748300365297
0.2725015732655604,0.2785256072964834,0.2754521877688646,0.27710865386509687
0.03342768212511477,0.033678172513813436,0.03390898540132479,0.034088862391841904
0.05823532126886229,0.05673743097376738,0.05762942507998968,0.05741065065549517
0.027684590266061564,0.024356110995929707,0.023903134902672735,0.023535770748937052
0.6832658333782089,0.6946934991342035,0.6974849449141751,0.7047050290403385
0.09796409273636814,0.09669330636113196,0.09467028895184257,0.09587330654495799
0.06738139764835438,0.07010224806377714,0.06923370818797352,0.06774212901231157
0.03538774187034153,0.035409175662669094,0.03471184814261925,0.034609726691142116
0.01838281565179033,0.01706840776568001,0.01721353965721969,0.0167547496767475
0.11499791897113172,0.10776300026853672,0.10691815023805334,0.10417873999964042
0.8419003729566076,0.8464827207390675,0.8549892984965829,0.8572572140049368
0.03159290701383636,0.03412058864329922,0.03293659397721703,0.03322798163754958
0.04828727698552093,0.05077047977033416,0.052472235306936996,0.052113626160976124
0.6744160241723217,0.681416292756866,0.6792735463729834,0.6811862874423317
0.03797169768188776,0.03793058579417965,0.03834724614942406,0.03826738137735143
0.8386530482776123,0.8527620088765131,0.8529120284207019,0.8577704497759203
0.6922930528732806,0.6939849687275563,0.6920720296136961,0.693051587034467
0.03060549304547263,0.02754728967862855,0.02782602170006154,0.028136315974436252
0.15133895342827125,0.15600811928335226,0.15576533159794526,0.15396113612355042
0.011009968789068153,0.010387616781441697,0.010453333023539972,0.010377954476111713
0.13131714909330264,0.12724066547588458,0.1270888650683088,0.12774708428883472
0.08191933824582094,0.08565328459036195,0.08480550192512813,0.08447781522513689
0.009401568533102918,0.010022808829735271,0.01008844455382598,0.010094786920124376
0.07126724961545221,0.07270281089372779,0.07120316696876099,0.07102899290767055
0.09748946422138582,0.09178718309409857,0.08896316200432099,0.08967653129764161
0.03566796597005892,0.03338343093056534,0.033065099025761935,0.03288509699545021
0.021330505786097395,0.019931849148842534,0.019814177156076404,0.01980236309078202
0.5463687652072633,0.5496533700716673,0.556759317938515,0.5589843389787688
0.17524294556852527,0.17167994411818416,0.1758644083089971,0.1712354366909313
0.08887894954247733,0.09263542350533191,0.0928315787451902,0.0939255981423746
0.05511170337133149,0.05867111134708277,0.05883393074471475,0.0606798900857491
0.022155334168850942,0.024913602428920587,0.0244748532932168,0.0242550408263991
0.2698124393730347,0.26644408637275,0.26682940618254475,0.26675592991349045
0.18848316656250313,0.18895905023901136,0.18551941930302862,0.18509087062550258
0.14117043355532652,0.14256216260166385,0.14541978891999885,0.14791805709244968
0.07859805203313,0.07893344640968936,0.07750301597146624,0.07688575287517589
0.03367403523559902,0.03495439633141738,0.03454425227341167,0.0338960584702543
0.14613727226405637,0.1380950831236725,0.1376782817611135,0.13385519775812038
0.01762262776959307,0.018001669902585584,0.01754951716978507,0.017395429895024742
0.6418626103088032,0.637069523468367,0.6414843871681122,0.6499093950072068
0.29634161665572617,0.3009627689634195,0.3062697635333953,0.30670350687905606
0.02900378138715374,0.03059534215122186,0.030716347565439117,0.030467634734647836
0.10673894001479405,0.10211761028602175,0.10027752762989856,0.10017216986477737
0.04178431729949796,0.04578663125129552,0.043951009059392795,0.04385196709365799
0.018006828876421112,0.018333025568064987,0.018493479425085037,0.018146029767476132
0.7247883624783412,0.7341675137113951,0.7410705471862693,0.7484802948872191
0.011637433475271434,0.011962428950659345,0.011823706203010088,0.011919455317327554
0.07865244200657474,0.0813762436383702,0.08007072371239515,0.07983299757179323
0.11905808289246712,0.1162992451819689,0.11446620978545384,0.11403142780548484
0.30130966251749225,0.29376913854279646,0.2976077396682916,0.29523649868727203
0.06349436642959574,0.06285576301114427,0.06455533695324432,0.06452999076939943
0.0115058933095506,0.011845001190705636,0.012525284720200935,0.012379371552364914
0.6209255223423202,0.6193878388283878,0.6239843606352796,0.6254222911542842
0.27974083180761333,0.273144846613886,0.2801668614250876,0.27795509299851234
0.14886465768688184,0.14359469065342212,0.14152268801147908,0.13885827955850522
0.09129776720636645,0.09219914762116894,0.09154968551947738,0.09274554002738526
0.7451513837447252,0.7436560306220342,0.7509856888860812,0.7477174741508312
0.23410331220567798,0.23358760393550115,0.2339910385357477,0.23486688740139605
0.02779743268256568,0.029065513906066962,0.029589986873001257,0.029704184914378897
0.12455301293558305,0.11546621678380131,0.11240187808871518,0.11091723744658329
0.02126732137458311,0.022701041666889295,0.022624027625740527,0.0220107260893284
0.09360116733195091,0.08945342386433146,0.09016039571502052,0.08940003104596207
0.04244600187557934,0.04580632499972592,0.04455896715764761,0.04428894823334908
0.05146298029172955,0.05097185643292045,0.049378552051252814,0.049828776807781285
0.03841386429217639,0.03521040840433149,0.03424572251796669,0.03398920139409957
0.14744181370614032,0.14914207553123388,0.15002837316308296,0.148308733284847
0.020602070913842273,0.019897420419442348,0.020745061971688784,0.020063606782323634
0.14606572920083766,0.14167801114556952,0.14176263718920876,0.14191759323558326
0.011085278297559129,0.011878363882666823,0.012157729379168246,0.012249561497879199
0.8430830242708522,0.8485721683715298,0.8632956189879675,0.8617928489934241
0.02672882130260457,0.02812988918699514,0.028172833370323412,0.02837734215420971
0.018623250779084728,0.019504962828050865,0.01898201019996262,0.019029692484668508
0.009444778402480751,0.010285425528979363,0.010216203441071785,0.010523074165965025
0.07956469350875786,0.08147240399951328,0.08039470675669594,0.08172103812645225
0.18811548926563867,0.18149367916551207,0.17865893940266606,0.1796002931880087
0.021941945221879606,0.024715878962393984,0.024769450299156847,0.024449582420479152
0.09362147111469153,0.0918355240877821,0.09379350603077259,0.09264779442266018
0.14326925199408752,0.1435987795331493,0.14364990158687083,0.14022857869316502
0.06471562355997264,0.0661916688198017,0.06703599272826452,0.068350844099466
0.01576561153732381,0.015375521172504777,0.01516083517655583,0.015139319945987925
0.1215328571930455,0.12438203030005485,0.12070072264952766,0.1190781114621374
0.5943685433401855,0.6018439481484579,0.5971603613432714,0.6084225994933304
0.22613301814303632,0.23186710818348327,0.22886437563210296,0.22675992801223085
0.010972556971100817,0.010241345002904302,0.010237282337382877,0.010052017218648032
0.8330522867984821,0.8362499170156906,0.8256623659870724,0.8326172094181205
0.038497165648461604,0.0389972389347547,0.03979392193624648,0.03940443351664689
0.9095535735616166,0.9081754475692712,0.9154104409603171,0.9193118329659167
0.02610325839243688,0.02332469023657334,0.02373698446062592,0.02275965359417699
0.17454001356641957,0.1657732756023784,0.1647275064552155,0.1620208528542351
0.06309676209206744,0.06122469311357037,0.05976255788410961,0.06034953878142122
0.17059828469042657,0.1667800602132591,0.16320585713357152,0.16534640498127456
0.019283845658071872,0.019796366724079167,0.019971303919881174,0.019728567946714848
0.11560571723026675,0.1104380100780765,0.10764435207771206,0.10721851051039197
0.015144451836224043,0.01624190587492214,0.016177741842411768,0.016036440370823028
0.012590449288236327,0.01052395975339119,0.010530276455839713,0.010347485361989248
0.3570413271144125,0.3582441175955962,0.3542767302395267,0.3519086294736089
0.056062398213319965,0.05532987586784334,0.05701835430715221,0.05642346559720195
0.10221247035211418,0.10205509742043503,0.10357782801136635,0.10407283216979961
0.06443937784175267,0.0674107383999565,0.06693741268575246,0.06527453746552588
0.15758945818186734,0.15684661626713733,0.15197557709468512,0.15224777426787484
0.027007037334860987,0.023771117727632785,0.02363722715545094,0.02309195712634903
0.15953377588525683,0.15097195908169236,0.14818108212688225,0.144510392365837
0.693203474001381,0.6995084323499225,0.6963245280786292,0.6980015958450434
0.07539347323625435,0.07847023173309468,0.08018332993957451,0.08067560485588432
0.042104560070240674,0.041500749130421156,0.04039025861012729,0.04035909952142531
0.033816388014365956,0.03263554103630257,0.033015753598431785,0.03269442037380854
0.020311650922968275,0.02076716698414134,0.020600230796261925,0.02047564486894118
0.28405204656320376,0.27997553945993703,0.28120048372167894,0.28133308634388526
0.011975973192199818,0.012685507579833158,0.01255040404288433,0.012642731556179895
0.6525857727497371,0.6621153842501699,0.6713740724870624,0.6645981115574504
0.09903271309320405,0.09452239020638871,0.09464798701207745,0.09243680638238906
0.01762262776959307,0.018001669902585584,0.01754951716978507,0.017395429895024742
0.13130572921098746,0.13608834501341802,0.13125553733999412,0.12947272345180524
0.009745820730768268,0.010479809383807175,0.010090885247696496,0.010299109962804158
0.0947578497038121,0.09068700480909468,0.0897833934503404,0.08836305617210338
0.021353496349873605,0.021004271406949236,0.02131400687243731,0.021344161790173066
0.016566640509991015,0.016619994508476784,0.016948418982628007,0.01646680498424704
0.07388710403603331,0.07694461494935917,0.07524719701005017,0.07628484559383186
0.15711869209586204,0.1614424136757744,0.15529083761115697,0.15505573235799458
0.5395261155106719,0.5554971446033554,0.554324846166021,0.5626173871691845
0.02586889063884877,0.024759573422922804,0.02588666935171556,0.02573847825433484
0.34809597369127515,0.35959388824854344,0.3516191276949357,0.3595228614083646
0.07892007920674679,0.07153160312672409,0.07104016468239525,0.06856797026538698
0.1739719154199389,0.16709733582245437,0.16633640780571468,0.16569839096592848
0.021242726423196173,0.018580443071558983,0.018652135738627812,0.018434123004029808
0.04076390379304786,0.0441701795909483,0.042796379855694726,0.04280552808487685
0.01224468701638187,0.013586094729372406,0.013465384723381862,0.013697419474148261
0.2899311837118035,0.2829542948082767,0.2854539397184777,0.28138192575925663
0.46565991994068334,0.4571685615133306,0.4527954576815136,0.46243920549649625
0.021306877054075864,0.022638731723884354,0.02275102530634201,0.022886298001485755
0.028515469253519617,0.02828698109225374,0.029271734539475354,0.02930888063602813
0.02433570003988831,0.025877009043519285,0.027352967070624887,0.026877369273190094
0.024785912239806387,0.025820727170605712,0.027297096268808486,0.026972428233300125
0.6824246164734113,0.6804480109782867,0.6869392126636855,0.686309760836384
0.03088142518199105,0.030565897097151407,0.030584296439858962,0.03074279386855149
0.06492470977849625,0.058551631478512355,0.056167924238564024,0.05355223084817666
0.030145852150084664,0.025817684914053746,0.0250460444982283,0.024706142010348816
0.04754394748244269,0.05066438260685047,0.04890682521907027,0.049749199308578684
0.09440629885917098,0.09744754654130108,0.09691121185592827,0.09932581430275295
0.1443665567311751,0.14219983478583675,0.1424069759538778,0.1427323752689189
0.014529372687073267,0.015104735250218573,0.015286835674919818,0.015250428168318746
0.7777121405340984,0.7895889559121415,0.7894969049086527,0.7909737865215828
0.09736093415239722,0.09341152469793801,0.09490862643041285,0.0939305907034906
0.8157505222298166,0.8085652767228582,0.8018323263318768,0.8043784493600437
0.05086599506503411,0.05485067254749608,0.05477496740084889,0.055117760205499564
0.0112705880149368,0.011491799336705175,0.011628329739445655,0.01162227129615979
0.041790299785089316,0.042593541319793454,0.040744307627348195,0.040474307547131286
0.8159987300150686,0.8197980108028164,0.814947343153228,0.8198474684377697
0.12497828105146187,0.12470514922551211,0.12488860091407401,0.12716415823289634
0.10077081599481198,0.09175800520984238,0.0901399051357176,0.08728731813118927
0.18630973775678025,0.18043503655611065,0.17962844507903888,0.18014915696279685
0.056226659270819386,0.0587699119797086,0.05841090602335536,0.05925573419263333
0.654403426547666,0.650338073263452,0.655550085874269,0.6565266194672889
0.09401613197311864,0.08681462152688968,0.0857580815222352,0.08247806211783798
0.041149994143611486,0.04464640220939408,0.04529381159016092,0.04536072867058742
0.02906745520035094,0.03203488459846347,0.03226336272616462,0.03246806230051542
0.0360982185898417,0.03747658052990321,0.03726892753036829,0.03654034909502485
0.07085541630178592,0.0654162252762015,0.06546156218810638,0.06488507823647252
0.062369555592256896,0.05983046556621935,0.05984360310060945,0.05996850667417658
0.029244955080808623,0.028914841143307553,0.02906229616414797,0.028791483932492572
0.013575280577004486,0.013920680968214836,0.01385790753272973,0.013573636124413875
0.014296806696573032,0.015804455553036632,0.01600272784016832,0.01587669457045923
0.06457143825991006,0.06756384451124785,0.06765004770101087,0.06769619371276009
0.17538841690629192,0.166483924407088,0.16269834080304194,0.161627680401496
0.03319224211393281,0.032525478743128125,0.03209478597261577,0.0322355420133988
0.04079685237568813,0.040622506447086044,0.04076722348139399,0.0404187650182637
0.07218075633690108,0.07032237535924821,0.07366307318460925,0.07195995032713068
0.023264109008132167,0.024751896408841696,0.025866445981917268,0.026146870020946008
0.07347675347492999,0.06894579314537194,0.06853169740925237,0.06852598246920653
0.01814816451618817,0.017306716546186488,0.017456734266917406,0.017514374508078988
0.011759208728844405,0.012256822918124424,0.012151996478060497,0.012116770703663246
0.5706222106114918,0.5723453481270409,0.5759468398931126,0.5828741875264447
0.076962035548923,0.0802281277187864,0.08094267080063945,0.08017048821631462
0.07761212596846394,0.07623763511571169,0.07800974986593515,0.07848921769441494
0.5331225430191303,0.5363317243842398,0.5461154366238199,0.5443068989548928
0.12884232243797258,0.12033735300431048,0.11757991297783058,0.11686400755822766
0.6939197101601516,0.7023855933891293,0.7139738447966123,0.7143532329119038
0.041265631628355705,0.042165839392148984,0.0424670698032377,0.041831126601174044
0.6283307557004456,0.6404071235809338,0.6528460988663317,0.6543994292773522
0.043071130049393454,0.045112426260589894,0.044414177122503236,0.04389641519437836
0.8077265957042596,0.8101587783060483,0.809832406431615,0.8182076195188058
0.1235117509288524,0.1275372216516208,0.11910421134802723,0.11954029567107156
0.9078246652008795,0.9142275148016279,0.9209455829507904,0.9208462894713749
0.07746168729401216,0.08192513118146097,0.08360196241790727,0.08234162051062817
0.08238484209054954,0.08597519156369225,0.08544859953781422,0.08623536271618167
0.07116521423116023,0.06919754377649369,0.07027575497053094,0.06830409113233703
0.036338079296305385,0.03493238612829489,0.03465220109634931,0.03517276137363424
0.02758878397427088,0.026778206168004703,0.027444485516850938,0.02759350598815727
0.02378989827094708,0.0243546250104375,0.02387182240004481,0.025372164586791836
0.6101969532677146,0.6167870269776814,0.6177902132957682,0.6171973072509291
0.0314591286088395,0.03336111061067869,0.032451378133549556,0.03375888020516895
0.036379675809663926,0.03535078517695151,0.03407064286829818,0.03392649564221518
0.15344007693920378,0.15520926150492886,0.15525659736518477,0.1540641509731788
0.02603631185645538,0.026682309463851174,0.02629495619356668,0.02630453232104221
0.02509548461754021,0.022030474315618054,0.021411189641102064,0.020905049477302064
0.8510360542745207,0.8568436827742199,0.8566634571739125,0.8600472195290145
0.018080358289766556,0.01794090382601452,0.01776023681522698,0.01803758364397465
0.51554196929476,0.5237423355582038,0.5223810154122306,0.529540606686079
0.2819142974008329,0.2739464629647536,0.2756075205745574,0.2745316458274857
0.03113006872761219,0.03358457581392446,0.033164313790375856,0.03279433014613222
0.03678768075917961,0.039731987517087015,0.03886440136689642,0.038596237348369554
0.0900056441316864,0.08785870516830016,0.09011268281165657,0.08912187552951849
0.3011372150964006,0.31403665056332075,0.31011782930408904,0.3133105160017097
0.8479125119887806,0.8390339011903465,0.8354147983778586,0.838020466639182
0.041470834844857314,0.0403898695613346,0.03959337936010495,0.040117574760961776
0.05939888460143755,0.05815185682846398,0.058017083492590424,0.058474031821904304
0.035334177337093424,0.035533025287565474,0.03502826409706307,0.03503333311559534
0.17004253732163235,0.17159360163072557,0.17491991400584372,0.1766877053791992
0.35856806388094475,0.3622143079671702,0.3666977055151148,0.3647816861072701
0.03990059415555844,0.03943084622098421,0.03882686825319537,0.0382428500450891
0.04103514028444903,0.043737855981781995,0.042763896186487356,0.04271492191876076
0.09836665876515106,0.09690698428589958,0.09768769462660828,0.09905781246264256
0.0211434567471902,0.022235617574091326,0.023626955257682186,0.023344449906043084
0.04061717152091964,0.04222729126896928,0.04167346118696967,0.04117190761994723
0.012100924773437277,0.012537952115226713,0.012520726684880936,0.012934427446431192
0.11874056377117662,0.11486632743229047,0.1175691589033535,0.1155779640583124
0.01152058169670488,0.012221649543287236,0.012163665438620437,0.012204011363282969
0.009058569568977607,0.010087809432428001,0.010134204106521553,0.010163568841181182
0.16909576194375556,0.16475057468613963,0.16413426738280423,0.16539477686060325
0.14042195910898542,0.13344545121877177,0.13222175824044535,0.12969758785047614
0.03326665384967932,0.03501123174326225,0.033908969293319026,0.03540208854340736
0.022548075892686474,0.020427756202485835,0.01948880989990943,0.019111836131763437
0.03493877586357073,0.03683136792034707,0.036310450062974925,0.03651239141925547
0.8475494703515779,0.8590950004469001,0.8575261781022349,0.8540304960272267
0.16627670288265806,0.1626074546749289,0.16695900240659853,0.16387915473740916
0.011492424254958767,0.01277760049859471,0.012675998031068666,0.012598158109190951
0.1635926645890388,0.15271805507947359,0.1518889328268804,0.14932946575096173
0.042118757299845266,0.04567228749949486,0.045296100595791,0.04484123747519657
0.036703181043027513,0.03830376805428033,0.03905955139448312,0.039132416597637984
0.029296901367831214,0.026932953582597275,0.02633345336107447,0.025158968565011923
0.024265165691373797,0.024976108537755986,0.023748506048329662,0.023509546531507677
0.17459790847673898,0.17722138782175906,0.1708516512108512,0.1688751631280874
0.019048738786690538,0.017172899105260146,0.017232635786213663,0.016781061926743973
0.03140840961710725,0.03352530099242937,0.032509049878740634,0.03361425408559351
0.057660568394884225,0.053545446731361135,0.05269752633611021,0.051196775589379954
0.08701093089370637,0.08899058889209116,0.08908540999880461,0.09064136045278674
0.15002397604573653,0.14443450217648163,0.14431163168964734,0.1401898204604287
0.04750994268702682,0.04759507479176678,0.04636489014974077,0.044949504248923994
0.049269712680551,0.05197296577758582,0.0530102728566622,0.05274875565048279
0.03697547125504415,0.040509994875270204,0.0392902900298824,0.039298423653862706
0.12061700541022133,0.12175376312327534,0.1186399133106231,0.1189412498328445
0.1325107774660267,0.12732027796506815,0.1265118915143589,0.12425731829570189
0.07539347323625435,0.07847023173309468,0.08018332993957451,0.08067560485588432
0.01586803049157498,0.017816520358716555,0.01714341596586966,0.016694647731194657
0.030712149609041093,0.028792713626601178,0.02843039606306384,0.028317259940793992
0.02471251028392061,0.025729095954106454,0.025356388770299058,0.025738972250183904
0.021377625222569394,0.019961940327746966,0.020197953060945493,0.020022093130654107
0.012667817143449476,0.013824898298357587,0.013514633333537666,0.013171642285836015
0.06447343174572995,0.06690216152599389,0.06856745903820045,0.0690374298729365
0.03469901185726984,0.034284785537360786,0.03369317791399565,0.03399428903797435
0.048258516020732264,0.05027360395862139,0.049374039195070094,0.04823205417258183
0.10896668404850056,0.0993821257354659,0.09869216177121999,0.09583783465792058
0.028723442215061477,0.029177447467264434,0.02951394625822551,0.02992728261872029
0.17094801438404894,0.16739765682531832,0.16337699162102734,0.1659029177501994
0.010354782611647751,0.010844793701545936,0.010354145290364882,0.010379091281231335
0.09059279399578901,0.09173673147183656,0.09341952491851013,0.09353762746759689
0.011583599416266703,0.011688407386113134,0.011547584818397235,0.011326378845791981
0.14193785407100953,0.14487238315755432,0.14010829337118633,0.1427647498763276
0.011089432364071282,0.011254275287863102,0.011113640203125169,0.011216710451480837
0.13511333519398527,0.1266947553724939,0.12468000889726283,0.12174463586205754
0.06838957843046457,0.0719142563530235,0.070212059588614,0.06997018668440044
0.16239870128004955,0.1513337309161851,0.14911665044713593,0.14607339736188196
0.7144988159957683,0.7180624398371868,0.7224988659912522,0.7321552213352129
0.506687321422,0.5029885167922593,0.5014662408733159,0.5047574657290816
0.14086645277867388,0.1442008947174939,0.139413764174226,0.13835324757726977
0.08543734109814492,0.07921749294512452,0.07868327220740394,0.07903731886369204
0.6984743645489597,0.7014501866620237,0.7057414261314993,0.7002747530129901
0.025413303229186175,0.02777297950729495,0.027950668323056083,0.02810857892493449
0.01861184951642811,0.01594493526942289,0.015954730064394428,0.015479083015027872
0.02999797965277065,0.028310549778522726,0.028308955381297605,0.02812631321115086
0.013429100180762432,0.013858464723308992,0.013621582545719576,0.013129613653832814
0.061344082502081405,0.0618430604679078,0.06256808569020228,0.06320519386636814
0.2016216490548761,0.20654495291146727,0.20544690820710437,0.20977204742983874
0.04551847202271685,0.04755993337856841,0.048006670280680626,0.04750924549075384
0.1402159600439432,0.14380137881636493,0.13940263096673458,0.13901753976979847
0.03678768075917961,0.039731987517087015,0.03886440136689642,0.038596237348369554
0.7456411949559504,0.7571715075626446,0.758748310613304,0.7639404337787031
0.86574579588576,0.8682123658686325,0.8608166722551648,0.873613289098354
0.019270685655219087,0.016334361559875648,0.01617030720731219,0.01588608371818932
0.012720250346600482,0.012516743981940647,0.012477327423070022,0.012066398917448843
0.06762000809095733,0.07016383700153636,0.07160031064016184,0.07206051775502671
0.3011372150964006,0.31403665056332075,0.31011782930408904,0.3133105160017097
0.03480990565852198,0.035991760433189815,0.035025852187828305,0.034899986785153735
0.18441136677615516,0.18865173835987895,0.18196647402373678,0.18016737422440535
0.1574802113271069,0.16253867300904803,0.15397104045402513,0.15391878991089505
0.029187702081137575,0.0306665339930059,0.030639290914525625,0.03054766354355448
0.07002721052660646,0.06600474513879195,0.06370697881506417,0.06313682867644674
0.02607392,0.02749000558786169,0.02925122438052874,0.028807904956261714
0.03833611728067593,0.03684771652932668,0.037714522885595965,0.03734859520057515
0.14578186711875954,0.1522917812263415,0.14585668850025266,0.14294711475645705
0.24645611507921544,0.2508849092700052,0.2471357954191881,0.2414378092894642
0.18666518132723284,0.1809625961968777,0.18161447196227423,0.18183993340790675
0.017244307887670736,0.018360609325733794,0.019636120944648356,0.019403908023389437
0.02529017456631988,0.026796658932926376,0.02688826366495751,0.02718975852764577
0.04181597655654047,0.04318500546572143,0.041389005722356556,0.04100754947578034
0.011801703179125123,0.0117911494132554,0.011362247518622933,0.011265410148352887
0.03689982591759953,0.04036053737351073,0.039249134151202424,0.039166599121427885
0.03824732480307112,0.03703263907963554,0.03653200254440093,0.03691523028471134
0.030361280979475058,0.030505015551642832,0.029970717287775155,0.02984909234563987
0.03269959230768025,0.02842002017273554,0.027831606136566538,0.027385097319768317
0.4273754416398631,0.4226661313501274,0.4227100326709658,0.42132695344644155
0.025428893054153752,0.02195806241171812,0.02180923281786528,0.021415420396711998
0.15171354716855218,0.14605805045044773,0.14714508307361673,0.14832590189833142
0.03396641736413352,0.03693931942781231,0.03608877109411126,0.036198842732721365
0.07783009234478795,0.06990611187181203,0.06993952057427737,0.0675765248911322
0.02677209734488222,0.022548677187329964,0.021812705908463414,0.021326669565096858
0.019500389345450193,0.01889899635370865,0.019998317253943042,0.01953564374846426
0.33609883506427624,0.3504158416892557,0.3476411415153853,0.3491856286350861
0.09318544356428804,0.09502774621004353,0.09370895988961225,0.09376595746155338
0.08413721989137803,0.0878503590074418,0.08766427175232136,0.08800808741484843
0.03722041267193613,0.03873053456513765,0.038030076242510924,0.03856930005276492
0.02008573937614147,0.019343073171571155,0.019278262404627666,0.019568081528330474
0.05109626323358233,0.05301575810697438,0.052078360808420356,0.05128536030809011
0.1035864355392858,0.09423163054270078,0.0921207647734246,0.09082774630844283
0.7008837458770123,0.6914590720553773,0.6933822705128099,0.6983204681076436
0.03976383543347633,0.038060110826544105,0.03979075492823715,0.03995060002260361
0.012088963088108681,0.012738451181371995,0.012873617444007992,0.012914638625665258
0.014446920719690153,0.01495331496469552,0.014405220151795177,0.01428257986419341
0.021238193238154502,0.019973656577944802,0.019425505176934157,0.019393843084495665
0.11220859138962733,0.11088380372965793,0.10682521617520489,0.10587359367411049
0.031687535376940766,0.03158553042837505,0.03129628507609746,0.030550693487959486
0.03812255937147566,0.039066343959762787,0.038877423809230593,0.03794796079163305
0.0159682289786714,0.018111318483080882,0.017896066936408918,0.01776881843906194
0.030492139501423956,0.029371987757036064,0.030700552609089684,0.03071991748437686
0.010919265039947454,0.011411178055046026,0.011481265215536447,0.011238679116805383
0.2373232344426324,0.2504078170028519,0.25064380978237827,0.2511285362363828
0.01547828358676666,0.01755731044276292,0.017244356589368674,0.017148905659573686
0.012375725433520128,0.01242292691640418,0.012393903367272679,0.0123105068237889
0.05354211684940735,0.056390906691569154,0.05646680695148809,0.05686629324633791
0.037727666409734455,0.03742261433008809,0.037804386789638954,0.03795907734504604
0.1302517187959769,0.12292720728756105,0.12256634961446786,0.11986540772615481
0.722127132461608,0.7277352298260673,0.7152022297141675,0.7228228904154288
0.01628733299510554,0.016253289347031415,0.01582558797858778,0.015715303454476137
0.03610913908707871,0.037474651447456486,0.035008117270304256,0.0351507504952568
0.0678381653370387,0.0681839479740247,0.07014716272915186,0.06982710435660443
0.04548750241832136,0.04711982322759632,0.04586289018082161,0.04577823397104887
0.6337986366007813,0.641524837663757,0.6500437704028373,0.6508773498940582
0.028131311332162165,0.027054888057898196,0.02837279820508326,0.028190340464979022
0.03794661845634232,0.034881197837162335,0.03585869313440612,0.035606923211134865
0.03911174716756112,0.03964998376669157,0.039565332515487044,0.03980570979938524
0.15110690803237786,0.15046559580476665,0.14891658777598193,0.1456279383383454
0.04175827180618072,0.045344838236416926,0.04454603399030519,0.04561725026377193
0.18682954656279932,0.1750931651315045,0.17152433935299172,0.16888131260626763
0.043743034818190855,0.04728908836497111,0.04716555743984464,0.047458861369581516
0.9078246652008795,0.9142275148016279,0.9209455829507904,0.9208462894713749
0.045465862628547446,0.043378218906122624,0.04441107439333105,0.04389625534854932
0.6624614037535403,0.670503972978854,0.6679740936197406,0.6723513911469436
0.06696967167828616,0.07138909765227458,0.07267070903464193,0.07173315704145572
0.030735030734608305,0.031218799319281405,0.03125986713815452,0.0309475671308555
0.9095535735616166,0.9081754475692712,0.9154104409603171,0.9193118329659167
0.08954733245690209,0.09018594861578376,0.08975033199846898,0.0909024622543229
0.6943228742414841,0.6960825852092424,0.6950892335713017,0.7010047641440479
0.04176399213330669,0.044865276189015854,0.04413566208596821,0.044006596513036296
0.1290033797728549,0.12492291090158023,0.12939230090394366,0.12668023207744214
0.05068412012109602,0.054881278036719015,0.054490697582441974,0.0538666292232907
0.4936023634917833,0.49385958841173777,0.50245529962235,0.5025739222000254
0.01802863398359933,0.01653124846311996,0.016574900181393466,0.016225015765948713
0.025982379168896022,0.027086163800332554,0.028618328635702718,0.028283152140567428
0.03849264362801121,0.04120329753131414,0.040942907155481434,0.0409385467641788
0.03296482756788447,0.03472272869394988,0.034367619378211374,0.03454964415818472
0.618291050463935,0.6225717845769445,0.6384366050206387,0.6348786766829955
0.010870815555636643,0.011037022974765505,0.010745494402928995,0.010688396065130765
0.03900678620513532,0.039610524859298765,0.03993501277363224,0.040098225569459335
0.1679276366577499,0.15494520710217186,0.1551650011173583,0.15126897711189885
0.017225545559044608,0.017457937524246552,0.017146181293997684,0.016934606484372245
0.07345849505790057,0.07293776204275679,0.07445814635901601,0.07513281910847175
0.934831131869316,0.9425113606206621,0.929016017219575,0.9403867755637889
0.6940843834332825,0.7115161501965807,0.7039481010511035,0.7098956039252806
0.8569269993937614,0.8576260964689378,0.8475368306585712,0.8703952669753486
0.0168295494117255,0.015737049585680743,0.015768856142543582,0.015438603767367812
0.025982379168896022,0.027086163800332554,0.028618328635702718,0.028283152140567428
0.1839518439244913,0.1750223982571979,0.173513886866744,0.1692937185085379
0.052010366303629506,0.05460399597660691,0.0557387239361846,0.055353706081386185
0.01112895691977575,0.011363155149557123,0.011207805974885186,0.011114653496479693
0.0432947856427581,0.04597962390388115,0.04490653390590631,0.04522858826382171
0.011445920906400396,0.010796773787787943,0.01122611851107727,0.011217954483437188
0.011004958075649364,0.012199285598752206,0.012318426132212608,0.012437681483477118
0.19760531921820537,0.1916820033379323,0.185240801562811,0.19037309205804878
0.04265249104784336,0.045839936254831945,0.0449004309162034,0.045378555053932484
0.4928150383301755,0.49668879867401916,0.5041308911664982,0.5036340239920912
0.14804982123443203,0.14626649502981742,0.14237876986127068,0.143695673152566
0.03560885520542481,0.03592297693010356,0.03608218718079436,0.03593674018350884
0.5466355167865292,0.5518407475302322,0.5506358572191983,0.5536395145645314
0.021144445979548017,0.020316531618381893,0.019405536135137926,0.01907845310148808
0.1629903944500641,0.16759480068913166,0.1630392388869516,0.16260840920446365
0.018138452319737472,0.018260094523674844,0.01764322866621036,0.017802199556520668
0.02801378830109269,0.0273050485248679,0.026718275457191236,0.027133111270454292
0.704950646915114,0.7166463507737069,0.7203359963537787,0.7258393388909925
0.8726471094382294,0.872105795477187,0.8742153287396279,0.8662307457642677
0.05146298029172955,0.05097185643292045,0.049378552051252814,0.049828776807781285
0.053971970833668045,0.05519038497503984,0.05468215677865549,0.05523463454529017
0.016854046117450575,0.017288838209222862,0.01694667274707241,0.017052465310319117
0.6215666040684933,0.6302920688239981,0.6341699063707922,0.6291601883190205
0.3781831363451656,0.3752957808197451,0.3719328796472963,0.37198723417805857
0.036338079296305385,0.03493238612829489,0.03465220109634931,0.03517276137363424
0.03976330729091385,0.04150409214047214,0.041772915124879906,0.04226804263418498
0.048891481606769184,0.04784266273091878,0.046114215260220984,0.04686852976715373
0.7062752914217315,0.7156457235229255,0.7108766541544866,0.7168358992462205
0.018938200092487336,0.0195074731664139,0.01998248079075836,0.020216646743138826
0.016837653390438908,0.014646343762060745,0.014165895655888393,0.013933761488612625
0.021377625222569394,0.019961940327746966,0.020197953060945493,0.020022093130654107
0.1479936024966892,0.1473162307425411,0.14507989934052215,0.14629422163107375
0.06825289857349497,0.07154909911212327,0.07156908840250947,0.0715466968684034
0.05613046029297111,0.05515600023529306,0.05480706942368173,0.05552469252138124
0.1270533348916793,0.13131900328086946,0.12623331445044803,0.1233788953693166
0.05218382951325935,0.052661365149206975,0.05223307914106748,0.05240372664211924
0.07257317596649604,0.06805615396446209,0.0677365326225717,0.06733556524282348
0.12311913630753264,0.12359190713830837,0.12483423146191021,0.12745366664849705
0.10876476121966099,0.1091451423852966,0.10898338030145119,0.11032002835040726
0.026158640236556608,0.026245092662220994,0.026604332561522625,0.0266353770755385
0.6388524438053648,0.6390739886540705,0.641704770016344,0.6409673619706631
0.32085229807544047,0.3206643830006075,0.32385267039907834,0.32439959919877437
0.024909462669306062,0.026498404404291617,0.0269425956277697,0.026641002629439206
0.015872859935914297,0.016152819841919516,0.01610915313878352,0.016085196154330544
0.4983792123035807,0.5058094795452819,0.5133895588134932,0.51413947976575
0.2587302551991724,0.25661947156825565,0.2554556511964392,0.2570019114239198
0.8604690485448451,0.8539193896201591,0.8487804431515592,0.8520791550463025
0.011807349798286262,0.011471003329058005,0.01126533173711759,0.011187201637506406
0.016628591334237205,0.015238228263072756,0.01569943399590952,0.01519374062624239
0.06134210892252476,0.06404858028201216,0.06371053873215148,0.06471884098020797
0.7261275904543278,0.7184664067266477,0.7190122846361878,0.7201167350247524
0.02188542863141606,0.0218390500591017,0.02166385451826058,0.02129071353287247
0.014380192725764705,0.012817626122175201,0.012451506711332066,0.012274135465075458
0.0366914521317709,0.03482904353393925,0.03558371322311165,0.03474129673902735
0.018747892005401934,0.018368035102342688,0.018155609645384124,0.018012231868394016
0.7964494503100221,0.8151414811427855,0.8069734151321244,0.8054279676118937
0.7127215861360349,0.7082977149053248,0.7142370632883792,0.7140322506013115
0.012830842165918555,0.012593990592396964,0.012095429260120548,0.011773770317216437
0.015636878442618907,0.016066529279133556,0.016785881527662028,0.01662206319248881
0.058180548540638984,0.053944602915924504,0.05390713179913629,0.05306321025475292
0.028306993821285428,0.02455952701970571,0.024379072456152964,0.02412769917725015
0.03849264362801121,0.04120329753131414,0.040942907155481434,0.0409385467641788
0.01871869775161766,0.017702165677196815,0.017285083259054798,0.0171269360629945
0.015073363793983649,0.015379900979720766,0.015408067363222644,0.015069092335889454
0.06742567673120305,0.07089748564130237,0.07013693680082739,0.07002494913469798
0.17805885709066685,0.18076447718006505,0.1743645132283185,0.17101293522189873
0.03776364722277523,0.037696852502979154,0.037990969099373384,0.03837610432728242
0.03302785923640739,0.03069439700960174,0.029789807119167473,0.02941357676884446
0.6723923524975758,0.6760883055835206,0.6786822582643539,0.6803196840881892
0.04699089343725771,0.04985267389966799,0.04876477245423527,0.04909036123880393
0.02052893803686581,0.021710939159741642,0.02305832798750341,0.022779677312464837
0.121877713427215,0.1191481599186958,0.12272464151425011,0.11968220747648485
0.04090383460790792,0.04254178799958181,0.043134125950838556,0.04333646876833827
0.011637433475271434,0.011962428950659345,0.011823706203010088,0.011919455317327554
0.15979969270719768,0.1532206371683933,0.1517789065757542,0.15394267340328507
0.1035864355392858,0.09423163054270078,0.0921207647734246,0.09082774630844283
0.08563123281732397,0.08331501360795966,0.0847025014074617,0.08543888030027713
0.18368448151325212,0.1824589540287239,0.18502092115812127,0.1850975552206953
0.013172662950813676,0.011912930251189098,0.01177446332209975,0.011492965155489254
0.0478828718105595,0.05229490463601223,0.05186924013697419,0.05074404340813069
0.03382288896282792,0.03354599983506182,0.03212690212874432,0.03139556711159584
0.0976463989620621,0.09369386734600009,0.0953223964876085,0.09500849981999515
0.06648837081548756,0.06984521994713855,0.06886734887317003,0.0669491576806448
0.4374999671034265,0.442534663957321,0.4507590702805234,0.4499553417438968
0.28442559788456695,0.28220387980885664,0.28292834523637184,0.2833424623876914
0.11537960205064872,0.1152332301901416,0.11745787213140271,0.11796161870829609
0.5545491701644444,0.5557068936755319,0.5617148057209975,0.5647912138976338
0.01766799179853717,0.01777924923723305,0.01729511249084457,0.017523089747642964
0.5964287356157614,0.5894135423846608,0.5900039162433062,0.5909425479237683
0.03983989052574604,0.04176811363033048,0.04096218261243236,0.04051063540827408
0.01126943542939788,0.01174831979905547,0.011858345124096793,0.012032353719715085
0.20614726813065237,0.20419512804331522,0.20329484622814456,0.19893170557122014
0.14780752044972853,0.14711593656847696,0.15159238572655806,0.15195840393711638
0.1028937174408471,0.0975651923481848,0.09645845503722966,0.09616079406636074
0.8745897280547977,0.8881667724292711,0.8974760196234073,0.8977427910801655
0.1446586388062196,0.14280718653885555,0.14618438205473075,0.14392347306957712
0.3928367530162577,0.3959389485154843,0.389040773753482,0.3902776845747875
0.06845223946746118,0.06345624007634029,0.06315834241547957,0.06171519572661318
0.169670898915351,0.16503479465532234,0.16928755361914732,0.16337486221811787
0.0390690976075289,0.04024475528811369,0.04059413583724047,0.040655499049384855
0.20179864751807725,0.20590678387204028,0.20778082723075128,0.20777874817188963
0.06789056695086076,0.06556118331378978,0.0650497074109693,0.06559811951974388
0.019190881216162848,0.018401798234744454,0.01864040356357399,0.018537322270482513
0.04161034318661971,0.03977174806840565,0.04130335683331165,0.041295846390757014
0.037064400862199906,0.0369026654177322,0.03682071174156406,0.036552728675753564
0.011378274267305163,0.011938161170870812,0.011662105168012853,0.011631939894206609
0.03887064472062864,0.03642740525130544,0.035526257378252046,0.035030794269718245
0.7318649527250666,0.7330190408994742,0.7277133909145221,0.7322986070114913
0.0310022916101887,0.029924897187189336,0.03013182307342646,0.03040411547452632
0.9306549642069261,0.9498701318105007,0.9443137806222106,0.9516317380673459
0.02737967441324262,0.027424834792083616,0.026424335730210215,0.0264449121699334
0.018163652220687197,0.016841262248840094,0.01682232950825975,0.0164671248426884
0.011465043327794232,0.01109916192239956,0.011382227999777632,0.011849111332991418
0.09083692085198702,0.09260250674998563,0.09043606807856158,0.09050717067878791
0.45791552472609043,0.45661762167331876,0.46718917283721384,0.4653109552224147
0.042393872605550095,0.04406959081428604,0.04394811765513585,0.04387075230784193
0.6827109640532026,0.695684835523845,0.6953886440185384,0.6968959272785159
0.22613301814303632,0.23186710818348327,0.22886437563210296,0.22675992801223085
0.3802146000642177,0.3877893774415026,0.39181406811815245,0.3909814287586475
0.6848080630847012,0.6902047823053573,0.6933880996881198,0.7035994694654978
0.15317524858932421,0.15004555054444976,0.14603423857576303,0.14852955643372812
0.01646194553796914,0.016300253217151017,0.015921797662883718,0.015505027614448547
0.7515479389765781,0.7457232983371809,0.7608899705001538,0.7589495624524428
0.04187411309717167,0.04400144273717018,0.0443227095379177,0.04484429966351025
0.14708662682458112,0.14187417026763488,0.1408064901871187,0.1408808003706333
0.2268254682218103,0.22668684591688348,0.23183962475955075,0.2289285840811854
0.042024551194305836,0.04521400822630482,0.045559873780373225,0.047029633258842955
0.012760934097234963,0.014171365900502147,0.014277216969819638,0.014226613806234465
0.01552602177494636,0.017568469150051957,0.017488117536504103,0.017328066948128648
0.6205699348290539,0.6271116311885575,0.6340688731830258,0.6335414862100297
0.08248560792870561,0.08271207135111322,0.08344774674749336,0.0830027302005335
0.011292477723789537,0.011783901017953537,0.01126738746920373,0.011315555654364862
0.6985387352512482,0.6969785547678501,0.698566786615077,0.698349270653895
0.013208364585508739,0.013084693411688908,0.0129983001593568,0.012720714502827938
0.02613204785311185,0.022449601651495194,0.022459008087504603,0.02193003407639612
0.10899880314242208,0.11152328798259248,0.11355476724480051,0.11507493666797355
0.0417865904129738,0.040756299731537736,0.040011320816453415,0.040426784345740055
0.05916222673173273,0.05735913470003464,0.057873031481662285,0.05772051411268089
0.7353223577613088,0.740647429201723,0.7365997759522148,0.7423144829743743
0.6470235340644556,0.6506797244227694,0.653624145877084,0.6550231016362245
0.013920212234360432,0.014331942349040916,0.014441199117016086,0.014089643033158347
0.04210532426267008,0.04157646983855993,0.04062449877068593,0.04102647848108116
0.048304777133719765,0.0472531350867523,0.04618998406997846,0.0459541356883635
0.5687744388059545,0.5765085431832612,0.5825292602183751,0.5788379692807477
0.030366295531317266,0.026459786320743972,0.025664948018288697,0.02524353835661543
0.014057832105015985,0.014611591427431804,0.014743210922143507,0.014266369891822263
0.13236395943998772,0.1305301061220607,0.13189035458285914,0.1305460952730249
0.009830812397435641,0.010337833433261815,0.010038032314764467,0.010000398467426471
0.16236669764715222,0.158769909229008,0.15411186722954634,0.15789377596349533
0.1551947287762122,0.1527610152546883,0.1530281992849928,0.15625761611819416
0.7250020136659684,0.7482710164062032,0.742438892103706,0.7512407956312539
0.02866725797688541,0.031148449700331503,0.030718901479462008,0.03058751988672334
0.016897744341543085,0.016985035607350246,0.017549341037661054,0.017337643768565184
0.022535387535242538,0.0232678133370839,0.02335164212202485,0.022397406991657137
0.10391845440605349,0.09446465548848643,0.09354302291017631,0.09056393740351727
0.09401173479370979,0.0980383970124166,0.09808897002598783,0.0999161503245778
0.017925351996062776,0.01599231691426718,0.015448028401602953,0.015059489938700743
0.01831049598629878,0.019035813112270452,0.019210801696208705,0.019710942391133517
0.017865483731175164,0.01673873485851878,0.017225076183609814,0.017117358267591
0.13634199359573632,0.1487281612821554,0.1433051599345696,0.14355500355475795
0.14999240564644425,0.14941737778577202,0.14908967318426378,0.15281775106442563
0.09004443229877926,0.0836373387012896,0.08288014968412367,0.082585181942089
0.16295985347846953,0.16948003696103914,0.16090981220397238,0.16010339768183382
0.03426238033448829,0.0318655352662025,0.031207056152619476,0.03122244156146291
0.016773897920330783,0.016817137592554997,0.016610301325281185,0.01644524322370552
0.35659831773097384,0.35880965060495995,0.36095845755985145,0.3625375260768991
0.5011772429991012,0.5081741892274906,0.5148236972893121,0.5148193235170098
0.013307531453432319,0.01425091646375489,0.014532332556350338,0.014616007009954052
0.01065310631367991,0.010659602013306261,0.010885418076155529,0.010418018729805033
0.09187820403743344,0.0960047414164779,0.09558345516974956,0.09460295994921097
0.03709450997130429,0.032904261427858905,0.032664222631350014,0.031175229669044215
0.1381629467686166,0.1379264771249607,0.13858471940780084,0.1382797668082447
0.6481697187332286,0.6459481904625393,0.6528346244731194,0.6530764096375937
0.0147054681926862,0.014372666783778248,0.014544081926772812,0.014006163382107115
0.03525582909359023,0.03563882601806675,0.03596093654871511,0.03614260311258318
0.01850405519814006,0.01806764293179162,0.018314163381620025,0.018101441958923936
0.050867065070210764,0.054575658984562264,0.0541800900582082,0.0538951860029399
0.018648764766892898,0.01610996755614773,0.01612867278843063,0.01577663794490164
0.1498555034407856,0.14684912202678427,0.14724534064740813,0.14790353537452908
0.15562362996762688,0.15468340335896616,0.15338356407459514,0.15317691453706211
0.03747242129183693,0.03889606136706054,0.038513727092169096,0.03778168004485184
0.04645567914642051,0.04481953327834268,0.0458613667402994,0.0458529558807994
0.021941945221879606,0.024715878962393984,0.024769450299156847,0.024449582420479152
0.4160042360986201,0.4177513201914258,0.4269440323499603,0.4289252350227934
0.010401420248972665,0.01073583057751961,0.01069632304286894,0.011064646709562783
0.04410852810198758,0.045962969625759444,0.04627672241834128,0.046676397350871306
0.037480467477448466,0.03895737913823417,0.03886615994617876,0.03918001096270356
0.13438352651603985,0.1315290299788031,0.13265468924634197,0.13151707627696016
0.6057463880914148,0.6080221235403388,0.6156039301371025,0.6168847666517735
0.2857968284818533,0.28682852315353263,0.29113991321294336,0.2901373990915462
0.6567178671129847,0.6641401111611174,0.6685050051244634,0.6668252949482627
0.0847143639601029,0.08566937060949671,0.084066384493841,0.08324990867563184
0.485732581550869,0.49038912580525407,0.4889487434254068,0.4884239470994681
0.03401815834176685,0.036169896588466866,0.035492012462648055,0.035296605274968015
0.09122411326462934,0.09772750811658494,0.09815490489687882,0.09709959576055252
0.024401201652970682,0.025865228086665425,0.025309272666162338,0.02521206476178209
0.02400001085378639,0.025380220249644505,0.026865180306162837,0.026609817022319102
0.044635708566853484,0.046934113672016414,0.04651374444384839,0.046560842457814715
0.17594463461930482,0.164033125021511,0.16172124477543903,0.1598248171400805
0.14501794737423998,0.14747414552680643,0.1453334643300976,0.14700013916396742
0.07316028501341362,0.07822409725362103,0.08024026907474278,0.07840424358507411
0.010420985391779838,0.010889795034560548,0.010791112069805472,0.010697015219493556
0.02009987613233516,0.01696712127932119,0.016812222279651536,0.016491207404784318
0.1548083761022446,0.1496956444879927,0.15088595261555113,0.15118696308566046
0.02734823892959205,0.02626284281159628,0.027414290542585023,0.02743943678228812
0.021684603082612698,0.02538184464145547,0.024612025894619916,0.02464221852047192
0.07113704863004285,0.06938924312184687,0.07054795521811716,0.0703944895542417
0.0947578497038121,0.09068700480909468,0.0897833934503404,0.08836305617210338
0.07216168198505021,0.07608451041918332,0.07732319911153283,0.0761418150981733
0.1147326586988514,0.11596078025255044,0.11219691581369394,0.1126909590126964
0.08514088292422672,0.08773504418724842,0.09005552442080629,0.09102454299747317
0.022925229135064052,0.024370648688893083,0.026300656329293327,0.025999837117476852
0.6604345681511357,0.6662566785403029,0.6648333411966683,0.6700169572178108
0.05077131392294884,0.04900938647788463,0.04912679039747449,0.048735519759240446
0.15881854041172414,0.16177235341993101,0.1638049838306039,0.16546699093973544
0.6639487625681159,0.6657879904366969,0.6626066910065482,0.6684647402772743
0.07999791950553058,0.07430509005258511,0.07295392941616127,0.0731948064774901
0.5255210214797512,0.5383330978380645,0.5425398085844647,0.5456573955046077
0.6701491179030389,0.6775390765453229,0.6801731847324594,0.6773110646111525
0.18416916948362605,0.187162105117537,0.1808551931191413,0.17888968360722343
0.11333569363831547,0.11335286769138353,0.11146293243579508,0.11356408350598417
0.5945693661798803,0.5997286927228638,0.5964735406354793,0.597680034409372
0.0741255565012443,0.06882942925344177,0.06702813574092165,0.06565495684748979
0.01102747801848915,0.010666662557445455,0.01037795610902526,0.010388659292421653
0.037727666409734455,0.03742261433008809,0.037804386789638954,0.03795907734504604
0.019554764024766965,0.020837046243772354,0.02133415174298435,0.021247906262416592
0.026840665144229014,0.025911090160343857,0.026223820057536318,0.026307605402552683
0.2295651240304212,0.22175341924784642,0.22576764772868996,0.22603577309775783
0.045143178620218424,0.03971212304260036,0.0388128636549394,0.03677720153730613
0.031010415494961523,0.030431627277701066,0.028717228613553122,0.02910493674952841
0.016335087882154167,0.016302416012812748,0.015894582280679546,0.015895645861942607
0.08518756891428454,0.07897877426091897,0.07834172831802187,0.07814060913026122
0.045869482044927454,0.04749666157860548,0.04736266130156245,0.04842854425926689
0.0348479719934784,0.03509201700168793,0.03566764579007531,0.035133240957746316
0.018669770081694542,0.020007569936957126,0.019714165360506995,0.019793661583254823
0.4699633066752986,0.46969903261597074,0.4752427115035864,0.47673398869181166
0.020789548457532087,0.02212010095155852,0.021567513892437277,0.02127492098641585
0.09086062646974961,0.08508317482022375,0.08438671460238417,0.08439050715306137
0.030434481651626773,0.03004581538904714,0.03066132682110006,0.03057914823144661
0.06118897860783796,0.06072465260867603,0.05905390319434789,0.05810960176373485
0.10058002777048063,0.10077189147681805,0.10179132273137936,0.10216209091862653
0.09266256949346227,0.08894629710349983,0.08846166811338314,0.08839729543931482
0.02521239736809646,0.022548377947698126,0.022731241631342117,0.021912556966705098
0.043267329415607535,0.041185838270918616,0.04131142559247837,0.040555731790449634
0.19474688195691509,0.20030061414074404,0.20383826944891698,0.20537420743253412
0.7777121405340984,0.7895889559121415,0.7894969049086527,0.7909737865215828
0.2637144114876247,0.2730258573381179,0.27345388870546744,0.27336733872960456
0.09264092095452633,0.0919651959240763,0.0926102910346328,0.09195894450636437
0.014876233913399284,0.01669391576343682,0.01655525341906774,0.016434636788048074
0.05004627777849766,0.052593799511802555,0.05346244812113573,0.05275612088731154
0.14833186539871937,0.1403923884446016,0.14132148985191006,0.13662421918751608
0.6595806635819095,0.6548499758477427,0.657387020873126,0.6578616350971028
0.10004128490863667,0.09999872996303169,0.09748910853722738,0.09730340057867737
0.10361531477016413,0.09931397057290216,0.09975113477726506,0.09958868333625621
0.16151593549076304,0.15925208805369961,0.15566316893667578,0.15823974755299186
0.02314833750178032,0.024241240447355025,0.02407874423029434,0.024162807711781486
0.45723803340618,0.4492922810158521,0.4443813247411645,0.45017059846930285
0.020623388330355374,0.01993356437365944,0.020598126943568818,0.020294255197737608
0.08533739232312237,0.08910959448669398,0.08710462093909148,0.08748188964108021
0.062369555592256896,0.05983046556621935,0.05984360310060945,0.05996850667417658
0.06545692400596577,0.06871236260455806,0.06890131672499002,0.06869337909801883
0.10778993136814033,0.10694016547540301,0.10830034719370629,0.10752546626135005
0.011949827456781525,0.011800328786322475,0.011904795179738631,0.011922764469358568
0.3010186839158968,0.3013039463574573,0.29945201157441526,0.3007644264676149
0.04599324647119326,0.04516904082750746,0.04428419149478949,0.04479649533521788
0.04249964561358473,0.03619281755366427,0.03515188666475574,0.0331772503458349
0.7073919111638738,0.7214484346680394,0.7356293839612711,0.7373507037713094
0.012577231910512882,0.011848922139685442,0.011824390048535582,0.011666672209031675
0.02536442908613088,0.02403051238448387,0.025267109281905096,0.02519586760004472
0.07459524313915485,0.07573791531369505,0.073167476013467,0.07280150387958938
0.7023795285590559,0.7149541052801931,0.7048182257716157,0.7193637381817755
0.8475494703515779,0.8590950004469001,0.8575261781022349,0.8540304960272267
0.14547029322544272,0.1503892200362164,0.1466611553742642,0.1479913382705181
0.03756480888633725,0.040309658674644644,0.039379941873779765,0.039821786719148405
0.040572412484698,0.03666189513980529,0.03534639667359325,0.034956927939534733
0.07761671551566614,0.08058072275663129,0.07821570025884185,0.07878135278048332
0.13900314850760534,0.1293591778932109,0.1264752172019146,0.12451971064452058
0.02592164668229339,0.02727358074770726,0.027828108889689323,0.0279094358832928
0.029124178584375996,0.02924987954143302,0.029299294414911713,0.029371201747763104
0.3002790459103717,0.2965253751612675,0.2934311670408013,0.2962301417736455
0.01352099481227071,0.013453847060193418,0.013526080733652449,0.013611938188467789
0.03594153638058194,0.038839532512710495,0.038862437382527606,0.03904337945698742
0.04851415803297574,0.05346127672537569,0.052324401297511765,0.05243502715966958
0.15345905705892907,0.1562000595772682,0.15324664624031983,0.14914752068213277
0.6473184428399855,0.6408476496156373,0.6488477216333077,0.6484449961839154
0.016132071161130163,0.01671371518257299,0.01616400675223375,0.015905862580873422
0.10483826146336526,0.09807740448004156,0.09606915733055589,0.09325740947811113
0.03458473402334357,0.03405834445979206,0.034511741961998535,0.03462426145796968
0.023464849336481457,0.023877016501019383,0.02399880994735791,0.02446282578733804
0.058474472389311076,0.05916442374162358,0.06023765771851647,0.061317377676634484
0.04243786994408387,0.040510164044336085,0.04019581166505977,0.040417126477683106
0.009635427136623612,0.010780700117294248,0.011442470562619161,0.011125659412273767
0.6909547960598348,0.683475902791889,0.6914234169357071,0.6958483057202276
0.86574579588576,0.8682123658686325,0.8608166722551648,0.873613289098354
0.02091214209360227,0.022615737806833854,0.022767683434761068,0.02278001382107759
0.04861006047143108,0.042354692511735154,0.040233725769971036,0.03853642714737263
0.1938585556311748,0.1975613367225574,0.1996693075500362,0.20344016021414765
0.03444147007635886,0.034295608035048636,0.03360709377703127,0.033831793634010295
0.21736529216179876,0.2120570120828699,0.21594376087321654,0.21413035495232516
0.19678147168648485,0.1920726596587416,0.19131424574328706,0.1921952285790514
0.10001233573327091,0.09435401560260012,0.09447825584849252,0.0943259826795885
0.011541819097394351,0.011159721561970634,0.011338128096651379,0.011416777973609162
0.0327815862159486,0.03482021242124897,0.03452271625701991,0.03453957750461258
0.04311263375890963,0.047253116660095226,0.046836083308020235,0.047652674192034915
0.03217604712043796,0.03533537251675926,0.035153836693734085,0.035334447821529544
0.03672558518267088,0.0375920889594298,0.038548618213151455,0.03783005142283172
0.19324391829660617,0.18862099411732056,0.19101504172444947,0.19053390218595506
0.00981446417162942,0.010536740793431452,0.010152797838310948,0.009904880302884259
0.01196490844905191,0.011584249057944338,0.01153250897282928,0.011336538528993904
0.15003228673298402,0.14763487860917004,0.14847025151738322,0.14976017599569338
0.04875687852193252,0.051176636285046144,0.05184815349528162,0.05169896599491307
0.6681552547468915,0.663935011860817,0.6678603763257832,0.6672859563564449
0.07709375186119609,0.06851552078712318,0.06693840307082378,0.06513660200749251
0.013965245436874153,0.012395577987852872,0.011911089557791977,0.01162978858672016
0.03453378175748492,0.03263796870595639,0.03327560441325419,0.033263645026842294
0.010344158505408952,0.010745704043001361,0.010333249137399358,0.010618098604700327
0.013916570891748963,0.01479974036611512,0.01455019930934205,0.0148955805456143
0.6916634538814923,0.690110194635669,0.6986367968140571,0.7050083708157634
0.02988035340935754,0.03076681606556079,0.030321556165374807,0.02993797182825505
0.5818355991280766,0.5925053146385539,0.5936479423714505,0.5946163518211081
0.17037490825582682,0.17555764511362537,0.16972171925779828,0.16596844210374087
0.019735126009556143,0.017463279178426803,0.017747274867397505,0.017068425097583866
0.6643909368815177,0.6694088433351817,0.6775213347153909,0.680907106165915
0.647682037427464,0.653295576240057,0.6558397662371853,0.6572407371727136
0.6227368152419842,0.6160700431021103,0.6228645245790233,0.6314484704041275
0.6408140527111436,0.6449301989633226,0.65048465488257,0.6427059232532424
0.057186956695028025,0.04978840319594197,0.049032794703899485,0.04638817810337485
0.041250516189845314,0.04090800648530042,0.041271650413638346,0.041257179965107284
0.4415107932124741,0.4504563303554848,0.4529386234515101,0.45747183528443447
0.18416916948362605,0.187162105117537,0.1808551931191413,0.17888968360722343
0.050789141220466995,0.05245489066807433,0.05305293356295362,0.05324943001060884
0.020567617748576263,0.020848381246477345,0.020617763256296096,0.02065867591240979
0.7455816127440539,0.7529700973900597,0.7639639568408898,0.758395514752425
0.024926552583247438,0.0286435078784417,0.027694744050014073,0.028164806842015833
0.7034177815293908,0.6976531761039789,0.7038304494553056,0.703750494456003
0.215917932990376,0.20962243441553055,0.20268898199859173,0.20656660421555056
0.46286019999866046,0.45646822653023894,0.46382522844064483,0.46539447840867626
0.043071130049393454,0.045112426260589894,0.044414177122503236,0.04389641519437836
0.025093366496180887,0.026909565675783596,0.026447566285404206,0.026557376734576008
0.0326682791084314,0.034016183013848046,0.03309362437104852,0.03253841153923519
0.5190904755439308,0.5237203782172435,0.526513535683749,0.5276955661883236
0.15660132904604068,0.1600169636236335,0.16129123271730408,0.1593637502176661
0.010434621703537822,0.010532065008570873,0.010432613805471386,0.010097372149459447
0.03326665384967932,0.03501123174326225,0.033908969293319026,0.03540208854340736
0.017332773530579892,0.017243287375222398,0.01762071853929423,0.017643728982188613
0.799725628842754,0.7975307224658731,0.8005995357759225,0.8045071465882438
0.146129547565037,0.14158907754579844,0.14169262738570598,0.14239117121829956
0.039379615632642216,0.03957557336801348,0.04012342916698292,0.040343812996827405
0.07282690521593013,0.0726354486910435,0.07194082012734224,0.0716523509392253
0.35856806388094475,0.3622143079671702,0.3666977055151148,0.3647816861072701
0.3876323314250723,0.3883058750645864,0.3793176437945454,0.3829088192149198
0.012746620089975031,0.014159320935118888,0.014236434147443078,0.014350267406035965
0.047891115099622864,0.049986555964889136,0.05038739270645016,0.04986464793016419
0.03361812046896289,0.03324445152847513,0.031001367730913013,0.031978443809825945
0.04347691862638248,0.04242076805996193,0.04269665833792285,0.04206289829758251
0.01619487446145765,0.01651436230186019,0.01629024928196596,0.016001991801051774
0.18042724933903795,0.18132587253793978,0.183395066413988,0.1825344516999669
0.10865257908369193,0.09905415124209319,0.09813724420623844,0.09516945948556006
0.011694827998482685,0.01156213892241444,0.011834422432244059,0.011384082343702513
0.05146298029172955,0.05097185643292045,0.049378552051252814,0.049828776807781285
0.13377155572439076,0.12602872670363066,0.1246902393227474,0.12246602329859443
0.009246218663837171,0.01124180304821884,0.010602807252478872,0.010704455794597502
0.05690083778752992,0.05542747026220526,0.05707180398499883,0.056439126483932865
0.16925697222488822,0.1668894693501667,0.16935158377105367,0.1672553102122715
0.011949044349617164,0.010259382831128986,0.010048625199479208,0.009897610285465597
0.1498555034407856,0.14684912202678427,0.14724534064740813,0.14790353537452908
0.023067001742645053,0.024343746227408116,0.02316726897310091,0.023291169977009325
0.013261742655691062,0.014713012062199316,0.014885099415101036,0.014927098238435785
0.03678768075917961,0.039731987517087015,0.03886440136689642,0.038596237348369554
0.14567048856186443,0.1478978668224512,0.14777890814063072,0.1479658954559003
0.08627338192944672,0.08294331795256073,0.08532678031742849,0.08346466401807685
0.09050598143971204,0.09292821038113706,0.09377702738463173,0.09523482743670501
0.05095048208229614,0.04419354416559159,0.04246975326254339,0.04038588996621222
0.1474592830838853,0.1519980943439795,0.15361156853199803,0.156279514472024
0.06669060130309229,0.06747349908560114,0.06923548780955992,0.06921288755584357
0.05823532126886229,0.05673743097376738,0.05762942507998968,0.05741065065549517
0.05717874506756556,0.05542263402801065,0.055270541420106185,0.055837023821676664
0.09530688219975236,0.09538933175878128,0.09456751017227746,0.095871628261336
0.5486857739664746,0.5546120342791631,0.5570150363678901,0.5577104507983593
0.12113949393280098,0.1253525968612956,0.12130357787582016,0.11881152209769678
0.2814986451202461,0.28744067632769016,0.288102654935672,0.2907233886705284
0.5934532089111115,0.6045174857474649,0.6150855602314513,0.6131887631416436
0.023824354553902177,0.024075627533549054,0.024227715908852317,0.02410283255920536
0.8094944681314364,0.8020304745250479,0.808256704968558,0.8061360167266141
0.033515165377608,0.03249733625258867,0.031898395857947334,0.03225247730183589
0.3011372150964006,0.31403665056332075,0.31011782930408904,0.3133105160017097
0.06191613719641886,0.06264716784188935,0.0637865744700363,0.06381118851086694
0.25705589014669405,0.2506639257918036,0.25482214360102434,0.25404015233972815
0.05360887394285907,0.057911000554212826,0.05769660271828614,0.05759191126740836
0.7744617508076098,0.7943764443933479,0.7990916299377363,0.7956748838322942
0.05313041844728995,0.04960630955558211,0.05070604678908206,0.04960479546429125
0.04344921908711932,0.04395863887816552,0.04167348348344844,0.04090098946311444
0.03125391405355248,0.033043163653398155,0.032515377202345014,0.032918341126375116
0.012066934359123895,0.01198608012415278,0.011599623442654791,0.011469644305057017
0.0838791329896955,0.08285372059991496,0.0834664116520635,0.08463303486977215
0.08486275707579564,0.08105633536658015,0.07985796173246822,0.07997742858851985
0.35856806388094475,0.3622143079671702,0.3666977055151148,0.3647816861072701
0.037968900119795486,0.04079780338121427,0.040464999123813225,0.04040789167941698
0.10673894001479405,0.10211761028602175,0.10027752762989856,0.10017216986477737
0.15958065686083894,0.1615766553741244,0.15447091204066637,0.15565613269179507
0.03585478489167753,0.03788737496524407,0.03792005153781296,0.03741654119930084
0.060064744948729314,0.06383226990329438,0.06489185900912695,0.06407300504091494
0.6179475108120477,0.6144997505922384,0.6128114291720881,0.6232824981378844
0.07103080331271899,0.07424869756442863,0.07341086866115658,0.07195424539562348
0.013938583070804198,0.014760015803256725,0.014217340197754119,0.013880374354781936
0.10854327198938139,0.10182987911816421,0.1009690241096481,0.09944706964494632
0.07570184563704939,0.06940040526997013,0.06941349665455461,0.0672806786194265
0.7013843261108954,0.7108913912712467,0.733646359781878,0.7248672255699036
0.05925478519216885,0.06235399451746839,0.06219904095497011,0.06331648704007234
0.14822986010203976,0.14692258690155585,0.14989199797694108,0.1514284290937257
0.5582068815580086,0.5713351273308207,0.5721287219454139,0.5746218512660597
0.012896342903196271,0.014011570215778089,0.013868339076143286,0.013332432391552303
