5K,50K,500K,5M
0.6531785898540936,0.657944472708323,0.6582087603717381,0.6581365031256045
0.09208170259199999,0.0886138668136,0.0888429833343684,0.08901116408068306
0.35919692368599865,0.35680845183339865,0.35240323908763127,0.351655797582396
0.009748541182801116,0.010177123872542437,0.010238714633259878,0.010255436601580733
0.17876066286946696,0.16632319911029816,0.1651713987880009,0.16459979333152044
0.04210565087003338,0.04255952862993462,0.042407269334405966,0.04249314498160218
0.030907057545171913,0.03108436224253521,0.031029782147201562,0.03108861159584492
0.06773509969439456,0.06464242674030678,0.06508029473423578,0.06519608667514022
0.07377475713980013,0.07477954516905559,0.07495386322252903,0.07505051335605828
0.20681539957806153,0.20788677972195255,0.20712904563704346,0.2066665937218944
0.060860788132727196,0.06118728665832061,0.061009239688667664,0.06124516347103357
0.01988872876114118,0.019940881653283428,0.01992276983754003,0.020011936117818038
0.03781650263398661,0.03617816059533117,0.036180468152107466,0.03614115759900012
0.34695960000000003,0.3537874559999999,0.353334325432,0.35334964853279993
0.020249855923521812,0.02049966351379379,0.020512978367070337,0.020456495505995268
0.12946027988284944,0.13176929754899336,0.129688816114962,0.1299189430259008
0.24852046077859954,0.24519819922854927,0.24336721085468818,0.24369654868157617
0.12350188454696483,0.11530677028037707,0.11490334257460218,0.11448443012979696
0.17548129566071632,0.16701350335480014,0.16773322243401223,0.16751550102901322
0.02122017170497497,0.020698799149281567,0.020386271093131732,0.020421643741719925
0.020685864640310195,0.021019426821938973,0.020519023356212678,0.02062262705400942
0.018411680000000003,0.020236097999999994,0.019806896384,0.0197996651616
0.28877982522827955,0.28954749547091496,0.28636385681017523,0.2860872214257684
0.011571134089753727,0.012225421789309127,0.01228553846870041,0.01222686269254584
0.019878129168308105,0.022501368022531887,0.02188484932954023,0.021941084213448554
0.035686800115327835,0.035650025375875326,0.03581040186298854,0.035981816467306554
0.14227855821625104,0.14653027519960737,0.14514692146831892,0.14453203913146856
0.1327863054953707,0.13231338763945072,0.13040658758214985,0.13062562260825508
0.17919467220138754,0.1802386880779098,0.18081318314897385,0.18074731209571876
0.026193390720742938,0.027819080846523046,0.028089894846088106,0.027953323202343186
0.035538534763735044,0.035933738871184874,0.03513820173106535,0.03507980708264317
0.021842201753841668,0.021133506799051977,0.020616813098910686,0.020534539601994382
0.018890068227383226,0.01826649320902206,0.01802963693886389,0.018081418959815906
0.09796688157461834,0.09782426392296117,0.09764525396119454,0.0976770565196754
0.6416470851486779,0.6369094029456647,0.6385266550820291,0.6385928662075886
0.04014762780103799,0.035373795335524615,0.03423494084963685,0.03384770989914346
0.03216636730614835,0.03470471609245824,0.03493158484120617,0.034791805934617975
0.014137596045952366,0.014766874357502825,0.015181850705529557,0.015209422474578772
0.016981535459837917,0.015920933766787715,0.015527895617655371,0.015486729907752609
0.01059404961348117,0.011006063966380186,0.010754814834477074,0.010732731305256971
0.5601410998396327,0.5682779194504095,0.5700823458541115,0.5712015274608949
0.26712336000000003,0.26467989999999997,0.26761783914000004,0.26744146504704003
0.045863839999999996,0.047542896,0.04779589702,0.04747241104759999
0.023397059667582598,0.026359144121036165,0.02582285032483713,0.025846835122592792
0.06843763780418126,0.0641129884287206,0.06281928902857528,0.06272845213973612
0.043414799999999996,0.045723251199999995,0.044654484864,0.04468791251088
0.04950651392,0.047957139411456004,0.04671340710038016,0.047060752409580096
0.02881234796624011,0.025688683627876283,0.02535315027815271,0.0253031134816382
0.022871299947432002,0.024251100950381146,0.024332337672677683,0.0242548349707545
0.020041813846492895,0.019437749805720477,0.019481192427258546,0.019457804349771953
0.037774843523951177,0.03587717700517975,0.035374517106178234,0.03515468780745081
0.013480683243889497,0.013094510546318428,0.013131214958257613,0.012990127632996697
0.012248001098657023,0.013892788247441777,0.013727768126848403,0.013862869624074185
0.09157753497899346,0.09105934321863036,0.08965029139649651,0.0896947289649194
0.041007876364510566,0.04439037041198224,0.04420057173074857,0.04420442921933681
0.013142552103420814,0.011678729673463405,0.011698901305300031,0.011634792320203181
0.05022963624164828,0.0542553226770231,0.05335485765293803,0.053431525479739034
0.03156792007259488,0.030293050861173877,0.03157497108464429,0.031681507388576516
0.022308227217472398,0.020902225334398273,0.020493213464086613,0.02040873234912017
0.032797580134291626,0.030924089211049794,0.030700094768593277,0.030700202648378805
0.029963029124820472,0.030549412841816764,0.030458533982431084,0.030205598866726784
0.040922921088,0.0407774085198,0.040428270478826404,0.04052273655667895
0.022919290040557906,0.02346692989768316,0.02326729045575101,0.023110115064670433
0.09698858738906266,0.09938493015776295,0.09919180385838812,0.0989912848853503
0.011152095888403591,0.011764777037437743,0.012455547163546705,0.012447983561989522
0.012147971299727917,0.012853134025395178,0.012557501413425301,0.012583204753494812
0.011570439699755193,0.011602553321734876,0.01166326411236873,0.011593024590594076
0.04244016,0.0458838308,0.045022480128,0.04501169304768
0.5608470970028268,0.5667228347840586,0.5677742672037049,0.5682720688285842
0.02082927477352305,0.020128544587250854,0.020319460408212076,0.02028407851302959
0.03691897707306181,0.03658892262923224,0.03563690839758328,0.03544672782908267
0.016900337314366045,0.01766224029318798,0.017731511507493154,0.017685171782329697
0.010507933570071182,0.010126362857854483,0.01029400632367187,0.010308242214773717
0.13840820804837156,0.1364314773394904,0.13876247049593057,0.13887955604289076
0.03862032,0.0392441868,0.039420044111999994,0.03957199787736
0.015048799017997825,0.01600532018972181,0.01587253660317254,0.0158820721240384
0.029590684908531627,0.031196713453422287,0.030912891922412547,0.03126073085978213
0.01988872876114118,0.019940881653283428,0.01992276983754003,0.020011936117818038
0.011041085372134244,0.010313341862040103,0.010381307954459741,0.010363881372602746
0.10631437619369856,0.10587536071333138,0.10456736748300388,0.10443215658358625
0.0723086284668892,0.07505158977523423,0.07533539691952193,0.07519036114815818
0.03806778968226901,0.03691678120497173,0.03629727256398647,0.03617383853710677
0.031498744099770236,0.027314299663380635,0.02621725349543413,0.025923470716693948
0.010603382574484671,0.010953012623679918,0.010970910649951102,0.010938036847813425
0.019512673767326523,0.019520162313657028,0.019349068918769887,0.0193921343078866
0.6619115004738647,0.6580876437675941,0.6583977936328717,0.6584585924939469
0.03478274615034749,0.03722414820151008,0.03646370938934881,0.036523696567479065
0.010470436073987956,0.011144907828590669,0.011267521863093842,0.011245408370102015
0.06392928197583596,0.06690561920537032,0.06776676309553717,0.06780490180830895
0.1144082237274386,0.11684125061235462,0.11678994913601345,0.11665755067304955
0.1456777230627823,0.14950590992347804,0.14819642923428752,0.14762741120303988
0.7442369102135528,0.7442034438099872,0.747164966573601,0.748024615063728
0.010447460933210695,0.010827208657054836,0.01048879846103558,0.010479367671046154
0.01871639338935656,0.01907034210806934,0.01899252980100029,0.019049099436542868
0.09331344,0.08950534,0.0897365802,0.08990545362791999
0.11586579139541005,0.11497019673744527,0.11365465653088293,0.11350820978896108
0.12369215986414953,0.12756584636547227,0.12453397449569178,0.12441931135882234
0.7396722246878676,0.7436728255649449,0.7468163110221008,0.7473423386213438
0.6801618065657608,0.6839210193526172,0.6848080180662762,0.6853207939211527
0.042687595658064736,0.041865970643364545,0.04188691264065698,0.041983746359103326
0.5492844508841218,0.5383599428455255,0.5398286588747662,0.5400000431923881
0.016874693856208597,0.014894585614742332,0.014263794633913036,0.014071748308877524
0.07674190709942302,0.07743701145496432,0.07748271677516554,0.07758284519575533
0.05609896938420937,0.05446329092259492,0.05517805756752641,0.05527149123817014
0.1800974359658595,0.16635062913161544,0.16474611394750582,0.16429860211439795
0.34974456000000004,0.3565256999999999,0.356208320028,0.35622283850159997
0.111842450949164,0.11493682757529053,0.11208879628843932,0.11198449700754982
0.12001794778943911,0.11473417472188896,0.11442402004836531,0.114179299692232
0.033048181540423,0.0325270554745633,0.031799800954100586,0.032061501318737445
0.11652348135446577,0.11567989436014493,0.11580949363624247,0.11579949640660635
0.03136735520044886,0.03344127388009262,0.032655701508526674,0.032721100986568635
0.056584385424,0.05347233071,0.053399151650636974,0.0534985952729414
0.1549263469765679,0.15879044918407206,0.15845104196363824,0.1584556844152673
0.0679472585190838,0.06889008641915609,0.07001526602745708,0.07001293230997375
0.03741424142721452,0.037524227454111735,0.03719100315264134,0.03730718130773412
0.023556261603950756,0.02379672015520102,0.02349871823035468,0.023470404568270327
0.02482617118967269,0.02384274870705623,0.023661911642824537,0.023661204580281876
0.021326426190694664,0.022191246382504422,0.022015420629735393,0.022066645243497704
0.03460413253576594,0.0337830475185421,0.03398165401884224,0.03382235639055963
0.7072658882482405,0.7166105649688523,0.7171511556503074,0.7177214001388927
0.02428674079653382,0.024841663875523636,0.02429173750875184,0.02435454471758916
0.1243719516167571,0.12465505533602042,0.12419373154435169,0.12415289768286754
0.5419530780177216,0.5468387483387511,0.5473300634509713,0.5476165384681785
0.05634928499819427,0.05420487133172763,0.05331171986586874,0.053174129462193506
0.029972927743126106,0.03165008826724589,0.031760097895798416,0.03159469586545659
0.18458234356269543,0.18066957318511917,0.1789100133242947,0.1794433778278395
0.18253400751670548,0.18363074362052148,0.18280030386367047,0.18226136292274012
0.016238606081513843,0.017186787940129455,0.01744620106973738,0.01741495261515388
0.026219370244797067,0.026629798959814318,0.026284049470188166,0.026280878729898573
0.02590528,0.0271563732,0.028551757312,0.0284763846528
0.06212782142267265,0.06441488942647802,0.0650624758147487,0.06493797763826187
0.027321430014120476,0.028189467706838403,0.02867120300410946,0.02866166035038611
0.10473451770177772,0.10900998375260336,0.10830218875167588,0.1078229432126766
0.10098880784205885,0.10225799458202099,0.10186775105430901,0.1015706148157622
0.04767616704197107,0.049404792275928484,0.04911039186219053,0.049184573810560045
0.06337821880798208,0.06609939279920027,0.06554961928379385,0.06554788146213765
0.011481611236826278,0.011836842969407466,0.011595457378637083,0.01159956293737281
0.03478274615034749,0.03722414820151008,0.03646370938934881,0.036523696567479065
0.90135136,0.8963121332000001,0.898221413888,0.89823310143168
0.016166923057705472,0.015388067332094683,0.015417483548909917,0.015430038512198194
0.022871299947432002,0.024251100950381146,0.024332337672677683,0.0242548349707545
0.011300550912000001,0.0111304691814,0.01099202361315635,0.011029761097535323
0.13682674544182535,0.1380249668827564,0.1348977128082092,0.13436117023111274
0.011319945668009002,0.012005837982819418,0.011919404299332607,0.011973422791014335
0.043153439999999994,0.044950722,0.045243778283999996,0.0449629269012
0.09776858346882121,0.0978609912502261,0.09913716613628258,0.09907762062607038
0.023774913755049424,0.020950874182491468,0.02048022162895794,0.020550520565719713
0.18550032018112808,0.19111045379161548,0.19293808640165594,0.1935030980300028
0.14655453965188808,0.14185248633342767,0.14358825247697732,0.14342892684177228
0.054863373340404746,0.05850032627509267,0.05911124456441339,0.05942848488298194
0.019073877800185372,0.01651454974240051,0.016004389319605423,0.016062713188707476
0.014500639999999999,0.014777496,0.014958139716000001,0.0148491871066
0.010214259410694435,0.010807942108514584,0.010685529678866313,0.010652202605184789
0.04042082246399999,0.042398338483119996,0.04139693024518886,0.04144558391827374
0.09820512,0.09425975240000001,0.0947134048,0.09488879599332
0.19975962964790678,0.20361937918166842,0.20556607457393214,0.20594631438779054
0.047580000000000004,0.0482779968,0.047292103488000004,0.04749598007531999
0.038899401229134954,0.04378492981504319,0.043591761279727664,0.043341671387909654
0.011277937679090284,0.011936395185553365,0.01202400724132007,0.011998276375726329
0.018280858484021237,0.01735161534898919,0.017146717703469663,0.01703892410117609
0.07588427870497538,0.07992402442119782,0.08021741542002206,0.08005430788630201
0.7119056997719929,0.7170316018877573,0.7194095906683055,0.7199489188828372
0.17613477263974398,0.16568091942527027,0.16497768595995108,0.1642821626240322
0.011920196696102203,0.012755922177059315,0.012639028034232766,0.012652895014520332
0.11506541665920843,0.12237283141788195,0.12173715489410875,0.12189703924541824
0.14639165885549216,0.14750486692288967,0.14524147091243914,0.1454081501172067
0.05430486923240293,0.05691957009415137,0.05651885597121266,0.056520191612367175
0.023934388797304702,0.025231778843293844,0.024891012721309246,0.024816829735145773
0.10452979059961046,0.0974317061133796,0.09718680205474235,0.09685858844980093
0.012800724411016914,0.013229160112072418,0.013169916350217099,0.013305975168925094
0.014743515935617532,0.014817712531484386,0.014547892768065937,0.014589399977556707
0.11893129664625797,0.11513345127040718,0.11471011600603621,0.11448048060664043
0.640057314540515,0.6439358454774172,0.6471456317990554,0.6469862660692894
0.025086853814210965,0.021937215242062633,0.021412864821773184,0.021481481500787936
0.1032906800827379,0.10290305628261918,0.10246436315954986,0.10255409109669353
0.014714129253730524,0.014598215231730641,0.014508081109779235,0.014496314871738874
0.07279991043128464,0.0682826068578607,0.0667855396301544,0.06662050647511851
0.15458836892774963,0.1533601991289211,0.1530988590544621,0.1529359298169897
0.011139384053191571,0.011773296477796747,0.011666335640998556,0.011580525693099154
0.01071084230127483,0.010403774607111354,0.010320719489533212,0.010361308462867373
0.03306965364560623,0.03381017483891421,0.03381580469702068,0.03382653123540312
0.5301555730787282,0.5269999948003184,0.5291868416092522,0.5293695787096141
0.011333471961091858,0.011604261830633351,0.011691823888672482,0.011808259177600314
0.8487315200000001,0.8507814492000001,0.8512732632000001,0.85108737266584
0.02244089808340589,0.02192745515963548,0.021699069118890885,0.02166552383286687
0.012481280000000003,0.012365814,0.012218545663999998,0.012255025944479999
0.017653657985092705,0.019171654852813844,0.01927703601733499,0.019284762472061574
0.03212435825379337,0.03244024016157376,0.032527059342391106,0.03259375144320077
0.022703580495090237,0.02419165058766645,0.02382801723301364,0.023749097216580355
0.010093436779519283,0.010804841621059769,0.010915770053629703,0.010895437126670631
0.5246635522886487,0.5339516874462092,0.5362202934711472,0.5371578628047781
0.009754457713302512,0.010091704478836257,0.01031816677983776,0.010313835512988336
0.018098137254695796,0.01732113490564355,0.01684645390308887,0.01677429573798377
0.042085414240737994,0.043662333919920235,0.04277852313384899,0.04293458811186816
0.01053492135263079,0.010225164173187206,0.010198103610064877,0.010234495715006153
0.04080523632859127,0.044328320135095675,0.04421307134046154,0.044202302105424224
0.08950968896124543,0.0840413521909494,0.08354624031098394,0.08352239558028839
0.7079790704219953,0.7070811057963248,0.7087995190708886,0.7095634134731319
0.03490719609931859,0.03359071223143716,0.03276925181216679,0.03301640652027874
0.17825471923330044,0.1654202697355439,0.16424550878942157,0.16373402477094068
0.5367516661043119,0.5353095783014075,0.536776258487624,0.536847976037455
0.28355712000000005,0.27867929999999996,0.276097045632,0.27629991927888
0.014086166288780299,0.014707590195015621,0.014403845393708661,0.014468689964790764
0.0642002713838094,0.060217016967959294,0.058945204893472256,0.058786427698246844
0.5052107874934108,0.5186982842932338,0.5229207805111182,0.5233448457248475
0.14845713696717433,0.1473622465596509,0.14674572283863835,0.14654045763332507
0.85573488,0.8511026200000001,0.8510520059040001,0.8510361246363201
0.040849423194108066,0.040142108756799605,0.039935702696871266,0.03980084761121766
0.5367516661043119,0.5353095783014075,0.536776258487624,0.536847976037455
0.18763888908842852,0.17924354875953533,0.17961210323596685,0.17944533313207908
0.16218545398982204,0.16569787388302512,0.1650693278850599,0.1651363822057945
0.0346634275040304,0.03387545912777463,0.03297485111127126,0.03326210724429705
0.011959624136792638,0.013085810549344983,0.013218143717516565,0.013402971452487696
0.03080956388232515,0.030652969949283227,0.030808440132862134,0.030948645913635265
0.020036595918679817,0.01984247895403355,0.019484071720331068,0.019480639402614533
0.03914435795133174,0.04138728412288145,0.042235975812050436,0.04213338234483397
0.08956192279203509,0.0943353396125483,0.09513300953187094,0.09496451391945254
0.03574752174332526,0.03590458237309219,0.03571935346153964,0.03580143659251982
0.2719578156246482,0.2769210588706353,0.277354011900562,0.27739668069646134
0.03342515008240939,0.033842329962517924,0.033795770047758376,0.03389116537397173
0.056990458087850485,0.056840103785522685,0.05710014377160967,0.05707165367651446
0.027850899703956572,0.0247214052580065,0.024021300853518255,0.023752553081073477
0.6807535448071306,0.6906113881048896,0.6927473255969385,0.6930897469883034
0.09852007087454706,0.09616557770162151,0.09432712166282187,0.09422473532397431
0.06696768682162096,0.06997458533505564,0.06932476889895536,0.06932354684703321
0.034901910838116425,0.03521899412453841,0.03435494216386428,0.034300734556356176
0.018485060572403966,0.017055658138917483,0.017154099190882493,0.017063587423651234
0.11720644712645974,0.10842492244849083,0.1075684853848166,0.10722095611940109
0.8448136109759999,0.852770106921776,0.8551524311985188,0.8552330513728973
0.0318478360235361,0.03399584994493854,0.03336018583097396,0.03335416177394146
0.048324719999999995,0.0509441516,0.0521310087,0.05195016196272001
0.6786196281509718,0.6801862167434742,0.6812305688049116,0.6815128317683672
0.03789609065840174,0.038206242136022514,0.03836344275007753,0.03851975012104433
0.8427431639938213,0.8512768458259617,0.8517898489306783,0.852427964742869
0.6974479330943889,0.6922034878159273,0.6942224179954358,0.6942397683106355
0.030596128133538215,0.02750323139420111,0.027870065677709478,0.027912803576013275
0.1515984552201665,0.1552310578352764,0.15467422523270988,0.15453526599271256
0.01103740309104376,0.010477024104391823,0.010367726689921638,0.01034611565471403
0.12804893446785096,0.12735940618717015,0.12613959617231726,0.12642736185033307
0.08267147646884675,0.08484788169260456,0.08432236060016936,0.08433752602915488
0.009283198149769236,0.010190457902910495,0.01011159007392874,0.010104368413498639
0.07167162368831234,0.07183367255418156,0.0702992604711458,0.07031407308525292
0.096849841248,0.09159085571112001,0.0894346934716378,0.0893344474042564
0.03560371941327065,0.033798692560892254,0.032933208954630366,0.032924735229092526
0.02157261968520828,0.019956394352700926,0.0198488721036419,0.019877235286844253
0.5498252648280891,0.5540571847639217,0.5564642882125068,0.5565789715667279
0.17514961404988205,0.1775020228129336,0.17637559904520012,0.17590205900818293
0.08884621177014147,0.09331304538347722,0.09419811758816324,0.09403642065863162
0.055195729318118295,0.059024677995233615,0.05941905575612063,0.06006143606519221
0.02208359206701824,0.024948029876128115,0.02437582724137435,0.024400865388371173
0.2690944099070414,0.2649287593812455,0.26677421322739076,0.266567044454053
0.1870561297425108,0.18773109685666403,0.18674068308085043,0.18632683981380377
0.1419218633004579,0.14375189363790225,0.1448672428000457,0.14542267575706425
0.0790208085095838,0.07871689406652468,0.07680381718379017,0.07663186898464486
0.03339696463370438,0.03475774050113057,0.03426448071508695,0.034276036550476695
0.14842435826163525,0.1386370524047621,0.13760371815061495,0.13715940018737874
0.017579229102686392,0.017966800215267004,0.017425865586845973,0.017490573152732197
0.6452058082656816,0.6371102283308506,0.6395940369881825,0.6397118568046821
0.29719909720247256,0.3005746609655532,0.30396400528338263,0.30479320813214483
0.02896511644754694,0.030494814860351438,0.030704844230083756,0.03051695961709547
0.1075328,0.1017768672,0.09941226993600001,0.09925432727168
0.042124202624000004,0.045600997266096004,0.0446095247010048,0.0445821390925898
0.018228154114043382,0.018295851401816644,0.01842971099758642,0.018378859495029837
0.7280233607367408,0.7373252371777815,0.7394675463886534,0.7398761963188824
0.011700670846569441,0.01181491293759808,0.01200057069007147,0.011946714375613529
0.07859172070022452,0.08048772032914588,0.07985446990837763,0.07990271887178703
0.11893129664625797,0.11513345127040718,0.11471011600603621,0.11448048060664043
0.30111872000000006,0.29693418599999993,0.294533454336,0.29472537405552
0.064284067741759,0.06358676593505563,0.06459338164559655,0.06456908307660164
0.011468679765728507,0.011830231645837835,0.012308554507636828,0.012295719663788906
0.6220122041845315,0.6205937479496703,0.6212588874449863,0.6220420260810918
0.27960576000000004,0.27751014599999996,0.275949804672,0.27620389580976
0.1499672651722545,0.14289969486302115,0.1420240468607863,0.14153526322800178
0.0925826237107194,0.09205748800859316,0.0932330847075703,0.09320629389382949
0.7456521772581425,0.746413442723328,0.7479866405079894,0.747660814670022
0.2341423592762903,0.23102080407291486,0.23347286284198682,0.23342224410459197
0.027558549397631818,0.02939004011246919,0.029776100908701062,0.029799619713614455
0.12610089805165564,0.11462133810773373,0.11337358102078679,0.113073500555857
0.021601679164660353,0.022551244324788305,0.02249676490389342,0.02240655189515012
0.09343728,0.089415934,0.0896919146,0.08990167783884
0.042697200000000005,0.045723251199999995,0.044683054592000004,0.04466416409472
0.0519808,0.0505418496,0.04917449208,0.04953905249664
0.03846882128324789,0.034788738467079874,0.0343203386698546,0.03425308647034595
0.1478594136179429,0.1490024986300494,0.14963507121456013,0.14922955202950403
0.020496379378734785,0.020096071986890025,0.020433511312004733,0.020403513706654147
0.14617731094385372,0.14096853607258816,0.14155745376430634,0.1415441252449261
0.011114401286486995,0.0118910314191159,0.012189332024666008,0.012182909530004301
0.84915984,0.8513361692000001,0.854563519872,0.85473270695232
0.02663298993500813,0.028162117543851756,0.02843446989591647,0.028295033347622386
0.01859992521066845,0.01934668577504193,0.0194178427469628,0.019368327761701342
0.009518195780593501,0.01030876074018012,0.010223003607866363,0.010345549481927613
0.07866658601597142,0.08148587213286594,0.08090001308798385,0.08095238258597312
0.189041845237349,0.18172406521841858,0.17965626595435016,0.17955139170646814
0.02192183522448155,0.024924595080703233,0.024452911451475955,0.024480907612742887
0.09252758387351834,0.09460112556888053,0.09448519878945782,0.09424491844644013
0.14227855821625104,0.14653027519960737,0.14514692146831892,0.14453203913146856
0.0649545149557086,0.06647336024782814,0.06728238632690342,0.06730338429929925
0.015779976301909693,0.015300657460608422,0.015297067183253264,0.015269026053007957
0.1209728454122084,0.12265068228799764,0.12226048814883787,0.12196030085218316
0.5973972643163521,0.5974731940954312,0.5999332862654306,0.6000152494544865
0.22717495897390833,0.22969482844960845,0.22809432409534072,0.2277812779040681
0.011030160530650913,0.01018140954748837,0.010326560084048031,0.010262297995412499
0.83403408,0.8298930800000001,0.828085921848,0.82805550418304
0.03862032,0.0392441868,0.039420044111999994,0.03957199787736
0.9137263200000001,0.9109245772,0.9121442373120001,0.91202320776056
0.02624336689125603,0.023320593889109294,0.023340039949241286,0.023310041132933435
0.17591575236951926,0.1652478058618903,0.1640993885650762,0.16361751834618335
0.0633826878649551,0.061302134329120773,0.06001464155624159,0.05992766293753439
0.17153074907641738,0.16580012659287122,0.16447619505555028,0.16449834438673797
0.019567023468673526,0.019839372489226917,0.019764421727134142,0.019771126981096863
0.11584973930381418,0.10931977401224262,0.10895964253440221,0.10860217550438626
0.015150559491980303,0.016349064264321058,0.016158140361298583,0.016112268265510016
0.012601805317970343,0.01072888103434942,0.010429345945746777,0.010466920720075053
0.3579744587362719,0.3572979210315065,0.35325126774915727,0.35241335388838313
0.05634291901210695,0.05573445713268092,0.05612830220338762,0.056265765079781135
0.10253410143271816,0.10280639485947067,0.10278838844983053,0.10289049955758817
0.06415721167113002,0.06737264936213581,0.06673681186844063,0.06674721023770971
0.1562226755396222,0.15452027672577703,0.15324940430838876,0.15313381562615283
0.027139487775215097,0.024290654337027644,0.023589695017817262,0.02332144089043981
0.16174188072538814,0.15101873722501338,0.14937229686020112,0.1489482735340611
0.701869623287295,0.6953104967595655,0.6974587903044176,0.6974976897468541
0.07581612,0.07906338,0.07999436884799999,0.07995649870728
0.04220751208465574,0.04128370165117598,0.0401007860985423,0.04039243313267859
0.033343299508946676,0.033022239662640535,0.03263515737032809,0.03245788604808363
0.020588004994096645,0.020857746155156058,0.02075961411222112,0.020709966168250007
0.28354144000000003,0.27866290000000005,0.28128988456000004,0.28105251460096004
0.011962810586429,0.012573641974356006,0.01266941671067498,0.01265153105731086
0.6551488603322645,0.6629148230529529,0.6646819652294002,0.6644111699385347
0.09897611555843021,0.09459632997344096,0.09430150783281459,0.0940452541095416
0.017579229102686392,0.017966800215267004,0.017425865586845973,0.017490573152732197
0.1297116093100389,0.1322721999107688,0.1318686138449311,0.13155839954835388
0.009893845482778895,0.010261360505264012,0.0102689933547384,0.01024371645637264
0.09434192629170038,0.0893328476179646,0.08972623688037284,0.0893924433286093
0.021004885109814884,0.021195043439285344,0.021057820873380678,0.021080158389006336
0.01667624943837974,0.016800613104895317,0.01692860481024021,0.01687318585084599
0.0742806236827923,0.07610633224082138,0.07554351602116165,0.07555403829800889
0.15839162546275457,0.15890531711140551,0.1551974233036852,0.15490087905520938
0.5401855201276815,0.5488176276339991,0.5520773510796053,0.553295309468686
0.025920917858896844,0.02459977518756136,0.025633455453831652,0.025693613141135475
0.34974456000000004,0.3565256999999999,0.356208320028,0.35622283850159997
0.07917911114898504,0.07140774304636194,0.07007013893998158,0.06961102578514859
0.17431095127915003,0.16604179107527073,0.16610946883881642,0.1659667402025195
0.02117335827540717,0.018761168575960448,0.018565150389676516,0.018653324453357982
0.040838755104,0.04368168594144,0.04278773552774912,0.04277243101381553
0.012070463124101247,0.013693404840406464,0.01353125894362236,0.013663681518182098
0.28926464,0.28489004399999995,0.282220429056,0.28242295033728
0.46441109058626256,0.45660176756771226,0.4573189876336342,0.4571788158359216
0.021283234129666997,0.022602680903224263,0.022759372241892024,0.022661760101810972
0.028682194665400812,0.02849092800946159,0.029182858415771187,0.029224704020683768
0.024392959999999998,0.0257768892,0.0270594168,0.0269817393264
0.024818467183042578,0.025811563170382183,0.027033328421741224,0.027004009719861725
0.6848794394209409,0.6815469611869172,0.6831794444054184,0.6835642464749069
0.03073633491504931,0.030756071337965173,0.030637036026846805,0.030540131511958633
0.06482829036489719,0.057425013118966216,0.05660531139536132,0.05603145485034388
0.03010243919236407,0.02623260361917354,0.025177463972670674,0.024899819131417797
0.04776112,0.0506306456,0.049517940671999994,0.0495559148514
0.09453544,0.09801396000000001,0.098938857228,0.09894866896839999
0.14449970763980163,0.14267808594972592,0.14227198148983444,0.14211516436656013
0.014694612425693353,0.015260596773081656,0.015317877715571656,0.01527219960381312
0.78095352,0.7906657448000001,0.792500899824,0.7920647751977999
0.09766848,0.0938385508,0.0942707368,0.09444822733416
0.8121438,0.804761408,0.803182548872,0.80353516027344
0.05119936774139945,0.054834802476405035,0.05475031722168648,0.05466491342204191
0.01130612,0.0114343564,0.011562647600000002,0.011546455103120001
0.04169372599488102,0.04184151390634547,0.04085293231579944,0.040682973078291884
0.811726901081565,0.8171162128830314,0.8163608502215485,0.8171849172653101
0.12507737950153572,0.12561497002717098,0.12560055186378566,0.12555186388753373
0.1011750639321639,0.09065409910350142,0.0902631794176144,0.08972346213441523
0.1871142,0.1800498304,0.17813939651200003,0.17853934277424
0.05554607549385368,0.05863656812122085,0.05910635854871965,0.05931965294961381
0.6559813980817614,0.6518136788650303,0.6537121264741157,0.6536768613866863
0.09464251303306151,0.08553934159081214,0.0858052871126473,0.08523122076910421
0.04119191999999999,0.044681556,0.045058463568,0.04499405805744
0.029122146272087115,0.03197104257691124,0.03211979055361308,0.032122084151365436
0.03576836653345311,0.03742659789488291,0.03692744062211632,0.03695066872299417
0.07062268604127316,0.06593876344490596,0.0647721524086291,0.06459836282075902
0.06249656000000001,0.0594071,0.05935758472000001,0.059441602339840006
0.02901699430883555,0.029485280071072394,0.029489175093690492,0.029422343653943212
0.013557773844894002,0.01392679461612355,0.013544421666154651,0.01359200303865739
0.014344118264760924,0.01600598172891781,0.01604537966647724,0.01592865330705868
0.06435696492116262,0.06786185523031404,0.06854631060268761,0.06843758602420154
0.17500818761519452,0.1640658568031985,0.16355111893312557,0.16280544800341581
0.033140970144019115,0.032639360225547795,0.03191172697316314,0.032174705328796724
0.040685633856,0.0406216624166,0.04039620807171557,0.040506214330300855
0.072819183168,0.07118086866797599,0.07179331243782239,0.0719013979361835
0.023305501824,0.0244704709152,0.02570869179781968,0.02563006206739246
0.07349759312316088,0.06901143400274522,0.06760555507264475,0.06751402977459933
0.017734321547765535,0.017424717320764897,0.017417353747746073,0.017331716866563058
0.011844362646048882,0.012264040194364932,0.012100481279642928,0.012114015750332937
0.5714517993636491,0.5699304171687392,0.5728973633979892,0.5739521665158607
0.07739383496390566,0.08023018823876932,0.07985162943271233,0.07987830467839326
0.07622198588942217,0.07670387499452931,0.07633556346085825,0.07646854534192922
0.536586671565217,0.5362318682941466,0.5389323588355218,0.5387504502167697
0.12873486508324106,0.1192472356321721,0.11868258885688734,0.11826913829397956
0.696800158647331,0.7026321553569514,0.7060032901696579,0.7065644814472121
0.04101385414278365,0.04235113510726547,0.04246627765851547,0.042356088230022924
0.6275868164144487,0.6441390165611031,0.6461944926914822,0.647056794027294
0.04279528168661489,0.044909107911339854,0.044230204752315594,0.04426748046668966
0.814023020765306,0.8085583523734576,0.8092625223383594,0.809295353260767
0.12182623138361282,0.12220975453766847,0.12093141172506383,0.12067059489930992
0.90988552,0.9110205792,0.91247645544,0.9120376089425599
0.07861732680805691,0.08260249553362173,0.08324317543622656,0.08324658581476949
0.08204768981151318,0.08646119176495329,0.08712145286311404,0.08696147609433906
0.07108522199199327,0.07149446835344676,0.0703456825782804,0.07000794019532278
0.035884263064467556,0.03542682673155682,0.0349429586078249,0.03494063857195635
0.027650305450865987,0.026964072378862513,0.027224271119502964,0.027391781368766313
0.02374911775937797,0.024368896870794306,0.02413302190876793,0.02453646857979378
0.6110762167710994,0.6161504717498808,0.6165376425324631,0.6168460058655065
0.031141888696039257,0.03285384409257966,0.032627332573412576,0.03299347251427216
0.03566553677978667,0.034511545387035894,0.033863814429281096,0.0338336584841054
0.15361867405630936,0.15487598000366407,0.155504250019262,0.15509471963670762
0.02607571559349177,0.026774395312690658,0.02635801640644526,0.02638780127616425
0.025270866131957764,0.02177351251932442,0.021656158377299645,0.021509087716149358
0.85111436190892,0.852226425431955,0.8522086055208116,0.8519276892266274
0.017922761145060594,0.018099064139209402,0.018060251950677165,0.018020379699223602
0.5142342365754881,0.5247201511197737,0.52805409531016,0.5285337860351328
0.2812992,0.27653894399999995,0.27386941260799996,0.27407136436704
0.03097064495306836,0.0336539763109056,0.03347113666646369,0.033228884644404384
0.036964219576637765,0.03976123774595424,0.038988213921046996,0.03895865329768777
0.09127701503999999,0.088259927612352,0.0887939894873808,0.08897661677897006
0.30225833354746134,0.31035274193833845,0.31127521479110015,0.3116422766006481
0.8442000000000001,0.83586,0.8369800000000001,0.8371322
0.041520535703109845,0.040356669397795614,0.03939752869255649,0.039751782382901
0.05871978296189389,0.0584903460329296,0.05796362306887141,0.05772617811192416
0.03481882955016636,0.03542940593675407,0.03471016300638285,0.034755812785003996
0.17036571159300562,0.17196197764723553,0.1738096071023323,0.17419091458042593
0.3590162972346961,0.3626943608905893,0.3657948684320202,0.3664978522187315
0.040195032890258116,0.0391240235664295,0.03863292793598922,0.03838072668505419
0.04074750338321328,0.04423809570330721,0.04329093054092079,0.043396585040460935
0.0986836745898153,0.09769374402740187,0.09799157589541527,0.09789664767901693
0.021122411186650147,0.022251987178123003,0.023414117599324418,0.023343792801745623
0.04031925772165979,0.042037232021917795,0.04143241210290927,0.04147023750094908
0.012165922586389979,0.012583250042006461,0.012538565478610448,0.012702779064673363
0.11889046963019212,0.11835329771394504,0.1180981230074428,0.11778040696331435
0.011527171131620967,0.01212819305712288,0.012227089290715717,0.012208452228122
0.008920753887324022,0.01014887220250868,0.0100363625918511,0.010136145967792817
0.1698946738145035,0.1637838546135844,0.16245116783380056,0.16253140115029108
0.14038132035438222,0.13280775746594892,0.13192570967820313,0.1315019655596554
0.033286854972787196,0.03501168636197886,0.03433839726521386,0.03500915013752146
0.0228477422343287,0.020676360748205162,0.019634045750029635,0.01932887352764363
0.03518114031757565,0.03687250474878345,0.036185232106111416,0.03621483102353464
0.85411232,0.8546002476000001,0.8552417856,0.85508134696992
0.16667237272986776,0.16842456936628017,0.1675539970833554,0.16709749252699913
0.011572345428154818,0.01268109610882476,0.012721749166683246,0.012506136141585076
0.16418312021786255,0.1522061213245035,0.15098074415354487,0.1505880535294751
0.04244016,0.0458838308,0.045022480128,0.04501169304768
0.03674879656158044,0.03812482217042103,0.039015893366062135,0.03888240719071689
0.029559761841147256,0.026330266079103416,0.026286095717165392,0.026065413321480293
0.02447333249282676,0.024551358146930314,0.024073742882374266,0.02402215194509932
0.17415587592870146,0.17472206886615643,0.17347777208817194,0.1730189322458479
0.018824201053566685,0.017208744366748307,0.01722911879258814,0.017127542948155487
0.031168069350680738,0.03285384409257966,0.03262623352896304,0.032994396383822754
0.05822798500756412,0.052473169191881025,0.05284106008581049,0.05258262586482455
0.08673731999999999,0.0891099,0.089902425212,0.08995045889032
0.15115326931985362,0.14377649702372824,0.14289423178870578,0.14240715862629935
0.047658653168518646,0.04724050527869104,0.046518484347481,0.046318092650597394
0.049565600816000005,0.051722297493415996,0.0528569780166912,0.05266060012726737
0.037196216848136406,0.040109778172167376,0.03936421234659813,0.039392261570769325
0.1220893776042894,0.12092375892935447,0.1184977706517788,0.11823664063062643
0.13259613382599789,0.12654694787665044,0.1257155041628756,0.12546247077055453
0.07581612,0.07906338,0.07999436884799999,0.07995649870728
0.01566150129672774,0.017531678443933718,0.01709470468596858,0.01705632389459895
0.03015051980695462,0.028906719908422328,0.02867928868348409,0.02857069134867924
0.024431544431114317,0.02567623337397215,0.025637546913416232,0.02567650276687522
0.02152752,0.0200050892,0.019892941600000002,0.01997546251764
0.012532726963781056,0.013538601903172541,0.013565352028076278,0.013434110710927736
0.06479024802724148,0.06748708337983983,0.0683964485716231,0.06838623420684507
0.03447323341750708,0.034279297539026296,0.03405681727688826,0.03394311930361404
0.04806848000000001,0.04987855079999999,0.049026736800000005,0.049024027334159996
0.1094470214901708,0.09776862908898183,0.09831790915807939,0.0976663328760358
0.028701680000000004,0.029205,0.029729365660000003,0.029707157780480005
0.171512438380119,0.16605246200406246,0.16483667761784213,0.1649428902804812
0.010447460933210695,0.010827208657054836,0.01048879846103558,0.010479367671046154
0.09094638450215652,0.09242788398745969,0.09354453533860309,0.09359643371475564
0.01170976404392711,0.011654017934540808,0.011657122318855193,0.01160274342052663
0.1431823154233828,0.14311804361091363,0.14008516982379582,0.13985507022822583
0.011139154911130551,0.011249266516505362,0.011217925609408434,0.011307000012206895
0.13659835683042656,0.12681408764324395,0.12567833887600105,0.1253553976287536
0.06813847106114805,0.071112853841363,0.07142205404169269,0.07152464798570604
0.16190038512371732,0.1498050065716061,0.14840673355849607,0.1480891989293359
0.7158172695509599,0.7202500537435342,0.7227877291606097,0.7233072342139835
0.5095065271638713,0.501826120217815,0.5030261929825158,0.502871239257244
0.14086358986004985,0.14221700485087582,0.1415073334148535,0.14114278118841803
0.08557703397374149,0.07964060636930946,0.07799926544657916,0.07777693592206447
0.6993555775846351,0.7013077661819601,0.7019782172926925,0.7019830036115825
0.02531660660348123,0.027784774574021332,0.02808315714217951,0.02800081079126793
0.01857270748687003,0.016188193212782056,0.015665806099737393,0.015709866825124402
0.029715029185878594,0.028584218674279335,0.028275188165272944,0.028205287548382148
0.013404701647008065,0.013774207388922906,0.013640259978480455,0.013511298938980267
0.06143680120722333,0.06177975112080293,0.06257470895630528,0.0627180946149509
0.2023559260056341,0.20733703321911776,0.20824763859127496,0.20890157275366558
0.045264640031999995,0.04707426005224,0.0479636937721668,0.04780892321343083
0.13669178547851765,0.14035352330956288,0.13945891291087603,0.13924321144869653
0.036964219576637765,0.03976123774595424,0.038988213921046996,0.03895865329768777
0.7489499776860948,0.7559324470854599,0.7578778931050618,0.7584195424549997
0.8682128400000001,0.86497802,0.864214571088,0.86412583650736
0.019073877800185372,0.01651454974240051,0.016004389319605423,0.016062713188707476
0.012720235153673804,0.012364738868429367,0.012341836285698177,0.012225936319939745
0.06800705964,0.0706889867904,0.07141929248496978,0.07138497015026268
0.30225833354746134,0.31035274193833845,0.31127521479110015,0.3116422766006481
0.03468561061936081,0.03555810417278529,0.03493005594319672,0.035086403305217805
0.18491199134280412,0.18542723499501299,0.18458200965800234,0.18409915026496312
0.15591776897288978,0.15700453871326264,0.15599882151175345,0.1555123531384981
0.02916321984436299,0.030862423474852033,0.030813687346142815,0.0307696959212512
0.07022810077150911,0.06511375712002539,0.06420051141286963,0.06379253385489286
0.02611744,0.0274757724,0.028858809408,0.0287793221088
0.03848320402641221,0.03778476945144485,0.03767578568399977,0.03775519410585766
0.1456777230627823,0.14950590992347804,0.14819642923428752,0.14762741120303988
0.24801838585958846,0.2472929995263755,0.24531759625139513,0.24472508801173104
0.18790380068408066,0.18236227831432256,0.1810209874337593,0.18094846939564035
0.017287118473726343,0.018352666306243676,0.019361380248199563,0.019319435369418707
0.02521457060217076,0.02670125980199432,0.02700676889756553,0.026864018062616048
0.042208634534476125,0.04227860498858374,0.041252187110026775,0.04120832445639748
0.011764367773531372,0.011724888842935016,0.011412604079966304,0.011408843041044194
0.03720018792240126,0.04004882684843684,0.03927812645640444,0.03928609350195007
0.038319432910720874,0.03708881563768195,0.03617896551408837,0.036473535838608934
0.030015110679633257,0.030255686780092085,0.02986752551767042,0.029865685248350732
0.03273520697641992,0.028985359512132533,0.028074661825540827,0.02774698882364997
0.42632383132109775,0.4225607329309875,0.42356669332113533,0.4232521360874745
0.025396173015151492,0.022156713489220988,0.0216268678001568,0.021697757233359097
0.15254644475527432,0.14633514289021143,0.14533353394594373,0.14576454403006933
0.03453078180339525,0.03679878575003047,0.03609062761879181,0.03610089648724125
0.07860255051649526,0.06911892526879339,0.06958471652939946,0.06921775950036255
0.026808486003045494,0.022880237290931964,0.02180979790412543,0.021673236607133186
0.019433515227140635,0.019291052771507295,0.019658073674555646,0.019645699895689282
0.33745804131367574,0.3490892877172873,0.3495210336312408,0.34953198998286794
0.09378610725758735,0.09473507125087777,0.09285952129056914,0.09266999296579595
0.08381945122842566,0.08827420183987644,0.08887771526892113,0.0887325220816253
0.03753536260481122,0.03850837235255123,0.03803805392571067,0.038194413763174645
0.020240093817119737,0.019591903204770823,0.019486644124791036,0.01952025852790758
0.051048640000000006,0.052547866799999995,0.05173058611200001,0.051739698568319996
0.10410721452833566,0.09266111113421233,0.09300724106519077,0.09241941589906014
0.6980181125248411,0.6909138304346808,0.6923359702077501,0.6928636685845995
0.03979583868149658,0.03798399842329429,0.03962488317865414,0.03973271627849882
0.012257917275264466,0.012794877077269277,0.01279179960667858,0.012827666650533667
0.014321854810810495,0.01455392526710525,0.014433691620479612,0.014418147925791885
0.02120766454444984,0.019794454041558034,0.019653915499455325,0.019587315415196815
0.1116009101573404,0.10848127952528029,0.10860978365755222,0.1083289586092631
0.03181492352442105,0.03222981463746376,0.03136757618276631,0.031240797240753248
0.037946950362762404,0.038873728135620504,0.03828185992041893,0.038300692672223885
0.015934534816506505,0.018165663064998616,0.017747531208446497,0.01778685713873434
0.030387983964872405,0.02931802008213617,0.0305437673278252,0.030635496068969797
0.010859089473620331,0.01171115334921267,0.011639641293770259,0.011588156577764429
0.23920724516946093,0.24785390676679583,0.2491670937342615,0.24932086439596962
0.015393735283004613,0.017446647004388614,0.01738216764167045,0.017270105438332885
0.012430082189603694,0.012291879765184352,0.012357203910961519,0.012249203934454868
0.05348456,0.0562144712,0.0573729339,0.057164472156400005
0.03771755860628765,0.03752413809448259,0.03762573570233737,0.03777198316150776
0.13152705365149464,0.12300445195176986,0.12230174082039258,0.12189454734211429
0.7272206470599566,0.7254865883395235,0.7268930384593812,0.7269257395863779
0.01638811181723851,0.016366112991955117,0.01586699677422977,0.0159286396657206
0.03548433409435654,0.03607315102113292,0.035165465516885465,0.0351284445502947
0.0679472585190838,0.06889008641915609,0.07001526602745708,0.07001293230997375
0.045494276,0.046352727069696,0.04542490290471408,0.04560060359447547
0.6323526889384359,0.6413207717285679,0.6444332056415418,0.6444889065315694
0.028024217192284213,0.026992615780709547,0.028167938468975647,0.02823463158929502
0.038309734688142145,0.03503841695604505,0.03572844859456972,0.03576876639088652
0.0394816,0.0395897952,0.039434635968,0.03952249899136
0.15073047112381593,0.15075925628862094,0.14974838840778973,0.149432775613175
0.04177404,0.0448698,0.045082505808,0.04500970043472
0.18693928832442205,0.17409951088380213,0.17269676585239974,0.17215423790401183
0.04372368,0.047042076,0.047360407872,0.04728396607056
0.90988552,0.9110205792,0.91247645544,0.9120376089425599
0.045673592803346326,0.04421638230215318,0.04408222884834236,0.04412761893356602
0.667651779467092,0.6643662991473216,0.6656130463567117,0.6660346664435548
0.06774548392373912,0.07180970378283051,0.07219537141358538,0.0721454719256409
0.03079248335066178,0.031447757741308764,0.031409680612185964,0.031150585560574352
0.9137263200000001,0.9109245772,0.9121442373120001,0.91202320776056
0.0898744925031307,0.08973260154727464,0.0896737653790778,0.08980257156290421
0.7012800645949075,0.6953104967595655,0.697482284840236,0.6974781592523523
0.0418893169577143,0.04470949879293714,0.04448966053095524,0.04444833360257655
0.12900829931281818,0.12964115567558154,0.12923926274978612,0.12898189430796408
0.0509587548545363,0.05490934882759533,0.054622877685355425,0.054552620526076206
0.4973515548903616,0.4980175580807928,0.49933634512540104,0.499704527277486
0.017827926223062902,0.016718257469563413,0.016510240879486944,0.016408847901926066
0.02598305185185185,0.027038327503728813,0.028343080517669986,0.028254594014802657
0.03870583557052319,0.04123443360910028,0.04096598372816491,0.04094489729264727
0.03333027938623784,0.03494087993834792,0.03426675995602593,0.034276128890815286
0.6185138085644418,0.6270330626160853,0.6312038348342084,0.6313935768203752
0.010748109381784419,0.010816234202591118,0.010835439867617595,0.010813578959864715
0.03896286840124639,0.03984892673823114,0.039998543103285836,0.04020293892546601
0.17022367555368428,0.1562701632094373,0.15512241207441246,0.1545982515171546
0.017131379637217593,0.01743857481170463,0.016920543961755883,0.016989523844273137
0.07397690058574845,0.07354901117821784,0.0736637980390497,0.07370580952007517
0.93982832,0.9394093544000001,0.940492377984,0.9405234205583999
0.7019417078099661,0.7026606572851182,0.70307372496168,0.7035219894571952
0.86043672,0.8549228600000001,0.855048298944,0.8550059169226399
0.016516849472439515,0.015782674682143026,0.015570995990586829,0.015481108864117198
0.02598305185185185,0.027038327503728813,0.028343080517669986,0.028254594014802657
0.18486312775275246,0.17415404365437503,0.17273910777979015,0.17223872083090955
0.05204284,0.0545099356,0.055641735600000006,0.055433797817440005
0.011094447159409365,0.011455580068840919,0.011172317624938042,0.011210934526532672
0.043471860612485994,0.04592697205002337,0.04485185736926006,0.04488837877906147
0.0113925660046876,0.010792077698887336,0.011148000950602954,0.011167689218853116
0.010837560162576762,0.012300819955081019,0.012215744115883408,0.012347791298154364
0.19845786083632583,0.19075703949953868,0.1886311316262478,0.18853804178071773
0.04282735104714505,0.04588063349233784,0.044847656601719674,0.04491419002906885
0.49354674609967536,0.49857294788174056,0.501824367135324,0.5019014948530596
0.14975012850436356,0.14423333450201875,0.14382239902403773,0.14371814890016937
0.035692640000000005,0.0360083868,0.0358607496,0.03593352722168
0.5482432330539911,0.5495468490138147,0.5513732926912418,0.5517067026014553
0.021046261929399374,0.020085377413725347,0.019511109948501235,0.019428946564895373
0.16415322854958603,0.1656120371817778,0.16280924910791536,0.16293442228549043
0.018204578138207896,0.018137766463893513,0.01762768733176375,0.01776050875523326
0.028210373827316153,0.027107490987706574,0.027014619313571072,0.02701665504013549
0.7049714515867602,0.7138252061532228,0.7161980627361403,0.71649043151341
0.87295936,0.8700705896000002,0.869926955232,0.86989577771392
0.0519808,0.0505418496,0.04917449208,0.04953905249664
0.054341264381439186,0.0552060720497228,0.055097930658483917,0.05502993444043109
0.017173316445350303,0.01709768858479333,0.017029749426006196,0.01704132576594264
0.6221211120688555,0.6294371482755661,0.6317048203298382,0.631651118231795
0.37841791912700457,0.3752367872349757,0.37151029569364735,0.3706958924964649
0.035884263064467556,0.03542682673155682,0.0349429586078249,0.03494063857195635
0.03924045538772826,0.04163289361419128,0.04227777716894907,0.04244222937121899
0.048936754048000006,0.04773319928819201,0.04649749131236016,0.046842839727206605
0.7140785644707741,0.7093473409853579,0.7110696963136438,0.7115365575699489
0.019104852964570058,0.019664149127168677,0.019984464185866923,0.020107459940994873
0.016874693856208597,0.014894585614742332,0.014263794633913036,0.014071748308877524
0.02152752,0.0200050892,0.019892941600000002,0.01997546251764
0.14845713696717433,0.1473622465596509,0.14674572283863835,0.14654045763332507
0.06800186487865872,0.07184037520941122,0.07249404639306854,0.07237970312720275
0.05632794801957187,0.05478055805244683,0.05507690651381992,0.05516934131232567
0.12559358299255632,0.1272963009226839,0.12671364067226637,0.1263323281665797
0.052026456413565576,0.0516558338664922,0.05181604713439519,0.05198564363905108
0.07255965096914027,0.06831902137007331,0.06688728371440461,0.0667841264235734
0.12157561642115658,0.1245283248260424,0.12458099346131125,0.12476870996341645
0.10897410780354838,0.10873493286578909,0.10858649333752132,0.10863305448561382
0.026129863664569805,0.026393161883266195,0.026426569938149232,0.026488811908766285
0.6416470851486779,0.6369094029456647,0.6385266550820291,0.6385928662075886
0.32036534019244184,0.3215248909462092,0.32345773345420314,0.3241707100060271
0.025078476746766838,0.026476587048104856,0.026861021186725845,0.02675690468827947
0.016066036807040995,0.016126913761306882,0.01600891406586343,0.015972645794198357
0.4966591109370364,0.5084646315176523,0.5111185624851348,0.5117721153510785
0.25932621573784304,0.2559711760432265,0.2542490572817302,0.25387952948963916
0.85687056,0.8502524620000002,0.8506284021920001,0.8510003833906401
0.011894670016467575,0.011418832602230358,0.011331575276030171,0.011338636557041554
0.016760415677797683,0.015319542460826048,0.015502092532813911,0.015407082770911002
0.060630387151248015,0.0639414702505765,0.06450946917825295,0.06480814857569123
0.7234163985114734,0.7167287906927787,0.7191072467432784,0.7191701861056089
0.021887379853103073,0.022266976103631438,0.02169167468744711,0.021601814539260463
0.014469784737430316,0.012988570723451543,0.012622175413561096,0.012446271338233342
0.03679969064485133,0.03592749444689086,0.03540269606007059,0.035386587844083404
0.018890068227383226,0.01826649320902206,0.01802963693886389,0.018081418959815906
0.8054868718445751,0.8081229449805226,0.8065366018282829,0.8063828614446582
0.7142590728935481,0.709003246699482,0.7124901759587974,0.7128115924676507
0.012860051005595086,0.012367280819044476,0.012055065991523065,0.01206740290608566
0.01573670509977934,0.016026544483520987,0.016608084446120983,0.016596769296756117
0.058890933115079265,0.05431841911067619,0.05430762754215096,0.05431480306314243
0.02845983000107562,0.02499858955154624,0.024276527488149735,0.02388968218841257
0.03870583557052319,0.04123443360910028,0.04096598372816491,0.04094489729264727
0.018524146915577,0.017683970278961878,0.017227672401773877,0.017155644847757695
0.015111073283828644,0.015794366128471998,0.015592911023005258,0.015553420040722701
0.0678382269221558,0.07002739005811097,0.06966347455073768,0.06971758522943092
0.1770109308124551,0.17806764733640923,0.17667155576010402,0.17630494271458408
0.03787368,0.0379354228,0.037839762688,0.03792299223944
0.03315101241666726,0.030262426780418177,0.029822388587908217,0.029758172418748577
0.6831329989906599,0.6765713130651084,0.6782812451756363,0.677946656125148
0.04720705154706909,0.049816900897946874,0.04871397250825759,0.04875495057502683
0.020554758379793262,0.021688483099257572,0.022754737621927493,0.022719991426569497
0.12198257371430872,0.12348152322658108,0.12266910102472064,0.12236705418554034
0.04106481350399999,0.04265194207692,0.04298086546934746,0.04271236155067271
0.011700670846569441,0.01181491293759808,0.01200057069007147,0.011946714375613529
0.16050611742155704,0.15384666352929877,0.15265147262776294,0.15268622665159012
0.10410721452833566,0.09266111113421233,0.09300724106519077,0.09241941589906014
0.08397273695496438,0.08479871436138031,0.084716018600351,0.08472624206767193
0.1802541992124403,0.18284401657054106,0.1824060628272339,0.1823965979611403
0.013240811230366805,0.01178403155251354,0.011807114486581052,0.011742193491875726
0.04759584,0.0521147064,0.051830697408,0.0514916591008
0.033509144407711564,0.032361485248853586,0.03224669598027272,0.03211906042398773
0.09820512,0.09425975240000001,0.0947134048,0.09488879599332
0.06624283751627691,0.06960712888960484,0.06892412636029396,0.06891974232205329
0.43591723214380934,0.44538601409489886,0.4497545748601563,0.45013088931700274
0.28533904000000004,0.2799137,0.28260122048,0.28237143502848006
0.11341736905675857,0.1169413130316521,0.11698969287892469,0.1170531117203239
0.5586522862746326,0.5596365741416062,0.5609569692250078,0.5614388339811504
0.017791459960478557,0.017633825253067618,0.01731414027598584,0.017349244558968014
0.5959255617682101,0.589660759611248,0.590184187891078,0.5900310391179964
0.03989535716771029,0.041151357425262464,0.04059863536946642,0.04063090949958686
0.011187166453833244,0.012092601573438768,0.012092180615528119,0.012187466381351535
0.20604957349952444,0.20512281749299846,0.20379505436150913,0.2033928166287408
0.14577071650940052,0.15013274196692497,0.1499903602284485,0.1500794081914125
0.10324016,0.0975238308,0.09538848012800001,0.09524009304768
0.8844671999999999,0.8884631328,0.890611730064,0.89075847272832
0.14445741354872071,0.14665118447022085,0.14632652483436,0.14581320944499418
0.39665580246399057,0.3933643765083491,0.3889923663054658,0.38813880356147545
0.06850128517107232,0.06330663242047846,0.06270555111546505,0.06241836379549286
0.16892186523890929,0.1707067515538042,0.16930797800835712,0.1689155354730739
0.03938438667542184,0.04033623699268188,0.04086193936453091,0.040843254258030565
0.20267834268815973,0.20608663908374678,0.20689288792961164,0.20736225340451944
0.06862989277089093,0.06514670970128306,0.06500477263302559,0.06487230364241672
0.01931737535250995,0.018379117128559774,0.018668408384542597,0.018624702797255283
0.040678903395161836,0.04095515350803767,0.04076663655264127,0.04078574712533271
0.03704075725481998,0.03694233081930075,0.036767841295589174,0.0368320810750627
0.01135125192582684,0.011807497160546444,0.01177223208044847,0.011678152417154548
0.0395335779588859,0.035914175470138913,0.035275867198397176,0.03525463347319518
0.7281190302701638,0.7305672636144606,0.7288502325211993,0.7295807328906673
0.030632144334571995,0.03026215817007451,0.029832935253877414,0.029914361682560543
0.9400191999999999,0.9396981504,0.94084950792,0.94047374750336
0.02731846102593405,0.027185567005789908,0.026944958566859006,0.02684655496539115
0.018460590541862415,0.016962246707596766,0.017029695247722475,0.01694935834254014
0.011067641136502493,0.011504710178113763,0.011460081332764138,0.011489401880261934
0.09127154000966999,0.09106140474538282,0.09029347135189913,0.09027992367815547
0.45954485697134867,0.46174320598548435,0.46458753868237,0.4645840463412506
0.042483382656,0.04378619603688,0.04395755347018829,0.04367408044570864
0.6881625146881184,0.69204121611751,0.6946605942932663,0.694739220260726
0.22717495897390833,0.22969482844960845,0.22809432409534072,0.2277812779040681
0.3798471217152264,0.38662046819461326,0.3890844872821307,0.3895488671967307
0.6838690338155097,0.6906629890982567,0.6925771853113232,0.6931650896481342
0.15419017966580267,0.14797974740724626,0.14777304569087707,0.14780712530071854
0.01657897995079498,0.016098543349056527,0.015845634985823618,0.015802989526269587
0.75358032,0.7509193068000001,0.7537900969800001,0.75409665571008
0.04126908412135867,0.044125420189776325,0.044695746870652274,0.044875708054558525
0.14776589846137347,0.13998779504565925,0.14039625344269308,0.14027805861841788
0.22766672308800004,0.22617389585799996,0.22864712491456704,0.22830673639356927
0.04212118998647113,0.04554576807469298,0.04580080329287225,0.04635284530134399
0.012578291175592504,0.014248845544394163,0.014084113092721466,0.014221506704222401
0.015450108958356468,0.017704115967359456,0.01742354559179808,0.017452842600181064
0.6194727667408084,0.630472709012644,0.6334612789171532,0.6339201655961066
0.08267490623192159,0.08263822242195341,0.08362471659793785,0.08360202968625044
0.011389758346931667,0.01172131538202605,0.0114797810958278,0.011483715782404681
0.6974891490229022,0.6982424708177889,0.6985831229454941,0.698384522657601
0.013283570742482952,0.012949694359096363,0.012948673841012193,0.01282391542673405
0.026001947919070616,0.02274869948291021,0.022202357640653005,0.02228112700162619
0.11036174530017248,0.11205373258721481,0.11309791263703778,0.11346727589680147
0.041760902373821455,0.0406403964172095,0.03971286789809847,0.04007453801315341
0.05795032631021785,0.057986748194031094,0.057559561130813314,0.05730129419775828
0.7317709423989949,0.7380944759154022,0.7389376252684681,0.7396607615219356
0.6478319018882762,0.6517002992001735,0.6507066117153042,0.6514957470080801
0.013825664608983393,0.01441122214687945,0.014304175551188989,0.014301672752890461
0.042125473098217486,0.041539193301507314,0.04044214671437479,0.04077474288083336
0.04833376,0.0470119232,0.045697790759999996,0.04603585612416
0.5688972287367496,0.5785017857218375,0.5816586151147969,0.5819249056704363
0.03052957967351562,0.026917047260335773,0.02580402385497579,0.02546533464753109
0.013960403728674216,0.014560179638534579,0.014530932875367898,0.014539686114834948
0.13229927643102946,0.13518040933662595,0.13451727770651412,0.13409812223549603
0.009929360000000002,0.0102985732,0.009985977344,0.01000430938528
0.16269921243540647,0.15896152860234314,0.1577213508390992,0.15776862075264947
0.1558113319189201,0.15395165616164105,0.15378104174582177,0.15363004636556535
0.7340760491502051,0.7355153168655717,0.7379753577287793,0.7380970014311631
0.029005235557182887,0.031347471770651565,0.030745503647115015,0.030740252308048537
0.016900337314366045,0.01766224029318798,0.017731511507493154,0.017685171782329697
0.022549252067897204,0.02280230864873578,0.023176955284248516,0.022644024772393963
0.1042625349467955,0.09333399579202632,0.0936285238130989,0.09308076357567772
0.0950336,0.09803376000000001,0.09893705841599999,0.09894465126784
0.018103566474945758,0.015632780058717318,0.015644701186540363,0.015534366717458024
0.01828970912316346,0.019326642357694896,0.019276643066109576,0.019499724460789344
0.017790850452651344,0.017187477481711868,0.017182481013225084,0.017217032007361542
0.13607248927861734,0.14687455813377345,0.14594878449486584,0.14612250124060483
0.1478307333645132,0.15076525324023027,0.15007039190180677,0.15013158394141693
0.0899296279673618,0.08393293675495801,0.08210587277951961,0.08187509558127025
0.1612446455769867,0.16371484620182755,0.16307035590935998,0.1625021435453587
0.03422582859397933,0.03194677886303792,0.030917238643611705,0.030777243440762977
0.016868192058994237,0.016606568245152307,0.016515029615016923,0.01650356380168367
0.359330339912818,0.3574006279473438,0.3597410485702389,0.36023040529752764
0.501013268577407,0.5094048031400024,0.5113944764420241,0.5120820797697528
0.013106227472022393,0.014606801626226082,0.014533771939762862,0.01448101162813501
0.010574643711069868,0.010732577289525157,0.010683055973735528,0.010655509628933016
0.08999793140228421,0.09632242261626123,0.09516509617278972,0.09502930829330429
0.037403374078611176,0.03254457033126706,0.03241072969752407,0.03212420062857914
0.1392909851947826,0.13805243151082158,0.1389514721504313,0.13887057130012467
0.6558627704019199,0.6482988529194527,0.6508272783458643,0.6505278347611708
0.014796221783984143,0.014455963638256759,0.014471061046970069,0.014415682917294618
0.03507020686233383,0.03576837392691054,0.03590234790042929,0.03609303424585461
0.01864346316624563,0.018437470996630005,0.018357722816876535,0.018384688518108833
0.05099507011705158,0.054683926100296786,0.054380727874234654,0.05432185709193139
0.018498147173991245,0.016319043427590538,0.015974192173515818,0.016028197396820796
0.15065522266877862,0.14678709539742632,0.14542294705481967,0.14592828833515417
0.15512987658409658,0.15489029709565857,0.15396630058361338,0.15352016725079023
0.03718297458395479,0.03870298366919908,0.03820961645660521,0.03822026825104512
0.046358608039406925,0.04511478720026824,0.045207217847216256,0.04534083995020612
0.02192183522448155,0.024924595080703233,0.024452911451475955,0.024480907612742887
0.41535728853044457,0.42112910066115844,0.4239761289995647,0.4244681645274719
0.010456478684745203,0.010784491469775585,0.010742179408254868,0.010867990219516522
0.04375517720868599,0.04601593314006436,0.04668098880171551,0.04683914902352034
0.037537060262315125,0.0388756234124502,0.03909472661940115,0.038830954872571086
0.13272238661713345,0.13451439619093974,0.13384057573449581,0.13346281294474005
0.6093536881761109,0.6129736365008128,0.6143203254298876,0.614470774059882
0.2879481421258109,0.2873268707819352,0.29045031652036346,0.29098711676651495
0.6557170205873974,0.6647381010352621,0.6667972722073102,0.6667853064682322
0.08507067943636347,0.08481509964898314,0.08393013450114375,0.08383129628747703
0.48890608963192256,0.48759407267438076,0.48958303854873236,0.48985862990285184
0.033800892358064924,0.03572237909700612,0.03529844829785628,0.03537461404824571
0.09304814743264209,0.09755197759050561,0.09806412840283404,0.09787566843368378
0.024448095456653503,0.025916331180258382,0.025429135966793685,0.025411025049948847
0.024001786774427387,0.025362230187692077,0.026624360815934497,0.026570900218866333
0.0446,0.04668,0.046723999999999995,0.046463199999999996
0.17846931933506713,0.16471808062004778,0.16330531309476634,0.16286296287414845
0.1454196405723889,0.1468173721328113,0.14734622176250708,0.14750315063988292
0.07423462307338556,0.0786777220048982,0.07929145878654885,0.07909567987356204
0.0104580129593945,0.010913151591545529,0.01084280707912559,0.010785969302217164
0.019960298752224406,0.017199547544666505,0.01667087227491292,0.01672873123994752
0.15387918905070147,0.1494978040316039,0.1511531661357388,0.15098214058525913
0.02725802161649055,0.026212655395036304,0.02726959764535165,0.027351297365185667
0.021341314474601483,0.02452651521214143,0.024786504844879514,0.024611736832927805
0.07119398409414576,0.06978845650331938,0.07011900753978605,0.07033021952102494
0.09434192629170038,0.0893328476179646,0.08972623688037284,0.0893924433286093
0.07284253486199237,0.0765968247207968,0.07716615768072936,0.0769924691148039
0.11525843039212766,0.11494697606432816,0.11365672292908897,0.11351281885061514
0.08541528,0.08882478,0.08989922732399999,0.08992297462031999
0.022980740351999998,0.024367809006144,0.02569498150094928,0.025621154763040384
0.6585116435673792,0.6690832246271196,0.671362515946843,0.671688670419697
0.049644520045176416,0.04932667762272597,0.048715290933260866,0.048485212463981645
0.1592433756149689,0.16282583351783597,0.16386004880779412,0.16431643551199213
0.6580953772410022,0.6619766332146363,0.6626858382699994,0.6634724961635173
0.07998075874301915,0.07458704199526499,0.07284503731951777,0.07269022981071326
0.5275089426216507,0.537743427566029,0.5413795096412083,0.541831510995814
0.6674348985916324,0.6748757904471149,0.6752128965569257,0.675738942657028
0.1837470690957894,0.18459864966484957,0.18372550585720768,0.18323924696083096
0.11348211226312953,0.11344201329291627,0.1131240611544056,0.11321776246508322
0.5912161380409121,0.5969145913294116,0.5968409010778003,0.5975029578071976
0.0749904734576017,0.06895843655570234,0.06754187840101207,0.06721453686179822
0.011062017458693675,0.010649366356078573,0.010461134590414244,0.010478027041286848
0.03771755860628765,0.03752413809448259,0.03762573570233737,0.03777198316150776
0.01980232556002201,0.020947112171902166,0.02126768111597153,0.0212765363797934
0.02687678764036309,0.026231736282951015,0.026035539899052773,0.026075612217598944
0.22933156795423792,0.22475647877615645,0.2234340654193202,0.22375957499281568
0.04527057714166828,0.0392382346969275,0.0388197975561513,0.0383897486617136
0.03048286177920533,0.029523248400459483,0.02901816418270233,0.028952010281662145
0.016478156387662896,0.016439573557141,0.015941503582667643,0.016002941318783298
0.08510939990831122,0.07928473071746844,0.0776347153714381,0.07741581762549372
0.04577523350400001,0.047533711016,0.04784166242251468,0.04780269681041126
0.03474402232088748,0.035660809608819864,0.035698988821560064,0.035594781901994554
0.01872112,0.019824569999999993,0.019904252852,0.019778213993999996
0.4703521949317655,0.46924962446941065,0.47240562049859147,0.47257027166056637
0.020732480000000005,0.02191386599999999,0.021551397648,0.021555811303199997
0.09212671998250345,0.08562518727857446,0.08496860359362533,0.08496311520965436
0.030505590092958588,0.0300712406187545,0.03071578677260928,0.030674555545947026
0.060886602777303,0.06044373646687341,0.059603959596497,0.0594909988875455
0.1011598892844966,0.1012149206167226,0.10113282114644216,0.10111852817705322
0.09317774694699134,0.08873437550165647,0.08822731591493871,0.08820303961690379
0.025597034361431615,0.02270902641205238,0.022685361854492634,0.022665759473704136
0.04358303678402885,0.04123473213962378,0.04134936692925119,0.04140243226688314
0.19575804155880971,0.20138936708777552,0.2030221990273441,0.20369579097546595
0.78095352,0.7906657448000001,0.792500899824,0.7920647751977999
0.26427845415339146,0.2732122068429106,0.27460083853975503,0.2746154936972324
0.09154958704899853,0.09236419151796668,0.09204852921938733,0.09195566736660192
0.014897370835247586,0.016682353800069265,0.016406964146088807,0.016438552422602396
0.049994079999999996,0.052298922399999996,0.0533156226,0.05311988076416001
0.1490604235008812,0.13985299466049847,0.13904580951461365,0.13853621186310952
0.6592372868566175,0.6566480942131294,0.6576343412947191,0.657398394004522
0.10008264673168164,0.09871717243560876,0.097652055795158,0.09756998096225733
0.1040441164922231,0.09978707442757709,0.09938014002112747,0.09944732683374029
0.16238997472708339,0.1579487880642287,0.15755889971063877,0.15754496424306885
0.023424455388388003,0.024050265148256835,0.0241489700097279,0.0241009515691706
0.4552291749946549,0.45058074490663996,0.4510970342029013,0.45099455499207325
0.020512962651716187,0.02017116685238818,0.020369845904249458,0.020466332762682674
0.0856575104782213,0.08853023290153048,0.08788094401960611,0.08789580149846699
0.06249656000000001,0.0594071,0.05935758472000001,0.059441602339840006
0.06532932220684591,0.06911062258942816,0.06978851865110897,0.06963186358270926
0.10576679185321977,0.10812119694777826,0.10756767327632792,0.10759748325217797
0.011924080000000002,0.0117941,0.011849621680000002,0.01186624136192
0.30077705318062925,0.30152923982814867,0.298939697598082,0.2985133016034436
0.046103138112,0.045337999476352,0.04423748891613804,0.04457429495478718
0.0423030870140275,0.03546389105968548,0.035354419402547084,0.03485617184759521
0.7084972491630427,0.7269935332945161,0.7301132537137149,0.7309031681412652
0.012584309883805548,0.01179574747506118,0.01195647482108853,0.011882913106356688
0.025504679999210397,0.024093000236943482,0.025114635066961474,0.02517427945451881
0.07308394033155441,0.07402857203346344,0.07269883232892434,0.07240368467112321
0.7061381727839999,0.7123898360648,0.7133031149009884,0.7129036037831613
0.85411232,0.8546002476000001,0.8552417856,0.85508134696992
0.1461453254928553,0.1491119675676962,0.14688080206092466,0.14712574115363422
0.037825401164794555,0.04004882684843684,0.039253012564808266,0.03930698234016512
0.04116356091840495,0.036753179592281165,0.03602658007470285,0.035913042811931695
0.07755430998698155,0.07968606263466758,0.07905927909703,0.07910792652716936
0.14101146718297064,0.12870457394391022,0.12744698422620435,0.12705227635778343
0.025770160062697237,0.027539779808744117,0.02812769369470326,0.028145027471683997
0.029330544946277133,0.029296749426098084,0.029244823459928036,0.029311307409982803
0.2996,0.29496000000000006,0.297414,0.2971442
0.013559200424229778,0.013430883790112874,0.013593395134972824,0.013584363041270696
0.03587703664791312,0.03871939068729999,0.0390193745779532,0.038943389808932964
0.048250730687999996,0.053157382918271996,0.05300466155841696,0.052639512542827345
0.15343110510273808,0.15612755942110226,0.15433644356168952,0.1537923543796748
0.6517309175854441,0.6454019164521357,0.6478072871853124,0.6474893034385875
0.01617824665661038,0.016202938918566633,0.0163216250085741,0.016266030346825736
0.10512481976076624,0.09713809323374735,0.09679465689516498,0.09633369364414845
0.034565162317823785,0.034188421639509727,0.034336833256899665,0.03446627301869053
0.02358224008069971,0.02399635744174413,0.02403409844427831,0.024129003649816787
0.058856661363606046,0.059893014925383556,0.06066921387774038,0.060696747436810555
0.04175073658706001,0.04079328024595206,0.040225721612174824,0.040219785296011674
0.009724785486372017,0.011084953438098084,0.0113021380256058,0.011270540221736638
0.692089910433325,0.6864192207615033,0.6887216381730054,0.6892057082360209
0.8682128400000001,0.86497802,0.864214571088,0.86412583650736
0.02096456,0.022467845999999993,0.022934176100000002,0.0228517467864
0.04887932570096353,0.04152379865968418,0.04086740337849218,0.04042396502530927
0.19513771705204844,0.198712998808424,0.19982174968283545,0.20043902216484186
0.03468784155041267,0.034156906497704025,0.03334596989141562,0.033609130324659085
0.21654473269078062,0.2149291505847158,0.21446654280616556,0.21464584874264694
0.19867064,0.1910814268,0.189542022656,0.18997309061471998
0.09980913914759604,0.09411391216357744,0.09453293439858976,0.09442435738415927
0.011313898682248823,0.011253690210260736,0.011206087828889598,0.011200067113911699
0.03275272754281686,0.03463788412100821,0.034642102901767176,0.03446323007701076
0.04361220864,0.04679203649472,0.04710811259324621,0.047030092353187565
0.03221000749419559,0.03518984952520551,0.03514986337044948,0.03517229095448382
0.0365679523537059,0.03799828544094073,0.03820206885371329,0.038109653190869036
0.1920844755981195,0.19049446986297977,0.18964942953358419,0.18978073200512638
0.00985080377331411,0.010553981839954414,0.010251147351976781,0.010224270768049317
0.012053779911296691,0.011533708337269563,0.011445550063563133,0.01145255512284853
0.1504213131783798,0.14871001006802434,0.14847918098485194,0.14830574118312828
0.04868129845447811,0.050992050703956335,0.05196667335549865,0.05178030688276363
0.669369473885058,0.6647112411954983,0.6661151205449898,0.6661386139385072
0.07761251178296842,0.06645838849572686,0.0667106379482159,0.0661266544792905
0.014031352088046165,0.012574263436310455,0.011975391454554767,0.011798263840330326
0.03501123293629357,0.032980926907891235,0.03310156162372455,0.033155663793433474
0.010283963176787533,0.01063220612112386,0.010539122683496625,0.010531287551241764
0.01400072218221554,0.014762084789201926,0.014678386073156444,0.014704158522969432
0.6929674546984561,0.6895729327495036,0.6922076967385464,0.6924315505865037
0.029963029124820472,0.030549412841816764,0.030458533982431084,0.030205598866726784
0.5815237291562335,0.5923928993648244,0.5938128894805376,0.5942809348963359
0.1688018914415452,0.17066405803577503,0.16983261768508703,0.1693418064052004
0.020069819315563106,0.017330324280048544,0.01758087861889322,0.01752419839431825
0.6646682208076542,0.6730933942748729,0.6754489929664834,0.6757100386346183
0.6480858512489434,0.653916188503962,0.6529051005383611,0.6537186184978689
0.6250360786409922,0.6192150854802171,0.6205113811352425,0.6209646206838569
0.6398801447059682,0.6437079125681815,0.6455471758729538,0.6456101434298352
0.05758648876406121,0.04950756200266184,0.049328532855534284,0.048719827850472075
0.041245760000000006,0.041127231599999994,0.04126470078,0.04145659071552
0.4401956720022878,0.44850597756397464,0.45120314112971915,0.4518018059295215
0.1837470690957894,0.18459864966484957,0.18372550585720768,0.18323924696083096
0.05062512,0.052756616,0.053153504768,0.05311073208504
0.020678083519305918,0.02070149658174869,0.02071040741212271,0.020721194229795504
0.74898096,0.7543924244000001,0.756881496768,0.75644984910456
0.02451462586350928,0.027855326684761192,0.02807924063007913,0.02811042511131816
0.7053063071171788,0.6991704583781387,0.7023596587353088,0.7023371283710423
0.2165872783380738,0.2096083234030225,0.20748783180068311,0.2073897679826626
0.4669145712640254,0.45876000906956,0.4612668044395788,0.4611477603584847
0.04279528168661489,0.044909107911339854,0.044230204752315594,0.04426748046668966
0.025192132478014925,0.02699235470372267,0.026287412887982697,0.026229806595736593
0.03322580107413793,0.0338565361477967,0.03347576307686381,0.03337164394440472
0.5185119994270317,0.5238014114307782,0.5259598965603964,0.5264066913302174
0.15755324085354544,0.15941630516659788,0.16024036449785464,0.15996343264232304
0.010281444727716913,0.010717566955825389,0.01047867474315361,0.010449808394169362
0.033286854972787196,0.03501168636197886,0.03433839726521386,0.03500915013752146
0.017404821706198607,0.01717439940670322,0.017244157616422364,0.01749397983538909
0.8009115200000001,0.7942225824,0.7963100169,0.7961845208198399
0.14256506026944518,0.14181557681002327,0.14066302740181708,0.1409756836113677
0.039596262678935464,0.03960396381613586,0.040050892032444836,0.04002393449321391
0.07374104520122135,0.07242395149175469,0.07181914991633741,0.07173686529277963
0.3590162972346961,0.3626943608905893,0.3657948684320202,0.3664978522187315
0.3877612883457821,0.38810101036619093,0.383832082082956,0.38302591854994184
0.012556902063415446,0.014246013907380077,0.014110657622047813,0.014277493001677362
0.047709760000000004,0.050076696,0.05037358559999999,0.05032450828488
0.03373960226564229,0.03227869777140184,0.0317345407961227,0.03197023932949125
0.04319770509993342,0.04306247323810987,0.042957793863796584,0.04310184563146008
0.016058560000000003,0.016337099999999997,0.016200115440000003,0.01618908539904
0.181082352479537,0.18141581367595555,0.1825685697163364,0.1825481114007738
0.1096568360061788,0.09758315417403852,0.0981621510693217,0.09754483525713106
0.011649869797588093,0.011501760838490837,0.011665397880417783,0.011615076103610152
0.0519808,0.0505418496,0.04917449208,0.04953905249664
0.13545000378818967,0.1265350014314207,0.12528904994063808,0.12510708133964538
0.009129205043031899,0.01113619716083647,0.010519632260282673,0.01053513597813055
0.056985231570215296,0.05605847497658357,0.05654323076651444,0.056708576339413425
0.16605592062241914,0.16764373767320315,0.16697352588169637,0.16702369574228856
0.01195245296019566,0.010388639411719077,0.010137293841702295,0.010013954063356421
0.15065522266877862,0.14678709539742632,0.14542294705481967,0.14592828833515417
0.0229905902288229,0.023502810460605046,0.02299046531224789,0.023118407637264818
0.01309375020251943,0.01485123626561133,0.014698590369002016,0.014840999564764337
0.036964219576637765,0.03976123774595424,0.038988213921046996,0.03895865329768777
0.14608287426784242,0.14727956281185628,0.14781828478168393,0.14798376746967018
0.08629533724397116,0.08578780002763785,0.08564046674436698,0.08538565784366854
0.09066512,0.09351738000000001,0.094491994096,0.09449947536368
0.050886428387337146,0.043119444666755186,0.042488731233774356,0.0419840885434241
0.14736871342783567,0.1524362243607231,0.15334808498819774,0.15396462114771117
0.06693326546375533,0.06760343006085767,0.06884789278017207,0.06879479218260037
0.056990458087850485,0.056840103785522685,0.05710014377160967,0.05707165367651446
0.05608718093759111,0.05614056092929763,0.055655827916007754,0.055423930237275244
0.09642051138479804,0.09496333846853147,0.09478832118086859,0.09488658045365438
0.5478782749651646,0.554510185503989,0.5562511068341573,0.556728579368368
0.11962183196711149,0.12178082492125918,0.12161129178682784,0.12124833674514605
0.2828617681272297,0.28754005383680925,0.28826484867977825,0.28848459729515824
0.5953108313604767,0.6062075521369445,0.6090327196422798,0.6091525331799633
0.02378846264251998,0.02443464946775176,0.02438224273487898,0.024347536330597472
0.8115610400000001,0.8034791388,0.8045535722400001,0.8046643161081599
0.03362403689764018,0.032372798242876435,0.03162015674489403,0.03186178931661528
0.30225833354746134,0.31035274193833845,0.31127521479110015,0.3116422766006481
0.0626086963499117,0.06283965302193563,0.06385867535830021,0.06386992034633417
0.2576131413962492,0.25293811581623743,0.25449858433707573,0.25432579956710394
0.053803454961537885,0.057790192943537544,0.05763288352402406,0.05754527300813658
0.7850688,0.7908254688,0.792486491328,0.7920326142892801
0.053572603953960546,0.05024674327648126,0.050489870216618986,0.05058188139704909
0.04239091727033913,0.04285993798382893,0.042123898127588835,0.041946004418194786
0.031386871469804796,0.03308014374992438,0.03246593920097167,0.03251646289018615
0.012072826264592733,0.011770707421542168,0.01155890287914396,0.011588940483095346
0.0840980752697803,0.08326327392831893,0.08322683009884474,0.08335412643006927
0.0847073509734871,0.08061171295532583,0.07897854097209288,0.0789429514171175
0.3590162972346961,0.3626943608905893,0.3657948684320202,0.3664978522187315
0.03830376,0.0408414268,0.040036407552,0.040044171215880005
0.1075328,0.1017768672,0.09941226993600001,0.09925432727168
0.1597793354412227,0.1586304049445836,0.15490164437233164,0.1547142972063826
0.035491608277266155,0.03844396281127395,0.03797020095034859,0.03803386647772667
0.06076769907959399,0.0642036199581531,0.0644563163795347,0.06441130418607957
0.6226702194428979,0.6155989993048784,0.6166495834649001,0.6163463432607776
0.07101037689821577,0.07393249843032229,0.07343762376178277,0.07343364384953026
0.01393127608160891,0.014581589325888347,0.014179029669589966,0.014155185210481352
0.10955481278759151,0.10245177004271011,0.10188848793126717,0.10165877222362503
0.07592473541713757,0.06832679044764982,0.06898577934011985,0.068537125932131
0.70561224,0.7165378364,0.720093404592,0.7198158542234401
0.058602421961813075,0.06195970779167351,0.06263789683406146,0.06283586565910157
0.14686214929474725,0.1478106021326441,0.14975385713308342,0.15016794913154324
0.5589940702090608,0.5671104280544463,0.5703044345242855,0.5713431691049224
0.01300405978257423,0.014065338605244325,0.013954375775892461,0.01385495671566746
