5K,50K,500K,5M
0.6564895626592908,0.6620138592761042,0.6568874510853576,0.6533188482774248
0.0897664582956489,0.08888560160953375,0.08919222712335591,0.08772328150578608
0.35809705355600563,0.35548285092631565,0.35287949239763,0.35009605745130795
0.00972260460610072,0.010192117503046987,0.010234803371390388,0.010416425706349593
0.18386436307381604,0.1620688807989753,0.1634715131424051,0.16448359455713435
0.042277764160443626,0.042568619744093844,0.041958461932471214,0.04218829894802066
0.03130107685209531,0.03136830313299435,0.03081651284213177,0.030741216786447357
0.06737330188160671,0.06559887824984709,0.06531845336200554,0.06496431698210826
0.07380768069534173,0.0757894266277409,0.07460980333897016,0.07497054308812962
0.20729770545368842,0.20415772448135736,0.2063879378506083,0.2061026351985333
0.06084444784315986,0.06097809206581063,0.06119050926931913,0.061608468981734985
0.01979584393240734,0.019978745154545372,0.0201170326061017,0.0200473259431063
0.037973903624612074,0.03594909415138757,0.03617559773026929,0.036204615654872124
0.3473729394683615,0.353683479051859,0.353190960620406,0.35489359412949284
0.02035914374593146,0.0200088056185662,0.020644242425021473,0.02116963154711934
0.12795598835535943,0.1293479888214247,0.13021625024355676,0.1309329959695517
0.24801677075972114,0.2454763666589472,0.24469419591479602,0.2439595002170993
0.12293355576955671,0.11625968824593995,0.11348517700429325,0.11428049382184673
0.17365422798903063,0.16525725934540256,0.16612222075526006,0.1665589661389449
0.021177042440149983,0.020072610960961877,0.020232864346672944,0.020542169445330022
0.020481101915598904,0.020929850065507488,0.02061807584375971,0.02047471985787685
0.018448186370730826,0.02025173869050373,0.019736320793250637,0.020199291009977645
0.2875763597580684,0.2888165667548593,0.28649012205706187,0.2850863770798831
0.011685979390160165,0.012114118062741416,0.012295842329158297,0.012034162661616058
0.019688434942557866,0.02245409030786245,0.021791797449320274,0.02182052650247869
0.0349427012053964,0.03627429055890937,0.035204812861560165,0.03579169350162168
0.1437013341152069,0.14831677882813782,0.14281524513981647,0.14227424039343736
0.1296501924384042,0.13050563114917427,0.13004821880476897,0.13110045022767283
0.17779658031247464,0.17865149475613123,0.17973012561255727,0.17986791736247573
0.02575115445469046,0.028050902193670704,0.02762924451137541,0.027626876698711392
0.03522587124572064,0.0342230644023851,0.03539344868575425,0.035544105879814866
0.021729312459013363,0.020449096477739754,0.0205120742822852,0.020365601428808364
0.01860440498533969,0.017961407039067227,0.018163186825629424,0.018262050933655134
0.09817631410945096,0.09636392108231057,0.09696823237391473,0.09646498174522757
0.6416159324325776,0.6399586564417142,0.6394365602372789,0.6385096489747587
0.04045042362211556,0.03585928157848835,0.03376740159065537,0.03400249284834452
0.03195027957620661,0.034727430116945714,0.0342166097408527,0.03459677547587435
0.014115000455084296,0.014912925944636073,0.015106168619061245,0.015227955774918416
0.01657595599485094,0.015347139099101023,0.01545335044527498,0.01583411548158561
0.010582028098497369,0.01089568707038122,0.010872385108952075,0.011173293549759962
0.5586163228587112,0.5684334223322136,0.5724913946710305,0.5724693212207678
0.2643340760069921,0.2647213614762392,0.2632943961238178,0.26546809912879676
0.04674520032524367,0.04680262702803795,0.047135519019799996,0.04703828128689977
0.023176905352120487,0.02618148115988724,0.026409533840381885,0.02522609801918535
0.06758648363422398,0.06387550185976391,0.06218483512407286,0.06345105840638483
0.04327687246108701,0.04567792274370151,0.044913141187283095,0.0448348758051554
0.05018012773616076,0.047584270516945464,0.046453696967777014,0.04711198126402036
0.029210847157634615,0.025006911782774588,0.025567940377324034,0.025137992177443405
0.022605544119613696,0.02405379172746209,0.023874939237921285,0.02431816111662585
0.020071187784946175,0.019530299192711827,0.019397956234751785,0.019601085999074872
0.03796944725161328,0.0355936079044004,0.03542528636318803,0.034846559926151974
0.013411940029063337,0.013046898553229297,0.012968925064608904,0.012789001767226926
0.0122968439707394,0.013783903021708536,0.013742296489001517,0.0137864574546725
0.09248277473911637,0.08960400931768638,0.08903621520087485,0.08954336972916241
0.041140769063411256,0.04447432202076648,0.04453029372559775,0.04406647480574048
0.012936487907822309,0.01175476048608632,0.011536961383582097,0.01147719541337583
0.050785863402676316,0.05360634692621472,0.053664450572255044,0.05280411792402086
0.03169136642402965,0.029956974668371064,0.031775935150992154,0.03201653342796748
0.022520408407281253,0.020766106595802195,0.020007588353390518,0.02028525800652091
0.03283564985110342,0.03071325692124206,0.0305458170016625,0.030792395019256465
0.029674903069491648,0.030370240727649697,0.030193065263673626,0.029970136653258872
0.040325198860097514,0.04078293554116974,0.0401951548316976,0.04058189155440839
0.02272542536729037,0.023384685157065748,0.02297809295007819,0.022900534499992884
0.09653215098639752,0.09830914530383986,0.10130257607400076,0.09982358173297723
0.011101172373634095,0.011780082315838715,0.012548659385349862,0.012522813146575343
0.012203460873190682,0.012935167076490268,0.01267102606516133,0.012536107926670573
0.011502755746047961,0.011572449307532168,0.011410034960933822,0.01151674710206407
0.042074968259222655,0.04600259785339488,0.04443441441336085,0.04575027714304329
0.5605151550853238,0.5702532295302032,0.5669680608329885,0.5666413915628111
0.021354575255723162,0.019990386344570555,0.020309249870855688,0.020648445458459362
0.0366403640524635,0.03475613939183927,0.03590038381319833,0.03567223958613692
0.01687460756549323,0.01813781004977222,0.017224091002359734,0.017601154258504455
0.010558156161912892,0.01028153895104649,0.010341275014034146,0.010390869374110321
0.1382610863854574,0.1375887210044644,0.1388905344479029,0.13844348056188718
0.039098356679852835,0.03963024224287502,0.038886370429176066,0.03925906031027932
0.015208542193868402,0.01578459896554397,0.01587288664676619,0.015565902749550465
0.029403810883347564,0.03094598528746404,0.03095033117770753,0.030717784181690005
0.01979584393240734,0.019978745154545372,0.0201170326061017,0.0200473259431063
0.011318346292823534,0.010391099600969272,0.010241721083971258,0.010383700026265737
0.10431722129558127,0.1053645040393188,0.10371300585480146,0.10375248349423767
0.07286347441899897,0.07466592611487657,0.07671158735989302,0.07549584387266998
0.03748477382979741,0.03702220081842804,0.03589016219196826,0.035509134981210194
0.03137759791701193,0.027949874666998862,0.0260099334962925,0.025927780507205143
0.010542792696179205,0.01071140364012131,0.011218008537831847,0.01107719712205878
0.019364427946851417,0.01959315071338111,0.019150526415003175,0.01935654756114043
0.6592549102967021,0.660699362680548,0.6563612516972617,0.6580572787412114
0.034421719972628224,0.037373365814654134,0.036762947988443866,0.03661004519309167
0.0106418167763725,0.011132591332841767,0.011177300478582017,0.011081366961112086
0.06404827143084879,0.06670027298807779,0.0680829263121304,0.06827662211130055
0.1151193556791516,0.1175132379140016,0.11700562162461893,0.11634273439523422
0.14616916949931597,0.14593868035019344,0.14842102423390502,0.14725361978951634
0.7500288179868774,0.732901440398251,0.7521085133724467,0.7541151580809223
0.010335404760409408,0.01078184636732277,0.010440159068932106,0.010668830210055142
0.01868033832367299,0.018790990022603232,0.018918719397119917,0.01912298380355342
0.09185405034903608,0.08993906588203983,0.09043457146182528,0.08884436245053388
0.1139144046007431,0.11522761983613133,0.11229514524761285,0.11221236832278952
0.12261296398232793,0.12362561389608963,0.12459093307319102,0.12510395300338825
0.7608668456893941,0.7285610297256182,0.7518477348555918,0.7508087670974409
0.6717890980628647,0.6826809321267613,0.6888714421605897,0.6778012782606946
0.041936090776080494,0.041619879340437024,0.04179656365174253,0.04228938108449136
0.5428097181280608,0.5414553387994154,0.5388827754705456,0.5347114823930428
0.016834948378841936,0.01516485407269893,0.014106751869492186,0.014014805776173549
0.07716512006772601,0.07791699652606637,0.07721415303744564,0.07792094088510294
0.05571610352260092,0.05498346364731952,0.05607094695698241,0.054275599249370005
0.1816039449295317,0.16383643933327924,0.16212885729628618,0.16005386565981083
0.3467478896970629,0.3555874649989363,0.35692718534478984,0.35381773227821744
0.10985300241957371,0.11107166930697843,0.11247265389025687,0.11132748829738684
0.1216185799092201,0.11553875726577294,0.11258886190011107,0.11421042611718707
0.033463427269714824,0.03271580590196027,0.032094131704166674,0.0317407473264766
0.11598602806609884,0.1105893076344515,0.1175235366798206,0.11654303143570498
0.031132835932857268,0.033405873042478385,0.032801056376824775,0.03280299999661374
0.05652536434817121,0.052674699885832434,0.05195860155928925,0.053101748136664864
0.16026525021142676,0.15460167933684724,0.15666933033440048,0.15679811862980586
0.06907083999554044,0.06947906160878793,0.07007851541152783,0.07051228609876709
0.03703678218909108,0.03733386539042269,0.03771195284532274,0.037280639105146576
0.023585259692412614,0.023765371246514823,0.02335187004622506,0.023511869652715192
0.024466746979855295,0.02391441444213915,0.023577606010398343,0.02397899498944998
0.02128911744313207,0.022353150632558397,0.02219622259442735,0.023173571001432136
0.0348915365564962,0.03358254884240227,0.03411584327503201,0.033223418695023585
0.7051274182989937,0.7208964060528416,0.7182028355426061,0.7158104802039902
0.024375427423658193,0.02480787315658688,0.024399839305212414,0.024424312437487345
0.12258731871960059,0.12163475072246424,0.1246827074447505,0.12584664226267314
0.5390209783573133,0.5453533069583112,0.5495750791958387,0.5401490680055058
0.055712790562322284,0.054255376347749025,0.05307328367083105,0.05311917431052627
0.029445825441227043,0.03165752631451601,0.031640943429346986,0.031348645374274606
0.18642511185720723,0.17787125497737563,0.17798395563208808,0.1788926266061088
0.18165688943066824,0.18548040976432378,0.1825368141488625,0.1780374568863891
0.01618057492903362,0.016994611205269232,0.01752467190830655,0.01758883755569612
0.026322610819649542,0.026423012625261214,0.026553393782162753,0.0276606156807858
0.025944687354666887,0.026816784261951065,0.028766310604230457,0.028734017479174766
0.06319098419458549,0.06378447083528321,0.06562031278344846,0.06511155999815943
0.027750601305655275,0.028443105025770795,0.028685236861441,0.02900273521949306
0.10723252005341233,0.11302477594595683,0.10416662320470355,0.10480706452319485
0.10149819315997104,0.10399695476994736,0.1010770811808431,0.10016479596668632
0.04743197503045052,0.04883482286780696,0.0478809232810179,0.04910354307538268
0.06311450154667711,0.06580788081150518,0.06581052917611718,0.06547501183912678
0.01133396604307771,0.011818626790021113,0.011632598818643423,0.0116632489324377
0.034421719972628224,0.037373365814654134,0.036762947988443866,0.03661004519309167
0.9088743076244388,0.8898880345550045,0.8966735720856777,0.9004163838756627
0.015849779682086895,0.015140034080507367,0.015540609609316993,0.015623925099901044
0.022605544119613696,0.02405379172746209,0.023874939237921285,0.02431816111662585
0.011302116356228171,0.011214136407694135,0.01082469222566682,0.01102007328361321
0.1357488531134798,0.13434904280479779,0.13544622076386587,0.13501780304510744
0.011266039923718192,0.011677932476391296,0.01181912237896683,0.012079666422426446
0.04231598219898078,0.04488509857564138,0.04420938628350154,0.04451552378599556
0.09977644068429471,0.09736371834681083,0.09945978200996715,0.0989647580237723
0.023538903738734865,0.02115314603990041,0.020003730555100255,0.020398432114016925
0.19258754005072679,0.18543403617744056,0.19276801817335068,0.19319235083794792
0.147620866924082,0.14050301152883432,0.14287238882191924,0.14292267158050045
0.05509465732140142,0.05822531477081221,0.05848779578491823,0.059312414999043064
0.01894815059676111,0.016733572248129554,0.015864250278220852,0.015921975841067575
0.014218325790402412,0.014671339817293603,0.014629438817331383,0.014526621463620059
0.010218263648949401,0.011169545694286092,0.01038409238347189,0.010511461186924854
0.0395368818642172,0.042435995340181804,0.0411297419562277,0.04189669011778938
0.09651779427327754,0.09494380146919063,0.09619878200050262,0.09354704176787809
0.19969623667285336,0.2032602677239397,0.204181483013236,0.20473559892436882
0.047349806484597926,0.04841074432086291,0.047918869917595606,0.046761309814366124
0.0401268952237184,0.04278708475558168,0.0439034278219365,0.0439046493317413
0.01131782851638648,0.012269707321109944,0.011692869343524911,0.011924839876061015
0.01865089007737433,0.016957212690216966,0.016849529923411845,0.01693787140164063
0.07753718562162332,0.0782605839355826,0.08048268891142459,0.08183384262295172
0.7097816619513763,0.7177651247086657,0.7211446510835581,0.7182224382974128
0.17543380292664304,0.1650317965205034,0.16607628433639132,0.1617132413913283
0.011945110264965074,0.012643105862661876,0.012671228307258456,0.012629560490557388
0.11462838971159525,0.11950039730730637,0.12220363349979484,0.1225759835152541
0.14376696904066155,0.14415232012414286,0.1441719973447631,0.1470302908315045
0.05428667636989061,0.056954747831879836,0.056775905874645816,0.05646042096887625
0.023750617794141855,0.02493143461217206,0.024906334385417516,0.024809364670089464
0.10512818372972768,0.09795060945434621,0.09757741971402224,0.09606982737081009
0.012630341060793599,0.013043167479681955,0.01322277324877864,0.013218627879662779
0.01464283368795819,0.014772725343794754,0.014826565570266551,0.014612317055704021
0.11891162162589024,0.11437009141893291,0.1151723882191683,0.11378539065273907
0.6518381220468794,0.6453626624232106,0.6466109912930368,0.6391845384310029
0.024822930704859494,0.02209324060021538,0.021362026155442877,0.021010041977393167
0.1032029968409086,0.10335145827492764,0.10199851941136216,0.10304184512314721
0.014761205913844635,0.014466587439808233,0.014373510322116914,0.0144105081751651
0.07174673511815569,0.0678935336720617,0.06630614803778632,0.0668309812437972
0.15108322185595333,0.14947080087510822,0.15299829593757686,0.15451713439800044
0.010994870790839276,0.011630306354828602,0.011753150593910458,0.011771481240786695
0.010519391855190227,0.010422890431193384,0.010180590584986443,0.010404538884280083
0.03322924780376582,0.03302324144644519,0.03347626805808271,0.03346968065494762
0.5269253446366192,0.5267618770425428,0.5313062175957065,0.5226119372007599
0.011314367175125246,0.011349090029360187,0.011772160860387803,0.011628784636769082
0.8508696423749667,0.8524742989117973,0.8490642102898087,0.8456405804642186
0.022655089988266684,0.02160460258980698,0.021213429505723608,0.0213690319186757
0.012613991458377142,0.012424632693496251,0.0122234622913446,0.012177532728690252
0.017375796005716884,0.019153903021728667,0.018902811983646916,0.01893839150091387
0.0316957097665944,0.03151744552111183,0.03252414997992935,0.03323839667246631
0.022791425957947194,0.024159297827605977,0.02405921654728747,0.023593901129727275
0.00999376850596132,0.010673483258149555,0.010676185830854104,0.010891081311066189
0.5168304830061986,0.5311781403656572,0.544011153937831,0.5389776530404519
0.009834296446036533,0.010127047518035356,0.010352697778149553,0.010488515109740724
0.017934991942034153,0.01763275288124162,0.016167995362420178,0.01666366973860286
0.042123235582930435,0.04379166598425491,0.04268196672223711,0.04282299851568194
0.010317231062867757,0.010270288532561813,0.010090217070435066,0.010329567541796819
0.04076427829564324,0.0445969138605315,0.04471374553359907,0.04401493225651522
0.08914505691680132,0.08349466583633135,0.0833463323878733,0.08384576238255828
0.7068992872960169,0.6949498250414411,0.7046191130108859,0.7082080634686674
0.03557098504791145,0.03354524296919055,0.032866793604746605,0.03320443955280268
0.1782155498041343,0.16316197754171632,0.16269060478367914,0.16288338891480747
0.5367657951388561,0.5401511851266457,0.535126346857712,0.5350818096639075
0.28088536289760324,0.278311760720532,0.27879692374064324,0.2737382054520367
0.014216871483268816,0.01481922487814938,0.014425312752316627,0.01445541812830239
0.06452637285440856,0.05970822740594387,0.05831919932937702,0.05869115585807657
0.5024944122684342,0.5268255908360482,0.5160613012660877,0.5222783756144003
0.14665922174606583,0.1459885644703265,0.14729886987323176,0.146743698720916
0.8480918767225599,0.8487001040227952,0.853110357252415,0.8391108601403814
0.041266455222198975,0.0403778453519395,0.03948231968200455,0.039363295520846234
0.5367657951388561,0.5401511851266457,0.535126346857712,0.5350818096639075
0.18925010044210167,0.17473777390753464,0.18036420545091456,0.1766197196417503
0.16052170982687516,0.1639565454937351,0.16283575279533394,0.16218504387024432
0.03481267148772502,0.03396232649760169,0.03251238000036804,0.03346251945216231
0.011942713190712046,0.012899662099461086,0.01325483702637297,0.0133692147081776
0.030581603971838248,0.031137658897361895,0.030385671171547474,0.031069242002425494
0.019563103510095697,0.019779933167321486,0.019682262354119413,0.01929742985121199
0.03886076584888668,0.04148413251833512,0.04226267912194197,0.042227511109818885
0.09126624021443411,0.09313897614265922,0.09556991117854585,0.0948674411127427
0.036091062234685535,0.035989896431518,0.035493473704959914,0.03546713546759573
0.2697775724115469,0.2793689077128555,0.2726196597889895,0.27940822036872814
0.033801609862364836,0.034012681558474,0.03361827705529148,0.03361126586814916
0.057360822981510226,0.056059270791193654,0.0574522141361234,0.05662266850254429
0.028163840476650832,0.025091255558640734,0.02373213734480387,0.023831320696090917
0.6958570721198417,0.6852920023587903,0.6938877574886397,0.6934598107177792
0.09857616722245194,0.09449127783645575,0.09416210090806691,0.09243107817556107
0.06667481103426146,0.0696656170167089,0.06963870283149634,0.06943646804719265
0.034870593376131194,0.03383732239748885,0.034827579421114765,0.03446130993154808
0.01868519600300677,0.016924274274003427,0.01704449712150976,0.017164267057784344
0.1192530981216645,0.10826451769964274,0.10575741968196634,0.10595191234983521
0.8357702009142313,0.842262088207931,0.8458869158682657,0.8455085279766482
0.03151078927432082,0.03406045685068485,0.033266683444321696,0.03390828045758421
0.04760940087275763,0.05114816954628582,0.051663942840198845,0.05211452632300785
0.6769106821309154,0.6833993013658598,0.679268754242137,0.6824568234863334
0.037743211378359745,0.03868565296138643,0.03789916646160203,0.038473325727602134
0.8496684531673833,0.8454331339527714,0.8513411154985918,0.8581648950707234
0.6956968490083115,0.6955519078569152,0.6916810914096352,0.6925973333129486
0.03070831115986378,0.02740968333680017,0.028056974391799022,0.027960442532773737
0.15250541754438504,0.1563194505065297,0.1545662425097139,0.15401008076963962
0.011041890514379007,0.010422183173133771,0.010283209659100309,0.01053065888192053
0.12744382433326515,0.12621998034974455,0.12579098819503384,0.12702069051002385
0.08345368845051906,0.08438632745752472,0.0835322783898641,0.08510550260058039
0.009385204092250986,0.01005912680966734,0.010094655107293562,0.009950865833333555
0.07233821616210452,0.06968467292968354,0.07025305881000203,0.07025041915572283
0.09388606719259161,0.09051476556736993,0.08700464243149843,0.0904091378406436
0.03594361060533173,0.03382251836945564,0.03282134535987721,0.03313615733469471
0.021343779874211544,0.019870642685713057,0.019880334305602307,0.02002086401734982
0.5499314479015825,0.5574693463669419,0.5577695836955195,0.5583097179123305
0.17537994181256103,0.18321306295070228,0.1704996843113245,0.17349952224246928
0.08876922903749086,0.09326114962370753,0.09532571817127349,0.0935538005914654
0.05514045467884767,0.058473630497517755,0.05974577756106286,0.05935337875395059
0.022083684305997272,0.02476936596521494,0.02466305569785893,0.024120669792433054
0.26862439280221667,0.264211124251725,0.2652472980626618,0.26410545188332346
0.18759027301380626,0.185866020367052,0.18690829670729875,0.18467237526519364
0.14197507984590702,0.14402082493666102,0.14406913825052503,0.1458390334607225
0.07975875994643793,0.07700719751365269,0.07627072728743875,0.07625452557916267
0.033349970931843886,0.034767111285738096,0.03464670264138401,0.03582411218997752
0.1534179524660299,0.13816727045313984,0.13519206729186747,0.13440687179728578
0.017574416453173855,0.017587612126556774,0.017006645630961884,0.01774288527645322
0.6368141846409786,0.6388071921919499,0.6488816642669147,0.6333801147191221
0.30003336969998345,0.2981231650581699,0.3056039879070449,0.3034456261930197
0.028901548571360684,0.030479073828201857,0.03029163450809801,0.03003412107561242
0.10471612028121884,0.10088076318990012,0.09826538456222234,0.09959049442241742
0.04187230183959402,0.04563684681617887,0.04423188227663321,0.04498531393618048
0.018595256580550636,0.01766870269328099,0.018544069700020212,0.018758665872913305
0.726825819391002,0.7299668380629837,0.7516120269437631,0.7232448140416734
0.011470145642837461,0.011812323979253631,0.012031028028477388,0.012065384627712566
0.07787827333520012,0.08084970000408562,0.07796254134655377,0.08065427522279978
0.11891162162589024,0.11437009141893291,0.1151723882191683,0.11378539065273907
0.3037499852690616,0.2936495111394149,0.29756021824884066,0.29250360056168245
0.06491529500600214,0.06465242276869401,0.06444007117697327,0.06526646674841091
0.01144110758267158,0.011775132805383011,0.012455879693185604,0.012364452179912609
0.62032945565693,0.621336000221323,0.6201820817280607,0.621753954347716
0.27673365186216037,0.27848920740923266,0.274915901809875,0.27701919131380953
0.1528928629073657,0.1424052461642155,0.13901166212076166,0.13974074185620183
0.09122837734056585,0.09296270509104276,0.09258905571128748,0.09321276608539598
0.7537425139459333,0.7413729731502221,0.7501776557584685,0.738402170293342
0.23369362476875705,0.22994165263977762,0.2329092554289743,0.23209584730540944
0.027676493122341852,0.029485156118474687,0.029768585813265188,0.02965937347481249
0.12803174970629377,0.11272518122407749,0.1129027364864658,0.11216977428008128
0.022078796548491483,0.022175212120165825,0.02257447938811563,0.02292437315201622
0.09186075546401673,0.09035159230610364,0.08871464120380802,0.09034906740305607
0.04278318260934116,0.04572712305591762,0.044590005921681955,0.045345882009382575
0.05226311593380281,0.05051117440935403,0.04895878401893525,0.04933736414390666
0.0390190420605462,0.03419107163314613,0.034227149927987914,0.03393068654711628
0.14943989309859054,0.14672473668078992,0.1503380716544419,0.14751524104512415
0.020392698526536218,0.02026369370722906,0.020986169623480194,0.020666118364316297
0.1456413514226815,0.1393103344352698,0.14209256591375521,0.14071741544620772
0.011058197269886326,0.01185594404537917,0.012168219733300853,0.012291401078657747
0.8475100749357706,0.846930157839181,0.8446213362934047,0.8599263257582098
0.026438980078904897,0.028445687022077427,0.02807492026742241,0.028038886974170202
0.01853731011549846,0.018806601923098246,0.01957754544279698,0.01958290698206422
0.009330488873088759,0.009985253833735337,0.010203589201545465,0.01036846235701005
0.07796927209295501,0.08126469294062717,0.081658735784753,0.08070446180172279
0.1885525859395606,0.17849997480523536,0.1800105238705313,0.17824034604271427
0.021730976196766786,0.024817199880531188,0.024481472210894292,0.024245119946783338
0.0932085128694463,0.09590136123812312,0.09385174181928367,0.09315350103950534
0.1437013341152069,0.14831677882813782,0.14281524513981647,0.14227424039343736
0.06459607006192085,0.06641022825927176,0.06776779235453669,0.06812295570856523
0.01573154708955644,0.015222374483495647,0.01488757742671729,0.015482170049292593
0.12123785149620689,0.11975306651949076,0.12303417555688279,0.12201823539411899
0.5989365346176537,0.5922316275542806,0.6019901351428418,0.5955581282801677
0.22738187532592444,0.23108069542083567,0.22768261139891904,0.22732004933944383
0.010987742560792829,0.010112876712121003,0.01030459804865392,0.010208570592392538
0.8199220075729848,0.8264256307828318,0.8338965867619517,0.8202002335508247
0.039098356679852835,0.03963024224287502,0.038886370429176066,0.03925906031027932
0.9121102044338267,0.8990951246730343,0.9252156890141428,0.8909610946957406
0.026053478028368757,0.0232641667019466,0.023180286819584287,0.02325211943642175
0.1775239890729677,0.16231961193697483,0.1638589247943378,0.15976737879531283
0.062354138073867096,0.06085615796284555,0.05991970897648236,0.05986946245762316
0.1692053990305716,0.16454426048021023,0.1646939184122896,0.1653444962842399
0.02016815956172844,0.019100587148979734,0.019755056535374155,0.020211671180026966
0.116120534856703,0.10973268668063983,0.10924036733628295,0.1081363012156851
0.01528624885851834,0.0163430707794834,0.016333011452184232,0.015984945583194896
0.012542292536418979,0.010932085626088866,0.010316414792652879,0.010411015211455803
0.35816428822771856,0.35696599237160526,0.35297797934035213,0.34989772585792683
0.056770171142556995,0.05637281664111628,0.056580356142550726,0.0557193534388967
0.10155469697489433,0.10355104775613908,0.10124754811863815,0.1035734876372426
0.06445704318590614,0.06623514886215835,0.06725668466094112,0.0662058384951674
0.15506149148944462,0.1538694795955933,0.15120991447709747,0.1532263201410263
0.027641265840658506,0.0248648605795162,0.023290617263034993,0.023104673831692107
0.16460292791958606,0.15035582167737419,0.14676586409414757,0.1468065192363931
0.7056496603099424,0.6936590841648728,0.6944657841196398,0.701371761533376
0.07695874111749691,0.07899493418175998,0.08011944052621019,0.07985582052309184
0.04314756067061793,0.04114232728085377,0.03998860129111481,0.04027438427285458
0.034278950299446685,0.03243515425238992,0.032653874637294564,0.03206802412256011
0.020758070609699936,0.02030610804751574,0.02082914357533135,0.02132327938286286
0.28347326765479225,0.2781485225060872,0.27952067576051903,0.2779677964169073
0.011830724691515082,0.01248447029862596,0.012630279211142107,0.012444537437101354
0.6673482701954309,0.6651811529677821,0.6639874538913014,0.6571719231040722
0.10074483187168795,0.09478645436080188,0.0928981897955107,0.09361226033622204
0.017574416453173855,0.017587612126556774,0.017006645630961884,0.01774288527645322
0.12932156938003064,0.13005321147739324,0.13460592245423464,0.13223074030710327
0.009504136662471975,0.01024376373227653,0.01002818641145825,0.010243214026876227
0.09441562346431807,0.08825973215032422,0.08941717512278871,0.08819795695456724
0.021351329999041276,0.02078765569955479,0.02128614740019336,0.02100650356439691
0.01727777535946765,0.01682437138983973,0.016738568527597347,0.016662439057359268
0.07371433907390504,0.07602394329497827,0.07510517838659475,0.07478621568685277
0.15748500220780565,0.15452252940922845,0.15507376623936694,0.15496908931748088
0.5408873425526373,0.5430323939221785,0.5568617810176356,0.557070121311894
0.02603002695501264,0.024642243490615424,0.02563332591520115,0.02588567691764584
0.3467478896970629,0.3555874649989363,0.35692718534478984,0.35381773227821744
0.07819091644669726,0.07073888642848625,0.07070873498836608,0.06840487454523825
0.17433516051581008,0.16384136910999736,0.1663351895869043,0.16490232864713217
0.0212139346755134,0.01888512667473951,0.0187087245392757,0.018737750087633294
0.041645073991949354,0.04329449527557509,0.04195411734684007,0.043748066480445706
0.01202448372359059,0.013567026141780836,0.013500832639349074,0.013561782562495127
0.28691322784689605,0.28493490958936696,0.2852851492124459,0.28352577610744156
0.4599833176669193,0.4550794047885049,0.45956815079764873,0.4518253131905863
0.021090517883708953,0.022555684051016652,0.022507058082178923,0.022402038602404906
0.029002914633608493,0.028982701573581918,0.029253025433871746,0.029652039099841283
0.024288888645884903,0.025689320987676033,0.027238947992323025,0.026986016308998797
0.024646741210903687,0.025703252868136364,0.027232931797430863,0.027071213048184592
0.6865148609543049,0.6870329978919212,0.6808761701362522,0.6806846762931236
0.030147487015056575,0.02981616541845662,0.030455700095612034,0.030806374916694003
0.06546337823694723,0.05583405642158507,0.0560190033799162,0.05585365624005938
0.029883134152421362,0.026937023174911447,0.024976001988562757,0.024875720085091344
0.04712094042637976,0.050515681992551756,0.04958787485526027,0.049596499024684694
0.09332409018413802,0.09744539067086205,0.09891130960605748,0.09950516263090867
0.14148078530172917,0.13911765807604912,0.14329985867052913,0.1442381560569398
0.01480046448204054,0.01457530264024955,0.015449180277222016,0.015889738670219058
0.787581939369457,0.7917790888296552,0.7879107079575716,0.7824037990018216
0.09704879210112351,0.09456119513678832,0.09467137624138271,0.09414265902823965
0.8042016110595892,0.8065762771892984,0.7910642846115608,0.8077465673303994
0.05241521934903763,0.05422832722450412,0.05573311481459325,0.05384420515909638
0.011362546991557008,0.011276151505433277,0.011512829290997569,0.011519406287874762
0.04154635703520488,0.04036939784522788,0.041015236399666685,0.040650007083508584
0.8034169558320884,0.8194331007025666,0.8040091884858244,0.8227404374355841
0.12344960382809679,0.12301713252598438,0.1262527673727278,0.12727121797008206
0.10120867284185699,0.09045043627603619,0.08957955538261828,0.08853989542655862
0.1890815176048666,0.17711919225873482,0.17719740743359544,0.17767530303150253
0.055690224986447164,0.05840000698632538,0.05845866603627062,0.05916634404531366
0.6554460074510204,0.6539563838614361,0.6530050798153124,0.6547506283375125
0.09484965590360629,0.08548274353520563,0.0851349714538941,0.08372381224452514
0.040392528462663474,0.04461696775977733,0.0436551245867911,0.04495087385808631
0.029026274719732136,0.031451030765066466,0.031561588775771574,0.031768562191012505
0.035814210820622125,0.037459622194750686,0.03731863436715607,0.03865259394972547
0.07002620589266617,0.06591917279223052,0.06423166807399085,0.06515732285304915
0.06308645572177057,0.058360606160683275,0.058672708066935045,0.058679126648501105
0.02907191264219193,0.029563146166875966,0.029241144867779414,0.029189973003339743
0.01364201358218022,0.013550285375062858,0.013278896682548362,0.013634183649071225
0.014413216654126123,0.015794411775366727,0.016269221471993195,0.016078812590334595
0.06518945555500967,0.0681384586808583,0.06858897986333347,0.06858753160981662
0.1808680703715709,0.16185356968472123,0.16383719468968908,0.16230417574924616
0.03392696807242966,0.03288236946466761,0.03186005173651755,0.03226002110050526
0.03959945947364706,0.04062826291714338,0.03982449426592187,0.040751186081083524
0.07293082839845826,0.07210180998118906,0.07124113797369025,0.07124432449682841
0.023606332707057396,0.023975367988244595,0.025975337910545737,0.025481094669725406
0.07252808954832232,0.06834564193118647,0.06731292961984202,0.06839667971006194
0.01790949636050781,0.017057271523560524,0.0173091785881106,0.01710627033006633
0.012029199928009075,0.012088940102241217,0.012130553022007039,0.012021064316141717
0.5714605071302715,0.5691907179373488,0.5763750972424576,0.5750685855746822
0.07672156948683449,0.08053187021700585,0.07836769184108155,0.08026164107543868
0.07760806477111512,0.07564451938731283,0.07706055714698194,0.07649563965467657
0.5451400387041753,0.5396071549212709,0.5398267343081938,0.5356471758487246
0.1291947002581664,0.11932325899232005,0.11921877261922628,0.11770898598134943
0.6888275745882246,0.7020563256119678,0.7009546285428832,0.7090333598102849
0.04111650357962795,0.041925150271673026,0.04241615751610781,0.04218208623163519
0.6184754062954297,0.647649209435871,0.6402156639182706,0.6470683634700048
0.04263980403859861,0.04504082333459502,0.04473915666027709,0.04639869719233266
0.8108150118609011,0.8017201344133205,0.8170845409927304,0.8016002285512339
0.11941743637400871,0.11998625493325425,0.12157998314764246,0.1205669476554205
0.9447212905919883,0.8886530923441025,0.9144365815729524,0.9048424258634883
0.08132016575273794,0.07981024203660707,0.08404705491027603,0.08475496274112164
0.08300758919292697,0.08677543123678284,0.08751146085316047,0.08778170033338405
0.07108017557298857,0.07351461605989225,0.06820052119472166,0.06887925078995695
0.03563776491991843,0.03475017060460702,0.034525329670896034,0.03460381366077134
0.027899135243823342,0.027076147042816755,0.026999157643099982,0.027139226296520644
0.0235640960861676,0.024161640850575945,0.02443330088823428,0.024018348012913766
0.6109464081404158,0.6176402938844398,0.6173149382992537,0.6146444551236184
0.030896742809981937,0.03266800088022932,0.032923074811765714,0.03234372739701001
0.035532956834468964,0.034432240379324804,0.034101844097477976,0.033731825898947514
0.15387069412635992,0.1544524908867168,0.15570185530275243,0.15479818341735763
0.02584756483077281,0.02682252116101214,0.026226334745704263,0.026479889466301414
0.024948393665891893,0.021611200106672203,0.021490062086881968,0.02127321896341509
0.8746649136841177,0.8411500106402829,0.8511143971818377,0.8525436469313701
0.017797082297103653,0.017772974211037792,0.018151010107217976,0.018206686665809248
0.5094909505588598,0.5249726851776538,0.528476458880586,0.5266379781449538
0.2813916884933947,0.27682154598160746,0.2758785471015657,0.27457056761372417
0.031026078284083682,0.03346664121699316,0.03366072620217593,0.0335188302477813
0.037083072094188436,0.040017955633586844,0.038865459045428145,0.039450607505931254
0.08838256349661092,0.08947041063220548,0.08796670884610124,0.08849526789481676
0.30232897602981157,0.3079081829700313,0.31340792030758174,0.31400058828374455
0.8350298772874468,0.8380505216249805,0.8236247002765782,0.8417058146515556
0.0423368175124492,0.040153119269059546,0.03943361419824144,0.03998325178533493
0.05840822964582338,0.05758991940068676,0.057727028967749845,0.05711688868130086
0.0347587092306585,0.03415992626367539,0.035217263974519346,0.035134587990168276
0.1696349123606305,0.17181953321362323,0.17236679161377952,0.17270472214564309
0.36056317927699916,0.36606722609367964,0.36460316753631755,0.36608018619251137
0.04109434606604548,0.03978662983580962,0.03805618507307956,0.03767941104588376
0.040836843587278356,0.044276751672925066,0.04337486791725002,0.04351084544047045
0.09729287790436193,0.09584059993643686,0.09835399813653557,0.09937701389219834
0.021021915808950395,0.022262551502742707,0.023605392953047224,0.023367201964320315
0.04003901359008544,0.04207624488550732,0.041948712304193524,0.0434548487590383
0.01227140704079231,0.012268828500342905,0.01254092047228589,0.012529524908331003
0.12048012211787973,0.11920464304511007,0.11681596491208818,0.11581729832541335
0.011503073427110473,0.011891534055987335,0.012230605245186134,0.011894074999130155
0.008981023285361572,0.010111542548541717,0.010047417635060393,0.010043382910177229
0.1764951245847308,0.15926199768296168,0.16153598938546546,0.16187651764898076
0.1405750842170742,0.13161365510078765,0.1304728308320329,0.13082823341564204
0.03297867546708818,0.03464028384830559,0.03461919535631514,0.03458455451293297
0.02271879125670329,0.021300596099892603,0.019332104801038738,0.01938618328889962
0.0350062155418125,0.03697191592956324,0.0363588759439487,0.036416112708345966
0.8630423940625956,0.8501544381916833,0.8524825239405422,0.856353894271061
0.16510663978169973,0.17376788570915455,0.1637265731939029,0.16256604671379485
0.011766918073162082,0.012419489235372566,0.012885178568157959,0.012192359237055403
0.16229015853855683,0.15021919391265778,0.15123371819642137,0.14782185094636288
0.042074968259222655,0.04600259785339488,0.04443441441336085,0.04575027714304329
0.03648483794171198,0.038319087936237124,0.03921796623315409,0.03911882829381199
0.029564688234883826,0.026409294898904312,0.026073152381462454,0.025622808939627113
0.024259455944379196,0.023455657132976253,0.024256652880152448,0.024400809380913453
0.1742314003172678,0.1704493082994466,0.17437943624318764,0.17344687722366348
0.01891162511536471,0.016914959678873888,0.01696115482721184,0.01669165452062951
0.03151117112617377,0.03244781271299315,0.03253077843730653,0.03296202857977919
0.05738683003045627,0.052814946432908835,0.05172918943375082,0.05217850145679965
0.08556284706688201,0.08899396023986643,0.08881263360983907,0.09119810138014305
0.15560122210143845,0.14354025705315152,0.14040747084773955,0.14099428049086937
0.048011254600301125,0.04704752609373758,0.04600871467167762,0.04561541127926785
0.05017454827909353,0.05080739856250961,0.053058163577112585,0.0525455060651358
0.037235473233391075,0.03980891448574042,0.03956743682757118,0.040120852736485385
0.12111999332233146,0.11773694350732938,0.11869450791264091,0.11902333972219925
0.1343545018983077,0.1249210687272045,0.12455855176626625,0.12406478500751744
0.07695874111749691,0.07899493418175998,0.08011944052621019,0.07985582052309184
0.01567472606063158,0.01736231541149831,0.017372126849679172,0.0168913694537217
0.030442728977317837,0.028450163737056965,0.028482730606085735,0.028087339072786755
0.024481809960027873,0.02551667577808534,0.02538036609123295,0.025545931104632023
0.021598030658730945,0.019840654258161117,0.01987196834507003,0.019873557596791894
0.012538997721306719,0.013344008298573027,0.013849672718042135,0.013587318026517565
0.06575826992196118,0.06736319470624501,0.06862017182302871,0.0683123014847912
0.03415408939065688,0.03316501065368547,0.03421339716601529,0.03420855873189888
0.04799783229222996,0.04997305681879266,0.04938974480600778,0.05116407058471923
0.11254496051965408,0.09633278736547632,0.097620027399557,0.09652781715605215
0.028597148616544953,0.0290332462192316,0.029663518030245504,0.02970757077213715
0.16937666799733397,0.163927590354555,0.16578715839445154,0.16584834391474063
0.010335404760409408,0.01078184636732277,0.010440159068932106,0.010668830210055142
0.09199250199901067,0.09318884488029786,0.09352731825432363,0.09453234810647161
0.011753826042841675,0.011567924478270437,0.011204292244067887,0.011460256998572477
0.13933418649563192,0.13880467878552916,0.13921673975089913,0.13896318282296
0.011246982361000678,0.011090557477948826,0.01111138625237707,0.01119987103947742
0.1390363547214715,0.12651132336888032,0.1237262557444535,0.12356709952713131
0.06824741597436301,0.06996770495093943,0.07159055729700886,0.07199956140967675
0.16008022383698894,0.14831397159363705,0.1448816286921706,0.14861035973278605
0.7058981255097443,0.720669291491814,0.7327794295874125,0.7136784230184245
0.5014203523276825,0.5035546274455711,0.5021822912488676,0.4997524269331819
0.13968365070441977,0.1393500252526757,0.1435897505708675,0.13924085034474792
0.08375977727819445,0.07889116977766224,0.07838399181170197,0.07737052599704031
0.7076114590538604,0.6954049309310564,0.7044376119964243,0.692714876752784
0.025142531931575646,0.02803608266479624,0.02751609410486546,0.027986335678771023
0.018916773133514267,0.01638376808437462,0.015454589673365543,0.01546666179792427
0.02987555705577511,0.028024658481886823,0.027859872294853476,0.027471487216109508
0.013562381058442078,0.013607219650921553,0.013475030672733451,0.01362137976414636
0.06139666334912933,0.06136136790660168,0.062012767327710216,0.0626116192586472
0.2003622047858409,0.2059494974349978,0.20677803699566066,0.2097168901726402
0.04422710933255384,0.04723344955068453,0.0474775358708276,0.048268817851887004
0.13749233311832407,0.13957611546438312,0.13937803073389363,0.13850191920676017
0.037083072094188436,0.040017955633586844,0.038865459045428145,0.039450607505931254
0.7527942567441502,0.7514496151657901,0.7595565377054295,0.762603697768682
0.8680370005630185,0.8517014739338116,0.8697769618882933,0.8461718182696555
0.01894815059676111,0.016733572248129554,0.015864250278220852,0.015921975841067575
0.01258893745831966,0.012178011649703228,0.0120517166594854,0.012052769045801154
0.0690741663611433,0.07059312543058659,0.0715695629552428,0.07127816660741111
0.30232897602981157,0.3079081829700313,0.31340792030758174,0.31400058828374455
0.03501889135257019,0.03571490405252388,0.035071164365291764,0.03497779749860499
0.18638252605990654,0.1796834278674601,0.18522281140830674,0.18555470297349136
0.15452156396191924,0.1537775663789222,0.1592381035076378,0.15448730688381293
0.02931648527591133,0.030894282615044143,0.031131719810448332,0.030662317755227375
0.07098193292470104,0.06437018309237043,0.06441118329804624,0.0635923547438411
0.026180303406333403,0.026985055126542146,0.029210695752069513,0.02861331034735229
0.038383884233580114,0.03773516398120212,0.03753992647720059,0.03751796066003689
0.14616916949931597,0.14593868035019344,0.14842102423390502,0.14725361978951634
0.24617755673995623,0.248387700151287,0.24576187462293966,0.2443652946800234
0.1854313677652681,0.17957531567785134,0.17938239861367708,0.17982989564165605
0.01740114673788551,0.018140783991263548,0.019528502917479932,0.01946739130869999
0.025757000954561,0.026642273425979652,0.02663088812577288,0.026664888889954486
0.04182505563605926,0.04145538284829689,0.04125871771491757,0.04145188841727007
0.011578120266548194,0.01166800128963149,0.011497435987074542,0.011981084504715524
0.03719782176047575,0.03995866943696629,0.03930651973151572,0.03999896549837501
0.039147552723720044,0.03717246850363744,0.03608884736651219,0.03650039886513089
0.02986119752820601,0.030172080844910458,0.029028605511138346,0.02964797357336014
0.03277531882331713,0.029769382309016927,0.027709246226158356,0.02765165428932713
0.4272923489159449,0.42367251657191496,0.4232139276792597,0.4210814608808026
0.02560438156073218,0.022165588650428905,0.021322016130740803,0.021629495660268512
0.15411187971521884,0.14500755769217452,0.14423852410660903,0.14494876501477363
0.0340561494638937,0.037218009383080196,0.035804153589135704,0.036411707059891114
0.0790812715052514,0.06830563727232972,0.06951307351617024,0.06764902639696356
0.026489486704161163,0.02337454975300892,0.021689694690315894,0.021724199951441616
0.01914802934393032,0.0192198151601313,0.019835594097607455,0.0198016998301586
0.33776419919501977,0.3496517844987689,0.349381421835909,0.351083728451533
0.09301791573006826,0.09340515157653945,0.09320363564149783,0.09344989681176664
0.0845416425230694,0.0881852768330769,0.08898236090740286,0.08941050609387058
0.03720429132916927,0.03739077896562734,0.03801280820258705,0.038850755434654355
0.020526661214244343,0.019519683858801866,0.01916539322611027,0.019263186305062595
0.051269894258197,0.052166294479432954,0.05215916342120564,0.05447818906108108
0.10308750536159286,0.09214914138903181,0.0927551712948707,0.09014376531654351
0.6911940862841155,0.6962598274456785,0.6804058035751505,0.6959479928028077
0.03953444960125265,0.03782432104833883,0.04000277463486009,0.03953086664865583
0.012272369114794292,0.012793887864587123,0.012649825766727579,0.012995328708496226
0.014296581634165818,0.014374890999971305,0.014609672620171496,0.014569569340797036
0.021309675162428737,0.019869782263320222,0.019625284330964252,0.019604614518022898
0.11020789881663605,0.10650921161062943,0.10769545320139505,0.1091695603645182
0.03161796508415886,0.03227308429023415,0.030411353957544303,0.030980356128233955
0.037506053344519764,0.03910543058819806,0.038759723847386435,0.040154467844438164
0.01589612769126349,0.018041007197815342,0.017941964791542246,0.01758191006611257
0.030419837490274625,0.02925844639385337,0.03059040114970405,0.030878988594629217
0.010981897175688623,0.011850276170238622,0.011598975379068965,0.011436461433472685
0.24364625618237692,0.2466847003761734,0.2503770089037395,0.2488149196244158
0.015350837741908497,0.017337280734759097,0.017496851161024597,0.017458885170585817
0.012187238886132946,0.012106337002108773,0.01231907634249021,0.011866950736267212
0.05271085846495133,0.056226557142971784,0.057241061947441885,0.05713970174692432
0.03813605505744361,0.037561388731904406,0.03743508604762248,0.037454503197747055
0.13296959556737048,0.12279521550389354,0.12045192049938061,0.12214963606761148
0.718238121605057,0.727701335826268,0.7218612293683089,0.725233480801772
0.016458737534214868,0.015992919914286266,0.015474583444269552,0.015948759043864953
0.03521351923993257,0.03497099516302403,0.03517809507400196,0.0352600887345038
0.06907083999554044,0.06947906160878793,0.07007851541152783,0.07051228609876709
0.04751571777620911,0.04535873507879938,0.04563148117631356,0.04515730981198997
0.6539889843267456,0.6341456961605267,0.6443042280969719,0.6446992776101442
0.028246736570886548,0.02694319758319859,0.028173882943023025,0.02841380625572924
0.03832400422540743,0.03570943370138606,0.035195566637339616,0.0353729105708164
0.039294736518343004,0.0398750357292987,0.039042600703128705,0.03896466975227284
0.1520458965173262,0.1499886779046125,0.1483982803939583,0.14718602105313655
0.040998519476186504,0.04458853889080072,0.04427140940260699,0.044418480485254444
0.18506087854519718,0.17140968832844805,0.1704914208484656,0.1712504655248124
0.04331716214994368,0.04688002355336065,0.04634549806054779,0.047067408077851515
0.9447212905919883,0.8886530923441025,0.9144365815729524,0.9048424258634883
0.04687061848082939,0.04349042535969297,0.04377768354473826,0.043898173572055534
0.6725061790357244,0.6574147244480822,0.6674175716936683,0.6710675189238821
0.06897662354344347,0.07026965610425592,0.07251923869341051,0.07409136790330682
0.03053585052832844,0.03146635243246289,0.031003299325814585,0.030874238632174013
0.9121102044338267,0.8990951246730343,0.9252156890141428,0.8909610946957406
0.08978292018516754,0.08994626999817826,0.08956320906743394,0.09055316420478536
0.6918903769475591,0.6983661972075903,0.7028405117586088,0.6882154417192787
0.041630819100135344,0.04501371695206317,0.04404075809140188,0.044562878914480665
0.12927079855471565,0.13458441637326524,0.12488125266138562,0.1271797385553243
0.05136901809365831,0.05510560968110449,0.054962976922807175,0.05418748271472497
0.49618811608694413,0.4997493925953711,0.49905666175224095,0.5009324293843287
0.01824696294893682,0.01631224879945228,0.01622662946595292,0.01615901208317772
0.025809818007912367,0.026893035738273133,0.02858554813622538,0.028362513880431036
0.03885736008804032,0.0414385866900455,0.041438545297889054,0.04098893433676414
0.03320607036412213,0.03503256101572144,0.034458071256273946,0.03448281128883661
0.6145782799238934,0.629060560277774,0.6256214039320855,0.6311653846156655
0.010630304701370595,0.010449515861288417,0.011048890679203779,0.011035164229340446
0.03874072794065621,0.040234445891293595,0.039615009606306366,0.04029326801989907
0.17105204480328237,0.15561638713837944,0.1511206266396778,0.15299732668582305
0.016927721615382023,0.01691326516074436,0.016621779337801536,0.017206129331148335
0.07518442463328076,0.07439391783280812,0.07304157942140192,0.07347647107735751
0.9383227427489395,0.9310199629481911,0.935798151961486,0.9428452534252384
0.6892971024758372,0.7028888481563839,0.7028408617947395,0.7006273771024368
0.8434515825508999,0.8521340499838197,0.8668742394791804,0.8338020137914959
0.01683004227153925,0.015413706609440608,0.015295365890384606,0.015380192712875789
0.025809818007912367,0.026893035738273133,0.02858554813622538,0.028362513880431036
0.18856992617084126,0.17114251668871977,0.1706375110895441,0.17051262825945435
0.05225730487223905,0.05393255675029365,0.05591940664733491,0.05502754707625366
0.011227644859557677,0.01128216822570348,0.011131561167732626,0.01113546788892076
0.04325127060154991,0.04586452883167486,0.04508838857779872,0.0450025240798224
0.011423633910199476,0.010778188574149418,0.011104853773405513,0.011201052702296457
0.010868483842284563,0.012212489589445112,0.012246865207924328,0.012289981322528723
0.1942619029219493,0.18931161794824305,0.1888080676262697,0.18687890129997323
0.042668875792757986,0.04587187497622023,0.0451125027400346,0.04514205722176727
0.5009867106652,0.4983901978265986,0.5015233688184096,0.5023803194314416
0.14912595768729528,0.14348220965300448,0.1438044680773875,0.14503437804197877
0.03616551303250548,0.036196677991870735,0.03556006850982002,0.03550202453953353
0.5435327517005822,0.5543241508868483,0.5507824587652984,0.5510069009008006
0.020813583345753058,0.019354688497083786,0.019446139423074053,0.0196615928171739
0.1631130390575131,0.16192305787748423,0.16289730318410828,0.1640396767141539
0.018577996153075284,0.018043408563884023,0.017597845952819154,0.017855798402235362
0.027781028747801046,0.02684989331781452,0.027067677953518728,0.027246603729436807
0.7243384361057416,0.7052840158465811,0.716118821066299,0.7186609604324234
0.866292124840649,0.8688971202012927,0.8729641356798017,0.8691134562989237
0.05226311593380281,0.05051117440935403,0.04895878401893525,0.04933736414390666
0.05378168574809828,0.05401903229696559,0.05510728538006757,0.05580045236504937
0.016939757334441388,0.01687767147478991,0.017021005071663767,0.017267976726100677
0.6258416574983919,0.631455406637021,0.6314442822339277,0.6285433052280954
0.3778274438738866,0.37416051433040026,0.37180266377119375,0.36840194887227995
0.03563776491991843,0.03475017060460702,0.034525329670896034,0.03460381366077134
0.03949925975861035,0.04191778747652071,0.04175617894528825,0.04225028999860432
0.04950431146211584,0.047432463345749756,0.04625896176655741,0.0466695022954155
0.7023378774340073,0.711334609215435,0.7093780011075997,0.7084390028503074
0.019310811873836292,0.019690419844277177,0.01992299628780027,0.02040986349407923
0.016834948378841936,0.01516485407269893,0.014106751869492186,0.014014805776173549
0.021598030658730945,0.019840654258161117,0.01987196834507003,0.019873557596791894
0.14665922174606583,0.1459885644703265,0.14729886987323176,0.146743698720916
0.06886681387069424,0.07213281613134116,0.07257877494702705,0.07273730562679899
0.05624832694670344,0.05414736095806235,0.055221755851141176,0.05528635079690434
0.12596378870884323,0.1255576997331706,0.12896790129992702,0.12647036150025334
0.05178378783186064,0.050796380291675235,0.05295220617345524,0.052099106636999265
0.07158514647648069,0.067603454777664,0.06632378620310708,0.06746685835180387
0.12087165380209836,0.12169065225206148,0.1256505022848286,0.12192952378621068
0.11218443735367659,0.10797483397136265,0.10794892513210877,0.10944314322273667
0.026517655798652933,0.026511058287528064,0.02628758466503576,0.026162580921050217
0.6416159324325776,0.6399586564417142,0.6394365602372789,0.6385096489747587
0.3207921278433354,0.3234542979674405,0.32324840463340226,0.32459742601119274
0.025480388053011054,0.025922634678963243,0.0268668937033707,0.027243295687815628
0.015957973160039107,0.01579901205683789,0.015861722153548988,0.0161885020967989
0.49843253911968816,0.5090607017129216,0.5122899361701267,0.5117497463620762
0.2582723145043369,0.25579929508423527,0.2554803383298595,0.25387456600312613
0.8481537852995467,0.8525928642553098,0.8368854745206411,0.8533223895176266
0.0116864277439253,0.011466712451118242,0.011247487264478025,0.011238503564915034
0.016773245167684962,0.015236903817239321,0.015243942431980635,0.015499983370885234
0.06086646795258899,0.06372549300564039,0.06378791147807894,0.06470629708306833
0.7153779920946263,0.719927597417593,0.7075392431422032,0.7240886840231849
0.021592508272476347,0.022427990606207992,0.0211255192068625,0.02138445961654837
0.01447500227240244,0.0132835588825673,0.012459962547921168,0.012492105678316084
0.03722606044669921,0.036459360449706366,0.034068247133376556,0.03476623409623495
0.01860440498533969,0.017961407039067227,0.018163186825629424,0.018262050933655134
0.7939625184748015,0.8122846027016775,0.8019278715042385,0.7980389817947809
0.713442005692515,0.7102691796413565,0.7126439038736995,0.7140370608095375
0.013062644210384606,0.01237931553274885,0.011861136477545949,0.012038337382973703
0.015623015951165371,0.01602879767857196,0.016792247123652737,0.01670633927268834
0.05983556995227819,0.05447898811860634,0.05342747610748175,0.05388619558593223
0.02901384797240111,0.025269620907149078,0.02377704270284198,0.024117090566170292
0.03885736008804032,0.0414385866900455,0.041438545297889054,0.04098893433676414
0.01842810564524457,0.017402238777724892,0.017105959539331902,0.017175566407983775
0.01500999500653232,0.016284925362037437,0.01491214347573536,0.015369783109584957
0.06782834034175812,0.06995140560098892,0.0693237722682487,0.07017187244968626
0.1757515103064057,0.1730760240767712,0.17828202694102654,0.17740505163117185
0.03787769838946818,0.038041700247449385,0.03800689202535511,0.03709256183449651
0.03370923812371037,0.029808137251351834,0.029687679225796935,0.02936676651673796
0.6725966969658184,0.6813699209575821,0.6760517893971812,0.6756975902651745
0.04703282565551828,0.049795596268831246,0.04897240832181809,0.048930099585730434
0.020375028788783146,0.02156520178609963,0.022923472816651972,0.02279075627957107
0.12186131735741161,0.1275040996179445,0.11870317772100186,0.1206631105892666
0.03983722173544215,0.04257113850792859,0.0424531655201574,0.041710274620639816
0.011470145642837461,0.011812323979253631,0.012031028028477388,0.012065384627712566
0.15861959397587844,0.15415961358868235,0.1520808063662446,0.15292070532323157
0.10308750536159286,0.09214914138903181,0.0927551712948707,0.09014376531654351
0.08438493135055995,0.08353468807903307,0.08403635560711217,0.08366315745708496
0.18677194114278733,0.1784718806070149,0.1843502533612116,0.1827803854858374
0.013237991518510614,0.011813519560672755,0.011686642361263542,0.01165056795508285
0.047315399468005066,0.05152561604649325,0.052374321868361016,0.05203929798333232
0.033499694270499,0.031380405095175166,0.0328458248286125,0.03207290284214256
0.09651779427327754,0.09494380146919063,0.09619878200050262,0.09354704176787809
0.06618344421357569,0.06947567748847538,0.06915676072565934,0.06886635496629813
0.43856674275831137,0.45122771401073536,0.45022426953268174,0.44987055215606997
0.28752870637935535,0.27739158961961385,0.28064601979225995,0.28148933535437887
0.11443718388136358,0.1153972132305017,0.11601576323504463,0.11548682023940379
0.5578208657132417,0.5649155492325245,0.5601055195142642,0.5635754078188389
0.017635564618494186,0.01731682862374817,0.01726932567373176,0.0176280562588283
0.5891825035960968,0.5919346667975248,0.5810949942519079,0.5938480304064297
0.040009630431748704,0.040737117654096794,0.04107221612873854,0.04289271255177688
0.011240101575650167,0.01210558012045064,0.012017589940075811,0.01196016864948212
0.2091440143673956,0.2007745935594784,0.20262839783538544,0.19917757260265495
0.14507973926468745,0.14826756653717255,0.14694343220494796,0.14838872060166883
0.10294721215042306,0.09559387379843279,0.09451880950492215,0.09661789731063813
0.8620725621675247,0.8937702521765561,0.878100780734097,0.8863832719704969
0.14639688726082936,0.14860007573366582,0.14582599411194383,0.14107736475096141
0.38982246823142974,0.3937853737146741,0.3881019028858732,0.3845529578429492
0.06847217023538815,0.06307203888382078,0.0632085545224133,0.06182883607540023
0.16817164010286118,0.17599917730878986,0.1642851233076149,0.16707373306139456
0.039856907281974364,0.040649592432786395,0.04081494636366701,0.04138105938228613
0.20098438760901138,0.2046260244993797,0.2073293315603451,0.2091034501783927
0.06855222771343766,0.06471979508829594,0.06551869711186693,0.06330081102584807
0.019525903068072118,0.01826311885037789,0.018713580140423895,0.018667809668918102
0.04112952112491206,0.041284430108681,0.04088377467774663,0.040514760316001264
0.03687238994368063,0.03698945535111237,0.03717217729919377,0.036615334524441635
0.011266989769450907,0.011540262904804746,0.011858197928530921,0.011567153761126466
0.039735714974016866,0.03531657090120048,0.03440263448034049,0.034875009005325634
0.7211053047214137,0.7322791551009047,0.7182100355918669,0.7343663816869803
0.0310592126745103,0.029329909660712587,0.02936475885001502,0.02938617344063735
0.9523057842289109,0.9319528549298067,0.9362205524902175,0.9366158618146506
0.026919679712098427,0.025884462537264803,0.027156926919440535,0.027244512317782524
0.01895236133167818,0.01695573674027461,0.016803754384706118,0.016909033642885967
0.011210059649268876,0.011225549839224212,0.011274729473109448,0.011260487942503117
0.09111391641685128,0.09017205537089087,0.09023600322015858,0.09003414446252134
0.4619008284889986,0.4636369753929592,0.4652568512435843,0.46510182678614465
0.041302623658727895,0.04355645812890812,0.0440544092947181,0.0426899592312899
0.6799926496687296,0.6956248003412074,0.6932840123951078,0.6898474842172075
0.22738187532592444,0.23108069542083567,0.22768261139891904,0.22732004933944383
0.3822642691085005,0.3875206655519066,0.39083859692325146,0.388597133202993
0.6720769705399519,0.6934770873627085,0.7021387626696357,0.6829136592472244
0.15185024492798563,0.14695002050686695,0.1485520045702386,0.14917551323695638
0.01678193779003923,0.016049033089152516,0.015472853179694513,0.01585834109605835
0.7456124522502539,0.753304110943339,0.7454483741335709,0.7545993272767749
0.04163971036909316,0.044027952942582244,0.044253940270300676,0.04474198992877793
0.14745436891689717,0.1376585985865638,0.14128498912035364,0.139804933400935
0.23382309970048742,0.22363042279302728,0.22766753347620727,0.22211590388522337
0.04196913561747683,0.04513611821442047,0.046036719942373676,0.045930375146522665
0.01254555751171405,0.01413017009410099,0.014155632027975894,0.014183073367030102
0.015507354813701876,0.017801479026589736,0.017617928149451612,0.017280994432530943
0.6211061063320279,0.6366330516840342,0.6333444274021739,0.6345433800923436
0.08294079949123377,0.08365824370559674,0.08213291792159695,0.08446492822921423
0.01106922776656741,0.011749550881770373,0.011474895139293229,0.011479825241559967
0.6978482833677344,0.7017427718714967,0.6982299441278592,0.6957234333515865
0.0131513231009688,0.01285844644926291,0.012707063671575924,0.012502037503078354
0.02623760966980095,0.02263488427372943,0.02198837074589839,0.02188083217099208
0.1101847408536895,0.11153385461308775,0.11314552863735777,0.11480106128609668
0.042633308790013556,0.04027470457650284,0.03981054574652977,0.04028200935899335
0.05870195741816109,0.056909679633989796,0.05752468667788911,0.05682676672907664
0.724336205015989,0.7420724993032297,0.7286718993705548,0.7440681575547957
0.6466730203584392,0.6516084889123263,0.6504775657068014,0.6513170596821978
0.013864514100087773,0.01425452751002698,0.01436365765338517,0.014126920765415303
0.04302725626105068,0.041483134585551536,0.040480285418786954,0.04088166840412519
0.04897301989873371,0.04673499049604126,0.045846938416995546,0.04620071769805581
0.5715531151940507,0.5864257809826924,0.5801132771828723,0.5801478255775799
0.030440347626658485,0.027592303291965187,0.025468224730879476,0.025486148680430983
0.013980857972359824,0.01437577193402751,0.0146362349828496,0.014409064655083728
0.13124684602262193,0.1398164639392216,0.13014344849948284,0.13193552991467977
0.010041689146465322,0.010141756149630745,0.00990179610117609,0.01011265125825226
0.15866450142346933,0.158087789661286,0.15727021447244582,0.1577988070382033
0.1520726420033078,0.15025599388273553,0.15581851405788896,0.1536897873643271
0.7425905497976292,0.727297383160407,0.7368767085298072,0.7369282157987779
0.029050106895275058,0.03147333285432859,0.030695097188443342,0.03134294985154885
0.01687460756549323,0.01813781004977222,0.017224091002359734,0.017601154258504455
0.022428695935921613,0.022383230111211,0.022793751487445637,0.02246391738081056
0.10406836140661689,0.09305436556717948,0.09303772864638474,0.09174941608085266
0.09326386348273268,0.09802401910506872,0.09892940649382193,0.09919193255128717
0.017870934867255914,0.015621349960303363,0.015572571999171636,0.015385791691084038
0.01826234521035706,0.019175087857711468,0.019524952251386965,0.019362504002037755
0.017618162716915128,0.017181668609452444,0.0171697257121208,0.017071594745291158
0.13606631602244765,0.1433197154359799,0.14677300739889151,0.14736575274369199
0.14725630561457395,0.14817309397585324,0.14901785088795366,0.14663122036483825
0.0889714967532821,0.08317931012247967,0.08162661441114383,0.082574126439626
0.16435023881825642,0.1585699484191668,0.16511449907082407,0.16311435933131685
0.033798691640191114,0.031536423137605275,0.030720926267125512,0.030928918026611532
0.016882484560927138,0.016423152918608675,0.016392996558963056,0.01646565685019635
0.35962955179229283,0.3592485668059441,0.36177777998035443,0.36078319091665345
0.5016442592034367,0.510204605093562,0.511777367205271,0.5114225374667637
0.013171387487133186,0.014458348384690511,0.014425519430813195,0.014403827884196559
0.010600279167869623,0.010739994537282744,0.01070182422691927,0.010421270347063237
0.09142051226793653,0.09515568431006473,0.09565372230394593,0.09427609638981789
0.03724553151490225,0.03270995278798593,0.032479438339858314,0.031671152616972245
0.1392327700693957,0.13723784766486977,0.13898477781751029,0.1394418500363474
0.661234914626919,0.6456611565423637,0.6502758889325084,0.6555292326633032
0.015162473806458117,0.014065182295838035,0.014287179674258948,0.014077731794578332
0.03463481974835072,0.03616802362619228,0.03559100784815293,0.036110057634773984
0.018603641639375845,0.01836139042096636,0.018237516779396366,0.018342093001617307
0.05121651358150658,0.05472029337428242,0.05483720964509208,0.05410081130464885
0.018567209102856263,0.016463574341124276,0.015793479389138654,0.015875533215498734
0.1517813555185928,0.14451935652057105,0.14444708160234232,0.1452511670575403
0.1538662812739998,0.15415011313763508,0.1551557328293039,0.15054180285881041
0.03717874790747541,0.03874671143671643,0.038634933366355415,0.039985689613101026
0.04618038840522143,0.045636021224204716,0.04531469017937596,0.045054234033855174
0.021730976196766786,0.024817199880531188,0.024481472210894292,0.024245119946783338
0.41771173845170784,0.42493835095284077,0.4243358940793873,0.4234816377893363
0.010543739983460679,0.010516545494451128,0.010760330426060517,0.010707684331969534
0.043889785506369815,0.045971393930945244,0.04602682236808578,0.04680036617779664
0.03684282735798624,0.03892078437021463,0.03900731638732003,0.03782367983338455
0.13255419309475533,0.136710618251911,0.13278520640003783,0.13196520587078592
0.6094419484374302,0.615080593875098,0.6149247029284979,0.6169528263359291
0.2903785546815728,0.2870513174327407,0.290187930032194,0.2890005392171294
0.6581212568182572,0.6657064545690485,0.6676661504524307,0.6658449268578875
0.08518740478987077,0.08502517768618804,0.08323081489740347,0.08305242785193431
0.488839131153787,0.491245430556089,0.48862565095481647,0.4888334638020427
0.03366773320494437,0.03554260996152003,0.03595185325420999,0.037185217006271885
0.09349643257882323,0.09580369554466216,0.09823562306949328,0.09993651525766939
0.024472702571196898,0.025918093567314983,0.025411862203047454,0.025794498562990233
0.023847576354394683,0.025220109609278986,0.026845402390508626,0.026613669441342247
0.04417591125198098,0.04651283002924014,0.04612355630617116,0.04596510798404037
0.17921767137335562,0.16356759780895336,0.1625033516216134,0.15893043726612585
0.14360431324217676,0.14527525693203547,0.1466296176818729,0.14732407459233238
0.07715336208177993,0.07720852351327111,0.07956019702700837,0.08045833848240475
0.010351594809004588,0.010897678833736026,0.010572314222792633,0.010689754200986449
0.019897348239232292,0.017366920282437203,0.01652619570661553,0.016601845459854336
0.15374864175050926,0.14914533822358575,0.15057700211575675,0.149673770938866
0.02730326516482545,0.026146552276795215,0.027325972654460275,0.027562144866821178
0.021447867383902048,0.024045427159267323,0.024957411647547497,0.0243312799107601
0.07044338780120293,0.07036371333284917,0.07082412169767831,0.0703169640510842
0.09441562346431807,0.08825973215032422,0.08941717512278871,0.08819795695456724
0.07447923393425614,0.07536825356732325,0.0775404111406119,0.07884803761145345
0.11398796673483728,0.11454743983686323,0.1122746034015424,0.11256671457011251
0.08429200643006671,0.08864411439711138,0.08927416913453924,0.09075413869276623
0.023257412168816483,0.023990654261626936,0.025613745484283076,0.02578650732199222
0.6554585105511916,0.6685476976241829,0.6695412039586702,0.6689542249139614
0.04974967373539447,0.048312125970666676,0.048897519784915994,0.048377922804234315
0.15949987145896694,0.16297533467811293,0.1632407620461871,0.16493552256381458
0.6471191523776091,0.6665926767500152,0.654046812084191,0.6661971651001093
0.07817801362664742,0.07359340355018193,0.07193972082270066,0.07307303268824256
0.5338195898342305,0.5361533707247328,0.54271984969589,0.5442912178305922
0.657837951002491,0.6770344853777199,0.6799168288511709,0.6761007649974338
0.18375370014793665,0.18017373940103487,0.18448009862900241,0.1832333428739001
0.11243651801041067,0.1138324001723332,0.11217721403516603,0.11356062522375858
0.5867770954361743,0.6011165814492536,0.5878359636330339,0.5993633445009297
0.07598403458764226,0.06830975538968762,0.06657857823185509,0.06626885579854461
0.010856396809726804,0.010550104460284072,0.010566145918747546,0.010501181161439374
0.03813605505744361,0.037561388731904406,0.03743508604762248,0.037454503197747055
0.020247516766515327,0.020423989861742427,0.02121665970294874,0.021715202696364472
0.026846598515284086,0.026491136492973,0.026079459469717386,0.026330815100198787
0.22934976722886324,0.22663391689776224,0.22456487960478538,0.22399660507661134
0.04529693829336495,0.037972313529911164,0.0386716856495811,0.03828067772833502
0.030066942261546072,0.029282010925954626,0.029016130172291238,0.02902058356198777
0.016368684338388912,0.016057629253291104,0.015724246740728816,0.015847855199997277
0.08422058619048325,0.07857325264499555,0.07713944216121495,0.07786314682027744
0.04495413169983472,0.04689214058576971,0.04852533002097515,0.04644106879125261
0.03484503625190169,0.03541381219070175,0.0357213645159453,0.03554724396376579
0.018553861318628795,0.0197597816181659,0.019636370621361497,0.019654132730245858
0.4709739785519921,0.4712783886564916,0.4749075998716895,0.4737729007214928
0.020666372091996885,0.021916219644368035,0.02173502179828167,0.022683781423177406
0.09329361222697596,0.08568075219925521,0.08417345935782328,0.08455377777407028
0.030839693754337604,0.030242795305045637,0.03053298995863396,0.030680321679792084
0.06085864770841943,0.05908385118679975,0.06028819548596652,0.05977513680240992
0.10277397285115858,0.10168320982261755,0.10045135328891137,0.10090458283987969
0.09392176708264442,0.08894286571804821,0.08743335591767844,0.08871024442239712
0.025771077146320334,0.02280273360889284,0.022387901202651883,0.022431563491229822
0.043143195056168586,0.04135442180119559,0.04167555160992006,0.04157829446524518
0.19750913198331763,0.19781068911037528,0.2031088216805529,0.20302249030142014
0.787581939369457,0.7917790888296552,0.7879107079575716,0.7824037990018216
0.2650960006653076,0.27598750020011115,0.2741026808146294,0.2757345437337398
0.09210918229622266,0.09146953927497582,0.093158926653555,0.09259473434389093
0.015048909636647803,0.016343343430777153,0.01669953100962584,0.016136616407643897
0.04936070040033867,0.05233200669035837,0.05361259768910166,0.0533385844212661
0.15172536850027638,0.13838229434172503,0.13753151999909125,0.13687835884864605
0.6609755195972907,0.6601867061965441,0.6572822375989481,0.6535874333350499
0.09892768187090806,0.09881981510105792,0.09526975234883737,0.09728326493684335
0.10519969148072024,0.10055149197896016,0.09767997881899729,0.09955481398515782
0.1594564289081882,0.1577610677343482,0.15818498447046433,0.15880318235000876
0.023559022284920447,0.023917432558623594,0.02414676769520262,0.02434100282579504
0.4500730620784935,0.44916834983587867,0.45026032805852334,0.4491537395344754
0.02041665716198955,0.02006079003493707,0.02075740033492379,0.02060791796276386
0.08494246338528269,0.0885276998718261,0.0868274788323554,0.08800091944315619
0.06308645572177057,0.058360606160683275,0.058672708066935045,0.058679126648501105
0.06625310150285411,0.06964639302140085,0.06968885358284503,0.06977662744265171
0.10587957045535853,0.10673015490512455,0.10704210548642112,0.1062956251319847
0.012048797659675354,0.011810388320116565,0.011706740502655895,0.011669756345155272
0.299284033617114,0.300968796253671,0.3002240390283176,0.29758083671755553
0.04616194160726365,0.04514273943261337,0.043573611756990586,0.04457086116216518
0.0423991111348595,0.034783263553700684,0.03541468606667697,0.034205681124859395
0.7015062764799118,0.7306011141951505,0.7239163680626253,0.7321095790679093
0.012829210883121688,0.011867126941746662,0.012042990351205264,0.011909355841716545
0.025572972007161913,0.024238656296836643,0.025024384232166234,0.02542311581909267
0.07228228092424113,0.07348462271215926,0.07191282445012999,0.07193024498123149
0.7056206609900998,0.7113754370723485,0.7112749392484304,0.6962453838276976
0.8630423940625956,0.8501544381916833,0.8524825239405422,0.856353894271061
0.14490462775916974,0.14594159949235966,0.14755872894900995,0.1487611755750598
0.03762706021330156,0.03991567571943819,0.0395913665807314,0.039548214104276884
0.04127701767176141,0.036338468795735164,0.035393765791105786,0.03562086083764846
0.07610831257758194,0.07990270028197546,0.07689153144084021,0.07963654074229103
0.14292172358407174,0.1273174079525418,0.1262647366500981,0.1260334905465488
0.02617449625591606,0.027773665337336204,0.028170322395498014,0.028424507740338
0.029570021312847965,0.029533639275068697,0.028968630051051554,0.02907690109880222
0.29658722557831146,0.2938591655798345,0.2945680021497262,0.293872502682428
0.013546822305090273,0.013261231666428069,0.013653445134484417,0.013563282275861071
0.03560024183070368,0.03881258710662532,0.03818383744111691,0.03876127954546479
0.049267700474031874,0.05189637125712727,0.05307199831167319,0.05304857098605958
0.1549697252257125,0.15478086227449256,0.15237521674772278,0.15113774241228684
0.6519085495742651,0.6474230057879572,0.6476683903792174,0.6473283119621035
0.01610006858161867,0.01609992507423981,0.01655974418632955,0.0163889762536319
0.10639247584911077,0.09639817072422667,0.09520934810874289,0.09485236435431584
0.034898311177429885,0.03427422262413799,0.03411663386768519,0.0341457371401606
0.02358802783158952,0.024002724612191356,0.023846465159971107,0.02442818475935583
0.058624047360780106,0.060092803471594305,0.06070808025114017,0.06127418687016632
0.04153198852092092,0.04011552995945159,0.04062539399781622,0.040337846241182945
0.009861265003933783,0.011555946252189525,0.011007177632141103,0.011220566228361385
0.6924877555329125,0.6911106751229521,0.6871619029921725,0.6866340912989359
0.8680370005630185,0.8517014739338116,0.8697769618882933,0.8461718182696555
0.020874813140398425,0.022516975398869103,0.02294744204014381,0.02300918264941361
0.04949291906734045,0.03991937450131952,0.04089035305256856,0.040009299691070144
0.19301214628586405,0.19764724930343047,0.20132952904209686,0.199012326411895
0.0350529623622401,0.03416935808389368,0.03323650953033377,0.03342622641005087
0.21703038890321102,0.21733803939589216,0.21573772631043325,0.21494957762246336
0.20226830995023007,0.18671465389729894,0.18821601151033618,0.1900783029793148
0.09972265434207701,0.09286514547606908,0.09479449105084904,0.09380284803903653
0.011245965799847652,0.010778850145854372,0.011387773604082867,0.011354807719425106
0.03218915651860907,0.034465792172407236,0.03441496493726638,0.034267686359007454
0.042073890031052205,0.04679459930874922,0.04645478041410872,0.04603409531950623
0.03213899362195092,0.035314555591988296,0.035632294869877824,0.03511183756619564
0.036293143219050424,0.03769174775027376,0.03775754176793642,0.03798690185705866
0.19142920320599788,0.19253838795201791,0.1909913629417274,0.18913447590431268
0.009923341442083566,0.010462223224287139,0.01013166451464552,0.01026424805004773
0.011958205133318913,0.011602614910814909,0.011404151724775727,0.011382128746028161
0.14978321764302865,0.14337250687802905,0.14946567439189518,0.14880544747735686
0.048382132921763556,0.05104958399987301,0.05204714360567774,0.05184702255899159
0.6676437554217894,0.6662155711491451,0.6657953038330495,0.666788852650141
0.07977174285002672,0.06464563894744234,0.06724688146494856,0.06548880981117888
0.014034277307003929,0.012836459937794751,0.011808597951130595,0.011707256477913068
0.03455254118311243,0.032939740197800056,0.0334451898801815,0.032786436614717265
0.010216441277036784,0.010592804833866952,0.010560892893730474,0.010466832829316675
0.013837583073493281,0.01438988619362983,0.014798521720230117,0.014991677169916756
0.7133222011566394,0.6858480039683613,0.6901135577048585,0.6929201252001879
0.029674903069491648,0.030370240727649697,0.030193065263673626,0.029970136653258872
0.5832052192429739,0.596674511804036,0.5950342666824852,0.5924693454770026
0.17035389066290552,0.16562302672535031,0.1734234452779769,0.16852459171715178
0.01959048540153062,0.017604868202805355,0.017460183416037688,0.017236659507730796
0.6606985662019608,0.6732497699013573,0.6828644779944522,0.6658955337953958
0.6456847254008704,0.6535512494371297,0.6523863378331408,0.6530516585777804
0.6177746064618206,0.6226371429200355,0.6261691942008097,0.6112794640044007
0.6371853833858516,0.6436203238770168,0.6492185224509043,0.6459901015398986
0.057733575287855624,0.04816171656064039,0.04833476367587572,0.048094404988459585
0.04098106884683553,0.04144808141379823,0.04076224670732072,0.041514951783573534
0.43751014289797946,0.4519872640887688,0.45342332725700835,0.4511014362526371
0.18375370014793665,0.18017373940103487,0.18448009862900241,0.1832333428739001
0.05017577316563661,0.05219215397578707,0.05375365420733218,0.05218802091328923
0.020725345744829343,0.020665195137132386,0.020572421223772074,0.020797226961694563
0.7628643719589061,0.7567987424557331,0.7549691218218475,0.7471949366754304
0.02486473188584309,0.027121777488494005,0.028570907715141945,0.027967334980098846
0.7045494082068701,0.7013591017807943,0.7016228048499448,0.7017872093318229
0.21189849757974977,0.20824063193974898,0.20627783582559503,0.20735470196140798
0.465851421313514,0.46162085979450684,0.4631033269934984,0.46405504792659097
0.04263980403859861,0.04504082333459502,0.04473915666027709,0.04639869719233266
0.02501794102385791,0.02708805508164893,0.026580527964170816,0.026294136743066163
0.033012346246117714,0.03386333129886719,0.03338961314110465,0.0328891088562882
0.5183903811967006,0.5265353787617856,0.5272511396130464,0.5232223713900702
0.16040479717187248,0.15856264075207963,0.16002280799274496,0.15867352114801409
0.010303700210841218,0.010829265565836282,0.010449507713345626,0.010840443696925542
0.03297867546708818,0.03464028384830559,0.03461919535631514,0.03458455451293297
0.017573929115178164,0.01692521904797584,0.016959175404620667,0.01742492719724151
0.8236557828562889,0.7854858842239945,0.7947881427696881,0.7973635351566256
0.14207514084298112,0.14066768780314975,0.14027096596482916,0.14177629520143506
0.0394292794363993,0.0398485308568848,0.04055891910272808,0.03893946187494531
0.07352329346784772,0.0729596189838883,0.0710632245888673,0.07149270196579527
0.36056317927699916,0.36606722609367964,0.36460316753631755,0.36608018619251137
0.3832926080779438,0.38631741116235063,0.3829402965667089,0.3807029244186858
0.012627560509950678,0.014119871718577153,0.0141355097511149,0.014201014650578941
0.04790767801357288,0.04966083479116752,0.050293079081307694,0.049950186978192916
0.03345510984597024,0.030988169545141088,0.031465056383994855,0.03203416809711056
0.04330033304220137,0.04317262949065768,0.04292374248774294,0.04315996876838905
0.01599081890176205,0.016305397050683523,0.016259612260776726,0.01681797714620825
0.17919024416046045,0.18015814692868323,0.18064386412155856,0.18298260242817954
0.11047574871525237,0.09662119508166603,0.09749162000829194,0.09672967786602052
0.011674697239437957,0.011375318911631668,0.01157616512955466,0.011424680774590367
0.05226311593380281,0.05051117440935403,0.04895878401893525,0.04933736414390666
0.1371586677044407,0.1257499319739875,0.1232277717219123,0.12377075111044049
0.009198339074998105,0.01120402085165136,0.010538032859010633,0.01062015823216195
0.057269934844066554,0.056467039848396364,0.05701479763988957,0.05620342881869032
0.1659338513497396,0.1654239788160177,0.16956411392979928,0.1669399528080617
0.01194259543482962,0.010587718650376976,0.009947682618954434,0.009898053960729852
0.1517813555185928,0.14451935652057105,0.14444708160234232,0.1452511670575403
0.023108968618131085,0.02318932318166223,0.02326160179749425,0.023135388157532473
0.013281760962965423,0.01456233476771699,0.01476471161335525,0.014632179422426499
0.037083072094188436,0.040017955633586844,0.038865459045428145,0.039450607505931254
0.1456629814981157,0.14600534440496787,0.14767300453744145,0.14821733746995344
0.08710813204574469,0.08777581794635432,0.08295870450309141,0.08467888568948068
0.09039519558302318,0.09314030915721996,0.09477594833697232,0.09502734238475635
0.05083770624890584,0.04141111663213229,0.0425851846341249,0.04184987033751446
0.1463640505437697,0.15236903874953578,0.15329897160167572,0.15480416920463894
0.06991576550571595,0.06736977471535564,0.06885659034154917,0.06941231323041562
0.057360822981510226,0.056059270791193654,0.0574522141361234,0.05662266850254429
0.05662615882750724,0.05427100046798938,0.05560926441147832,0.05448299623725321
0.09491432678426144,0.09594796909982985,0.09395703105471004,0.09485693919238948
0.5476329506097241,0.5574015086070558,0.5579211395006599,0.5548790668700931
0.12008322872793809,0.1197619766270655,0.12397259794351963,0.12167427779001691
0.2831281308813244,0.2895608140447139,0.2874971119810202,0.2895246964717631
0.6042788316320808,0.6087569313154743,0.6096241398488281,0.6035551525382444
0.023841879752629584,0.024327661974800924,0.02448519861174516,0.024241778468596716
0.8184034354457619,0.7943122319737317,0.8068495836004097,0.7967788049739964
0.03426536455125819,0.03232580521258755,0.031693723680517615,0.03195074862199983
0.30232897602981157,0.3079081829700313,0.31340792030758174,0.31400058828374455
0.06260998486645385,0.0636319251695178,0.06373117373946155,0.06395902119740615
0.25823673046982215,0.25466323900389337,0.25508948150409305,0.25392365117907906
0.055676610775199975,0.057175915382452834,0.05803870621735348,0.057465528992506364
0.7870736733665304,0.7964806544065695,0.788054864694623,0.7799408875530303
0.053261727974580834,0.05083545178007562,0.050420988454802064,0.05040095534537411
0.042676775444468185,0.04218664862227731,0.041671896573850016,0.04130319175252499
0.031163378228770168,0.03312272094145074,0.03269393278590657,0.03262969236061094
0.012140990507491296,0.0116898777480417,0.011562234597900347,0.011488333462964644
0.08416593340007365,0.08426961953091114,0.08270399530859364,0.08374910596141856
0.08375671070081402,0.07894483785358049,0.07896223419306998,0.0799069219903526
0.36056317927699916,0.36606722609367964,0.36460316753631755,0.36608018619251137
0.038857793827205354,0.040950966963915834,0.04016682021611681,0.039802649631152646
0.10471612028121884,0.10088076318990012,0.09826538456222234,0.09959049442241742
0.15684468523622955,0.15437634835577363,0.15267570102568412,0.15621156366415073
0.035745939224274985,0.03850698099963922,0.03809552441455729,0.037900309458030544
0.061909832469784744,0.06279585771814365,0.06478041016070771,0.06613289840351419
0.6170137663657579,0.6157771196406752,0.6186834464513878,0.6108970339918046
0.07136701907367128,0.0731409636926744,0.07368152254858563,0.07400689800449364
0.013784075680886788,0.014141073783238518,0.014285131935419288,0.014246104352168916
0.1110488176425986,0.10248287907063154,0.10054515202309375,0.10032572521980489
0.07836007711903237,0.06740543814780064,0.06860853334035999,0.06765343285268874
0.7113582545144193,0.7202655317430384,0.7111428822979718,0.7135949634265735
0.06053677458451247,0.06101250203457098,0.06186903692024926,0.06284195180684278
0.14612772993299827,0.14949824148046023,0.15029858424119588,0.15031390010760995
0.5583095077120459,0.5650106682253405,0.5741705707585981,0.5709901333272048
0.013356944749615489,0.013676494113496942,0.013875726108897361,0.0139887310432994
