5K,50K,500K,5M
0.6531785898540936,0.6592635665429661,0.6591667928643884,0.6575937433000361
0.09208170259199999,0.08866907904899923,0.08875316642980509,0.08914008751622807
0.35919692368599865,0.35734431135921696,0.35241558959709296,0.3513878512756125
0.009748541182801116,0.010168064133720157,0.01023518107296434,0.010334404589897777
0.17876066286946696,0.16634200507647948,0.16540687208888805,0.16426516971888372
0.04210565087003338,0.04263290866116363,0.04233165863766103,0.04235792048457744
0.030907057545171913,0.031035518543793172,0.03105478258883663,0.03102260675457738
0.06773509969439456,0.06461248633922925,0.06520082985380209,0.06503955838223863
0.07377475713980013,0.07471156122637357,0.0748540002039625,0.07501154625548205
0.20681539957806153,0.20781304870647943,0.2063897521026896,0.2053673730650642
0.060860788132727196,0.061340524937784406,0.06115322628999125,0.0612182949001644
0.01988872876114118,0.019936034599228047,0.01994598769443514,0.020059259420241997
0.03781650263398661,0.0361828084231411,0.03623291403791009,0.036175573759078365
0.34695960000000003,0.3537452340015758,0.35282507697590254,0.35373564376823047
0.020249855923521812,0.02058337524773227,0.020590394467574755,0.020536644649485118
0.12946027988284944,0.13216782806028285,0.1297055760342844,0.1300617350108001
0.24852046077859954,0.24553356920508332,0.24354255681543346,0.24350900907033357
0.12350188454696483,0.11503063502238751,0.1149096372108601,0.11446216541091468
0.17548129566071632,0.1668695323211434,0.1676999237526821,0.1670914002120433
0.02122017170497497,0.020698787005560566,0.02038685845324007,0.0203579292458371
0.020685864640310195,0.0210374620422775,0.020543280275749816,0.02065318707743414
0.018411680000000003,0.020246764071625085,0.019791226212010935,0.019813169060291562
0.28877982522827955,0.29003125671212776,0.2863199654446944,0.28592480555383704
0.011571134089753727,0.012246134324597995,0.012284733123879192,0.01221982722635185
0.019878129168308105,0.022512069066620673,0.02185646854391827,0.02193649361043152
0.035686800115327835,0.03550343288441956,0.0360065923755846,0.035897395369531265
0.14227855821625104,0.14689254336459756,0.14526143242808592,0.14411475689535697
0.1327863054953707,0.13237653923843484,0.1310907913557167,0.13078204145755096
0.17919467220138754,0.18033939692027853,0.18081415501069956,0.18082772920043705
0.026193390720742938,0.027806233609323158,0.028052972293649385,0.0278966973352656
0.035538534763735044,0.0361068922714991,0.035084528966804286,0.035040418977337826
0.021842201753841668,0.021198188702338153,0.020547867975297847,0.02053761849236343
0.018890068227383226,0.018324714260471754,0.0180797366668939,0.018068479584495846
0.09796688157461834,0.09768400042666205,0.09755370692905646,0.09774489993559227
0.6416470851486779,0.637431010845387,0.6398642094392973,0.6391701553447674
0.04014762780103799,0.0354391033405648,0.03420714818278734,0.03363842092612043
0.03216636730614835,0.034710599147657874,0.034950170114883265,0.034745787075242174
0.014137596045952366,0.0147681524191094,0.015218092974321642,0.015256828763128406
0.016981535459837917,0.015895907540023027,0.015523590353973559,0.01548707384208344
0.01059404961348117,0.010994584939992773,0.010732726075233186,0.010723561715952316
0.5601410998396327,0.5683842336949042,0.570114905491701,0.5716166811890229
0.26712336000000003,0.26457731193290474,0.267965337211829,0.2665072991858098
0.045863839999999996,0.047618254539470294,0.04785101350337897,0.04730114881244573
0.023397059667582598,0.02635286561716698,0.025794889320135614,0.025863262646617053
0.06843763780418126,0.06412357872217787,0.06274958416826268,0.06256703668488486
0.043414799999999996,0.045668189670659956,0.0446308959152576,0.04477248169565736
0.04950651392,0.04788685867945277,0.04682694282846161,0.04681156979936058
0.02881234796624011,0.025630308951753156,0.025316897779105858,0.025371315444139
0.022871299947432002,0.02426760884775891,0.02433255086577451,0.02421241920411098
0.020041813846492895,0.019455546600049795,0.019536850790655973,0.01951094473514224
0.037774843523951177,0.035814501684359845,0.035402723483488295,0.03511784987083066
0.013480683243889497,0.013067051013860149,0.013143606697146894,0.012981112909694451
0.012248001098657023,0.013890443197814323,0.013717763764286742,0.013848390200696989
0.09157753497899346,0.09101790022003028,0.08957177454109383,0.0898078371445471
0.041007876364510566,0.044424184876109434,0.04424965609138429,0.044325894593298054
0.013142552103420814,0.011640810390586597,0.011746162340055178,0.01164325689605957
0.05022963624164828,0.054248533892944345,0.05335322637039949,0.05344236745012469
0.03156792007259488,0.030318775926431184,0.0315835924803445,0.031711392028061884
0.022308227217472398,0.020893952544780405,0.020469783090888326,0.0204644882690827
0.032797580134291626,0.030889782440337032,0.030662728627156365,0.03073054239256157
0.029963029124820472,0.030548151495300133,0.03047620999527221,0.030121382006584353
0.040922921088,0.040837317370144656,0.04055916373316591,0.04059499415123246
0.022919290040557906,0.023469103448678263,0.023275368574081197,0.023046708857600462
0.09698858738906266,0.09957693947254201,0.09908107712103911,0.0990812312753036
0.011152095888403591,0.01175999163809363,0.01244976397890829,0.012477349270866545
0.012147971299727917,0.012893458426980774,0.01255909706246269,0.012572996976992037
0.011570439699755193,0.011582270986960458,0.01167544506671617,0.011594151076227141
0.04244016,0.045948497327814364,0.04506743219703944,0.04485701109200322
0.5608470970028268,0.5664287066291587,0.5675522359968178,0.568128493183089
0.02082927477352305,0.020195931408670514,0.020387558828085912,0.020295790257347908
0.03691897707306181,0.03673938258778862,0.03552465565387229,0.03542407242504731
0.016900337314366045,0.017725443582283108,0.01774055962260336,0.01769721811185103
0.010507933570071182,0.010123784622835946,0.01032249911800458,0.01029386086144815
0.13840820804837156,0.1361938552452381,0.13898411247593628,0.13895346068689537
0.03862032,0.0392115105458092,0.03937610381085329,0.03948875840873153
0.015048799017997825,0.015988030814768642,0.015887581793949234,0.015883359269278117
0.029590684908531627,0.031181455627365535,0.030855987366986543,0.031415830459035995
0.01988872876114118,0.019936034599228047,0.01994598769443514,0.020059259420241997
0.011041085372134244,0.010295008114677087,0.010409711514386482,0.010408380022782123
0.10631437619369856,0.10602016707508177,0.1043291855921635,0.1048372909114043
0.0723086284668892,0.07506046287339971,0.07515665671706483,0.07505831769735123
0.03806778968226901,0.03698049286317473,0.03622254261765062,0.036286729347179005
0.031498744099770236,0.02737874896595559,0.026223213992957045,0.025882081608249414
0.010603382574484671,0.010974000778127968,0.010933768156277337,0.010995506062821639
0.019512673767326523,0.019514441601869638,0.01936606645119367,0.019339590888196364
0.6619115004738647,0.6580228230461677,0.6586112900033286,0.6582294826753221
0.03478274615034749,0.037171585292767595,0.03641953360073401,0.0365545161073601
0.010470436073987956,0.011136782710244698,0.011248301597090163,0.011251166902451037
0.06392928197583596,0.06693555675509667,0.06774773654662845,0.06799115281587274
0.1144082237274386,0.11690613659919502,0.11680334867591702,0.11641560137815364
0.1456777230627823,0.15001159360174418,0.14819535362376274,0.1472176757961389
0.7442369102135528,0.7435887164935715,0.7460811111135497,0.745047200736795
0.010447460933210695,0.01083792422980734,0.010502223060160493,0.010495985943552522
0.01871639338935656,0.019091309268647254,0.01898144922612107,0.019129077985951325
0.09331344,0.08957867078092895,0.08981686322843434,0.09007762177798341
0.11586579139541005,0.11484542032605762,0.11391328949082034,0.11373619164315182
0.12369215986414953,0.12801516860219922,0.1243770708165177,0.12465017682502073
0.7396722246878676,0.7447474591695679,0.7473906554517398,0.7458925606986971
0.6801618065657608,0.6843995553453,0.683709745194013,0.6880434543579929
0.042687595658064736,0.04182361988161587,0.04200496605949186,0.04192042007922646
0.5492844508841218,0.5385862066884861,0.5394558714172736,0.5419765725208523
0.016874693856208597,0.014945497048602928,0.014272424754845374,0.014043315527622493
0.07674190709942302,0.07723314021045996,0.07743562751664332,0.0777530966747793
0.05609896938420937,0.05432875124790636,0.0551661364464983,0.05532277689149124
0.1800974359658595,0.1656507464367753,0.165780090037388,0.1643350695422304
0.34974456000000004,0.3565918389372778,0.3552049282548072,0.357961528486025
0.111842450949164,0.1153992255487789,0.11179642385648583,0.11265570827780372
0.12001794778943911,0.11458459385467593,0.11454831729084412,0.11406470166044724
0.033048181540423,0.03248983667308979,0.031802306442014365,0.03205633676778902
0.11652348135446577,0.11526198902866211,0.11603077075370684,0.11608746392749027
0.03136735520044886,0.03340442048793978,0.032627390706146786,0.03277202688373027
0.056584385424,0.053356858946660736,0.05338096447372069,0.05352495571716783
0.1549263469765679,0.15893790623146214,0.15860174439449187,0.15795468987557837
0.0679472585190838,0.06880416809468927,0.07003130471604399,0.06998119981767113
0.03741424142721452,0.037567114835713726,0.03722712017260502,0.037375506615974864
0.023556261603950756,0.023732189727587633,0.023506889815373314,0.02351459648906747
0.02482617118967269,0.02383965645592589,0.023699939857241833,0.02380272251121233
0.021326426190694664,0.02214147099507567,0.021975973199501342,0.022080008322456553
0.03460413253576594,0.03370144903726083,0.03390385877692725,0.03385541232960784
0.7072658882482405,0.7167235818453367,0.7168641182032118,0.7174382740739195
0.02428674079653382,0.024868829369485233,0.02430025976707208,0.024312528059728503
0.1243719516167571,0.12444803879727212,0.12437413817542001,0.12448870311425113
0.5419530780177216,0.5467790613437427,0.5464001079342251,0.5491313388367391
0.05634928499819427,0.05421186980723811,0.0532939299847659,0.05321161243493708
0.029972927743126106,0.031699959351378794,0.03179937985901726,0.031604763022669145
0.18458234356269543,0.18055737350071538,0.1786513749741232,0.17970358322113764
0.18253400751670548,0.18356380469238556,0.18254316661268552,0.1817852960623616
0.016238606081513843,0.01720049799983433,0.01745215115322558,0.017493030725883072
0.026219370244797067,0.02658151076752442,0.02620577081479674,0.026169353429641037
0.02590528,0.027172356423445173,0.02850727940673577,0.028398888116346614
0.06212782142267265,0.0642956414138714,0.06523673114763262,0.06481058643500809
0.027321430014120476,0.02816282829151762,0.028639964678726836,0.028680871541426074
0.10473451770177772,0.10953407022472508,0.10838559657925115,0.10743620490436738
0.10098880784205885,0.10247412784644487,0.10168076600177636,0.10116182258147063
0.04767616704197107,0.0492961876504008,0.04902167074415529,0.04920197056666415
0.06337821880798208,0.06619836158833704,0.0654794098834013,0.06556577945544564
0.011481611236826278,0.011872320075952379,0.011611524603416782,0.011641734945634277
0.03478274615034749,0.037171585292767595,0.03641953360073401,0.0365545161073601
0.90135136,0.8962169851265398,0.8971253394953064,0.8939190404841199
0.016166923057705472,0.015367259857075113,0.015476150450626768,0.015435887845407332
0.022871299947432002,0.02426760884775891,0.02433255086577451,0.02421241920411098
0.011300550912000001,0.0111288912831836,0.011013887244229081,0.010993991457018395
0.13682674544182535,0.138404745390816,0.13465568760880978,0.13467691346746458
0.011319945668009002,0.012051499072371975,0.011914197783930748,0.012004503609052707
0.043153439999999994,0.044953784733795715,0.0452695377473003,0.044772204950952875
0.09776858346882121,0.09767984396524904,0.09923844980249062,0.09906286704512082
0.023774913755049424,0.020945031803962837,0.02044701670854194,0.02046142830246718
0.18550032018112808,0.1914898195534157,0.19347166448727368,0.192865648087224
0.14655453965188808,0.14161881267990156,0.14353616575642003,0.14276271518841022
0.054863373340404746,0.05854674236774581,0.059039759231689685,0.05949322441649876
0.019073877800185372,0.016502365576431,0.015962071538651663,0.016034238165619923
0.014500639999999999,0.014752969691526565,0.014948530097929852,0.0148274488040916
0.010214259410694435,0.010841105506806791,0.01067752722932208,0.010617110679055013
0.04042082246399999,0.04235180047545669,0.041435301670474385,0.04154082916581001
0.09820512,0.09415413451577523,0.09491710044615129,0.09468325582500604
0.19975962964790678,0.20331327250789896,0.20592755697325663,0.20602909145838652
0.047580000000000004,0.048204497315064494,0.047342403265523594,0.04748300720378152
0.038899401229134954,0.043886204733445705,0.04372336948535253,0.04321618576399227
0.011277937679090284,0.011971046434182571,0.012026658389054996,0.011991256746674304
0.018280858484021237,0.01733591233943107,0.017151984469917902,0.016993099773171566
0.07588427870497538,0.08021592298510566,0.0804999770523999,0.08018146643376181
0.7119056997719929,0.7172225629319097,0.7192948577384218,0.7198241491060796
0.17613477263974398,0.1656010374521493,0.1648063468135117,0.16502147020350627
0.011920196696102203,0.012756478132919353,0.012632279627121271,0.012672659409689466
0.11506541665920843,0.12270830890594003,0.12143664528706283,0.12157527749806409
0.14639165885549216,0.1480404332434871,0.14536885179437034,0.14518448608650328
0.05430486923240293,0.05703506673851703,0.05644061073492962,0.05648024310581503
0.023934388797304702,0.02523406574038938,0.024930032937642118,0.024891232673952907
0.10452979059961046,0.09739261450428419,0.09714822485882917,0.09685662885206693
0.012800724411016914,0.01323084085614785,0.013161548753061626,0.013307341267958184
0.014743515935617532,0.014848447724896203,0.014583089347434295,0.014608092888746241
0.11893129664625797,0.1150816756744882,0.1145737550449032,0.11450561607092605
0.640057314540515,0.6445230354322268,0.6460505496667368,0.6467037738536469
0.025086853814210965,0.021887212181153665,0.021369304483665173,0.021461335426118625
0.1032906800827379,0.10270795929633549,0.10242564135199882,0.10289972734809118
0.014714129253730524,0.014598813069687262,0.014521900393999225,0.014558864502808135
0.07279991043128464,0.06837910098627564,0.06673926591770571,0.06641938670317013
0.15458836892774963,0.1530738011933136,0.1530448143666941,0.15326082219676884
0.011139384053191571,0.011797970287438876,0.011714654866710864,0.011604018798454213
0.01071084230127483,0.010387351159843931,0.010335024422866122,0.010357226393107767
0.03306965364560623,0.033750955074273906,0.03382149204891918,0.033833961961741654
0.5301555730787282,0.5272166964541013,0.5282662806145174,0.5311681086191243
0.011333471961091858,0.01158742166005739,0.011671144228977194,0.01180017635397218
0.8487315200000001,0.8519791212927007,0.8528307344364653,0.8512989856312168
0.02244089808340589,0.021879393264083644,0.02169933190094286,0.021636144362067386
0.012481280000000003,0.012371892407414823,0.01224172015656481,0.012222997663192698
0.017653657985092705,0.019143384114831182,0.019286180390571082,0.019385029183391495
0.03212435825379337,0.03242244517470506,0.03262054753031122,0.032692042193671854
0.022703580495090237,0.02423919235738562,0.0238626103632969,0.023796001780457966
0.010093436779519283,0.01079028860933889,0.01092464514773288,0.010897748808863648
0.5246635522886487,0.5340320754364432,0.5365768091476896,0.5379878422636317
0.009754457713302512,0.010097215426112228,0.010323612337344742,0.010363689484384686
0.018098137254695796,0.017366526634127463,0.016825674577542627,0.016675447907900473
0.042085414240737994,0.04371092869105171,0.04275496545174146,0.04295360757990544
0.01053492135263079,0.010226233157772421,0.01022576146303895,0.010239217332190092
0.04080523632859127,0.0443510954281696,0.044244055908821744,0.04428814377988264
0.08950968896124543,0.08381925559657573,0.08367914811344007,0.0837267822075554
0.7079790704219953,0.7053680314870007,0.7091798935743091,0.7088107320898758
0.03490719609931859,0.033584841352327865,0.03277805408382664,0.03305417301727387
0.17825471923330044,0.16510607038883302,0.16434709246032886,0.163845830682393
0.5367516661043119,0.5355763076598098,0.5368326125076661,0.5361267885328602
0.28355712000000005,0.27918416499686394,0.27598507016509527,0.2772066470014696
0.014086166288780299,0.01471150361330027,0.014395368277754414,0.014459194373330389
0.0642002713838094,0.060291139913858004,0.058714553406386746,0.05863526693980321
0.5052107874934108,0.519534277938853,0.5242199110117784,0.5213162855432465
0.14845713696717433,0.14743276864710364,0.14683572377307583,0.14675565027315057
0.85573488,0.8515833237021099,0.8499832340576114,0.8545375513018939
0.040849423194108066,0.040130540402479764,0.039883797607211065,0.039735156560817254
0.5367516661043119,0.5355763076598098,0.5368326125076661,0.5361267885328602
0.18763888908842852,0.17875670022780804,0.1796066778466495,0.17942155086562073
0.16218545398982204,0.16522296267445213,0.16574509735197385,0.16490925091163533
0.0346634275040304,0.03386701056490663,0.032947297549123344,0.03323200534156395
0.011959624136792638,0.013100247510400995,0.01321921498627964,0.013387916449412033
0.03080956388232515,0.030602020026241766,0.030854811732517185,0.030885123868452463
0.020036595918679817,0.019851270155420504,0.0195929025474146,0.019491857976631072
0.03914435795133174,0.04133232936287979,0.042179529287745474,0.04198664472299658
0.08956192279203509,0.09421643997055572,0.09533180627838338,0.09471580711700002
0.03574752174332526,0.03587750424790558,0.03575114662158937,0.03573473946443373
0.2719578156246482,0.2764508279724199,0.2769323060227155,0.2773304856359746
0.03342515008240939,0.033826786090736825,0.03382288369142129,0.03382213689637418
0.056990458087850485,0.05680722854584023,0.05708592385625127,0.05716849245337552
0.027850899703956572,0.02476562596107107,0.023998461100218853,0.023584691993745372
0.6807535448071306,0.6920429418006823,0.6929183140239272,0.6907064122772345
0.09852007087454706,0.09621311842088967,0.09404298738674084,0.09470173779503895
0.06696768682162096,0.07007474955696565,0.06924397396623679,0.0693435993054065
0.034901910838116425,0.03531478946374541,0.034273752466792234,0.03443017130306252
0.018485060572403966,0.017010933155819797,0.017171403747642446,0.017090824936053055
0.11720644712645974,0.10845958181264181,0.10794812140911116,0.10755703927025231
0.8448136109759999,0.8519977044865629,0.8542262115270346,0.851133705912662
0.0318478360235361,0.03399798587075579,0.033337419273820564,0.03335960487924636
0.048324719999999995,0.05089351498062229,0.052090850039658104,0.051589454081444025
0.6786196281509718,0.6800736661386497,0.6814424213265136,0.6813763885153948
0.03789609065840174,0.038111547156824285,0.03838801216592421,0.0384274900836457
0.8427431639938213,0.8510894238029632,0.8506395849519961,0.8485200262468333
0.6974479330943889,0.6921356725018649,0.6945546349579975,0.6940519065119893
0.030596128133538215,0.027485920203432934,0.027871927429374437,0.027918181465076387
0.1515984552201665,0.15511602731315277,0.15447944959915236,0.15422526650148788
0.01103740309104376,0.010472051999928676,0.010354141247745936,0.010327995699244034
0.12804893446785096,0.1273170336727268,0.125895887077271,0.12654143912476923
0.08267147646884675,0.0848414275223845,0.08418461862903924,0.0841968647819522
0.009283198149769236,0.01018406242088457,0.010125803147217416,0.01012678794720702
0.07167162368831234,0.07174874785363965,0.0701589684440813,0.07048275983826086
0.096849841248,0.09152408467493735,0.089109432672498,0.08900782193578295
0.03560371941327065,0.03382801581136647,0.032985957931597094,0.032912762207276444
0.02157261968520828,0.019962322253139212,0.019879276716708198,0.0197710299037643
0.5498252648280891,0.5544290137271378,0.5564137361024045,0.5568607101858616
0.17514961404988205,0.17798932811226773,0.17651377638931176,0.17529275276088752
0.08884621177014147,0.09318013954267429,0.09433858345276742,0.09388377633740266
0.055195729318118295,0.0590272711434714,0.05935124561985283,0.0599676178670329
0.02208359206701824,0.024979688262603317,0.024350340156161124,0.024413101823278213
0.2690944099070414,0.2646929543883052,0.2670192932014203,0.2665096250958523
0.1870561297425108,0.187758169528324,0.1866809952979022,0.186112284431
0.1419218633004579,0.14382665318959925,0.14516851500904807,0.14557703405220943
0.0790208085095838,0.07868943887427289,0.07665880673546342,0.07674593235232259
0.03339696463370438,0.03471903752942342,0.034201469330099966,0.03425198143775047
0.14842435826163525,0.13859270418754918,0.13757880086025812,0.1374495159058001
0.017579229102686392,0.017949434098379926,0.017400454198816025,0.017445938536580923
0.6452058082656816,0.6358228981477593,0.6398804824249943,0.6401819631242078
0.29719909720247256,0.29977867198915514,0.30418468218237016,0.3048172197039149
0.02896511644754694,0.030499934138525062,0.030756880369224016,0.030459797484470547
0.1075328,0.10161265571723622,0.09963199962569298,0.09890596837066998
0.042124202624000004,0.04569161763502233,0.04463210297119202,0.044570274318055644
0.018228154114043382,0.018310705610593378,0.018453848699363062,0.01842058421979835
0.7280233607367408,0.7356600160866412,0.7396812643827329,0.7390827641032682
0.011700670846569441,0.011818112520440035,0.012010581071940718,0.011933755400591403
0.07859172070022452,0.08044447999412536,0.07983633213234569,0.08010253254175818
0.11893129664625797,0.1150816756744882,0.1145737550449032,0.11450561607092605
0.30111872000000006,0.2969439849001279,0.29496019773282306,0.2941931413633848
0.064284067741759,0.06355437502776587,0.06467342818288459,0.06462088617352992
0.011468679765728507,0.011838773165574747,0.0123031707018849,0.012317138990976698
0.6220122041845315,0.6207110451720836,0.6209508502638048,0.6221632119623275
0.27960576000000004,0.2780321057393965,0.27629912458582145,0.2750399458316335
0.1499672651722545,0.142852274374552,0.14157437312860083,0.14142736914320464
0.0925826237107194,0.09181990875032052,0.09350037258322857,0.09317566843023471
0.7456521772581425,0.7448990216171348,0.7482547138639606,0.7466775651846246
0.2341423592762903,0.2307445172380693,0.2337895175824771,0.2335516123156802
0.027558549397631818,0.029407181466742673,0.029803662370397006,0.029729275888526325
0.12610089805165564,0.11442430865228129,0.11355731661730314,0.11346607218550299
0.021601679164660353,0.022605801460177877,0.022517825553562968,0.022424599617780632
0.09343728,0.08938793767328884,0.08990181824669943,0.08964669321305034
0.042697200000000005,0.045770572417029184,0.04471460063190254,0.044676656876204604
0.0519808,0.05047645713488979,0.049358897877381305,0.04951375526821217
0.03846882128324789,0.03473420075150555,0.03427644630072834,0.03431392227036068
0.1478594136179429,0.14860097811491849,0.14966340348434304,0.14915614628540155
0.020496379378734785,0.020113436389418583,0.020477674129454636,0.020464120771484025
0.14617731094385372,0.14079526462605718,0.14144596191960376,0.14164397729010506
0.011114401286486995,0.011885824118557854,0.012192100599334867,0.012144385346092489
0.84915984,0.8516734575094884,0.853712928232061,0.8477733824695417
0.02663298993500813,0.02815436249573004,0.028451542531213382,0.028250761714946348
0.01859992521066845,0.019406084942206876,0.019378090350351106,0.01939532206168118
0.009518195780593501,0.01034395702355732,0.010219046530241081,0.010310112111994358
0.07866658601597142,0.08161636506843226,0.08074971921542644,0.08075091079819557
0.189041845237349,0.18155419895374766,0.17985950513907625,0.17973693256747028
0.02192183522448155,0.02496877481576639,0.024436612923869987,0.024412888762760494
0.09252758387351834,0.09467458798021726,0.09431075448715627,0.09384906250599928
0.14227855821625104,0.14689254336459756,0.14526143242808592,0.14411475689535697
0.0649545149557086,0.06650921130727507,0.06731964663445104,0.067620684865827
0.015779976301909693,0.015292181045450597,0.015307907995053403,0.015321266939216057
0.1209728454122084,0.12289042484089117,0.12198485112323496,0.12152206056109637
0.5973972643163521,0.5976343206672238,0.5982524181290575,0.5990764548481176
0.22717495897390833,0.22967920189467725,0.2278730963685462,0.22761235434243807
0.011030160530650913,0.010197119307214269,0.010329862491073054,0.01028522850470422
0.83403408,0.8310830743618876,0.8281182537930079,0.8326249166438795
0.03862032,0.0392115105458092,0.03937610381085329,0.03948875840873153
0.9137263200000001,0.9084508917187606,0.912514091824325,0.9111833654483849
0.02624336689125603,0.023278185138816094,0.02340712846586772,0.023273435560677604
0.17591575236951926,0.1646289031404091,0.16426767648531926,0.16342365879431547
0.0633826878649551,0.06141369537784208,0.060041504225042244,0.059992530361298084
0.17153074907641738,0.16578485182920202,0.16463715537615234,0.16488135379296295
0.019567023468673526,0.019872513823094923,0.019772961036294143,0.019823613909927932
0.11584973930381418,0.10920578116430832,0.10900645803903207,0.10870682796220553
0.015150559491980303,0.016370168446863304,0.016176911507619112,0.016123662210090997
0.012601805317970343,0.010723944663643835,0.010413846734770065,0.010454873576816695
0.3579744587362719,0.3582936479553019,0.3538982611449339,0.3522681573383666
0.05634291901210695,0.05582369316005227,0.056128244561672064,0.056130488695390064
0.10253410143271816,0.10266308692476199,0.10278853334887125,0.10289882931107235
0.06415721167113002,0.0673817085137849,0.06669343388830808,0.0667026617481015
0.1562226755396222,0.15439386372371913,0.15314686285732027,0.15300125592369918
0.027139487775215097,0.02435380660765707,0.023561627724619085,0.023273851732136
0.16174188072538814,0.1510404560930149,0.14990747014208883,0.1493166903763322
0.701869623287295,0.6950771803790515,0.6968093871398506,0.6939823777274696
0.07581612,0.07922295951415159,0.07984326635441898,0.08027273526840416
0.04220751208465574,0.04135916703278862,0.040156119230069044,0.040417107009573204
0.033343299508946676,0.03308836736037464,0.03255890518362807,0.03233738727625224
0.020588004994096645,0.020907673769449645,0.020810404239137298,0.02077333365323023
0.28354144000000003,0.2784150178012918,0.2815917226613557,0.2810137167508353
0.011962810586429,0.01255949052816546,0.012654744296120797,0.012711081854422077
0.6551488603322645,0.6637965402059782,0.6634311258367733,0.6639255843940365
0.09897611555843021,0.09436476754143394,0.09431914911810452,0.09387153887821313
0.017579229102686392,0.017949434098379926,0.017400454198816025,0.017445938536580923
0.1297116093100389,0.13244053972861808,0.13149929634788704,0.13157511760036722
0.009893845482778895,0.010257447659216497,0.010338756325916786,0.01025624551274699
0.09434192629170038,0.08913050513330535,0.08967807896157172,0.08939124997137843
0.021004885109814884,0.02113442968728112,0.02103587094498399,0.021171287650403034
0.01667624943837974,0.016827449137302393,0.016882713343775824,0.01683600312724469
0.0742806236827923,0.07615661485333965,0.07542455506399436,0.07610264171655902
0.15839162546275457,0.15951987920675537,0.15528969250952604,0.1552443861864987
0.5401855201276815,0.5483515792282485,0.5509291229768188,0.5507106051557175
0.025920917858896844,0.02465696077330369,0.02569766436023496,0.025720259560141963
0.34974456000000004,0.3565918389372778,0.3552049282548072,0.357961528486025
0.07917911114898504,0.07124802040165416,0.07013382622352635,0.06966691289876106
0.17431095127915003,0.16583662507715335,0.1660253557582031,0.16616720759888634
0.02117335827540717,0.018786681748687382,0.018608679263388467,0.01866078463838687
0.040838755104,0.04378186817611258,0.04285939867526471,0.04262566861622249
0.012070463124101247,0.013690172989569916,0.01349683105238065,0.01364903608008895
0.28926464,0.28553036217428157,0.2828803447643184,0.2825741540275119
0.46441109058626256,0.4565916402011613,0.4566899602690089,0.45918859466925527
0.021283234129666997,0.02260429241026388,0.022750968491957013,0.02262530634348447
0.028682194665400812,0.02842387387958216,0.02920713957041819,0.029276337879639458
0.024392959999999998,0.025831110917664903,0.027099762946066225,0.027044892827662915
0.024818467183042578,0.025828657566870583,0.027029527345496317,0.027065792486401733
0.6848794394209409,0.6820555826707527,0.6847019610146665,0.6841735791165133
0.03073633491504931,0.030722507405131782,0.030683575019317403,0.030484242492866277
0.06482829036489719,0.05743069954898123,0.05653651303165013,0.05587696275516828
0.03010243919236407,0.026288919507158125,0.025171944266146884,0.024843976228218406
0.04776112,0.050549948854709204,0.04939619862709739,0.049609464532834976
0.09453544,0.09810462022368208,0.09875136395083119,0.09929990915191221
0.14449970763980163,0.14257266216608136,0.14269127451061528,0.14268033032981212
0.014694612425693353,0.015269280454347155,0.015369977494799727,0.015333307931694353
0.78095352,0.7912191118849711,0.7894909169249062,0.7916468715968519
0.09766848,0.09387475976531964,0.09449157089325291,0.09423830288500869
0.8121438,0.8044080810606872,0.8032786567561341,0.8033049428448195
0.05119936774139945,0.05489900598333552,0.054868863599903915,0.05466174808497894
0.01130612,0.011409965644541728,0.011533764053560066,0.011519416321145356
0.04169372599488102,0.041930412503645514,0.040793729199453725,0.040723060263773814
0.811726901081565,0.8165733295435494,0.8164140339953895,0.8167735285140332
0.12507737950153572,0.12546169184522055,0.12578120257359351,0.12585720620186888
0.1011750639321639,0.09069974818891419,0.0902849482805411,0.08955266678496976
0.1871142,0.1799816290156796,0.17789312917457323,0.17882356653980355
0.05554607549385368,0.05869517782901339,0.059045734743519554,0.059379349126898996
0.6559813980817614,0.6517409588212381,0.6538050674511532,0.6539065928180623
0.09464251303306151,0.0856885673449878,0.08600381212739312,0.0850984680340657
0.04119191999999999,0.04468460039407239,0.04510933301313553,0.04482745381060508
0.029122146272087115,0.031928458547676286,0.032152117616611076,0.03208328083841981
0.03576836653345311,0.037359468216960845,0.03685618419816877,0.03691429363245494
0.07062268604127316,0.06592660561363949,0.0646870619384661,0.06437959737404525
0.06249656000000001,0.05931635967036386,0.059331897474909794,0.05950845161297458
0.02901699430883555,0.02950453015783873,0.029443360435804998,0.02935686873828514
0.013557773844894002,0.013912543069626145,0.013497402961041047,0.013569325483503555
0.014344118264760924,0.016028473713936935,0.01606683540726398,0.015931392925152596
0.06435696492116262,0.06791232666422622,0.06864251809522194,0.06824820415955367
0.17500818761519452,0.16424381156970483,0.163720015424221,0.16244676563044874
0.033140970144019115,0.03264349963552909,0.03191697993027219,0.03216465952413173
0.040685633856,0.04064990812960943,0.04046974129795314,0.0404309227349885
0.072819183168,0.0713079524187409,0.07184109925443322,0.07149643720269842
0.023305501824,0.02455240954525008,0.025690916403775518,0.025718755142005358
0.07349759312316088,0.06897821725015926,0.0675187237978688,0.06738779114585387
0.017734321547765535,0.017423073756745705,0.017423575888042966,0.017285696491959636
0.011844362646048882,0.012263485533878524,0.012099829026718916,0.0121612107134567
0.5714517993636491,0.569175914109475,0.5732007574149257,0.5747929358465762
0.07739383496390566,0.0802834657045536,0.07985165184921864,0.07985847602529292
0.07622198588942217,0.0766033502855526,0.0762237688746872,0.07634740857968517
0.536586671565217,0.5364004160326893,0.5382026882682472,0.5390911641960717
0.12873486508324106,0.11914364268550737,0.11867183797646443,0.11843654151402719
0.696800158647331,0.7028619742806231,0.7064955480877784,0.7046584051971522
0.04101385414278365,0.042366025002917064,0.04249859396754568,0.04224648849851208
0.6275868164144487,0.6443199889619091,0.6460655801386352,0.6446512975759561
0.04279528168661489,0.04487903802530057,0.04415255154803561,0.04427289737392692
0.814023020765306,0.8073077798372778,0.8080719785683286,0.8053787054984859
0.12182623138361282,0.12231322303172151,0.12041998501872338,0.12119189831776256
0.90988552,0.9117547852942304,0.9137597030394747,0.9086671970656266
0.07861732680805691,0.0827230781967117,0.08346212279731088,0.08330151395066718
0.08204768981151318,0.08650173785752205,0.08727134906320241,0.08679360902488277
0.07108522199199327,0.07176891673622163,0.07038789930605238,0.06973419170335796
0.035884263064467556,0.035391182556796075,0.03496562559594397,0.03498341707013995
0.027650305450865987,0.026947539896670918,0.027245331638126896,0.02733793598789523
0.02374911775937797,0.024318692813929746,0.024130799980482127,0.024494445883698375
0.6110762167710994,0.6172125142196682,0.617455194759083,0.6171219568893592
0.031141888696039257,0.03277412962195559,0.032608140019637716,0.03302210974929354
0.03566553677978667,0.034515376664751275,0.03389392658751437,0.033788585070975936
0.15361867405630936,0.15465711289869502,0.1554562764246368,0.15516929856312406
0.02607571559349177,0.026808569833371817,0.026322956118158308,0.026435300527115065
0.025270866131957764,0.02178592728189305,0.021675910107136955,0.021506343783714812
0.85111436190892,0.854059739361972,0.8529275009000868,0.8495166020735598
0.017922761145060594,0.01807884126608564,0.0180903904408896,0.018029604179905952
0.5142342365754881,0.5246938635841903,0.5268395450519123,0.5277357794566977
0.2812992,0.2769554908230007,0.2741359870867213,0.273934107245063
0.03097064495306836,0.03366695285100466,0.033547581313481026,0.03320304357316407
0.036964219576637765,0.0397647151819788,0.03900904827188459,0.0389423172242666
0.09127701503999999,0.08818699374516424,0.08938221709898472,0.08839692996987901
0.30225833354746134,0.3100525053042897,0.3107757258235379,0.3121278337696966
0.8442000000000001,0.835336604398816,0.8369723922859701,0.8366237424081479
0.041520535703109845,0.04036007082392691,0.039396744455402005,0.03980358795685185
0.05871978296189389,0.05844045131284024,0.058162022260169595,0.057525228088446866
0.03481882955016636,0.03554435927462711,0.0346859605302934,0.034871053695449
0.17036571159300562,0.17184288051942098,0.1740580983921885,0.1741784086775432
0.3590162972346961,0.3627687366298578,0.36636652573223605,0.36671433542698184
0.040195032890258116,0.03917202180711374,0.03850320770388241,0.03834035268063703
0.04074750338321328,0.04429995011183649,0.04325814475531101,0.04346666988837209
0.0986836745898153,0.0975658899453746,0.09813960104062894,0.09816082475160894
0.021122411186650147,0.022252151622395445,0.023405044372825635,0.023383951016830655
0.04031925772165979,0.04199851547788245,0.04135393998254013,0.04147538520184953
0.012165922586389979,0.0125757686246837,0.01250541737109292,0.01269895337297648
0.11889046963019212,0.11833530752388728,0.11809240663308643,0.11735110785938412
0.011527171131620967,0.012099011686345125,0.01221905523765436,0.012253872278684578
0.008920753887324022,0.010153877343390546,0.010026250923882643,0.010114529768589887
0.1698946738145035,0.1640618319627306,0.16236444050025908,0.16227164344046555
0.14038132035438222,0.1324557102885301,0.1320332424942046,0.1315138453098255
0.033286854972787196,0.03504182431917411,0.0343564487371539,0.03496771017180284
0.0228477422343287,0.02071922025725584,0.019664340597344322,0.01930796243484264
0.03518114031757565,0.03682178986948987,0.036168464011627155,0.03628511511872097
0.85411232,0.855599947954361,0.8555993027569953,0.8512137041368811
0.16667237272986776,0.1686437330731794,0.16766899939226756,0.16652541955941558
0.011572345428154818,0.012687238127209758,0.012723324905303967,0.01256554787041717
0.16418312021786255,0.1516692814543707,0.15103454075066305,0.15069557506990225
0.04244016,0.045948497327814364,0.04506743219703944,0.04485701109200322
0.03674879656158044,0.03804317357346832,0.038994614828973914,0.038769960029449366
0.029559761841147256,0.026340837807743964,0.02626970682401321,0.02599455050117879
0.02447333249282676,0.02467505916852772,0.02403756085541563,0.024011140373639956
0.17415587592870146,0.1750961957658579,0.17312584074137913,0.1726263396280303
0.018824201053566685,0.017196112269648286,0.017235297407907888,0.017089844868833255
0.031168069350680738,0.03281575551846998,0.032567334310731166,0.032863633642744285
0.05822798500756412,0.052438927688989424,0.052916094382167045,0.05249678759378858
0.08673731999999999,0.08915334499977305,0.08991151361616799,0.0902548134530786
0.15115326931985362,0.14375794790331597,0.14271161864829737,0.1423658085492834
0.047658653168518646,0.04730902266976172,0.04641436237274298,0.04615362354003978
0.049565600816000005,0.05156672068969503,0.05275646682369686,0.05217050510179453
0.037196216848136406,0.04011723489975867,0.03938555781067181,0.039421608697082534
0.1220893776042894,0.12125347902770502,0.11836451693490505,0.11854621941821648
0.13259613382599789,0.1262536192210218,0.12577366475886748,0.12522127690789145
0.07581612,0.07922295951415159,0.07984326635441898,0.08027273526840416
0.01566150129672774,0.017555827842228772,0.01707676820805802,0.01702905156597805
0.03015051980695462,0.028844594598791344,0.02868441752862187,0.028573620066000532
0.024431544431114317,0.02573827327432702,0.025615240281441055,0.02568670926611491
0.02152752,0.020000031098117245,0.019909548986366717,0.019956233995131887
0.012532726963781056,0.013546111699276182,0.013584197256131806,0.013438247853698935
0.06479024802724148,0.06761991714778227,0.06827486627091638,0.06863209458884235
0.03447323341750708,0.03422244458178253,0.03409765026462762,0.033995620320517055
0.04806848000000001,0.04988947665864378,0.04903122916523992,0.04905080413715766
0.1094470214901708,0.098013144249994,0.09843688471078961,0.09722758644269328
0.028701680000000004,0.029209817805497695,0.029758719681638717,0.029822865999186442
0.171512438380119,0.1659685245435923,0.1649132782031116,0.1653490840293685
0.010447460933210695,0.01083792422980734,0.010502223060160493,0.010495985943552522
0.09094638450215652,0.09237292688043032,0.09359081870104947,0.09368894797275999
0.01170976404392711,0.011630768188474699,0.01168617976658619,0.011621142862170314
0.1431823154233828,0.1436299147787544,0.139780247700313,0.14023212508931646
0.011139154911130551,0.011237499854522269,0.01121102271246113,0.011286941985599902
0.13659835683042656,0.12674387870184342,0.12585938474766895,0.12549148667942042
0.06813847106114805,0.07120087758544486,0.07126455867613185,0.071354319572978
0.16190038512371732,0.14941158669187593,0.1484954103817964,0.14814231424842136
0.7158172695509599,0.7193570437555212,0.7225341013695952,0.7232228507127572
0.5095065271638713,0.500705372202608,0.5050486291685705,0.5025264505011349
0.14086358986004985,0.14236284037918198,0.14115739053518145,0.1406778857151586
0.08557703397374149,0.07956940856786746,0.07784502531612528,0.07756439758095232
0.6993555775846351,0.7008757311347923,0.7021350669063691,0.7005443136485837
0.02531660660348123,0.027770778221610587,0.028120278602799805,0.027972377067335148
0.01857270748687003,0.01618911231912124,0.01560522902288181,0.01569711539214852
0.029715029185878594,0.02848089097103366,0.02829135215663244,0.028187970048713092
0.013404701647008065,0.013760194715058755,0.013679367990043318,0.013500473525044413
0.06143680120722333,0.06179017889789447,0.06271850710698737,0.06273699531205121
0.2023559260056341,0.20752960784268834,0.2081251541744367,0.2088926642771548
0.045264640031999995,0.047014904606656714,0.04798250164342786,0.047673305002669225
0.13669178547851765,0.1401535571311692,0.1395113910783236,0.13884787347693428
0.036964219576637765,0.0397647151819788,0.03900904827188459,0.0389423172242666
0.7489499776860948,0.7559916826230212,0.7567493789305234,0.7548110016398769
0.8682128400000001,0.8643043002671496,0.863481427415724,0.8668610922605482
0.019073877800185372,0.016502365576431,0.015962071538651663,0.016034238165619923
0.012720235153673804,0.012329144017683608,0.012357392713112347,0.012217696982633754
0.06800705964,0.07084541060150955,0.07128634443254024,0.0716920228432135
0.30225833354746134,0.3100525053042897,0.3107757258235379,0.3121278337696966
0.03468561061936081,0.0355531347764693,0.03496573476455599,0.035044207955507285
0.18491199134280412,0.18575629271468005,0.18396033741846068,0.18273916177443472
0.15591776897288978,0.15725126459205552,0.1553913474892716,0.15619909243959942
0.02916321984436299,0.030862627581802075,0.030854746719131538,0.030859268197237076
0.07022810077150911,0.06513119042878057,0.06413053404638262,0.06347824072037005
0.02611744,0.027461549021096085,0.028866281000896166,0.028811323216939716
0.03848320402641221,0.03780846387513719,0.03760957981379781,0.037721666501117274
0.1456777230627823,0.15001159360174418,0.14819535362376274,0.1472176757961389
0.24801838585958846,0.24752902174886668,0.24541101832984225,0.24481125814511764
0.18790380068408066,0.18225995841764947,0.18127873084625368,0.18046250864656407
0.017287118473726343,0.018351108617464775,0.019325619840612554,0.019242479612948143
0.02521457060217076,0.02674968940216845,0.0270474538553071,0.026748327475889275
0.042208634534476125,0.04240171573040461,0.041233020461385786,0.041227054060705016
0.011764367773531372,0.011713484541714224,0.011400729490326297,0.011430894318837901
0.03720018792240126,0.040072838280290415,0.03931961253517582,0.03931009505632903
0.038319432910720874,0.03707953800274674,0.03619238444826277,0.03651343601363725
0.030015110679633257,0.03019069091223328,0.029830616321551127,0.029830766785660337
0.03273520697641992,0.029022006358475516,0.028084750202321557,0.02769823888869646
0.42632383132109775,0.4228939620602097,0.42447719683565743,0.42350287529402125
0.025396173015151492,0.02213415156103757,0.021556527183188633,0.0215730151359612
0.15254644475527432,0.14615333355573323,0.1452252682132994,0.1460417248922023
0.03453078180339525,0.03674198775861317,0.036285381055650684,0.03608784973760367
0.07860255051649526,0.06904128876211735,0.06962480129154798,0.06908835652004176
0.026808486003045494,0.022956538036732373,0.02184119808625634,0.021665621424744583
0.019433515227140635,0.019318540774239612,0.01968979311296281,0.019636988851223326
0.33745804131367574,0.34904735116148183,0.3489844683600666,0.3497342610843922
0.09378610725758735,0.09496986311183984,0.09292892197588838,0.09286169054937303
0.08381945122842566,0.0882812037851111,0.08901327908337812,0.08857673951151745
0.03753536260481122,0.038662198009148774,0.0381083726963922,0.03826767224974282
0.020240093817119737,0.019554831623079534,0.019556531078229102,0.019587591277042734
0.051048640000000006,0.0524799202739966,0.05157782937994598,0.05150651945949482
0.10410721452833566,0.09274640514129309,0.0929105427489773,0.09263637278383015
0.6980181125248411,0.6901108194806236,0.6928327107922632,0.6926700689255253
0.03979583868149658,0.03799153927638521,0.039641349175818,0.03974071543787118
0.012257917275264466,0.01281330185529884,0.012804886817628234,0.012881876207600194
0.014321854810810495,0.014544354068624131,0.014388787521029279,0.014473676935165505
0.02120766454444984,0.019735970222769066,0.01965023850420245,0.019665562803672914
0.1116009101573404,0.10859630368080787,0.10836449374803017,0.10808243455484771
0.03181492352442105,0.032385790217308946,0.031346784504180644,0.031199906096007916
0.037946950362762404,0.03884054764504138,0.0382988017881213,0.038390383052328524
0.015934534816506505,0.018192919973989616,0.01772451215075326,0.01779760822463834
0.030387983964872405,0.029368016350174473,0.03054850890469114,0.03063475580278506
0.010859089473620331,0.011729679380925045,0.011639969666405736,0.011587229442371274
0.23920724516946093,0.24783602226928314,0.24829516040108762,0.249693854448623
0.015393735283004613,0.017442532832275877,0.017385865541455485,0.017264407763716832
0.012430082189603694,0.012241765429746383,0.01235899626624767,0.012240899295260477
0.05348456,0.0561157022038011,0.05720130145674053,0.05693307478897133
0.03771755860628765,0.03748676911411971,0.037658414346529945,0.03770794750829886
0.13152705365149464,0.12290534552201411,0.12238069444937809,0.1219477635828095
0.7272206470599566,0.7252256077640047,0.7257877169755894,0.7264023622037301
0.01638811181723851,0.01634831717785582,0.01586283513067229,0.015926084894223435
0.03548433409435654,0.03615171189860297,0.03521085619889781,0.03512492326021458
0.0679472585190838,0.06880416809468927,0.07003130471604399,0.06998119981767113
0.045494276,0.046386260885365536,0.04554158443188694,0.04541784155446118
0.6323526889384359,0.6422259389648445,0.644828534989805,0.6419117736280455
0.028024217192284213,0.0270316739616965,0.02817554713165254,0.028213272716959864
0.038309734688142145,0.035004759436004146,0.03582201795242712,0.0357849787737164
0.0394816,0.03948958515019384,0.039631797004444455,0.03941509059570524
0.15073047112381593,0.1510515431095656,0.14950708480188427,0.1488292734879281
0.04177404,0.0448697563760167,0.045058059649638556,0.04518059413834376
0.18693928832442205,0.17372223519285185,0.17246080197014554,0.17219310933999893
0.04372368,0.047021657765251634,0.04740320118804106,0.04726748365346559
0.90988552,0.9117547852942304,0.9137597030394747,0.9086671970656266
0.045673592803346326,0.04431635323196654,0.044049600392370034,0.04397475550897432
0.667651779467092,0.6642209398655448,0.6650071625247407,0.6635235038296534
0.06774548392373912,0.07198770900747359,0.07231066850881071,0.0722542714976066
0.03079248335066178,0.031445968626789715,0.031434596577598097,0.031071770836083406
0.9137263200000001,0.9084508917187606,0.912514091824325,0.9111833654483849
0.0898744925031307,0.08953505596364789,0.08967906772825002,0.09017459395827503
0.7012800645949075,0.6941954938134722,0.6976824644615526,0.6973289226175331
0.0418893169577143,0.04470404880093833,0.04457196039001896,0.04452574649822926
0.12900829931281818,0.1298722731145819,0.12939015918325308,0.12863740519051753
0.0509587548545363,0.0550123807793242,0.054792055007828994,0.05471196466682595
0.4973515548903616,0.4982429428792375,0.49922524394714446,0.5000876988117529
0.017827926223062902,0.01669920471470035,0.01653121900958846,0.016399149090326956
0.02598305185185185,0.02705854474636053,0.028336467445880732,0.028310063349722876
0.03870583557052319,0.04123426799821254,0.04104485597267601,0.041084324332132306
0.03333027938623784,0.03489966266548327,0.03424855891061233,0.03435198924357286
0.6185138085644418,0.627353337865762,0.6313177957766787,0.6287051902590868
0.010748109381784419,0.010797588086224441,0.01082299104048913,0.010848197363212745
0.03896286840124639,0.03979809133863107,0.040025307061973214,0.04011448346827202
0.17022367555368428,0.1561694524706498,0.15544213330757234,0.15440841524808302
0.017131379637217593,0.01740513261306506,0.016893866135668456,0.01696222831849221
0.07397690058574845,0.07340000514682646,0.07357160602385193,0.07405659371722519
0.93982832,0.9390637320821916,0.9374677227985455,0.935585503813236
0.7019417078099661,0.7013366972796294,0.7061305129221762,0.7032486329740557
0.86043672,0.8541176671097114,0.8538110144843785,0.8585723119475083
0.016516849472439515,0.015769712929423883,0.01557505455280333,0.015438669029021164
0.02598305185185185,0.02705854474636053,0.028336467445880732,0.028310063349722876
0.18486312775275246,0.1737520115562548,0.17293302888559278,0.172027688578142
0.05204284,0.05435531664132892,0.0556090340524982,0.05518203369169117
0.011094447159409365,0.011462301103778615,0.011150550025493205,0.01123753479416394
0.043471860612485994,0.04586575500659823,0.04482425554764169,0.04495361506835147
0.0113925660046876,0.010823742451059186,0.011157844449242263,0.011148656382718948
0.010837560162576762,0.01229997445544879,0.012203580368688292,0.012332184697893104
0.19845786083632583,0.19088064234353883,0.18848965438717247,0.1896293904265815
0.04282735104714505,0.04581427796027178,0.04482112917224127,0.04499281356532809
0.49354674609967536,0.49777683131560196,0.5009473213273401,0.49869031412841275
0.14975012850436356,0.14456880682335574,0.14386981417170458,0.14323276698848544
0.035692640000000005,0.036027164271392215,0.03595708827094592,0.03587944031820809
0.5482432330539911,0.5494278328449941,0.5512295649990291,0.5511608030564538
0.021046261929399374,0.020126492508447003,0.019435395096472973,0.019328522254580965
0.16415322854958603,0.16630960220410834,0.16317810101245755,0.16322108814871877
0.018204578138207896,0.018140884399878925,0.01759555865134477,0.01777992837395473
0.028210373827316153,0.027083989289011928,0.027054215033162358,0.027103339988421953
0.7049714515867602,0.7152758341543834,0.7166894750216356,0.7144861513021541
0.87295936,0.8709408531138334,0.8712194110727557,0.8710838223247732
0.0519808,0.05047645713488979,0.049358897877381305,0.04951375526821217
0.054341264381439186,0.055170444932532814,0.05519809795932436,0.05522838253380573
0.017173316445350303,0.017105797722982284,0.01712021336290188,0.017069129514323874
0.6221211120688555,0.6302456399152965,0.6327127632976193,0.6312565184007141
0.37841791912700457,0.3758005638244827,0.37158024264835265,0.37044181835142737
0.035884263064467556,0.035391182556796075,0.03496562559594397,0.03498341707013995
0.03924045538772826,0.04165811309389786,0.04225521348338078,0.04244994944580711
0.048936754048000006,0.04774703172185014,0.04639966868816814,0.04684084511157897
0.7140785644707741,0.7080440595680242,0.7140028673774961,0.7111619380285826
0.019104852964570058,0.019673696528235585,0.020023160594857578,0.02013514632202733
0.016874693856208597,0.014945497048602928,0.014272424754845374,0.014043315527622493
0.02152752,0.020000031098117245,0.019909548986366717,0.019956233995131887
0.14845713696717433,0.14743276864710364,0.14683572377307583,0.14675565027315057
0.06800186487865872,0.0718890795578985,0.07258893665086873,0.07218058203318738
0.05632794801957187,0.05472302795739796,0.05496311230339665,0.055303636832851784
0.12559358299255632,0.12751711984860128,0.12635560036605342,0.12623058870975573
0.052026456413565576,0.05159727695023226,0.05190052722077829,0.051944156288739184
0.07255965096914027,0.06833133752996445,0.06676817712799232,0.06663194031675714
0.12157561642115658,0.12412412465261738,0.12455788679867673,0.12482164606521694
0.10897410780354838,0.10874806279249413,0.10865000488242627,0.10871103719822263
0.026129863664569805,0.0263717581976374,0.026450491250404825,0.026417994717528537
0.6416470851486779,0.637431010845387,0.6398642094392973,0.6391701553447674
0.32036534019244184,0.3212467566186142,0.32339752782323883,0.3243575581971049
0.025078476746766838,0.026507396572681193,0.026935105461770605,0.02678405932684453
0.016066036807040995,0.01616740485554406,0.01600391694551754,0.015962870997424456
0.4966591109370364,0.508094840200831,0.5108593858447549,0.5110942889940708
0.25932621573784304,0.2561828642047782,0.2543963740627354,0.2538804169253112
0.85687056,0.849770111557654,0.850787207148842,0.8504494700071683
0.011894670016467575,0.01142743238977622,0.011315437318457536,0.011341834300383968
0.016760415677797683,0.015288051760059734,0.015523083551608865,0.015379083823848392
0.060630387151248015,0.06400120875031404,0.06444810107159014,0.06487882258431212
0.7234163985114734,0.7163137406005964,0.7192871448517584,0.7187846099019852
0.021887379853103073,0.02237871612874782,0.02166191886050523,0.021552492838775247
0.014469784737430316,0.013013398994637191,0.012609439470409867,0.012435900022479383
0.03679969064485133,0.03599504775567473,0.035370509078899486,0.0353129725265866
0.018890068227383226,0.018324714260471754,0.0180797366668939,0.018068479584495846
0.8054868718445751,0.8078773086598128,0.8111424433618624,0.8057382204077983
0.7142590728935481,0.7089340742634342,0.7125133959031245,0.7131086255832705
0.012860051005595086,0.012350493766930757,0.012076868839268243,0.012059656732950447
0.01573670509977934,0.016045366670796077,0.016608092899426274,0.01662940001480982
0.058890933115079265,0.05418738127845142,0.054380322233953934,0.05447983759996555
0.02845983000107562,0.02512043762416279,0.024333080666511117,0.02372153873265574
0.03870583557052319,0.04123426799821254,0.04104485597267601,0.041084324332132306
0.018524146915577,0.01767266245583005,0.01718760564914946,0.017087802734730467
0.015111073283828644,0.015831545100526992,0.015566054813310639,0.015543077851338597
0.0678382269221558,0.07001722634816902,0.0696675150533934,0.06998335839115859
0.1770109308124551,0.1786359370512916,0.1764891681346364,0.1760791380980861
0.03787368,0.037849753695279244,0.03787203235181516,0.03785741603288724
0.03315101241666726,0.030255967529898967,0.029839217373163106,0.029819352843876476
0.6831329989906599,0.6755598796610267,0.6810422666913882,0.6777532878876084
0.04720705154706909,0.04974763380355701,0.04868616912079198,0.04883111438933773
0.020554758379793262,0.021709323009008744,0.02274216521707837,0.02276795973377311
0.12198257371430872,0.12383547618474594,0.12270351999033167,0.1219495973864209
0.04106481350399999,0.0425934192441782,0.043001165417816845,0.04253290621904786
0.011700670846569441,0.011818112520440035,0.012010581071940718,0.011933755400591403
0.16050611742155704,0.15376646585846646,0.15284491441158063,0.15303836587331948
0.10410721452833566,0.09274640514129309,0.0929105427489773,0.09263637278383015
0.08397273695496438,0.08465666237220325,0.0847179131189463,0.08471253366911743
0.1802541992124403,0.18329451540505334,0.18234695248989613,0.18222825324673556
0.013240811230366805,0.01176587726129433,0.011807027436353314,0.011761947446517903
0.04759584,0.05217698394443391,0.05201758520295586,0.051538157224031586
0.033509144407711564,0.03234986527694365,0.03214738238573215,0.03215590608720196
0.09820512,0.09415413451577523,0.09491710044615129,0.09468325582500604
0.06624283751627691,0.06980142167884756,0.06896464896327602,0.06895853485572223
0.43591723214380934,0.44523585865901744,0.4499011171738045,0.449381855720756
0.28533904000000004,0.2795982539795822,0.28250586176446724,0.28098556533740965
0.11341736905675857,0.11679956695551011,0.11697899780072511,0.11689918689914565
0.5586522862746326,0.55964601675948,0.5613407395339283,0.5615468312651276
0.017791459960478557,0.0176491526213064,0.017313455108375723,0.01743813670952607
0.5959255617682101,0.5894470640348111,0.5902776770671737,0.5898210073974876
0.03989535716771029,0.0410882444630738,0.04049402845529007,0.04047514401020286
0.011187166453833244,0.012105363271440645,0.012061421082765986,0.012136350919306543
0.20604957349952444,0.2051143702698508,0.2036343044784183,0.20258618868932216
0.14577071650940052,0.1500445678210875,0.1500454667307543,0.149509682653053
0.10324016,0.09751681961902904,0.0950889120877269,0.09454132879788181
0.8844671999999999,0.8874448752482966,0.8945009915308963,0.8869120882708287
0.14445741354872071,0.14672909397370698,0.14584338823153467,0.1454233373156546
0.39665580246399057,0.3932545798253677,0.39060286377029674,0.3875106706046029
0.06850128517107232,0.06328552821603803,0.06276570624872957,0.06244836232645933
0.16892186523890929,0.17132980632495098,0.16961906433852447,0.16858847279583566
0.03938438667542184,0.040300430271963554,0.04082309743211284,0.04090700992382419
0.20267834268815973,0.20652899625757296,0.20744539178435312,0.20775362417223484
0.06862989277089093,0.06507989354994353,0.06483104421160674,0.06460177057170285
0.01931737535250995,0.018341995021857224,0.018667548721503325,0.018657720650126736
0.040678903395161836,0.04093860781157553,0.04074668828535846,0.040866387396692926
0.03704075725481998,0.036945032471106615,0.036817776968843606,0.03689761482970916
0.01135125192582684,0.011795059386580074,0.011777601798531828,0.011726391292006574
0.0395335779588859,0.03579547179727733,0.03539063885651334,0.035256933559870765
0.7281190302701638,0.7302235762527995,0.7289177244905373,0.7294649455779565
0.030632144334571995,0.03021186791918999,0.029790516077422554,0.029936090941235723
0.9400191999999999,0.9400448974333491,0.9455095226167488,0.9370090375672377
0.02731846102593405,0.02719472956052071,0.0269297314364543,0.02684327639191073
0.018460590541862415,0.016930848760044047,0.017067467968333153,0.017001602577804142
0.011067641136502493,0.011497499991564488,0.011453577465843301,0.011472746573773923
0.09127154000966999,0.09105907440858656,0.09012198890008186,0.09062061252423693
0.45954485697134867,0.4615333578501146,0.46446437248073114,0.464304822757865
0.042483382656,0.04374212248146107,0.044025418165525854,0.04369801614393944
0.6881625146881184,0.6908159264351599,0.6973741479894501,0.6934621231888891
0.22717495897390833,0.22967920189467725,0.2278730963685462,0.22761235434243807
0.3798471217152264,0.3865229028908056,0.3890100596381209,0.38889494891777115
0.6838690338155097,0.6896586538420756,0.6920556047026876,0.6927064314920597
0.15419017966580267,0.148187275376269,0.14801501940574818,0.14825695499636193
0.01657897995079498,0.01608359626717382,0.015850412328554272,0.015848892673234236
0.75358032,0.7513230937348013,0.7538419229797251,0.7516739816091589
0.04126908412135867,0.044136919183319925,0.0446396377088097,0.04486822649715111
0.14776589846137347,0.13975499191070065,0.14037335514946858,0.14051376900434734
0.22766672308800004,0.22587146482906845,0.22855129759941475,0.22804535631900094
0.04212118998647113,0.04555542295041443,0.0457329121533991,0.046285890600753006
0.012578291175592504,0.014258822688508116,0.014094269144643115,0.014227616945307862
0.015450108958356468,0.017720466639391915,0.017414461508830897,0.017449687748231756
0.6194727667408084,0.6300871374302989,0.6336777653282392,0.6335320105427593
0.08267490623192159,0.08264922318582991,0.08382099409708946,0.08363934434065146
0.011389758346931667,0.011736304092676947,0.011542199220334344,0.011514520145751213
0.6974891490229022,0.6977624625770571,0.6984407618434085,0.6980718464016361
0.013283570742482952,0.012903618003517255,0.012964685248530491,0.012805935196913355
0.026001947919070616,0.022699929192114852,0.022170512247484866,0.022237413057487426
0.11036174530017248,0.11217730276133439,0.11329252834374211,0.1136676129597027
0.041760902373821455,0.04062149769896974,0.03969567117731488,0.04013168374851083
0.05795032631021785,0.05811477744978342,0.057610214834790834,0.05717713176821058
0.7317709423989949,0.7379458038701244,0.7389285019472343,0.7390383875834651
0.6478319018882762,0.651979173425679,0.6505637203313128,0.6517866311180724
0.013825664608983393,0.014393761286788898,0.014293582691193681,0.014320139420127772
0.042125473098217486,0.04157484127135922,0.04042546441323843,0.04078725723476596
0.04833376,0.04707562380955616,0.04574787284170426,0.04611973771098796
0.5688972287367496,0.5791047801854565,0.5829203695187305,0.5816275512846841
0.03052957967351562,0.026972697514311587,0.02581364675211525,0.02544592535088983
0.013960403728674216,0.014545178096087038,0.014510467725269517,0.014534286890606431
0.13229927643102946,0.13558049824812296,0.13431350027858777,0.1335406420422244
0.009929360000000002,0.0103013277060603,0.009978664757145145,0.01001612819696185
0.16269921243540647,0.15898634555393532,0.1574750564439221,0.1579309605591789
0.1558113319189201,0.15345058075709392,0.15399997317070785,0.15409163947930785
0.7340760491502051,0.735614306616974,0.7419153293003147,0.7358668935426652
0.029005235557182887,0.031379172503627366,0.0307660181059859,0.030764945389123412
0.016900337314366045,0.017725443582283108,0.01774055962260336,0.01769721811185103
0.022549252067897204,0.0228073820809374,0.023178770981901266,0.02266254312273963
0.1042625349467955,0.09338366601783987,0.09365613350766352,0.09290586804164291
0.0950336,0.09797553285672154,0.09933823732161713,0.09924778961914409
0.018103566474945758,0.01567843595641253,0.015675331771949415,0.015528742218256295
0.01828970912316346,0.019351575996805436,0.019271036216310423,0.019453120874863495
0.017790850452651344,0.017181284001801623,0.017142576117662803,0.017196941905479317
0.13607248927861734,0.14719487047396065,0.1456122844190126,0.14578688776736856
0.1478307333645132,0.15066629541952897,0.1498749180827723,0.15068748540212892
0.0899296279673618,0.08397884292053547,0.08195146056501446,0.08164805591949817
0.1612446455769867,0.16419998311339523,0.16249193342940468,0.16202796981643172
0.03422582859397933,0.03201648297568783,0.030860983291884657,0.030664457780106638
0.016868192058994237,0.016584419503495602,0.016500943144972382,0.01656956585742577
0.359330339912818,0.3574265625067225,0.3598506307168043,0.3601256676782097
0.501013268577407,0.5094946732887778,0.5111970228276987,0.5116786352737728
0.013106227472022393,0.014584227070997983,0.014585625583627394,0.014475156696495458
0.010574643711069868,0.01073492546594438,0.010685861824942147,0.010651101355786839
0.08999793140228421,0.09653865617565702,0.09530698006105083,0.09525953516058393
0.037403374078611176,0.032586961667656976,0.03242347459693015,0.032099296955887154
0.1392909851947826,0.13800013496517943,0.13897162556166778,0.1390527143569528
0.6558627704019199,0.6483291914944268,0.6499876391996409,0.6478445890534259
0.014796221783984143,0.014413596753012048,0.014516564192367565,0.014402639914935783
0.03507020686233383,0.03570609321264169,0.03590694034540605,0.035994054371098
0.01864346316624563,0.018434913914024513,0.018300661193556868,0.018385008751769953
0.05099507011705158,0.05471627916985499,0.05445127797346209,0.05446043001804467
0.018498147173991245,0.016304293318297854,0.01594097825609058,0.015998457684538038
0.15065522266877862,0.14673731981742538,0.14518204739853197,0.14612504405676785
0.15512987658409658,0.15470409727005185,0.15395664067201364,0.15330934615767658
0.03718297458395479,0.038657366699083776,0.038141628735229756,0.03819701913975632
0.046358608039406925,0.045068848705296836,0.04534814114894675,0.04529076488430011
0.02192183522448155,0.02496877481576639,0.024436612923869987,0.024412888762760494
0.41535728853044457,0.42070030206095643,0.4240662532155067,0.42410521833406734
0.010456478684745203,0.010780073874012168,0.01071350059642435,0.010863579342962452
0.04375517720868599,0.046065367982934105,0.0466260741002556,0.04691271991361126
0.037537060262315125,0.0387770487121085,0.039098980048317494,0.038786711696004464
0.13272238661713345,0.1346811325765344,0.13357171638244286,0.13298366504402237
0.6093536881761109,0.6130780993102135,0.6143133937774409,0.6150044434982177
0.2879481421258109,0.2865805352467346,0.29065074466950747,0.29071322629139873
0.6557170205873974,0.6647194941998221,0.6667038588139881,0.6661453974294157
0.08507067943636347,0.08492464390448529,0.08375877629963686,0.08398794407739747
0.48890608963192256,0.487818320957714,0.4896886139203225,0.4892816057164555
0.033800892358064924,0.03567443740524551,0.03523203725411963,0.0354071373739716
0.09304814743264209,0.09760340934803831,0.0986424846667675,0.0979202325301164
0.024448095456653503,0.025924606810351844,0.025445745803263413,0.025416086737641813
0.024001786774427387,0.02538374047384855,0.02661765696230527,0.026627069001636867
0.0446,0.04665667166416791,0.04673182299271131,0.04641966031557338
0.17846931933506713,0.16428103372927358,0.16357032654217604,0.1632241571873426
0.1454196405723889,0.14673383253626943,0.14704935209528058,0.14754313855310186
0.07423462307338556,0.07892497884046032,0.07928695706350788,0.07920201054234553
0.0104580129593945,0.010929519900517076,0.010848724955622543,0.010761746953963812
0.019960298752224406,0.017190513789500803,0.016634121025153607,0.016709658028781365
0.15387918905070147,0.14927719472228126,0.15129723444119117,0.15100365511265065
0.02725802161649055,0.026262452067424984,0.027274579649756645,0.027360069461517377
0.021341314474601483,0.024525018691568742,0.024753282523103243,0.024611065245884516
0.07119398409414576,0.0698376118254757,0.07025225910435536,0.07016547477155244
0.09434192629170038,0.08913050513330535,0.08967807896157172,0.08939124997137843
0.07284253486199237,0.07671097111689931,0.07729735493825371,0.07707344057816254
0.11525843039212766,0.1149967345622256,0.11324030919659234,0.11379591969543405
0.08541528,0.08897489941209402,0.08992876664991124,0.08997982495188361
0.022980740351999998,0.02445109351713633,0.025720151122393762,0.025517732340223063
0.6585116435673792,0.6685018092492909,0.6698902122611428,0.6705263405186964
0.049644520045176416,0.04941009326160363,0.04876060670555854,0.04842197655763891
0.1592433756149689,0.16288634312352018,0.1640524224309215,0.16432776166873217
0.6580953772410022,0.6615400638700242,0.6623271857073368,0.6625668374860239
0.07998075874301915,0.07459755058196366,0.0725593829941881,0.07247411496858074
0.5275089426216507,0.5378633158863554,0.5405302106543871,0.5386727771838375
0.6674348985916324,0.6754769473155023,0.6757247032973371,0.6762122699843169
0.1837470690957894,0.18497018778463584,0.18336507423770584,0.1827574700661293
0.11348211226312953,0.113197353638993,0.11287275745949032,0.11355706023979888
0.5912161380409121,0.5969129502918875,0.5967132911216626,0.5965516604186674
0.0749904734576017,0.06897360480804472,0.06766439393124819,0.06731580106633697
0.011062017458693675,0.010659052479116657,0.010482157325347371,0.010517896546078681
0.03771755860628765,0.03748676911411971,0.037658414346529945,0.03770794750829886
0.01980232556002201,0.020961829819336364,0.021348266026502697,0.021317688911345573
0.02687678764036309,0.0262150371059847,0.026054672979815365,0.026153703889483754
0.22933156795423792,0.2249005548606268,0.2237943221096425,0.22371665157438747
0.04527057714166828,0.03921804561743903,0.03877191570499526,0.03834154319031113
0.03048286177920533,0.029488281825940755,0.029070776882844946,0.02897421899990724
0.016478156387662896,0.01639697037327651,0.015934271186577018,0.016001281052042394
0.08510939990831122,0.07933330970957651,0.07749603278830436,0.07719989272270629
0.04577523350400001,0.04750169352923176,0.04779619555457555,0.04792383714064188
0.03474402232088748,0.03568577003933952,0.03573870160909682,0.03548229648359516
0.01872112,0.01980845351999844,0.019879980251655962,0.01977571051436805
0.4703521949317655,0.4689499621594042,0.4725972845950121,0.47247786452967017
0.020732480000000005,0.021882433660170664,0.02148444334427837,0.02157798637188394
0.09212671998250345,0.08547378016073715,0.08520655672363121,0.08529471737597216
0.030505590092958588,0.030025255809225528,0.030761794743501162,0.0306957575829994
0.060886602777303,0.06064086271848014,0.05953767186411479,0.05928538238526776
0.1011598892844966,0.1010775912250609,0.10093904107682883,0.10153336000079763
0.09317774694699134,0.08858962981331024,0.0883740991828713,0.08832711374210006
0.025597034361431615,0.022682672929667882,0.0227756604021485,0.022661322520892802
0.04358303678402885,0.04130013005060675,0.04140806413119279,0.041254329678181566
0.19575804155880971,0.20136911001031338,0.20339992111968255,0.20358193502532254
0.78095352,0.7912191118849711,0.7894909169249062,0.7916468715968519
0.26427845415339146,0.27298484425593206,0.27430604358107163,0.27459734506083383
0.09154958704899853,0.09247901654895725,0.0919033160965718,0.09207897440677837
0.014897370835247586,0.016675166377962094,0.016392665912118822,0.01642537539671157
0.049994079999999996,0.05226606375581685,0.05333161167402793,0.053002651304800245
0.1490604235008812,0.1397032597560535,0.13885464678879533,0.13862447082976495
0.6592372868566175,0.6563243811456642,0.6576197826058573,0.6573815583453569
0.10008264673168164,0.09872323460221305,0.0974980713759447,0.09779554252096259
0.1040441164922231,0.0996216051221224,0.09955655543935463,0.09956314913344463
0.16238997472708339,0.1582703488622133,0.1578222624026782,0.15791529701974194
0.023424455388388003,0.0240726178512281,0.024094909381869277,0.024059196524359176
0.4552291749946549,0.4502870822046535,0.4501998849284563,0.45086151023751764
0.020512962651716187,0.020188277207785828,0.020372897850812657,0.0205187382811374
0.0856575104782213,0.08852135787990176,0.08768561860227662,0.08813019383580989
0.06249656000000001,0.05931635967036386,0.059331897474909794,0.05950845161297458
0.06532932220684591,0.06915222990358927,0.070010388969255,0.06950946675426119
0.10576679185321977,0.1081808703965305,0.10767777704786217,0.10759015815416406
0.011924080000000002,0.011773180036067702,0.011872483037085484,0.011843799944485336
0.30077705318062925,0.3020229866196378,0.2988918167331935,0.29826666826853965
0.046103138112,0.0453739220157959,0.044154362028228866,0.04442283909342531
0.0423030870140275,0.03553133000395126,0.03529850433122543,0.034693469125704146
0.7084972491630427,0.7277362540282152,0.7302582262856113,0.7283273388381978
0.012584309883805548,0.011775764276134996,0.011962128590777079,0.011889119424802093
0.025504679999210397,0.024130819080038973,0.02514300364990836,0.025177353773166183
0.07308394033155441,0.07412121631541142,0.07277741521670615,0.0719976132115226
0.7061381727839999,0.7132441705767494,0.7096345057811165,0.7154706178302771
0.85411232,0.855599947954361,0.8555993027569953,0.8512137041368811
0.1461453254928553,0.14960700053760978,0.14694164594941048,0.14732216141987284
0.037825401164794555,0.03998320061527359,0.03924600711369527,0.039394409394617164
0.04116356091840495,0.03671399205359883,0.03611023258648276,0.03605065875012827
0.07755430998698155,0.07962763784583106,0.07889083428426906,0.07926881971465481
0.14101146718297064,0.12851211708763544,0.1277172000154173,0.12743250693228234
0.025770160062697237,0.027507713035667805,0.028164180307259278,0.02808231791656951
0.029330544946277133,0.029267953812624547,0.029283844155407697,0.02925199533624619
0.2996,0.29461768815114425,0.2971487702853633,0.29696850148680604
0.013559200424229778,0.013435612770380682,0.013582469871732089,0.013635832579076116
0.03587703664791312,0.03867091441563246,0.039045316390080846,0.038916657266091226
0.048250730687999996,0.053271683127872435,0.05306864231005148,0.05244590379742568
0.15343110510273808,0.15654848530867235,0.15445696868980632,0.15330058658239717
0.6517309175854441,0.6455855171549083,0.6478843939295412,0.6479094953799843
0.01617824665661038,0.01618161849702234,0.016357864810355137,0.016272885739966363
0.10512481976076624,0.0969762461224609,0.09688626672411159,0.09647521862300304
0.034565162317823785,0.03416258619745977,0.0343673911314988,0.034402200125217296
0.02358224008069971,0.02397624520767611,0.02405812418291169,0.024222838893442327
0.058856661363606046,0.05996542485511648,0.06069670872882124,0.060930193976673624
0.04175073658706001,0.04081474212270449,0.04020053684570018,0.040359466314771816
0.009724785486372017,0.011125069167747572,0.011304507505320634,0.011257995887927023
0.692089910433325,0.6860043871500113,0.6892453332953613,0.6896453663350381
0.8682128400000001,0.8643043002671496,0.863481427415724,0.8668610922605482
0.02096456,0.022425738609837386,0.022875538863706038,0.022786863202885595
0.04887932570096353,0.041487025058395965,0.0408534655900947,0.04043463806705197
0.19513771705204844,0.19865007117088967,0.20006575901551846,0.2005319697490741
0.03468784155041267,0.03408975405268595,0.033461323422693964,0.033549462303091235
0.21654473269078062,0.21509634901501432,0.21475315907949186,0.21428779195153777
0.19867064,0.19093915785245516,0.1890259705150912,0.1892994355636122
0.09980913914759604,0.09393042456863346,0.09448007898577666,0.09453080101735246
0.011313898682248823,0.011236819063130784,0.01120848690216934,0.011254403885052033
0.03275272754281686,0.03465849413836222,0.03468826386855415,0.03449654504738806
0.04361220864,0.04662128615786879,0.04733238452865277,0.046971707347714955
0.03221000749419559,0.03519954913853552,0.03518869742631046,0.03526507941257323
0.0365679523537059,0.038033242007819254,0.038243362404694975,0.03788288572817961
0.1920844755981195,0.19056000574779436,0.18970756519648724,0.1894420649441483
0.00985080377331411,0.010576331156298314,0.010244430738188499,0.010193418423810269
0.012053779911296691,0.011544658125403657,0.011451051572403649,0.011461122474134371
0.1504213131783798,0.1482717778909091,0.14878462686923483,0.14854711229678155
0.04868129845447811,0.050915759711258196,0.05190694477344018,0.0515899043221305
0.669369473885058,0.6647645884044703,0.6661468706562912,0.6663280523460449
0.07761251178296842,0.06656753174346194,0.0667813893996398,0.06588847338056476
0.014031352088046165,0.01263536748137311,0.012006666154359441,0.01177640439901327
0.03501123293629357,0.033021456731583264,0.033108619163490983,0.033253036214047765
0.010283963176787533,0.010635966942355975,0.010513460540172926,0.0105678131004232
0.01400072218221554,0.014827700077309956,0.01468459693510125,0.014782939121539725
0.6929674546984561,0.6905482769030346,0.6932943322002372,0.6909881779735696
0.029963029124820472,0.030548151495300133,0.03047620999527221,0.030121382006584353
0.5815237291562335,0.5930532178964204,0.5935787516689682,0.5935393073159511
0.1688018914415452,0.17062561962373143,0.1694933595974931,0.16921960945281342
0.020069819315563106,0.01730934427885243,0.017700538666307723,0.01744538362574951
0.6646682208076542,0.6716955275341427,0.6750987732536443,0.675108863993257
0.6480858512489434,0.6541100249632948,0.6527017661424225,0.6537247199547195
0.6250360786409922,0.6179493224740801,0.6208272307950827,0.6213378026841672
0.6398801447059682,0.6442724493837956,0.646355271638529,0.6459274005926394
0.05758648876406121,0.04952945167098689,0.04933051391797376,0.04852200478850029
0.041245760000000006,0.041054947131764184,0.04128671744087943,0.04137854393234102
0.4401956720022878,0.44805036648667274,0.4510217285881743,0.45163192979828853
0.1837470690957894,0.18497018778463584,0.18336507423770584,0.1827574700661293
0.05062512,0.05269478436373219,0.053174784972396846,0.053026294584057866
0.020678083519305918,0.0206767387671558,0.02074303282552611,0.02081215141599952
0.74898096,0.7551180849629308,0.7555164723542375,0.7563907403180324
0.02451462586350928,0.027829059968058928,0.02802622735542133,0.028096671041734824
0.7053063071171788,0.6992269406717398,0.7025014657352054,0.7025912197271007
0.2165872783380738,0.20959842263478992,0.20721724900067148,0.20763544367885559
0.4669145712640254,0.45859362513291074,0.46152947719772835,0.46177493395969615
0.04279528168661489,0.04487903802530057,0.04415255154803561,0.04427289737392692
0.025192132478014925,0.026967903898680173,0.026254389288767322,0.026263787999319606
0.03322580107413793,0.033918279873122834,0.03343784963493397,0.03327285486819952
0.5185119994270317,0.524287801923321,0.5257293284725746,0.5257421749942381
0.15755324085354544,0.15945860083246274,0.15993345657693997,0.16006771887750385
0.010281444727716913,0.010717080425464277,0.010447782522672061,0.010425023449947963
0.033286854972787196,0.03504182431917411,0.0343564487371539,0.03496771017180284
0.017404821706198607,0.017145875639179516,0.01722362448151165,0.017518875691644988
0.8009115200000001,0.7958549993222168,0.7968294316870331,0.7941320491471955
0.14256506026944518,0.1417591502516496,0.14039964592888574,0.14111609224726257
0.039596262678935464,0.039557941182577765,0.040054387893432575,0.040026458246404314
0.07374104520122135,0.0724742336392885,0.07174413415009472,0.07194850414149959
0.3590162972346961,0.3627687366298578,0.36636652573223605,0.36671433542698184
0.3877612883457821,0.388599235121467,0.3831222459941502,0.38259210696754986
0.012556902063415446,0.014239592441816603,0.01409848659900603,0.014264607793589838
0.047709760000000004,0.050157358164117996,0.050486079523783506,0.05025577472513316
0.03373960226564229,0.03233047769906921,0.03177855516711347,0.03197769640320634
0.04319770509993342,0.04312741746437589,0.04292000209437459,0.04313792912248478
0.016058560000000003,0.01630319239623888,0.016189365283565776,0.016191665928016432
0.181082352479537,0.18141022950495433,0.18264953581517324,0.18204910780903896
0.1096568360061788,0.09760748159757367,0.09806358392325637,0.09690553369678133
0.011649869797588093,0.011497391565294576,0.011680965973103077,0.01157180777930007
0.0519808,0.05047645713488979,0.049358897877381305,0.04951375526821217
0.13545000378818967,0.1264108195680318,0.12547353854023238,0.12539220370122395
0.009129205043031899,0.011113786086951185,0.010527736097043832,0.010542704867609134
0.056985231570215296,0.056003739969890255,0.056725990990309,0.05648406512780629
0.16605592062241914,0.16787471686797428,0.167016533205045,0.16755601286212782
0.01195245296019566,0.010400348658520657,0.010153280920884062,0.009998521396694573
0.15065522266877862,0.14673731981742538,0.14518204739853197,0.14612504405676785
0.0229905902288229,0.023484410947764277,0.023028657499613903,0.023143504409365634
0.01309375020251943,0.014828796478482977,0.014696137397835714,0.014812633298541244
0.036964219576637765,0.0397647151819788,0.03900904827188459,0.0389423172242666
0.14608287426784242,0.14722598959036784,0.1477995740094381,0.14809440460372644
0.08629533724397116,0.08593878575562525,0.08556859750161892,0.08471697217156411
0.09066512,0.0936283917268323,0.09450176123989262,0.09487757040638944
0.050886428387337146,0.043072730557358954,0.04245281265846727,0.04193517706332309
0.14736871342783567,0.1526055850396859,0.15344948105896883,0.15392164243124634
0.06693326546375533,0.06770163681798552,0.06893625241221749,0.06860123543303127
0.056990458087850485,0.05680722854584023,0.05708592385625127,0.05716849245337552
0.05608718093759111,0.056106166992927475,0.05554328547475919,0.05520463776951018
0.09642051138479804,0.094611854797445,0.09511768254852464,0.09514001454203576
0.5478782749651646,0.5549886059721083,0.5559547344556969,0.5560347947289656
0.11962183196711149,0.12190436856774112,0.12128463073561252,0.12117493932456111
0.2828617681272297,0.28725734654995894,0.2880331391884201,0.2888890126250064
0.5953108313604767,0.60687247765153,0.6077225456992761,0.6090191086628555
0.02378846264251998,0.024482732956272707,0.02439537701391627,0.024247711417518504
0.8115610400000001,0.8024284562669173,0.8047559433809424,0.8040189553632747
0.03362403689764018,0.0323697030256391,0.03163104968958548,0.0318974111174008
0.30225833354746134,0.3100525053042897,0.3107757258235379,0.3121278337696966
0.0626086963499117,0.06264757663188275,0.06414532777424849,0.06379785404707174
0.2576131413962492,0.25302905677127424,0.25442739638736755,0.2542849695454733
0.053803454961537885,0.05794130034328133,0.057763273803229584,0.057539613579051095
0.7850688,0.7901780152311213,0.7941828135943163,0.7912313599874519
0.053572603953960546,0.050302108651383126,0.050580871232483206,0.05040136146459317
0.04239091727033913,0.042882340196070186,0.042095777269489806,0.04175625019520825
0.031386871469804796,0.03303901946283628,0.03243186586086695,0.03256406949671749
0.012072826264592733,0.011748447343302503,0.011567608144685904,0.011590807257926002
0.0840980752697803,0.08304431300004385,0.08325574746549691,0.08369759336154543
0.0847073509734871,0.08056702959108346,0.07882341037200259,0.07880446238409447
0.3590162972346961,0.3627687366298578,0.36636652573223605,0.36671433542698184
0.03830376,0.04082087614658884,0.03993822146945572,0.040103636018028126
0.1075328,0.10161265571723622,0.09963199962569298,0.09890596837066998
0.1597793354412227,0.15893017521894062,0.1547376599319254,0.1549219411146783
0.035491608277266155,0.038462658333382284,0.03793873315740822,0.0380284625955569
0.06076769907959399,0.06437526235037258,0.06456102633107054,0.06453068860062955
0.6226702194428979,0.6160409107488316,0.615832115471389,0.6193038784072425
0.07101037689821577,0.07402077501255075,0.07325998171439997,0.07311011917994585
0.01393127608160891,0.014633151951874073,0.014147824772890364,0.014187845280969752
0.10955481278759151,0.1022707950752944,0.10202311640992331,0.10182802461778544
0.07592473541713757,0.0684937439425963,0.06905965197494345,0.06816855893986336
0.70561224,0.717587415683178,0.7189565956346142,0.7173445327227603
0.058602421961813075,0.06214695460699214,0.06263391943158822,0.06273282542240198
0.14686214929474725,0.14756563408100654,0.14962911534347767,0.1501508524824207
0.5589940702090608,0.5676526395557911,0.5710298326089635,0.5718168780279616
0.01300405978257423,0.014137400113145217,0.013985645049745114,0.013824457880806539
