5K,50K,500K,5M
0.7810218385594946,0.795203784612637,0.7933500405191519,0.7929268848692648
0.1590655135682448,0.16390163260819354,0.16440368672000977,0.16364722199745965
0.02384311882948399,0.02219515376026335,0.02202855131460056,0.022046942938685275
0.11822223999202494,0.1237230105665197,0.12392627208916196,0.12444229149087659
0.06215692366759982,0.06086939627647285,0.061603750717642375,0.06186094775425522
0.02210848583416328,0.021371488137788212,0.021327963424741928,0.02169705421400676
0.02240904701240739,0.02107648884206007,0.021271088022687387,0.021141320856864283
0.6117317292794989,0.6112736719387956,0.6098024392417868,0.6090242145904995
0.09535453310195258,0.09199982230936367,0.09164411066290906,0.091742020547169
0.03205744474960372,0.03242813375953179,0.032737249911235965,0.03272037950663189
0.119736621133155,0.11753951011565628,0.11816362101359122,0.1181827930297889
0.038292482629724935,0.037328799795127904,0.03718082277215267,0.03783281603153711
0.10710522229662907,0.10033997073806507,0.10206344584869417,0.10246661088774175
0.2667953121996495,0.2678417135054192,0.268885846459023,0.2694429115000291
0.2118494495054754,0.21214292557747272,0.21077510787764342,0.2106089673703487
0.20119834620283797,0.2060887579444549,0.20618711774842233,0.20524010924505498
0.019884434762245315,0.019982998313395856,0.019267593895136395,0.019061941847659806
0.025549201818173776,0.027885199898321788,0.028082906542007548,0.027963821539453454
0.37971534714346133,0.3826947402935347,0.3826140562253712,0.38246014310797327
0.08256695645729567,0.0794274643258005,0.07982852607282755,0.07996643864903244
0.06137770506704047,0.06282481431128348,0.06349489969693357,0.06347574144280836
0.38231388,0.38408533497950836,0.3870936118512334,0.38714436897637805
0.054462362459244094,0.052512761605175734,0.05199742863165797,0.05189329634216289
0.5810629468229842,0.5840160381618389,0.5864291795730278,0.587450770019371
0.4326538199755749,0.437894517792021,0.43841958942935216,0.43813339581164784
0.030676075894972808,0.03185818474839986,0.033543622688141615,0.033458276867136816
0.5953866151887831,0.5906768226554502,0.5894179996471404,0.588969663777482
0.33645029146524547,0.3432730969096582,0.3400587113166436,0.3401926325998619
0.14330673693629503,0.13596718167851168,0.13392629128661046,0.13463577599875484
0.9204783658084941,0.9194882668136413,0.9187857010824436,0.918968764428958
0.01638554515217055,0.013552200715600232,0.013398479551356023,0.013445589008933674
0.015074359325755548,0.018062664664101835,0.01844631411912571,0.018297483897254347
0.01654251845206622,0.017005189289964463,0.01719395880192258,0.017103399858149865
0.059778044903859365,0.05740223379026412,0.057671795489724974,0.05772943918347821
0.02688009374053565,0.027817152315115473,0.02740597742057971,0.02755745810621532
0.6014175053724546,0.5935909726191537,0.5934468913091121,0.592884692188954
0.06942888238465621,0.06436269717445747,0.06406795053598358,0.06449336133257744
0.020739589234051233,0.02482474786598559,0.025208289527425688,0.02502347952494675
0.25377950697724855,0.2519220372606129,0.24793667380562975,0.24838094584529646
0.022710179520750023,0.022238454992087278,0.021350487582594484,0.02106497870651105
0.03919930150708724,0.036654027272852684,0.03724069836475138,0.036923318235700844
0.3000744599705603,0.3047496514107005,0.308814608035692,0.3085090513388306
0.013183842406003631,0.01358499775237215,0.013606788864909037,0.013692346077633243
0.22469326136365517,0.22466072360580663,0.22351362510684886,0.22325204076190996
0.1949248875610364,0.18794512711210437,0.18599113583131643,0.18726497954309265
0.5123019999999999,0.5159343286610374,0.5134112694787386,0.5141702530604134
0.098637,0.09299108149352583,0.09212279911821807,0.09272540013100784
0.11946609439911605,0.11785473809792797,0.1171702291664439,0.11702108286684171
0.09431054593810181,0.08621032870730404,0.08474018291257751,0.08500626797912998
0.049227220074117464,0.04981770761826611,0.04989106122375946,0.050026340285316676
0.34153212616,0.3447275914066726,0.3431961013233701,0.3436342078663219
0.8948863940740426,0.8895884013471766,0.8870435003486586,0.8864814067792994
0.13079685938171287,0.1195612127804089,0.11728717948873268,0.11848614478129683
0.2243924,0.23206999094206163,0.23142646024759367,0.2309171407474814
0.25846247300172964,0.26066683701593707,0.2626640355526428,0.26281599499495406
0.052940856269067645,0.05064593427323264,0.05085974335091186,0.050965419132576045
0.711259156956538,0.7028820600946626,0.7029626883030267,0.7029829227126121
0.08997965124125337,0.08907412271206756,0.08862891256040102,0.08885189214200775
0.08590008507143794,0.09177955434305282,0.09277710612573933,0.09271206348740743
0.5084,0.5203432458631361,0.5190438406540534,0.5190385113188057
0.04441247482451985,0.041282544748498684,0.04164571745709467,0.041529122820872406
0.028982945902780288,0.025790119862149147,0.02542861393996019,0.025543939299198223
0.12219291084334599,0.11512026633264798,0.11698743874618052,0.11738704518827563
0.09993261579232789,0.09197920776255158,0.09255156841332965,0.09225208165730359
0.13045373009390793,0.12120652831057734,0.12198098366521025,0.12249898313217177
0.10680354693602899,0.10032823296128289,0.10210413331688652,0.10256985334173986
0.037829073906496834,0.038490568973758015,0.03906994548585205,0.03909712015380975
0.015408379545452131,0.015157752012674438,0.015338021338436831,0.015366701362903449
0.1635619029435306,0.16624579983931406,0.16620126933225718,0.166255244860882
0.5041266589407596,0.5086421922061993,0.5092331657191527,0.5102082016850624
0.40907708917865926,0.4021491276099331,0.4015525753456757,0.40066782049781285
0.013350807522655245,0.013474075636465199,0.013694552837243586,0.013574360417906474
0.1723000760838781,0.17526010400515885,0.17609928872851585,0.1768747103287289
0.06328410799328,0.06258052193567674,0.06268112190423612,0.06209318041035187
0.1465949925840392,0.14898758624972627,0.14817439470535557,0.1475546745228094
0.02309337660646336,0.02428117325710699,0.024460730435976692,0.024471967953826543
0.5077200024665316,0.500201316474275,0.4976674307443417,0.49787494551451117
0.9499438551446088,0.947974287610176,0.9477308125941893,0.9475877641307893
0.017464030856909098,0.018846205097305294,0.019012420210621495,0.01894174804020304
0.02018898556010557,0.018807448537385897,0.01911569318771921,0.01906258185216245
0.041052777865747944,0.04201454047701965,0.04233057683575636,0.04259413712309337
0.5768780242150867,0.582039094277878,0.5850000989540618,0.5850529671819088
0.021627351759542494,0.022018758826924487,0.021503753479486347,0.02153737607532103
0.13657339999999996,0.12685085243551542,0.12810761052283445,0.12888801921344467
0.017196848060036442,0.017435215868647047,0.017732375400434066,0.017847506160048033
0.24355693030417888,0.23717559091890664,0.23693778338285143,0.23581261543629475
0.05003089315979369,0.04451529760151972,0.043953546737152877,0.04416658391256905
0.369402507206321,0.37430850538398985,0.37263425254584726,0.37261644883796075
0.34878521974190907,0.35177215354868513,0.35158143540907777,0.35112974518549867
0.020103917560417225,0.020058753581218933,0.020262505763803368,0.020347816033964846
0.19772945920314314,0.19683570426865846,0.19606980726267767,0.1962579940341815
0.10153981877181334,0.09439462644548802,0.09604681692654987,0.09650566040151859
0.05201890452213031,0.05014012496589086,0.05036437315656309,0.050217136651846746
0.11797653685871715,0.11079299104193296,0.11115179446466024,0.11178821692933477
0.0505353859757626,0.055746145440237475,0.05589351549489308,0.05554391777071104
0.035536544700056696,0.03287872141046736,0.03269662445261316,0.03288394067668255
0.48253647281432066,0.48002910212361477,0.4790449848071627,0.47892148036793813
0.6075138413361336,0.6135228809497018,0.6111414185211351,0.610198100759134
0.04983782073674213,0.04904824829613557,0.049564697813408165,0.049349052021603064
0.06819810544577888,0.07216109464301093,0.07402996828101502,0.07414390988045769
0.027015498129900884,0.026262774009208588,0.026855652674489527,0.02657868636317729
0.016794439598692097,0.016183424048395186,0.0162744890838666,0.016187573027109797
0.23892244984242947,0.23698252735272815,0.23392236675620706,0.23448855960260978
0.6328240129169226,0.6329910646311471,0.6323977661558092,0.633110416134918
0.9418593599999999,0.9410827466899899,0.9412731174987301,0.9415812199955015
0.055661374592519304,0.05263189544778283,0.05316678630162022,0.05344359800316293
0.7668002788526219,0.759137425425005,0.756964319012081,0.7576242635350507
0.7175933367778833,0.7189925422740394,0.7179392596497918,0.7184023534409033
0.11797038062347749,0.11854205227357395,0.11855312676452133,0.11865766098387893
0.6624770503141331,0.6661448426368347,0.6647859676610011,0.664385537616591
0.038790804950144614,0.04007601616830891,0.03970631366839941,0.039651473215198484
0.05214057081232196,0.04816806097170787,0.048587510779784196,0.048454858762424176
0.018439832080513134,0.018130091673106374,0.018415167873893214,0.018387131415638774
0.057392811585836145,0.055038866328670125,0.05554958108207665,0.055581204902357996
0.021379874860413137,0.020237515828044835,0.020512070411273745,0.020802796540563395
0.03526799349638009,0.034652516149690366,0.03461668715667955,0.034664077071747915
0.08028407227438589,0.08045390788661831,0.08124717043552968,0.0809699838818093
0.023015303810013585,0.021865295733395577,0.021947360608085484,0.021991325074600814
0.04078881342497629,0.035636411149325746,0.035719164972839224,0.035791249907046525
0.019248581245483502,0.019244645484200414,0.0193256988687321,0.019274464096177762
0.05756813913893604,0.0563347357248244,0.056348151219485096,0.05581843074522617
0.044790418339985656,0.0439463542072042,0.044250286444542715,0.04405183259599336
0.2395210192192564,0.24115837023151238,0.2425154133068139,0.24295710487020972
0.10386880664381018,0.10640087959112562,0.1074801622411853,0.10743511861634418
0.03663735328727619,0.03596477842545901,0.03654777495422284,0.03652325561558537
0.18645668495320672,0.18853114885284686,0.1857879260241457,0.185539644312235
0.05764601620726219,0.054918393352347994,0.054387665610419036,0.05445752934588628
0.01256329007678855,0.012946360444956893,0.012922133397044394,0.013000182853047673
0.053318570791701755,0.04901419096689498,0.04878670433840412,0.0491540978001125
0.6103618755974979,0.6121075372052268,0.6117881502160778,0.6115518276273941
0.01424062497116375,0.013655126151300826,0.013399995647910154,0.013243607480009249
0.6579131206771759,0.6548219450996999,0.6599191101123422,0.6589622300807794
0.13334274383113487,0.12899857963338104,0.12699530734944925,0.12765580431757426
0.2539617027567471,0.2524846005878392,0.2555645381939901,0.25552907045034906
0.30593162370432747,0.3041089650456306,0.30070437489599133,0.30002029513237993
0.15246287557297822,0.15776291208168794,0.15784182071220662,0.15768240610666398
0.021266141395506113,0.02071131771410406,0.021115727926711556,0.02100073907063081
0.3996084435706354,0.4034933543313358,0.4019217620509323,0.40115170822812285
0.2539567883356892,0.2440836218957568,0.24495708363394642,0.24541292069621207
0.0965793146117168,0.1014364044790816,0.10112374477387238,0.10075402149382055
0.22936654237422072,0.23523814176296276,0.23357436722326458,0.23346052414831478
0.27690470546990575,0.27840564444397126,0.2799917748661648,0.2807171770598099
0.020739589234051233,0.02482474786598559,0.025208289527425688,0.02502347952494675
0.02115771946624108,0.019365834809333723,0.019635350344654794,0.019731481767621153
0.12093775895040679,0.12470603500980362,0.12396620010899313,0.12366980426812886
0.07766820308223561,0.08473791026902237,0.08240171753853838,0.08281352870928399
0.02441361069284908,0.024376144711290647,0.024396868228318953,0.02443211733835547
0.5379585741978863,0.5339200464077841,0.5330197150443212,0.5326589956755884
0.01101834043352613,0.01057886515162126,0.011236519698059605,0.01113208764431142
0.0524813744169154,0.05209627963959696,0.05241293538932748,0.052158608603637566
0.09840286408007368,0.09988897347568262,0.10113208385184484,0.10092620519749983
0.015679790431007767,0.014862546234307406,0.014531118758965565,0.014442671248006703
0.3168110904996188,0.31512139776433284,0.3141240668481093,0.3133275064824916
0.08898587847938293,0.08954520448964674,0.08870426742900786,0.08876287415194302
0.06820190472560943,0.06371449292334777,0.06469518682742194,0.06497028785016765
0.32739148643176763,0.32261914144008697,0.3249316225164519,0.32472489131265686
0.16365054587793018,0.16466906969770453,0.16423134144071821,0.16379586720480882
0.03877544362970556,0.03744731208903682,0.037922572143128504,0.03781287365298699
0.3644911712397533,0.37036950519981515,0.37157953740432165,0.3724186752786136
0.19611338879438914,0.1890901622553504,0.1897954752223759,0.190427757035097
0.12891023892435588,0.13262955323970482,0.13209493165578245,0.1319227423292501
0.6953538837561763,0.6957553209382118,0.6955585988457011,0.6948679976599765
0.8257015785055061,0.8332580141254902,0.8315518825264793,0.8310485997792907
0.3389513617222216,0.34263917398475685,0.3419083047408824,0.3420452319224449
0.1122687403490161,0.1141408766533846,0.11251273468349376,0.1128276795958701
0.38512347667599967,0.3907761669737173,0.3884626351812374,0.3879326098614651
0.15626764373727184,0.15691800261918717,0.15744098479453136,0.15755461177050128
0.014122267128645064,0.015170976871500931,0.015145560003593588,0.015205342359380602
0.019057057359078932,0.01640437177274646,0.016309911773388083,0.016207940351971484
0.43152188976,0.436351791013296,0.43438379747457717,0.4336140274232015
0.6579131206771759,0.6548219450996999,0.6599191101123422,0.6589622300807794
0.012459829232986965,0.012343997682647326,0.012296379049760022,0.012256419256309967
0.7942880270104272,0.8002606279627774,0.8013796552269755,0.800537599575663
0.24421654717992225,0.24860898604692477,0.24946560548908608,0.24985371435756107
0.05950456041115641,0.06151208726770649,0.061665123265286705,0.06149581688491743
0.025,0.025551753806751107,0.027251706912903233,0.02709474347647608
0.12205092958086186,0.11670569066832484,0.11752058669806838,0.11777641700452905
0.061445425785757395,0.05527934852146392,0.05434416741697875,0.05464837386461029
0.014033322691028105,0.01499507542950478,0.015194510107091164,0.015287090285612006
0.7721373714950147,0.7601338821620829,0.7600211460697235,0.7606430139116245
0.01061115199318779,0.010291838316736121,0.010632216604546664,0.010738398219716706
0.3803467660118616,0.38057493539411713,0.3828662689827044,0.38283569978500964
0.6079774485471908,0.6122412619986812,0.6145814084565658,0.6152257574145292
0.02155208132556803,0.020376211122988867,0.020345444105946596,0.02037949521036097
0.39728140845282417,0.4019967293641822,0.40409355639550276,0.4021178441386489
0.03702672403122217,0.03269374403926922,0.03229950149125144,0.032463690988366545
0.032338937808596036,0.03364079074377282,0.03404584527549343,0.034164117237848
0.12355926487701994,0.12280473813684102,0.12094331029168028,0.12067198673160855
0.02211147037835003,0.02108974086769404,0.021172671588458977,0.02115011753404606
0.024869985582083573,0.022990312493959532,0.023049103585587084,0.023191936168627057
0.7268990098395869,0.7256141715491607,0.7229613117000045,0.7228665133973804
0.05153061652842803,0.054510827751429125,0.055092018239539214,0.055236992601890335
0.10253749315424934,0.10034654162815126,0.10003321107031386,0.10014545734641062
0.027691499720534533,0.02740377117379783,0.027167355060120378,0.027408071272261227
0.124035167037273,0.11756816163816002,0.11717537250817811,0.11721634342945093
0.5967613808253776,0.5934365216109109,0.5914740762619208,0.5908791696682832
0.30091096565244324,0.30298247226577923,0.30396095249759986,0.30340569013288704
0.2489139943616133,0.2550235032971307,0.25704606847449346,0.257575634860884
0.028640557394252284,0.02832381545939747,0.028668113490666943,0.029050830001809313
0.11183066869306164,0.10552224402187942,0.1044903343735163,0.10492301370742112
0.1761721975086946,0.17354184425802552,0.1723958572482549,0.1724064607574703
0.034374035068535515,0.02982804391168866,0.029829238604477205,0.02987313097777377
0.015212617090297077,0.01420920590217168,0.014194813193297828,0.014261435939047454
0.037212934708856026,0.03617404666885767,0.03658324904639765,0.03623423336822452
0.06629811310670755,0.06550485152128674,0.06610215720491273,0.06599623182900183
0.07181571281043202,0.07119007494280856,0.07246831761505498,0.07268451780103347
0.09273497139861307,0.09248681828182341,0.09222585182524021,0.09230368629752406
0.1320571745038529,0.12961970559925134,0.13007465173420374,0.1301356636581746
0.1279843278315389,0.12723190551172456,0.12771506855422057,0.12729920838615044
0.45185231839424306,0.4567984932015989,0.4563217960116186,0.4562978435769996
0.1688879577005594,0.167995908872489,0.16968064449221537,0.1698550790951529
0.021828250512072062,0.021738331328485287,0.021888309982311976,0.021919605353241788
0.03660903563119144,0.03331963869792963,0.03292147793421589,0.03303343796765511
0.012514191351863739,0.014343516826368573,0.014022862395144907,0.0140193203822498
0.18300692520884876,0.1820506826396122,0.1835700651632837,0.1833265804504523
0.011605652756639545,0.010709338934231802,0.010870274153200816,0.010922426691562424
0.023811392356763984,0.024167295186874427,0.02445674241624654,0.024682480158345125
0.4314784301623572,0.4353380908986022,0.43722635796815607,0.43671770289044237
0.01728456365222252,0.017850634133464036,0.017861685587348644,0.01798297172999065
0.1287139927081331,0.12052743729459359,0.12123572798507458,0.12168956020606604
0.3693112587880472,0.3726287705588757,0.3721169600175512,0.37247278591629424
0.17039773503981984,0.17745481662754706,0.17951209721996148,0.17901077691321343
0.3404381455881379,0.33535232139027943,0.3326137623720803,0.33249937849901995
0.019980384725273546,0.017948329695366784,0.017722186567950708,0.017804883033234572
0.9044985249244974,0.9003777002870821,0.8984541081075597,0.8980227873598512
0.09444362819999999,0.09179498181159462,0.09067580848970998,0.09122552500030381
0.033310401595291354,0.03161587786866664,0.031815887367156855,0.03176457561852119
0.14637386798739424,0.1354796055299922,0.13718274726331509,0.13772820863291324
0.0801704245383579,0.07831192254352926,0.07931928942123694,0.07899831510085999
0.13615809899659315,0.13037128178133467,0.1314652443939293,0.13183137186675303
0.3771615133639434,0.38236529378613465,0.38141114005937443,0.3811198144848563
0.10686620290218128,0.11084516131019945,0.11057998966319765,0.11073870926661525
0.10670396154995972,0.10748621890313233,0.10826084600025636,0.1082761524056146
0.3816620332227875,0.38553336817890027,0.38517367097338684,0.38539882160024946
0.26238205608728393,0.2608473955933086,0.2621374805652852,0.26210505609927565
0.025005225209867397,0.023220395059821174,0.02352351757917979,0.023336778259974364
0.13587418425032946,0.1361704573133146,0.1347430067723409,0.13455394208698085
0.15420775138330114,0.14900917625189425,0.14689881947899924,0.14752788999120509
0.030661157624527778,0.031805502711064394,0.03202761833626787,0.031884314480001084
0.033405169285021824,0.033736530092247495,0.034011449647902633,0.03393365212814396
0.037500611313682,0.036620862863079216,0.03508639556424008,0.03499270306052896
0.06285563593869041,0.06307210336029946,0.06266118705329686,0.06196213440066868
0.020871643031949563,0.02051045323162312,0.021024247540404214,0.020963333272774186
0.15292204496410977,0.16084146953381903,0.16082966628720763,0.16052976485128145
0.1029670183740221,0.10261620781152683,0.10185207855963034,0.10204611697366721
0.1122920721062176,0.10709498392453896,0.10662961881481538,0.10679786785398582
0.7990645902985966,0.804474134092697,0.8036411547103034,0.8034259616140159
0.36510030740894633,0.36544669251586065,0.3674853425764305,0.36733829741692764
0.13434615675785908,0.13691910893993964,0.13634465937951187,0.1367445370587516
0.09018754232071063,0.0896098975609132,0.09003833771456356,0.0900554213639261
0.5140094693533461,0.5243567517215894,0.5238271592269275,0.5246910328257505
0.08575307853230116,0.08512151481484091,0.08605165034212528,0.08654607988275384
0.021905482527315823,0.022488531205425443,0.02213686707928102,0.0218267383673902
0.23191742485359562,0.23433602668231532,0.23668728302775385,0.23699268300767143
0.6193705739002845,0.6250530219234721,0.6264701058004768,0.6253585043727924
0.2351118,0.22500653909305882,0.22645262330543653,0.22749408397718524
0.9067972753550502,0.9045033150114691,0.9047775719714333,0.9054697637916317
0.37202903514263,0.3703334672047073,0.37268989518301066,0.37279524550736337
0.029544466550764054,0.02806371871120726,0.02739907506199379,0.027456275649789183
0.08291135330563286,0.08168935853323504,0.08181913049373987,0.0818578430191515
0.6733873207507666,0.662638593787096,0.6645030099300085,0.6652131687411958
0.35437569295943483,0.3520965983815254,0.34924899476907373,0.3490366968770685
0.015432556418869623,0.01655127645266665,0.016932114166442226,0.017073947489580122
0.08931032941746057,0.0906352213617436,0.09158232009226064,0.09157235274911532
0.03247875071243231,0.032180184699250956,0.03247767913038559,0.032462412230284156
0.10461758643365396,0.09799580782065305,0.09731162007607254,0.09733800651146166
0.32229660047934655,0.30917117682281836,0.3100545193662705,0.3114021057045171
0.01180800951241417,0.01263052799143398,0.013070841487654583,0.013052392759010942
0.04284026624479356,0.03992309562091171,0.04071342757912201,0.04081018181171919
0.012101034327715702,0.014405159756464996,0.014601135979375386,0.014487717064955562
0.5105692679740366,0.5229742645851809,0.5213249484567652,0.5199495153366633
0.1339319790428183,0.13843390289163743,0.13856921063681102,0.13866732230104198
0.03102051566339077,0.03141576211817769,0.03184920798397034,0.03201545506109633
0.4486463170667621,0.4484470463800559,0.448694924344785,0.44873149736585294
0.12930920140940966,0.1406154959648601,0.13845690104109634,0.13909048400236418
0.052944986963192046,0.04907135496798239,0.047950256810491726,0.04783796834555795
0.016913342072109924,0.016074168957872465,0.016391476425216517,0.01628272325753317
0.06505314390503845,0.06495750512712148,0.06387382726633588,0.06388789234981414
0.1406944448299721,0.1419129488903314,0.1423477869944463,0.14256899668255696
0.01756699741632723,0.018533979553900147,0.018998105462370223,0.019154414629110897
0.01585475191633134,0.01496594169029838,0.014911573830090754,0.015006043824739204
0.9035773230804369,0.9041637439197592,0.9030782601253396,0.9024773365148387
0.12472954624411703,0.11551679124645742,0.1168275855539896,0.1173956782383851
0.0769913457462402,0.07832444623964242,0.07975948346883377,0.07976608431391986
0.5669189144337607,0.5688716601241907,0.5706334520731513,0.5711856886312393
0.2607001565123179,0.25640362105853354,0.25522542001658277,0.25529503505450296
0.023323324970116226,0.021848052405541954,0.022168965401574012,0.022102663403333625
0.015428910169714769,0.01827827977152776,0.018574445059163017,0.018471054466644453
0.05087665494360687,0.0543973405195833,0.05561555692951346,0.055664879946012616
0.05792872037144285,0.06088120361938903,0.06144338692656196,0.06149971072217427
0.023648752022742612,0.024285604389134505,0.025422579033950194,0.025375357536033764
0.01830844193907375,0.019044491503550746,0.018792085781923613,0.018707270777119613
0.47803136385295963,0.478196857584849,0.4779928327318817,0.47727957536196647
0.8323937164709985,0.8352877853678006,0.834027466361325,0.8347199601201566
0.43179256680281575,0.43142377227874396,0.4337290488373346,0.4316286796972225
0.3121568160206972,0.3092819010122427,0.30908358043645534,0.3089342471159018
0.44502117911454003,0.4388004588013736,0.43738022724048325,0.43649992618802713
0.072920212826238,0.07526990741883645,0.07606412978585743,0.07621289526416816
0.31241709069679297,0.31556799270833324,0.3140561607229236,0.31397961001870983
0.010599424905099103,0.011286485036512247,0.01149000161486134,0.011587916345199291
0.45060090527487595,0.4494942505444413,0.4487557936371997,0.4481384805227302
0.01565453511367416,0.017175426684028685,0.017413373034939877,0.017419503416552042
0.03049492993445903,0.0304532288993584,0.030389669942751437,0.030352124702771724
0.7800705963920969,0.7773125846969977,0.7757997428469083,0.7763382069638862
0.17875732579228035,0.1827110845152978,0.18449399722007656,0.18409546839525515
0.5452890674679611,0.5487720351075713,0.5474881344234114,0.5484880269066608
0.012128648816377556,0.010568680213768177,0.010434889035807688,0.010478105997384418
0.015227440000000002,0.014909215359641513,0.014269211222940129,0.014067648163083127
0.0909069059358809,0.09711696399899937,0.0957801461105986,0.09651921341761954
0.32567001750218944,0.3245396519934931,0.32642124984551446,0.3263752456581695
0.14391676359003758,0.13989035835062927,0.13861382366217573,0.13908615160912188
0.04895329875240618,0.04887403879327727,0.04901877551163692,0.04921455139843364
0.8534639857986328,0.8494530173880692,0.848700060354291,0.8484228454185054
0.0190731417915326,0.02004846899146514,0.021131350028965722,0.021003960713942567
0.7582886806451242,0.7692151036834561,0.7677400738315694,0.7676685245985112
0.014810591223763577,0.01436796859649474,0.014745951789277402,0.01467364657422658
0.012840576342052946,0.015433380328068888,0.01571312502011453,0.015643290608637336
0.0845823569794216,0.08587079670421581,0.08489762587891679,0.08482941946555801
0.04426396711262991,0.04035987295753979,0.03979742214240789,0.03975446194142251
0.028481949182695167,0.02954398591080516,0.030011087335018553,0.030048611346929665
0.08309360499578329,0.08908563941344376,0.08699992308822467,0.08751466719799679
0.013762475140890636,0.013713065080344136,0.014021855230741313,0.014049165247560025
0.05886095386188482,0.06137796080513412,0.06278068003654687,0.0628891589842619
0.43425447335858086,0.4334964999274352,0.4342671686518758,0.4345121034466246
0.056922180398593175,0.055131020103847295,0.054034298240504965,0.054142695904821174
0.08827493320162118,0.08603423197294384,0.08563129716977726,0.08568427186702143
0.15202504483694007,0.15445892156371402,0.15308602232261515,0.15296202640037732
0.018824980421012664,0.01776142151721004,0.01782651399915805,0.017718724002706153
0.07520824284166716,0.07127515007476291,0.0711863520095382,0.0713035864369679
0.14806368470329262,0.15478498523870965,0.1538724607262972,0.15393053538424514
0.8277490828459201,0.8269276862252132,0.824821919850665,0.8250842522578195
0.11994921614146326,0.10828543152724959,0.10886256666783337,0.1085744552217863
0.1606407026167954,0.1630855931832529,0.16174739059070678,0.16164529012952833
0.04110195602751215,0.04244555962271293,0.04272511412802998,0.04251706575988869
0.05937156239970943,0.054472780925535626,0.05327104511114849,0.05321000303530393
0.31598976676785284,0.3134366356367955,0.3105115578065346,0.3105579047865163
0.013585426137916233,0.012149961452437302,0.01210393514050994,0.012165727861224551
0.07271540541653879,0.07293189135704503,0.07189567182539926,0.0718488925734127
0.08430294921753011,0.07993576185483976,0.08005589449934489,0.07994559342226025
0.05517445170183578,0.05843472248728716,0.05911452660195254,0.05913069123144748
0.03926417778463609,0.03797769264130388,0.03791971869340097,0.03802229355473638
0.9639039713570383,0.9629126367170363,0.9615850619913288,0.9615146716681902
0.17693190254449795,0.1765409963665023,0.17511760969570545,0.175164700128966
0.033405169285021824,0.033736530092247495,0.034011449647902633,0.03393365212814396
0.10373012648078636,0.10231073234757188,0.10213826807069135,0.10221124562561598
0.3543711217447128,0.3473100741097389,0.3461701011337354,0.34631215739195303
0.013229752054971915,0.013896280028640975,0.014155156615035391,0.014264884334725164
0.28470710246111663,0.28596920510155427,0.28514683147999953,0.2854578498630076
0.06672271103853505,0.0668784674188102,0.06790013659143238,0.06826818351358993
0.031147389167119805,0.03115463536586779,0.031206041304682113,0.03095482612405927
0.014868223059659003,0.015104721815220611,0.014831480323095638,0.01490949143909373
0.15527363302032168,0.1525137929336192,0.15270582702277377,0.15302117871475593
0.3471412795890276,0.34452077177210655,0.34477576507593205,0.3433992768636249
0.09781433649800333,0.0991029542360329,0.10050047657642061,0.10033584248021712
0.14518603663042826,0.144524302617197,0.14583936992861007,0.14580363675861904
0.008729741274124127,0.010341752147370775,0.01009653533677687,0.009941021408360397
0.36462348,0.36035447810583743,0.3593152340631089,0.35877178909672275
0.01776286591515745,0.0214782237622868,0.021795488482666967,0.02162399541958268
0.01835392026249733,0.017981685808598172,0.018361555227514426,0.01823126694860714
0.011199074279949563,0.010405588397246998,0.010574857860806008,0.010687181738074687
0.010302078816014755,0.010690727917291691,0.010588797714975907,0.010621054032055014
0.016241417958874675,0.015157740591698794,0.01541746450023858,0.01550139255983386
0.574009347413713,0.5716189312289924,0.5718767714128985,0.5716175706544148
0.48317659999999996,0.49917028576822964,0.4981447416746902,0.49676717431078754
0.038111042455910786,0.03968800900839728,0.03996775411722047,0.03972681481925336
0.42189263999999993,0.40821130469228617,0.409130032955415,0.4102160336048959
0.13348464560468323,0.1404533666507454,0.1381661338561062,0.13839804995958915
0.291750343599387,0.29560091426491863,0.29457897854643567,0.2947518358282271
0.4279467654513967,0.4213617894241836,0.4191802013831986,0.41944360103630224
0.14227107466167044,0.15287700941185872,0.1503721040952001,0.1511002268169027
0.13745294181323012,0.14008791540499804,0.13871992071203795,0.1386165753204077
0.030725600000000002,0.031033203335810916,0.031063056120011937,0.030986205840835838
0.16185998715322525,0.14871535701486835,0.14627673657709353,0.14680436745851333
0.11889869787715672,0.1200825235462555,0.11984781094084294,0.11916351601901008
0.17483443991632977,0.17154797251360393,0.17075194914422956,0.17123220588990312
0.01990322182250541,0.018696087560839385,0.019126716974252177,0.01895350788751266
0.6122597544097005,0.6050245921208445,0.6045710766984876,0.6038042634871169
0.14786273718403384,0.1361412518955106,0.1336046373478269,0.13415356905747639
0.03406793225852017,0.035584909824321324,0.03590225734642772,0.035842231519055266
0.19488799332870757,0.191281090659085,0.19177801995822735,0.19259908430019856
0.03292767191813337,0.03245522707560057,0.03248174486573251,0.03299576304396138
0.07586490664257388,0.07650550929327185,0.07707005843216846,0.07687260056845353
0.10258897451811222,0.09738411313890555,0.09774846552385273,0.09829719034113511
0.31768568470858183,0.3161665641231468,0.3128217903960573,0.3121532510032835
0.021485040668918803,0.021503670384861902,0.020702276076738264,0.020406053536587396
0.03799401211090124,0.03891836428376286,0.0390325369088639,0.038794607002360974
0.34470891936,0.35106048750556673,0.3512568724726556,0.3512132212170193
0.07878711384502061,0.07932529882409244,0.07885734933369233,0.07803294510042369
0.0856140029241061,0.08412332011914431,0.08400416380505356,0.08425106975376397
0.2976198477709762,0.29884121975832867,0.2999980866369878,0.30006263099464675
0.554832512610498,0.5505695520067918,0.5492399972012622,0.5487463616297173
0.7058453062415309,0.7084976366825562,0.7079199331200847,0.7081282362832834
0.12483691369665187,0.11593278975322134,0.11799309333872157,0.11865352137434614
0.017137463410280534,0.017720864394780336,0.017739978750469166,0.017868981746720972
0.07358549498196573,0.07088329714857698,0.07160670725902671,0.07173106231371958
0.07845844178420638,0.07553129309469184,0.07597028784946429,0.07613793908976493
0.3281468987751608,0.32450484538053764,0.32354350934181225,0.3241556807629526
0.45757340573739375,0.44954221989761944,0.4464436289673408,0.44627449641590816
0.7580333984285539,0.7595211607270158,0.7572625951044339,0.7571688435173295
0.31964003761854576,0.31867805586643894,0.31905747542638,0.31888429865181983
0.010917597912704056,0.010420246976815043,0.010176995978113609,0.010202426812993244
0.08973147017083281,0.09758482128426245,0.09821835568796349,0.09788921353548434
0.011697946832772565,0.011171798397884201,0.011181679922594305,0.01115807212650988
0.014543104997101762,0.013899488268151116,0.01399078273218393,0.014097633235005878
0.02506162658183695,0.02549000801894388,0.025657004242136034,0.02553508332742522
0.24066786459975115,0.2348101456583882,0.23536215199753502,0.2346049843112402
0.019743005682820832,0.018780679026325173,0.019093605050681948,0.018898231193721266
0.38512347667599967,0.3907761669737173,0.3884626351812374,0.3879326098614651
0.1609205332805447,0.16183132503209996,0.1610986103124516,0.1614750920477077
0.08907802639209829,0.08813733768326909,0.08830024948097293,0.0879683990398551
0.8316021605889199,0.8393232803505487,0.8391216396389882,0.8380616467119072
0.06730284938750708,0.07061218240120998,0.07124535931650608,0.07131601898381242
0.02456430460352957,0.024502755246667667,0.0248139618122152,0.024718488119451983
0.03617512413069669,0.036401418992707366,0.03622319541710494,0.035861263533406185
0.715896837235143,0.7125946738390879,0.7125700143163,0.7128322289798037
0.251401226288303,0.25700284623972847,0.2575999954522668,0.25811337090608194
0.5509678227942787,0.5462342614473892,0.545695800285397,0.5460197809533485
0.3823223318697505,0.37478287981435754,0.37599026131533814,0.3766651563484496
0.037611165434114316,0.03257705000697,0.03246715118218792,0.03250765708440085
0.3305978041684755,0.3339321324771661,0.3344019048997144,0.33468088744176017
0.2559552983552572,0.2537447149563233,0.2506256650409224,0.25033138275473077
0.06181158024652432,0.06079547773668272,0.06166304131390621,0.06143473410081451
0.46773499657996526,0.47003342370108303,0.4670157424862285,0.4674020468334239
0.05609113567362898,0.058922917917945364,0.059392891752367984,0.05896995017189885
0.5153141970857207,0.5106195326051391,0.5110070433886142,0.5116080691204056
0.11228641117121026,0.10949061100042305,0.10826559637938725,0.10822273880976396
0.5609204361755865,0.5546892052811467,0.5524578687697844,0.5530627097520088
0.24946727886951153,0.255461821009543,0.25757384910743597,0.2581026175048738
0.042292412591649876,0.038854537204057855,0.038821902781888455,0.03871257503658967
0.02626699229692562,0.026638106530710085,0.027024331888532864,0.02692222321058602
0.7334184412620037,0.7387667500423063,0.7367388217900713,0.7365782611465242
0.018480962296960148,0.018740594388234274,0.018762296026749233,0.01883577172749259
0.051306275091893644,0.05330548002612071,0.05306483866043642,0.05298325051209498
0.24106146312966745,0.23973153195377958,0.2415217889636484,0.24170179320086166
0.8347110368142108,0.8351379122755938,0.8338367265845035,0.8344888196182491
0.2087009626072651,0.2089398170711201,0.21045252803132508,0.21036831886249763
0.06069722273123707,0.05780677094882217,0.057329139337336965,0.057324171982493906
0.1364218695096142,0.1259585817355221,0.12332113291315189,0.12373180188942763
0.05016192673267917,0.052779972538321195,0.051524249257037504,0.051887130547739004
0.41478597895799224,0.4170739788084094,0.4166726505773177,0.41686462078638015
0.5618786797467931,0.5755780558139979,0.5739705818864255,0.5728103495337233
0.0520987425684731,0.05373857118837713,0.053880619990743644,0.05369598715809705
0.7838356654601453,0.7834704738458188,0.7819131346145043,0.7827752254250072
0.01806695550595658,0.01931240647531349,0.020436996007216924,0.02032918005281942
0.07730085351904148,0.07684883295741476,0.07555274364635528,0.07565363453106473
0.6225682437548995,0.6277970525925616,0.6250838608239523,0.6246638146022547
0.1337136472702956,0.1282747344837589,0.12941844634049576,0.12957484055918153
0.2394258891639017,0.2406281637587902,0.2402780567081985,0.24015157285326694
0.013134956122024487,0.012910713714364717,0.01293069541604792,0.012982167216734503
0.1531528969480147,0.1429546005386386,0.1400961922002028,0.14048640950507166
0.039318123913640445,0.041016060938281335,0.04132730655899293,0.041079372201585126
0.13061469805660042,0.11813310783244403,0.11871571573493539,0.11835311957444342
0.12637450292370392,0.1280144342335189,0.12765916097290805,0.12793652048052112
0.30260582862685287,0.3055592093331197,0.30521999457337695,0.3048632828412494
0.08533825142047975,0.07973043118180528,0.08014767410724288,0.08038176079167957
0.015324018037974108,0.016085984203137286,0.015592946472203018,0.015722224780829415
0.13190115237465394,0.12753598380644227,0.12586634923946238,0.12624119802372377
0.306189434779624,0.3175280929960112,0.3191658507054177,0.31955271901296983
0.02385334418890397,0.02343289358614687,0.022521066043377044,0.022211407754441203
0.15582803433746467,0.15160917639704632,0.15287121064618517,0.15309042953852756
0.022144354651095197,0.019966644286806286,0.01967864888979485,0.01977447723368739
0.41659194775557246,0.41202632426088054,0.41479827078592924,0.4146085728688525
0.711259156956538,0.7028820600946626,0.7029626883030267,0.7029829227126121
0.8224014601376207,0.8213659891756135,0.8221872109410766,0.8218090154603341
0.04989280521679268,0.050659664381384376,0.05072119465135456,0.05077435873128575
0.6572398228127689,0.6699442868969805,0.6698188872341821,0.6692566888785133
0.5485057131909041,0.5431277669301889,0.541267960811167,0.540486142485884
0.00954324,0.011434287232128358,0.011185909263150379,0.01101145028465125
0.1750124676559172,0.17525589687753515,0.17564864393088675,0.17550296740682067
0.05747503524849441,0.06011751087439336,0.05876596102819038,0.05909233736366175
0.6430154771045354,0.6454901166180734,0.6476582783714591,0.6474001244005074
0.9194969367104867,0.915667921090171,0.9150136728093164,0.9144651878581129
0.051753783170229245,0.048179518594474925,0.0470805423910816,0.04698971430421333
0.7814191666804873,0.7833597119607603,0.7827977393534683,0.782305108475959
0.04868367764564634,0.04899709359265856,0.04889933206040844,0.04879248682941261
0.07683658944653467,0.07739794984897809,0.07763410880820387,0.07783309728313278
0.0262396480084717,0.024404161047327746,0.024842559531267107,0.024624893623281276
0.08672459215813191,0.0894198021020699,0.08931042826344203,0.0892321017250498
0.06548115837530039,0.0661425689209392,0.06663462515186813,0.06672502894662312
0.07151859548392626,0.0732345441340818,0.07276938368843913,0.0727641602539571
0.36999034599329483,0.37650543537530956,0.3773324807753954,0.37797079875746575
0.5615469847768918,0.563795746446438,0.5639131599669744,0.5639442665898327
0.0370651594685158,0.03605665781438549,0.035897283016150264,0.03651038408164359
0.1278422805337589,0.1186282372392451,0.12009355447745648,0.1205709256125294
0.31364770345987447,0.3251420988741988,0.32572544214969196,0.32582613923858395
0.664875524323809,0.6560527361920458,0.6563553578308778,0.6552494051231412
0.1809886,0.18439330663638542,0.1847646255699314,0.18432041906645133
0.008134670386428119,0.009911601601059816,0.010080254668848983,0.010015454877915437
0.034951823412818384,0.035429490317048,0.035527076992110974,0.035429585052715575
0.29579452459489425,0.2930064793490524,0.2954646932192087,0.2952299726375003
0.36426520027184267,0.3704365139156894,0.37092580073413184,0.3715940235384051
0.9352462163101466,0.9365744112769294,0.9376997953753551,0.9373644258433541
0.12378190636086199,0.11917205923323311,0.11955328396409381,0.11972306148946528
0.043082408304,0.043970321834782444,0.044082295223693564,0.0437441799491828
0.0267976,0.028059949458426145,0.029572026906603013,0.02948455517237113
0.029865252405776702,0.03180636770913365,0.03262920351948721,0.03281256077671132
0.33295343811068645,0.33622929320085987,0.33565453226287584,0.3358358700110685
0.1303551413292951,0.12920079662447592,0.1290504200447313,0.12940814555016736
0.061335458334385674,0.06266227382944942,0.062478912572325206,0.0626992016402891
0.012653502015249197,0.010852403525196494,0.01097064672689492,0.010968657823664317
0.14374761835261654,0.1463852861714101,0.14515827986567761,0.14528185508606012
0.7516592839816847,0.7668162086040531,0.7675406396907539,0.7685408487217709
0.01157664411214029,0.011195925379484328,0.011596719163846766,0.011689396197003673
0.42234643441493863,0.4313266382440082,0.43223606625818994,0.43281566438135755
0.020512976167703555,0.020549442004165707,0.02041504182651572,0.020379185331024924
0.11522460180911413,0.11804736972027835,0.11759287661295961,0.11727383119877352
0.5077200024665316,0.500201316474275,0.4976674307443417,0.49787494551451117
0.2675314907524512,0.27074576853133037,0.26858400951499195,0.2683910756242396
0.3005614055507688,0.29937728958321796,0.29780759970841014,0.298567275756209
0.03693771184325775,0.034275766424462874,0.03493532456479525,0.034594558520554514
0.028458039822881726,0.02854995538683718,0.028662457810675255,0.02868019249868585
0.5713916846886155,0.5667343301329999,0.5644707399192727,0.5649453782484224
0.25249141651713003,0.25732358282733875,0.25864852108064773,0.25940588054949787
0.016332601067905003,0.015892924816799558,0.015225137387638314,0.015000341598440617
0.3935587682842488,0.39740860202982514,0.3980436929747661,0.39765962683166456
0.3771615133639434,0.38236529378613465,0.38141114005937443,0.3811198144848563
0.10415917963947208,0.10445928909913581,0.10471207952928356,0.10470645689377561
0.09136849218913021,0.09937565385202925,0.10018131359411497,0.0997424629578167
0.3125769651973983,0.3162490634608734,0.31517649736768255,0.3147945449817927
0.043714969542369454,0.040371513548488405,0.040491147610775,0.04045397271548023
0.04712056686660647,0.04676658468497631,0.047519663253214904,0.04750253634924608
0.016503664127922358,0.016216756508279032,0.016358620988252942,0.016434734375939772
0.17221111633917188,0.1755449503877698,0.17685612170249393,0.17690222296079225
0.0752252924878485,0.06821936548684267,0.0686707694227435,0.06853999735489633
0.14979398581399941,0.1435744723295528,0.14284340699105594,0.14275676821917457
0.014222198246133223,0.012944746228594445,0.0131097017510149,0.013127000960233998
0.8516596915196237,0.8609630527766573,0.8596659811010428,0.8591603480752416
0.5218587575946233,0.5157774967741878,0.5155870153512572,0.5148309916661564
0.37934727816541886,0.3865533189664029,0.38810009650873895,0.3881939460223237
0.27922479268149725,0.2814562943894479,0.2821411507662413,0.2831418213603031
0.08341210823180795,0.08929033125548043,0.08791133542737714,0.08831312295636597
0.20803675753699125,0.2122878957282617,0.21147762612979723,0.21139764724913188
0.011819523551367372,0.013297957426274647,0.013281703635407297,0.01321141488219578
0.05956077432059775,0.05492117597499513,0.053715644357072434,0.053630005223147724
0.7160372741547844,0.7126986875290686,0.7100933111094184,0.7111285781750872
0.03637784126699638,0.035592367739679505,0.03521487353618757,0.03542291928740429
0.133639070088,0.14121520676680882,0.14042975325240037,0.13976268847370765
0.8025575597666916,0.8098392649964842,0.8115693950508494,0.8108402103537609
0.048453951267801394,0.04946076947775601,0.0491970815278906,0.04878288161607422
0.47227748542712267,0.46036714575958276,0.4584742583572237,0.4574304654327588
0.14341722606268026,0.1485541446432226,0.14773172608280655,0.14780196226658693
0.71708208,0.7089855117348116,0.7085331547084063,0.7097410195554605
0.026583098479983663,0.02287588894268766,0.022813925159910497,0.022671256292650203
0.0332783673736455,0.03546610975663031,0.037389867872936786,0.03720551553887128
0.03480667775421606,0.036011430455172716,0.03621045694153819,0.03620881622772741
0.5950248761678656,0.5931683594200474,0.5931990311824675,0.5915771646854631
0.29098891876676547,0.2988572489151166,0.29772495162079693,0.29767232131355537
0.8585238064308245,0.8520966935726043,0.8496619436659004,0.8492945444319028
0.09137407317262755,0.09105869252879727,0.09191516590460327,0.09254419876142994
0.10957017164712081,0.10618694716677975,0.10658723960974499,0.10716876791056906
0.10464642087647329,0.10889194439169626,0.10815207495683299,0.1074097038167913
0.022835636893076543,0.021422780710135723,0.021004752261641977,0.021014901910032642
0.013291245472378789,0.013346386970424938,0.013563104358498215,0.013440669913665052
0.20725304143314247,0.20907412070698453,0.2111318094306135,0.21141765092063128
0.012379850745175931,0.015448704454634431,0.015364620170400694,0.01514024474762878
0.01734061560338999,0.017280971105407907,0.017767433363896752,0.01759837895619109
0.29723183117590574,0.3111090981131432,0.3064683016319287,0.30626762259563023
0.11641357209245873,0.11611751851516355,0.11658766914404708,0.11602769737447327
0.8844679969612848,0.8795634573379023,0.8827798891098073,0.8825081399025214
0.13003936916039624,0.12069871769080362,0.12145313335615202,0.12095446489502996
0.020919125758830738,0.019438520297738363,0.020096885830751785,0.020238183449246938
0.014442440233308318,0.015073731523376672,0.015105882004397764,0.015196744273229224
0.7695897586453398,0.7735903752753704,0.7719704657337666,0.7720933690559836
0.029117992179999982,0.029887194519141222,0.0313890880347744,0.03133612480500412
0.08874534990857012,0.08869932254185525,0.08901368793990376,0.08908309907285884
0.03188004671477791,0.03156352478497173,0.031063572177658958,0.031150786959191292
0.026168999999999998,0.023784826635793593,0.023388647214283086,0.023498353657520725
0.05037261755461613,0.05445841160305056,0.05512662154112751,0.055073606710451625
0.37799324427420466,0.3900877262070391,0.3896340214050087,0.3885290504972473
0.01896495528499704,0.016517510797801036,0.016886356870630306,0.016804691524569322
0.2014601888044154,0.2060578455546353,0.20634626744985599,0.2066423301302211
0.1928457293128076,0.18792662414702965,0.18897284705043446,0.18942971458269073
0.037626496357727524,0.040012238174403095,0.04056367791426826,0.04059957196659757
0.09420481287580748,0.09412047048582123,0.0948726939999667,0.09548090719038117
0.02392917396843433,0.024085577942542173,0.024554209115613675,0.02452855344732257
0.01217718125445409,0.014043011254662958,0.013753387169617099,0.0137462392240037
0.019020920140186283,0.017600051999942593,0.01757797670894628,0.017613440852811416
0.2186534128040606,0.21748829014892995,0.217046581000592,0.21685979698212995
0.12752159999999998,0.12188370915552868,0.11898969825820495,0.11877573164656081
0.019680261385624263,0.018843970259217045,0.018976449415351152,0.018942427349920736
0.2948007828538665,0.30250488984418494,0.3025683649430725,0.30295379395831407
0.1945765928167747,0.1966233810865896,0.19663633874215516,0.19687790574708633
0.048510880101456134,0.0485254993355909,0.049234749161348346,0.04931716388437987
0.8317450674727391,0.8322158462538497,0.830486624226922,0.8305173630199634
0.016129056821696526,0.017000966454757255,0.017090054469412495,0.017055376509920655
0.8718602582297015,0.8733780958444806,0.8723223343153803,0.8725546393186708
0.7123046654145394,0.7206632968732788,0.7194380371652128,0.7185001163342339
0.14037392354730882,0.14100206578594515,0.14215848438200807,0.14175188072179187
0.01067809593421781,0.010429887516392025,0.010683901392436307,0.01064275710453791
0.011194951908043711,0.013252991732534598,0.013509895381351781,0.013437045742690864
0.10998147235793211,0.11177232535928354,0.11322428874860768,0.1131175286432863
0.04387708897735267,0.04201515427908435,0.04181983147277754,0.04185004527344428
0.10969959791421006,0.11150237719631596,0.11299735841091442,0.11337423684537794
0.23378320569620664,0.23605360557775643,0.23578725967564004,0.23579866909698488
0.048729344794697656,0.052620988794928554,0.053375853203410026,0.05314177626793163
0.04909412909716712,0.04954603307792567,0.04959707584204333,0.04982508309154956
0.01903976099267687,0.01958879706334048,0.02023701884399732,0.020285416710224328
0.5488449636924797,0.5425110487882479,0.5426333391288273,0.5414580998641426
0.18305045061390196,0.18797321681136256,0.18840832217850256,0.18889128289814214
0.06610705275518938,0.06707163296710174,0.06693520207945185,0.06664702223086831
0.42722985431642874,0.4220719084488464,0.4182708762212126,0.4182980661061768
0.19995678807146672,0.19759790233145014,0.19867322789258154,0.19958213450977108
0.03957688540568503,0.039666674017060075,0.03971596173275207,0.03988593835862516
0.11380822627932169,0.11402728520717755,0.11493976395510812,0.11485565584463674
0.19199658308131962,0.19384033671187065,0.19251130449050233,0.19244174693519156
0.07470824764487867,0.07448288548360228,0.07452111254269456,0.07432492762824593
0.662474168314562,0.657201308767335,0.656817796022778,0.6563382704178681
0.16425012403308784,0.165167273453178,0.1643366161799521,0.16428156110702766
0.33542689337486964,0.336764369749463,0.3405683121279529,0.33867627477574413
0.18370694934684517,0.18632409886453774,0.18504478551651599,0.18481110457147218
0.14747734195235856,0.14123349959832424,0.14107085019762883,0.14110392121946236
0.6652780624857655,0.6809556724480929,0.6796017074259845,0.6784555954144251
0.10294216121323134,0.10473739220087405,0.10304986306128022,0.10338524545785571
0.026534693772313267,0.02626431581781516,0.026064323226164504,0.02603169461877769
0.2146101226981429,0.20844527032793123,0.2083899907106569,0.20859614712940128
0.01578478810934804,0.016405883007362707,0.016967818353673475,0.01712596609351907
0.3059792381979786,0.3111334613294397,0.3105576056540013,0.3102744735605091
0.9582788738497985,0.9597072421491681,0.9595061369121348,0.9588382536186537
0.16273832116952572,0.16582871796901522,0.16833748095806844,0.16833144663482164
0.27710574285806117,0.28356202164770467,0.286213721823388,0.28684400744380306
0.1428359959299412,0.1464327399756972,0.14713362844132444,0.14738496936983972
0.7672509372640061,0.7608507369337285,0.7605387618766767,0.7600424464413225
0.16022833089246422,0.15459115941860174,0.15574575929188875,0.1560882866435067
0.5033265310255124,0.5035230705516474,0.5055981590508584,0.5054112808705263
0.1540736761964151,0.15421647097022312,0.15537677778220305,0.15574464655388046
0.1346248605929656,0.13520154377392773,0.13728135894687565,0.1372097393301106
0.06009280980014814,0.05889069957333962,0.05850649775364089,0.05902486796311112
0.0626058748345322,0.06477068488928,0.0653007836828943,0.06555830534232437
0.10741743081238296,0.1022205313926944,0.10133373815421691,0.10144046845509179
0.03627609803670451,0.0358736733366379,0.03675199506537557,0.036634190588423536
0.048850728897845794,0.047379163143999835,0.04729372881429452,0.04686772993742151
0.157790984118418,0.16291793163894308,0.16323187532047706,0.16339078194079446
0.3245714,0.33367304098527534,0.3331998041879914,0.3331637284366506
0.12673474066956594,0.12894432182536875,0.1301161631089776,0.12976510537861777
0.5124721999999999,0.5240911258095545,0.5231217768332376,0.5239471680879457
0.012803850306187704,0.010795569693232735,0.010862168854716357,0.010727935249821312
0.03284278856416499,0.034367306456280736,0.03467097566110573,0.034430347256417096
0.13249100776214578,0.13384399163278718,0.1352791400939421,0.1349246937078767
0.2054306544077317,0.21132778133605648,0.2108729454743715,0.21065382784533246
0.010486746731538226,0.010390308224099034,0.0104072777948127,0.010420314345094673
0.07039308940859085,0.07381526922968401,0.07542098638138926,0.07573719168987061
0.8692245350860365,0.867807164618699,0.8658699899671751,0.8663788160464967
0.28796127127476356,0.290904201110472,0.2909802640699027,0.29213762611164595
0.10670396154995972,0.10748621890313233,0.10826084600025636,0.1082761524056146
0.013224214287409934,0.01471555469900859,0.014974028740970941,0.014909951094458218
0.6119577091158482,0.6034159068583833,0.6025741378557693,0.602042223039316
0.36540432912482645,0.37088104082303813,0.3705881164108041,0.37054985045242905
0.050625080858249925,0.04680489031715287,0.046982695357082944,0.04679645767035744
0.3236149797685896,0.3257635202495282,0.3280658656511719,0.32783198829590515
0.3577487826836969,0.35151664572415947,0.35076111967522394,0.3516251202289546
0.0695113109296338,0.07040552677836952,0.0692093148306828,0.06920924226288729
0.016361416501724957,0.016982700596848407,0.016717252920073953,0.016523923380873204
0.039733331366358926,0.03835432815363199,0.038417479730522695,0.03833849358271838
0.03380825296071758,0.03502471173710257,0.035791424871622374,0.03608561503118089
0.09723715830187914,0.09478800022316573,0.09610604887215927,0.09577219444130973
0.10157983774130086,0.10439053487636786,0.10576772757608824,0.1060903693020218
0.016884816458659822,0.018212272720097743,0.018643444045669023,0.01885186985531486
0.31568435574533915,0.30869269950825773,0.30788356709174014,0.3085187788178784
0.012101034327715702,0.014405159756464996,0.014601135979375386,0.014487717064955562
0.06961225539709101,0.06795237160884385,0.0689791231979753,0.06877038089420492
0.03372192871056709,0.031015664624095066,0.03135795587868076,0.030968540852313427
0.12335262579661778,0.11272921040208354,0.1107692796429178,0.11114031976868245
0.010972560000000001,0.0108682313611549,0.010461827793723818,0.010324878714522936
0.6029347997281572,0.5955478388865995,0.5942143729047001,0.5935281699414078
0.1297565057514125,0.1274876815965826,0.12792146844084595,0.12819812815853152
0.01296127743815249,0.012475699291409318,0.012513937508191575,0.012554073114756805
0.29379795033139994,0.291679777906208,0.28982371474210517,0.28992386650566127
0.2381928408987684,0.23619291157367486,0.2333742184000987,0.23304268748434465
0.09222453920436355,0.08745025829375003,0.08618665301502747,0.08674127928507322
0.020958910069704653,0.025048890047501757,0.02434899041207743,0.024219615103508178
0.45977841406479786,0.4513554937013857,0.4507668478586738,0.4503360690052303
0.05715498395923355,0.05723673503196263,0.05780451299580208,0.05745462596759676
0.33855543633957497,0.34039730075162405,0.34149624069883583,0.34136843108948517
0.3638147946941989,0.3597361870834189,0.35857898066503735,0.358039264537945
0.013745704408568597,0.013609322797377763,0.013894936604539656,0.013799267032844497
0.01372010334758984,0.013905050192472606,0.013732233845355813,0.013782124893134007
0.2048591472801502,0.20999718317905644,0.2092786058157954,0.20938748539444135
0.0865439267285105,0.08742725443971024,0.08934836638717686,0.08954030206596544
0.0559963890423289,0.05703659311020601,0.057183589527977176,0.05725903459190842
0.13540086696631887,0.13694729381840962,0.13669566316210255,0.13641570756555818
0.8049089787974842,0.8058323757007122,0.806310095549361,0.806825297722065
0.13502622213868365,0.13218882522485212,0.13080014018530267,0.13085728206642133
0.014328910707362589,0.015163208359848489,0.015231304961990457,0.015208038045159843
0.6425529909839606,0.6408090148221303,0.6397405173055282,0.639580284761558
0.049492108741417684,0.05011716790762708,0.050027095148193895,0.04950256751346139
0.02257880195987818,0.022439122139376575,0.022134997601976077,0.022136558597810226
0.024711151081407794,0.02579482181114872,0.025034735697368162,0.025186757820971347
0.0157724,0.015429130082308978,0.014758374535255686,0.01458825520646734
0.04358361844565489,0.04348099344511275,0.04425012793877431,0.04405773873586256
0.010853735341703368,0.010617083422740559,0.01051945252737816,0.010507862638731538
0.27656566047382675,0.2798219761854185,0.2807598705347258,0.2806294148252734
0.1117099391273556,0.10558735111446849,0.10504396648953798,0.10499755932221978
0.04777104175607395,0.0496192057370609,0.04979386912051931,0.04964811289039139
0.02988168397651031,0.02951407693457329,0.02968024513977677,0.0296763351419727
0.05590556266802819,0.05658172525921638,0.05720853854453384,0.05704975911714414
0.05286796066799017,0.05203829077033436,0.05241314656267065,0.052452290406621714
0.019897706223399578,0.021519049007582412,0.021185101868416628,0.021266651532517666
0.20041409965624532,0.1989180191149495,0.19673921616363946,0.19650119606209307
0.02890775262347883,0.031580359950295796,0.031609375432887166,0.031492263983998015
0.1210424669413351,0.11568473242823475,0.1154810646165396,0.11564659715688759
0.2609070526875262,0.2648288840180248,0.26460757387838135,0.2645637546534454
0.8353101062333977,0.8372942516507397,0.8379944511326807,0.8381757259682132
0.20133546508570546,0.19893785577879647,0.19736743673461696,0.19708019850110775
0.03570845848764523,0.03707267569226606,0.0370260884314275,0.03705335283375908
0.35476596960198,0.36011159285432365,0.36009096879803765,0.36044299445008815
0.2587091945037779,0.2552214654442396,0.2538091917273416,0.25358894560429185
0.04720612777762616,0.049051196785401256,0.04861740629354337,0.048603572671714744
0.056576442200043986,0.05489781757129683,0.055624535867792,0.05543623688789425
0.41564327161939024,0.40617912457889355,0.40428928566399663,0.40353302110729106
0.20906532107740142,0.20787982604458916,0.20821097702618616,0.20852245310165052
0.32704082644339416,0.32452262908393814,0.3253257380539246,0.3259244442467126
0.04286660422276244,0.042260738968673855,0.042956054424003215,0.042881205227293356
0.024163086303348125,0.022061282295357514,0.02173581148338969,0.021648886005804394
0.10194450786126676,0.10274839370785693,0.10199374753551474,0.10213709828272995
0.16202068538828324,0.16461225388886422,0.1647516440444688,0.1638561756912201
0.03829113993785801,0.03935938174538234,0.039378248930666736,0.03925985467204571
0.023223904102524073,0.023050720693145333,0.02296489811486222,0.023031171335609175
0.25679196234729423,0.25118114917289885,0.25289409637928684,0.2523809140305406
0.040599028575904014,0.04020946547842549,0.04030086456167749,0.040582133065809024
0.04639963386195391,0.046217633107086785,0.04641335252388438,0.046399462829957924
0.35356118905296025,0.3573132954299018,0.3554406739847288,0.35509120303371283
0.12580377286704103,0.12513784080497412,0.12316498096738476,0.12290493496695497
0.1781225057023148,0.1819702103183532,0.18274445925121333,0.18256838979508544
0.057162838040398026,0.05824480212556698,0.0585066806209564,0.058423210860370514
0.3805541066537116,0.38642487109100104,0.3865259037152849,0.38674470203378114
0.18529327935849876,0.18134211895123326,0.1823390181196026,0.18288509431646552
0.41277387202409355,0.41291159623808305,0.4130338848287861,0.41335922833485533
0.1843732505416061,0.18743144989847155,0.18666751801666676,0.1865023078434428
0.012619533754017266,0.012060932960404638,0.012056498064076866,0.01203073987478549
0.044808846202438794,0.04184456292361129,0.04256284226626555,0.04220393968953733
0.0492801634291877,0.04867453807844704,0.04895887162274273,0.04883650114009989
0.06664835837997726,0.06840513896329906,0.06908200686258982,0.06902524692543521
0.4994701143221328,0.4969322572839969,0.4949483722000318,0.49593909722088914
0.20266315057434064,0.197503783615676,0.19733273317570177,0.1976108548880508
0.5972058274091443,0.5882541171245098,0.5861623678842549,0.5850114785143044
0.016358619198267338,0.014435412922877205,0.014474278094596806,0.014517049943432829
0.025397203115460083,0.02746473357628929,0.0281256987060131,0.028367336551996008
0.1631247962738672,0.168639044078664,0.16911179285750327,0.1692781977668687
0.06460642452490878,0.06540022056373376,0.06422088694793633,0.0642222759542488
0.02044385568906906,0.020639603970113343,0.02003047902516826,0.01986834302261246
0.48807550856418136,0.4928423489988099,0.489995061461213,0.48922197746208296
0.09102312689585433,0.08600399141380702,0.08600767302111909,0.08600227545641749
0.16365054587793018,0.16466906969770453,0.16423134144071821,0.16379586720480882
0.05646407850353976,0.0586380682116867,0.05963528720812094,0.060038618840332396
0.03215782965068839,0.030976460619543743,0.031165641837144372,0.031108563298769164
0.04459898538192403,0.03982996996661467,0.03931789670514656,0.0395304789244224
0.44632279999999996,0.4392901260142399,0.43812683082700005,0.43982391512711194
0.7693155564751218,0.7643645802818971,0.7624873570562934,0.7629101114151559
0.02418267606753841,0.02528007483985014,0.025376010758960618,0.025213943964397908
0.03405211380704924,0.0375625470556619,0.036916100636192044,0.037274524709387406
0.041725422893298336,0.04084893886200951,0.04109347597891624,0.040875738866727684
0.10885679025423037,0.1133114025513702,0.1129758999947732,0.1126917455072109
0.12731478195226964,0.13287613638949902,0.13294451927852127,0.13306241074039107
0.06038492616000001,0.06098729658113429,0.06097854465890497,0.060785751597439576
0.05612677182026948,0.05500128630350047,0.05548691921350055,0.055034452648790845
0.020457235394817922,0.01854636005532271,0.018559490003347022,0.018658878035579897
0.33062975857136173,0.3273903069254176,0.32890100288581603,0.3283611236156204
0.13838623493069555,0.12843267663132535,0.12586631379504643,0.12621725925358523
0.27343181053707666,0.27266412486139363,0.26964492999848094,0.269353057823264
0.04186143464410405,0.043748189462566325,0.044177843064334886,0.04423053790942957
0.940422333154446,0.9374151545187104,0.9371494661260316,0.9366672089113456
0.6212573570337544,0.6145586783228255,0.6134089010717935,0.6126785086669153
0.0505353859757626,0.055746145440237475,0.05589351549489308,0.05554391777071104
0.015099227694935949,0.015473837767819085,0.015326416546336572,0.01530828858324728
0.8869457231005354,0.8940363995710136,0.8941594031054831,0.8940426752836222
0.09704609571333092,0.09479742418396976,0.09342984936504638,0.09351256734254322
0.01734109545886411,0.01808577518958185,0.017485135379948863,0.01760611111691916
0.34958872118040496,0.3466363559766677,0.3454569830726913,0.3451427841291733
0.7350417316451385,0.729774973827884,0.7294516711586433,0.7295437006345512
0.18535745422972957,0.18706294907456447,0.1883722196339168,0.18822422920222018
0.049839491600805065,0.04619879161749519,0.04625438728190989,0.046105821458271704
0.05701417000119019,0.056569243893663995,0.056978500652255584,0.057065285193042485
0.022922113812028005,0.020947014844798658,0.021381585055277604,0.021106647714295705
0.011108220146614547,0.012028867212271402,0.011862784916636516,0.011933328725211604
0.28892164026661177,0.289511005344089,0.28859412334431356,0.2877635187744536
0.02861476164373113,0.02876061865556834,0.02969288797719555,0.029786347056383007
0.03656407009413572,0.03507629134446924,0.0351093725893995,0.03502546920511719
0.07643664490271447,0.07463410704077302,0.07497724867053762,0.07518266519674505
0.28361629400213023,0.28699803723160383,0.28826583111456877,0.28963124629688175
0.0811335338006358,0.08050915276831044,0.0809081046027175,0.0811611940385131
0.3530198612589737,0.34383720617907887,0.3429788833313694,0.3418109719964612
0.0103601373590527,0.010219734228727576,0.010038533522766789,0.010053706482030203
0.023325319447359882,0.026646635290650356,0.026867628542198332,0.02679411593323799
0.05430303654647914,0.05229954797079067,0.052894814648335155,0.05329738463248228
0.8337330250230185,0.8337048441429771,0.8328991930259283,0.8325564668440874
0.03871204017090617,0.04033920168779236,0.04065888319225186,0.040409479670297864
0.32553962651988927,0.32526092452203403,0.32425815196260305,0.32462667882200347
0.21874129623295083,0.2208597695263565,0.22100129928075718,0.22074196751874026
0.3266979900488517,0.32918812764586425,0.32995009013569304,0.33084446643046517
0.10703277134773727,0.10893821738725455,0.1099979180344917,0.1095314654000238
0.04602391275153577,0.0428959887100487,0.042911964796902194,0.042797842616970797
0.9716402439941907,0.9725499670307252,0.9732725166322569,0.9736163430503305
0.02976896731009009,0.031025208355452326,0.03264440902956358,0.03255943479931766
0.2548730791965504,0.2565525111445148,0.25798426222622284,0.2566189840286515
0.11834962080888467,0.11344920080797556,0.11347164647574537,0.11362645326313212
0.014348896237921644,0.013982945877818048,0.013957022523544528,0.01396729654172111
0.15078265339365649,0.1536489255537099,0.154212846728185,0.15409026975807963
0.1303551413292951,0.12920079662447592,0.1290504200447313,0.12940814555016736
0.00962861349945147,0.010377006162174034,0.010242028794970416,0.010305771595991896
0.21590780493152856,0.21713961682695263,0.21697963867692005,0.2176289703601922
0.5975763024881823,0.5881477071149253,0.5871954473675716,0.5863097521765257
0.08024932563343967,0.08011939321096365,0.07928562788425907,0.07931354910345328
0.1796218966727716,0.17512671842104757,0.17668241020504688,0.17678341243872217
0.8894289245199573,0.8888313223245214,0.8886091833132097,0.887893907701109
0.017886029360289896,0.018068860388288765,0.018349360799960635,0.018808500380475487
0.11255066526260903,0.10270788581145471,0.10381313691944695,0.10364150087401994
0.04777191941988894,0.04457811052270772,0.045774316693054304,0.04596271660541727
0.34729357382306764,0.35243648516883996,0.3523281822406525,0.35177621884383653
0.3596807815517616,0.3637418944304314,0.3657143403624133,0.3663079899917022
0.14391589389058254,0.14508945778797006,0.14490730293622806,0.1451147545281882
0.020455717335023174,0.021118429690842568,0.021044980629743283,0.021047382579541262
0.343465806861336,0.3517154796471965,0.35419999602421165,0.3541537888139223
0.21233738617996784,0.22142728255082955,0.22140578727706756,0.22137249568785575
0.13045373009390793,0.12120652831057734,0.12198098366521025,0.12249898313217177
0.02822733025521851,0.02908735265862282,0.02911160146484809,0.029086675007624293
0.4185507339999999,0.4256009330632391,0.4244244034396224,0.4247236299978127
0.020268859371208234,0.019966774513529423,0.020443745226221766,0.02035683522109781
0.03762795007925056,0.03687470048552316,0.037587956570656084,0.03745589731024597
0.7658466409160112,0.7614922558895699,0.7630777654279511,0.7630982055995079
0.0949352230786898,0.09093317108359342,0.08982540562295249,0.09024559387486279
0.7262623289990748,0.7266497804579762,0.7306734085492071,0.7295502164102151
0.10299598191813439,0.09300290943452733,0.09374336270683088,0.09354324728805369
0.2915582995245131,0.2937096569133314,0.295609501840783,0.29520167206510783
0.12774728367024923,0.12423947966491557,0.12461292132057757,0.12476670020304288
0.06295642754670097,0.06288427262211149,0.06409118566852176,0.06384793881977838
0.1447682025015307,0.14510424427429924,0.1480479714098643,0.14839278526788677
0.03406234479061228,0.031832443880016166,0.032195017865152914,0.032325500958714684
0.14386978218284377,0.14808474144816938,0.1492387774497409,0.14897627075391745
0.00921349875203203,0.010174225812341281,0.010167110248625736,0.010129644812592686
0.04257153583510015,0.03952274350368215,0.03971900611940163,0.039588764303068236
0.31625899705848154,0.3188424315768727,0.3201077098587388,0.3206279710177231
0.05141944487655936,0.0510145649298208,0.05089572152655797,0.05087965963786919
0.05139004688176373,0.04978060809768622,0.0507577918052592,0.05055590994239575
0.1067200465082912,0.1086247173643055,0.10930771266108141,0.10874072331706217
0.38751620256826214,0.3769054593942745,0.3778023319862665,0.37900261600396296
0.10462046357809093,0.09592879494289712,0.09398530224526283,0.09425860049268603
0.19358184211739013,0.1942576925289957,0.19281675788860983,0.19340472565537498
0.27078629503058976,0.269709681554003,0.26601121971450264,0.2665474797451937
0.01849453439948132,0.016331824371382985,0.016369341947895636,0.016226801367652133
0.17938030702844301,0.17451118281792255,0.174610368877213,0.17537640242026462
0.10054988256521374,0.10900564423493106,0.10954551142256404,0.10906993939145776
0.49033061370072983,0.485043135008401,0.48267104475571493,0.4825841300593709
0.14233470347953,0.14700258590917736,0.14683535953600102,0.1460588482481424
0.5278050480919564,0.5191986908732034,0.5206931857251272,0.5217921294855329
0.05133349328164091,0.052244912298846626,0.05301389659941452,0.052727034076504094
0.15516292387276934,0.14865542540408236,0.14763055510666895,0.14757897636569914
0.3638060462982436,0.3675743739231534,0.36922873298354864,0.37006753668058295
0.0857117202790668,0.08918676916292638,0.08819172917375005,0.08794696801083815
0.017203168668668594,0.017993122214249976,0.018250728405205027,0.018259000788277406
0.06691563757337624,0.062076075323045536,0.06326957866410926,0.06351495176141665
0.06795878660451538,0.07170206613980845,0.07341301398741437,0.07363246752176393
0.013631386236457458,0.015923030669166005,0.015683927530694003,0.015665737511537096
0.02449410663754525,0.02410072513820888,0.02309427566123059,0.02278680339088402
0.16919571219638427,0.17396351239284297,0.17455228717451995,0.1738262537297107
0.13324750327848262,0.13308325197394452,0.13220484777347952,0.1325430617788908
0.02668814985543397,0.02817366174178671,0.028668929990620116,0.028733724324688802
0.020219273940946723,0.02136442461969539,0.021257936941734383,0.021227828419993225
0.04527694071852651,0.04400753650050972,0.04317952685303499,0.043225269829304795
0.7858673300878758,0.7909107667754531,0.7882952339402868,0.7875486325788931
0.053111564562859405,0.05336867434310385,0.05326172029274964,0.0531156207210898
0.10905951394000267,0.10092353245609882,0.09907477400429832,0.09949221951864909
0.026187072752990172,0.026078020337127902,0.026465164129992558,0.026421501591977398
0.5054715254544156,0.4990827059187169,0.5003410743710617,0.5014535743641646
0.03764754602257979,0.03608795563054698,0.03634728468709079,0.036439475826013264
0.1573624063981099,0.15315326167435692,0.15508884361690398,0.15527799073510157
0.05331562942673409,0.052763877135008755,0.05265357300953696,0.05274245193242229
0.028371181115337592,0.029878759486272402,0.030410472779565104,0.030849105961387742
0.2814821475581318,0.2786620079412397,0.2784571321565972,0.2772537829164838
0.00993677175553717,0.010459059580856087,0.010071558103066529,0.010144746780242282
0.3474410774839922,0.3464691404783434,0.34520568963853926,0.3452453806508777
0.14336057998406168,0.1457532538315268,0.14615197746138756,0.146419288344116
0.0222962,0.022221200604381302,0.02127373731310554,0.020969487976875086
0.3214653829016549,0.32595885694180476,0.3252699822205765,0.324956603981468
0.09659786383397928,0.0963482653116612,0.09707751192173959,0.09718896841559367
0.10472947189160758,0.10162408111738185,0.10163687873504607,0.10208719476378979
0.38952158016521105,0.3822472464348396,0.3819946302342501,0.38073534369532436
0.03674434746591061,0.038176090288072013,0.03845082949554254,0.0382167926141539
0.015840128700463314,0.016327126634819004,0.016208877228823183,0.016165188508723703
0.3803467660118616,0.38057493539411713,0.3828662689827044,0.38283569978500964
0.16081194117721778,0.16255129766127718,0.16399330437633072,0.16388597450231707
0.11954879406897966,0.11985987352171079,0.12255928287330939,0.12298777760760297
0.09312142135628351,0.09469111391738406,0.09446277596227629,0.09480391694393317
0.04810875526422038,0.050801010167391004,0.050171495008186115,0.05056806514731878
0.8426882968697417,0.8438163640070894,0.8436133079375291,0.8433957816511033
0.44415572674094717,0.445111407954845,0.4452118112011263,0.4462923942816376
0.020240132037001785,0.02030167684306929,0.019587115621780154,0.019357441454977253
0.08143339359999997,0.08647204541640563,0.08424741972171533,0.08480675011363474
0.07008130016895871,0.06803010984524246,0.0675637552888745,0.06733244676766253
0.46788724520113145,0.4680429294515947,0.46722360168469573,0.4677865425270697
0.03822319995383101,0.03830152324838973,0.038619318135628584,0.0387001446928124
0.4261736198065614,0.42380688888770063,0.42266146873650345,0.4224917501683139
0.8049089787974842,0.8058323757007122,0.806310095549361,0.806825297722065
0.14344532230257423,0.13097540715835995,0.1317272236712826,0.1313762709276055
0.013901472065026106,0.014360653269308398,0.013973650549136843,0.014017911219472512
0.46437362680538574,0.46018557229952956,0.4587464572919985,0.4583894079554853
0.05267521341357804,0.050493509736224636,0.05067102327879227,0.05098018038785295
0.4171365717001327,0.4227409299850549,0.4227838181387378,0.4217722545240819
0.5368894257525834,0.5330039728300119,0.5284800035131431,0.5296009914632662
0.05697159204268352,0.05232179756307751,0.051120232632790794,0.05103355209047573
0.6086865743234363,0.6020610098363264,0.6026542576249152,0.6013638391220577
0.02020792676215202,0.020844028883821544,0.020443532472608703,0.02044083736536118
0.36080842788262485,0.35390843564585495,0.35252908006890504,0.3527204145332504
0.06818229635620572,0.0673468629426223,0.0679143897066862,0.06847210621296006
0.10230928385895303,0.09342422106557391,0.09463074029785741,0.09482556722618757
0.039558919362966724,0.0376612159093382,0.037068383761320906,0.03703410026559044
0.12627801487348,0.12697053516756976,0.12660669761821428,0.1266458538665142
0.3761520774168249,0.37667908016425883,0.3750221694841306,0.3749166333297091
0.009806344222622313,0.010207064462912486,0.010751068668040825,0.010724155120795324
0.06246628216672954,0.062203918975207724,0.062109203221295116,0.06229317512578368
0.11724786824596103,0.12039130604491208,0.12071501934068046,0.12071813845254074
0.6332092073483605,0.631945999327132,0.6324037390782417,0.6318098868637357
0.039634707659116516,0.03715231787436562,0.03629732697550371,0.03640285942420487
0.24746815527689592,0.25013978065737985,0.2508863067866458,0.2513516738479508
0.3010017256853802,0.30984049986461565,0.3105083025042785,0.31124399763777283
0.4967507681310121,0.49304340044744716,0.494513141941373,0.49548757967047274
0.18666624862985767,0.18345210584557495,0.18396261136198142,0.18467410911727314
0.3285302983745365,0.331127281246209,0.32876634286593526,0.3284864190218681
0.5635217801911225,0.5639245325397534,0.5671788891221499,0.5674927772384029
0.7967062,0.8043068841501047,0.8016195631352574,0.8007109104767421
0.48859330559852604,0.4917447485924141,0.49060830726257293,0.4905426643590192
0.14600828706381352,0.14928917967301122,0.151295906609463,0.15107022424872668
0.04560459169874333,0.047475388252171985,0.048073869711419547,0.048147427911633976
0.11856975456533568,0.12071805516786843,0.12192218456873684,0.12190990927714218
0.6865945241169406,0.6793219649093584,0.6776283684107358,0.677303805104087
0.0294118,0.03130642741676624,0.0317374561609837,0.0318701601508957
0.5334343890276213,0.5265910753497413,0.5236938394497337,0.5231367559326823
0.03172142991018113,0.03109885174439023,0.031303282890369384,0.03130564896567198
0.011698103508612515,0.012610465579289744,0.012872416192153015,0.012921518768049636
0.2944201852735707,0.29025857161252844,0.288113664633716,0.28794437797315237
0.038147104053729904,0.038046873268531727,0.03904957262411318,0.03907537755668844
0.11005545282422284,0.11074455115497377,0.11133664025253484,0.1115027454568657
0.015211658965432777,0.015655288390798657,0.015663597614072284,0.015771171536842273
0.05602211928236629,0.05467430734454401,0.054750067573539965,0.05427923149886569
0.03367464,0.032629467850561374,0.0327789060254347,0.03279289828920021
0.09729520909611857,0.09239209943158608,0.09398903275117594,0.09433061594909586
0.3611883100674672,0.3682667602709844,0.3670528172690071,0.36745183487679567
0.1262871221977256,0.13118506447291142,0.13190414843422593,0.13194945809120243
0.04928095165153877,0.051874611854892394,0.050843652476449216,0.05126759136249517
0.29238448239585935,0.2968065314822734,0.29785344388060936,0.2976695760173845
0.8651179107379473,0.8784381078140626,0.8782441794241939,0.8782937806274259
0.016981936472559286,0.014658699677394974,0.014684833534273455,0.014599057651745595
0.23742100379819125,0.2455071554309249,0.24527254258768774,0.244137386243306
0.19881336024148616,0.20358985441650948,0.20480710019351914,0.20472534461517733
0.018494601643623473,0.017162884877329837,0.016934444670776514,0.016897360000913197
0.16949764847454504,0.1568398323596243,0.15375446577755966,0.15445183693090084
0.06153962963440318,0.06264404545487685,0.06191668719226728,0.06194321611763771
0.03909502124793706,0.03501642145023169,0.034639540677046735,0.03482968540682343
0.018128387768316986,0.01908501667782292,0.01950965793308169,0.01952790736293068
0.39691773368339406,0.3913372308168411,0.3911075076341694,0.38974740288391535
0.13284124612965556,0.1259436519071627,0.12420861467634384,0.12486976819698883
0.10009645602956282,0.10370000040689684,0.10374409869299116,0.10375078241385634
0.20126814457136052,0.2037683111381608,0.20309493364884187,0.20406375238933977
0.40340394519515493,0.4016165142911194,0.4045947122819981,0.4044848824441269
0.021185082478457705,0.019969739881299364,0.020544930203245132,0.020637565569074687
0.4020648816424993,0.406968598031535,0.4072839161220743,0.4077028608912108
0.030997632371457206,0.027194894002426473,0.026793173116694203,0.026872141753999726
0.35894003259628765,0.3594091277222112,0.3586560589362126,0.35878750379887236
0.06522973019577155,0.060737980656652445,0.0598856368837133,0.05977428651214717
0.4298999239161218,0.43273006034912853,0.4319901609409112,0.4325804894831779
0.2533501280294759,0.2538598077749062,0.25566009951581753,0.25559240006624523
0.051150221097939604,0.05350579012269061,0.053067640768458844,0.05294183916319688
0.2729104857523267,0.2643773757629805,0.2643045203171916,0.26495640116424046
0.04375508067665794,0.04447891194395805,0.045776434650443835,0.04566499475760327
0.38970301125616436,0.386400978744507,0.38655746007403385,0.3855772318392218
0.19959378141935719,0.199184062079808,0.20087652467821585,0.2009535114230292
0.018892316020998036,0.017869293711634628,0.017804312800956554,0.017862837030128264
0.12017831274594173,0.112171871077088,0.1137771742791568,0.11433980958678056
0.1357026916422525,0.12996880838684147,0.13056615271147015,0.13054901489124845
0.04524191796883881,0.045080190573477175,0.04532331378834303,0.04505597573776785
0.09035998522804886,0.08424796746965998,0.08476895367983865,0.08516406111052183
0.044107220122507944,0.041134980743914654,0.041880902437476296,0.041521952314100136
0.026264726879159095,0.027418772012557397,0.027942725570949227,0.02786832445016009
0.01504962531944238,0.013155242370905046,0.01328795019082469,0.013349820058586101
0.009466739406992958,0.010179901748820282,0.010349361141892171,0.010427107500418718
0.07382309511303599,0.07442465704575714,0.07420470166499368,0.07409125600537152
0.09044003505044523,0.08561832400042448,0.08487580802645717,0.08479534821441999
0.09714965293164378,0.1001703589968595,0.09943017572786572,0.09937185010431422
0.03525992669290145,0.03511049548429842,0.035029683891963856,0.03496008760403146
0.023826266724032874,0.021356190005335944,0.02133272329195472,0.02131818677784328
0.18259072824079206,0.17417786763656462,0.17202363443797697,0.17282138772553124
0.010282689885117033,0.010590250495119715,0.01059504360477728,0.010664931227983643
0.8819745482027389,0.8792094235827487,0.8777114949150837,0.8769157126453785
0.1284704593145372,0.11802657091900004,0.11568085505805989,0.11597972594378832
0.01809881696,0.018715260267744838,0.01957333751641538,0.019611181824026096
0.3393107768948148,0.33621156794126256,0.33891609622804497,0.33928765645243175
0.46979960694570466,0.47653435081658146,0.47574371139724486,0.4752073513914463
0.01290784,0.011765047508071901,0.011852363347348703,0.011795829256231391
0.814724715529576,0.8116052435738554,0.8114293429503094,0.8114833952125784
0.22489252845592808,0.22353405819806366,0.22230115678187487,0.2221719888920395
0.2692994654050195,0.28243136111619965,0.2847045707434091,0.28511080348662776
0.34521630288597627,0.3484805331796274,0.3503372643826428,0.34838925237395935
0.06685887121976947,0.06798177479827439,0.06704208231120905,0.06712246990911627
0.14579867999999999,0.15362026381998584,0.1531688519231236,0.1521401428499704
0.07286663554080602,0.07359372622006394,0.07241120882189525,0.07238839692914915
0.11974853417050321,0.12353028456297808,0.12419921150211766,0.12301952970305816
0.011108220146614547,0.012028867212271402,0.011862784916636516,0.011933328725211604
0.06190063787819232,0.0577877390214563,0.05700704408642576,0.05728296789496684
0.20850002216131847,0.21376980481974212,0.21379014969808052,0.2127185193199426
0.3438543038501603,0.3496471160417249,0.34805138259467566,0.34831432803903706
0.1354,0.12555039628532544,0.126319432103204,0.125889330029751
