5K,50K,500K,5M
0.7810918410334162,0.7944072573301693,0.7933429345810634,0.7940360157030241
0.1590391931491882,0.16325728513453205,0.16461437240395205,0.16325193597451157
0.02379335174747825,0.02235052157842163,0.022325284725183404,0.022013896932293046
0.11818938707122331,0.12337515718764885,0.12478837773978989,0.12487387521960366
0.061916747395734106,0.06061298985767748,0.062255073183240674,0.06179178959114069
0.02214764339993658,0.021307401618459246,0.0213323449622557,0.021769897476445515
0.022427182261471213,0.020961922053733203,0.0212483130570377,0.021014077541523825
0.6113796685153234,0.6116670288787918,0.6077670095800553,0.6082307659845072
0.09566825137742903,0.09177510683575921,0.09173805527721024,0.09195123718398673
0.0321487890165646,0.03224197916465845,0.032431409673061365,0.03284152328001734
0.11951100191036029,0.1167097199418942,0.1178334235254115,0.11905416063394374
0.03845457929020809,0.037336772616298,0.03710266035774631,0.03803496418689909
0.10713513832086562,0.10024675481472309,0.10241260304351373,0.10262521907972781
0.26716036781399793,0.26697450299663195,0.27132023266828387,0.26928280858892667
0.2121792913485795,0.21352578462719388,0.2110125065654182,0.2104650402334375
0.2011243742387421,0.20545435806341045,0.20585938299090187,0.2045736084615283
0.019931293955402433,0.020019932550808004,0.01912172779731732,0.019079100703436616
0.02550286936001873,0.027967664223443257,0.02804666754490517,0.027980817728271625
0.37880621223409944,0.3837981660610159,0.3838729106187194,0.3829972419632854
0.08261840802605415,0.07989180954439414,0.07933688057596135,0.07972152268269628
0.06147913469389412,0.06246249712631276,0.06345474901704952,0.06322827474396359
0.38341238183903337,0.3833350377628904,0.3886317206028093,0.38792050617709645
0.0544714827928242,0.05259577266910102,0.05218112330768512,0.05219456686713349
0.5814540803019201,0.5835158612712199,0.5886465015909239,0.5874396207937371
0.43314479982250953,0.43767934341927217,0.4367273766863685,0.4382064334745915
0.030712937164842583,0.03195906114499076,0.03344898483311118,0.033454944230027775
0.5954780112087971,0.5907985637924816,0.5876420590166065,0.5872075132008647
0.336652498821051,0.3422371634110329,0.34028499171836185,0.34190777530543925
0.1436803057311961,0.13610269622292098,0.13337192425411937,0.13401242695703033
0.9202465592969858,0.9194499701294863,0.9184083366106432,0.9196615968563289
0.016374617441675576,0.013663977420053458,0.013371616688708564,0.013397523772921447
0.015134285818116001,0.018110071823714744,0.01851846593485158,0.018394224270264763
0.01654215872254984,0.016970296513520965,0.01733948643088938,0.016947184617092815
0.0595911403308102,0.057522749803412855,0.05695320816746897,0.057605677962482706
0.026761722124857605,0.02784850206282668,0.027563988937347312,0.02769054770980876
0.6014567497354316,0.5937905945335323,0.5917991115898622,0.5912993221265049
0.06956104518636748,0.06418390770561191,0.06369199658859281,0.06404272848490712
0.020814578034197246,0.024877173308812513,0.025298019150206442,0.025131440112635246
0.2535468473900472,0.251481142750417,0.2475198768382391,0.24781341856793915
0.0226636350613411,0.022194888997049234,0.02130225587463991,0.021093515007426147
0.03906728720636199,0.036729961354279785,0.037472264126621635,0.03723011934041903
0.30017085607477084,0.3055014476422415,0.30938471766575676,0.30890236645329444
0.013305476221603744,0.013536575246558841,0.013619439577170038,0.013635501731856153
0.225181903860516,0.22447440756272016,0.22509396810761928,0.22244144942037913
0.19480952714859182,0.18839640794207213,0.18519385413765707,0.18821933225485993
0.5110843373302664,0.517425787963769,0.5162939455379744,0.5162059220198512
0.09921160185020378,0.09312392966200196,0.09186685420940892,0.09250746678128902
0.11938577870213118,0.11891792578055582,0.11690300760989115,0.11791184291665913
0.09437908069647599,0.08677186138739304,0.08506105991500955,0.08462540313350611
0.04898971197311122,0.050010533341880735,0.05001103766973073,0.04994582111954471
0.34138666706739457,0.34661645162878996,0.34362061185523196,0.34439226376652815
0.8948245501321714,0.8891832650529105,0.8862230777485727,0.8865076642270201
0.13109661773066103,0.12014341159088442,0.11853530580035986,0.11732695356243754
0.2238508756222523,0.23329443997141944,0.23195916083127358,0.23172895334247864
0.25950724565274136,0.2612054246425945,0.26172743964003503,0.2634651974847609
0.052747977520853126,0.050644136741057694,0.0504696453460737,0.05077196856577059
0.711253053212114,0.7024785094143579,0.7029243780747987,0.7024540650261509
0.09014005451305424,0.08859045066295455,0.08816308199761694,0.08961233779644383
0.08552226197185046,0.0920700817688413,0.09282694476954012,0.09236526971604027
0.5088273905745945,0.5188860827195971,0.5170731813680256,0.5153855733908596
0.04427964103995386,0.04116340251822342,0.04177654428161677,0.041674742449325085
0.02893190106836146,0.02587731553767421,0.02542492956738537,0.025441161499792263
0.12217041930979954,0.11524661856657978,0.11716821422511828,0.1165772587809019
0.10003739257835823,0.09198874583740367,0.09264315958149097,0.09184653421781912
0.1305675328489506,0.12162546892182777,0.1213878448619033,0.12197304419376237
0.10681663710078175,0.10023018887885875,0.10243856605096377,0.1028046108453252
0.0378453521942094,0.03856508371521006,0.03882370791884734,0.039170142606709465
0.01532724074980392,0.01516104249288473,0.015255236261354865,0.015371067108586019
0.1631673838091922,0.1666472764177186,0.1667189134220681,0.1664430435991771
0.5041405014200441,0.508104296709506,0.5095212652422378,0.5108081244456486
0.4095449486643411,0.40255823793799533,0.4005878992194255,0.40156254600394437
0.01337702047356287,0.013405125627626163,0.013727588107981687,0.013531123236491308
0.17254057404112508,0.1744975647843087,0.17759920074739172,0.1767687636847549
0.06342836905439941,0.06251445897957572,0.062483885011851065,0.061900586741702936
0.1465500711937441,0.1483584679340118,0.1479556036614614,0.14703370517511274
0.023058528856301604,0.024252875418402067,0.024360524533615667,0.024523729604121292
0.5079159343151334,0.499488738535194,0.4970903284442907,0.4975581799553396
0.9523849624952144,0.9496023813894834,0.9461633630362327,0.9489601303003271
0.017459954358164054,0.018790616436652037,0.018976980261696568,0.018914349870900484
0.020199807488594693,0.01882388418065604,0.01903572533598177,0.01901356216955852
0.04093780543649871,0.042169051063703215,0.04215678895224137,0.04258199592077567
0.5799798400958287,0.5820849668775075,0.5857115604873496,0.582698307889061
0.02162644083352464,0.02210157268680023,0.021639264728668617,0.021546723481054905
0.13681822816177425,0.12748339308967416,0.12816864173915762,0.12798903747934282
0.01711607770950774,0.017606413993364923,0.01759524682191715,0.01791599696868327
0.24352714545233978,0.2376304128662192,0.2364063634754437,0.23524962714690742
0.04984707163632064,0.04459619119750406,0.044014313885718935,0.04399324648937643
0.36949402510691204,0.37388854494993234,0.37299600575560843,0.37250530396237846
0.34879119552098203,0.3521810144215587,0.35140935353400554,0.35132386570571783
0.02015637533193133,0.020112860500943686,0.020127057539585595,0.020243361005399453
0.19763246030305315,0.198108634613577,0.19612319770792633,0.19735509809913274
0.1015840256982463,0.09430437010917567,0.09644432225579608,0.09673647479489132
0.051797100771738595,0.05017097384910601,0.050413723664704015,0.050156721516361635
0.11827652568640605,0.11142903943907877,0.11046590690766789,0.11128100671683452
0.05060466809598741,0.055625775655509975,0.05586886626830328,0.055212994706599856
0.035448344326772914,0.032944439549291486,0.03263780883995267,0.032693190751317026
0.48242486237741483,0.47883359506429873,0.47943676423671594,0.4784594580275048
0.6071912749864058,0.6140934097636074,0.6086973131782767,0.6110762474399473
0.04994644926483384,0.04893174373515176,0.04970533363393222,0.04934456810937066
0.06824900032468388,0.0718103031878094,0.07413127996934377,0.07395920851629897
0.027389111697207005,0.026242733371936815,0.026667667445375548,0.026473315237244062
0.01675266205192449,0.01615838252402593,0.016262070486218694,0.01616949947517142
0.23880254560365455,0.23665856057458415,0.23368491585200318,0.23380510499492296
0.632805797839148,0.6332642670054021,0.6330817097409309,0.6343696117040191
0.9444175292489289,0.9428291346199859,0.9399342108830636,0.9429040228099776
0.05556183660262961,0.05297325792584029,0.053437855398449315,0.05289206979055457
0.7667409594566339,0.7588861788943793,0.7567030639289101,0.7570017818421317
0.7175795801385837,0.7199357920582355,0.7187689830359143,0.7175784729255501
0.11800839253489503,0.11857359899880283,0.11798319562435529,0.11796231156774835
0.6634400642483053,0.6657488216853774,0.6645049980168678,0.6638507723115395
0.03873908182248062,0.040067426147249896,0.03967506364646253,0.039654624277869976
0.052088546686924385,0.04826325337566732,0.048336597388320975,0.048397892443447145
0.018397292895435083,0.01816958721423317,0.018615951389358502,0.018531605828629154
0.05725798623658004,0.05505377243436097,0.05485181307080693,0.05538650358374021
0.02133573402458489,0.020327291058716647,0.02046587187965955,0.020902631432849136
0.03541021210665739,0.034710911844188924,0.03458460381600385,0.03496098055019713
0.08002558009145161,0.08056296759846314,0.08185328581205449,0.0811140605173028
0.023132924121963494,0.021939727631045725,0.021989757827875853,0.0221473246796633
0.04063917692086009,0.035694415154051196,0.035719389876256995,0.03571180860918005
0.019320525042025503,0.019248213467216363,0.019306209929892137,0.019293837580838722
0.0577161740647949,0.05617280337694989,0.05614318742265146,0.05568327222892064
0.04481047576312389,0.04401575277323034,0.04418889383715788,0.043833531035318
0.23984875201054706,0.24038444504204637,0.2449323938396572,0.243167165322899
0.10389590465540806,0.10679037672346106,0.10689113886056888,0.10743383188024808
0.03661628077002103,0.03602863928271312,0.0362830427088666,0.03660383550740405
0.18640380137226437,0.18866750549724184,0.1835356665206002,0.18537034043781578
0.057786402139617214,0.05498700015650866,0.054675275448348895,0.0546762528266966
0.012674911577348364,0.012920450416917499,0.01289970388125876,0.012951104734221727
0.053447315505643876,0.048938710356859476,0.048446350288001726,0.04880342461048342
0.6111594753177313,0.6120654223198014,0.610926727888484,0.611665953828668
0.014206692913875454,0.013713002162345929,0.013266164619833955,0.013430886758923276
0.6581273472282826,0.6549638350845816,0.6602834935793522,0.6595542193332964
0.13392057032445076,0.12916694109161322,0.12645288660932305,0.1271076072366479
0.25429617417924777,0.25325497457434076,0.2544544803950628,0.25355089959673055
0.3055743888190802,0.3046590624638502,0.29832832403923804,0.3000984871859474
0.15374058852180045,0.15664679985871305,0.15891562007431498,0.15678826256670464
0.02132439832806279,0.020729154258261048,0.02120509959351637,0.02101442886140775
0.40104279531255393,0.402364864490669,0.40316060222385103,0.40090397908658504
0.25422160482198536,0.24257625811054473,0.2448968612234564,0.24511349767103469
0.09639583620723131,0.10157025981550748,0.10135757882484325,0.10016069591186484
0.2295560170840096,0.23534483417218785,0.23243059474349104,0.2334188360450944
0.2772608044074451,0.2774824972279955,0.28256474408205406,0.28057852097232183
0.020814578034197246,0.024877173308812513,0.025298019150206442,0.025131440112635246
0.02111566867940009,0.019286078097836837,0.01962776468185366,0.01972367331707009
0.1206759294785476,0.12465285469283832,0.12406437562756836,0.12395261828104111
0.0780925995352508,0.0850913344543483,0.08159492493798137,0.08272708790251902
0.024348815063822533,0.02450892580368914,0.024347703074530797,0.02465063977912794
0.5379505130556163,0.5338840307369714,0.5325614718289473,0.5328685996577436
0.011008665081240493,0.01065593596402263,0.011186545910739833,0.01110950751171223
0.05259590628602413,0.05171342192657862,0.05240223009533393,0.0519364856106417
0.09845334422713498,0.09999810629518834,0.10130220527516129,0.10122944287319378
0.015589665701092582,0.014971271609690875,0.014396963087960324,0.014553170943751345
0.3168240848387535,0.316061602842516,0.31332871988857114,0.31443934039921856
0.08895191994343939,0.08945806296523204,0.08830610711226972,0.08803378216622963
0.06836235746515222,0.06356228119972604,0.06486082627044441,0.06508174110615957
0.32782134303850846,0.3234127612340264,0.32227501700194316,0.32141617840070813
0.1634588192701828,0.16455927897179407,0.16435184110421627,0.16429181906041174
0.03852649216658126,0.037612335378311886,0.037636218489945014,0.03783746032398964
0.36446121449191077,0.370170235238406,0.3732968637331776,0.3739574757493658
0.19571828826728374,0.18742354328316588,0.18902016619473921,0.1897506035259892
0.12858362696532305,0.13262960282522954,0.13217838166340792,0.1322443866844547
0.6989747061946158,0.6964327854456906,0.6936296388433639,0.6918779164216468
0.8277988465311725,0.8342904264503926,0.8310337343167439,0.8329301875237618
0.33876711053281294,0.34262128276543696,0.341765088929045,0.3420840505426593
0.11196442085176067,0.11465356665035856,0.11151822086483983,0.11270618653813878
0.3862274424392255,0.3897848325490807,0.3899714914637504,0.38785910111841176
0.15710094548271247,0.15705912649122544,0.15687697306247084,0.15809197292882649
0.014076043673999939,0.015329161636664536,0.015073838843169355,0.015182446424659256
0.019076492196246193,0.016498010497697176,0.016243293074538964,0.016161181838434204
0.43401900768593027,0.435893401569543,0.43520686169199607,0.43412682203747394
0.6581273472282826,0.6549638350845816,0.6602834935793522,0.6595542193332964
0.01244224555197962,0.012298898746401948,0.012314815782614421,0.012348895676284562
0.7984767966067304,0.8013927389156661,0.7957143866140686,0.7991474012385139
0.2445237606479444,0.2476603913739245,0.25191628427584106,0.2499446870474337
0.05949077482187442,0.06125156235079561,0.06192570379935147,0.0615341052952046
0.0250300360432519,0.02562970396387356,0.027128891789652124,0.027111884481262644
0.12223241529264613,0.1169537271861457,0.11648141969352999,0.11642427824509423
0.06156074509770612,0.055485838280202524,0.05455333301736474,0.054289789643493395
0.014022883193073165,0.01502894886023067,0.015287600851774922,0.015286905394970372
0.772605899776035,0.7600639143292439,0.7603415578738331,0.7609406154087698
0.01063325413756354,0.010386837526569596,0.010724147540814164,0.010630347738598672
0.3792815345472916,0.3818611488426911,0.38053411392980185,0.3839519011396764
0.6079734001616681,0.6120425073703527,0.6143387357118555,0.6164281677160596
0.021599653723628497,0.020224477331128254,0.02027205900854242,0.020537135050868762
0.3975492999811398,0.4038421077392652,0.4035325647677908,0.40185372476219855
0.03690798963162843,0.03279583097088942,0.03230880863204486,0.03232726218698362
0.032454849722162865,0.03364567416153447,0.03403217247483514,0.03427126480953274
0.12338313099301795,0.12325149168334186,0.11962593596616214,0.12053789881027034
0.02210701507863227,0.021301920161956558,0.020950351745913094,0.021135755773532435
0.024866634067540354,0.023168786366109063,0.02298370680397245,0.023146210180142058
0.7258328668372838,0.7250311626019851,0.7238636471459206,0.7220666504912886
0.0516053050761753,0.054442395235302,0.055110304276226374,0.05522819150564782
0.10234121513074312,0.09962986361177072,0.0996782576334382,0.10083341815316313
0.027614722387560683,0.027484488971139694,0.02707334983018615,0.027364108900187777
0.12455745557610531,0.11733986420316785,0.11708588914355299,0.11733331521478355
0.5979738017952732,0.592243968606724,0.5906222669339992,0.5912656501831571
0.30107084935692763,0.3010077316927123,0.3056023614677351,0.30239951582349095
0.24891983137011053,0.25523894890045506,0.2573168568370371,0.2576226829530758
0.028628158827366114,0.028103251591720696,0.02897397643046128,0.02878373352793416
0.1122218588096027,0.10538407719937681,0.103914066417974,0.10466166385098036
0.17651923676218623,0.17388440100824548,0.1712636302970346,0.17272051367471297
0.034247931610059484,0.029890567168966313,0.029759609400807626,0.029760820035081372
0.015216106936130305,0.014302427125421366,0.014016831643090134,0.014133117211181897
0.037254578165563136,0.03610935208416654,0.03651640150745673,0.03614880133406776
0.0662859920990106,0.0656681674410101,0.06653925055903563,0.06621590553848178
0.07176711380243775,0.07117162633043357,0.07182474421032845,0.07282900462817951
0.09307984200321459,0.09262202194586892,0.092386432455694,0.09231117013135816
0.13129790586497891,0.1296171585678253,0.1297617492142397,0.13023700288912113
0.12820055024848562,0.127032158005779,0.12720616771372853,0.12717167645898717
0.4527674783365884,0.45664363188797,0.45446162244885246,0.4537434482801248
0.16965117454971812,0.16847747383250924,0.16877340860243098,0.1683696037151427
0.02183964105314774,0.02185545737926234,0.021778828807792742,0.021876438395199392
0.03650494102949221,0.033573908018953796,0.03283695621471556,0.032949617864887315
0.012493120301885333,0.014256870097098917,0.01390406864656415,0.01408050852182094
0.18244005129406982,0.1827280120569599,0.1827411631715858,0.18427969816819165
0.011597757368554168,0.010726520921140022,0.010852206522343182,0.010845768755828747
0.023697152510789892,0.02434261307566516,0.024198462436588925,0.024785245032197874
0.4358212458943985,0.43602999701406503,0.4333216195197083,0.4341772673747922
0.017446292641862378,0.017789930305072855,0.01789286835921966,0.017911744811121618
0.1287975474379077,0.1209095286754963,0.12068942285280805,0.1210516721294773
0.3694366496753042,0.37253069213919027,0.3720873768301176,0.3722995389356678
0.1704054874939892,0.1773829774666847,0.17950503348191857,0.17953921084891813
0.33948995838600265,0.3355216724103623,0.3327438410897425,0.33395185018522
0.019859790974440912,0.018034308618516567,0.017802049208704856,0.01776197147435065
0.9043107339987051,0.9000785040053211,0.897766271648829,0.898304799453878
0.09514235841281705,0.09190657948859865,0.0900580770777772,0.09049846442064227
0.033223090472753194,0.0316946199441855,0.03155587518691751,0.03169771022819329
0.14633441402440084,0.13581548668242965,0.1374731259581874,0.13668093682987945
0.0801264589264528,0.07841542528032072,0.07907184067931113,0.07896973083736868
0.13639431480537917,0.13048656252032256,0.13241275392005739,0.1312214671133817
0.37714077223577963,0.3828903802681964,0.3810817136016324,0.3813465978045264
0.10671174663718223,0.11087394331423749,0.11112769612268136,0.11112920138746415
0.10686395498097946,0.10793770481380141,0.10803849488866432,0.1075256879795057
0.38167779677780317,0.38512373052547677,0.3853732915001678,0.38537407287214936
0.2619110198461547,0.26115036506171774,0.26001778354223865,0.26331076375282186
0.024918853823404027,0.023244281552709935,0.023613997249371067,0.02355242704185669
0.1357016922173806,0.1363561561453519,0.1337333959492456,0.13455779949686314
0.1546048710905451,0.1490960932793184,0.14648210795629066,0.14707744986822577
0.030888062085596298,0.03148110837041442,0.03213892757780348,0.03160949026370927
0.03350197873284965,0.033879659707893583,0.0340543552850545,0.033950505689531174
0.03742245957367885,0.036970484615124644,0.03554317496093712,0.03518727432940096
0.06239470477806942,0.06347978723305335,0.061618190880987,0.06255466142905956
0.02077788904462986,0.02058311350925346,0.02110611524900614,0.02095494402267496
0.1539093682223427,0.1591713296262203,0.16140681816215072,0.15815056210772785
0.10285721556250828,0.10250951431669318,0.10144652601327135,0.10120469466340574
0.11269155014791307,0.10690242035601284,0.10659353009124715,0.10690563418104285
0.7985452414224723,0.8047202689131575,0.8029729093044962,0.8037194192625792
0.3661287289962704,0.36477186703555714,0.3689698537074341,0.3680471971272353
0.13434615675785913,0.13661067312884306,0.13708353569340762,0.13661709548018022
0.09048472671608826,0.08912472314986358,0.08910302652263763,0.09058538824301494
0.5139669490410719,0.5234835763180863,0.5240495219402354,0.5250452981031283
0.08557753242847083,0.08549360240960552,0.08573629101385727,0.08665871069150176
0.021736632734788847,0.02263916853182447,0.021586721161507665,0.02193073669750934
0.2330718304114205,0.2345477104231484,0.23634317988018522,0.23726032319857168
0.6227896375802363,0.6256987244546365,0.6230386499162593,0.6251398451719646
0.23587239101532212,0.22433422259646066,0.22695686129863277,0.22723071196116237
0.9066476976595443,0.9043531254873203,0.9046472272194619,0.906050120868847
0.3725174997035093,0.37117863833112813,0.3706427302090582,0.3695657352300355
0.029569577080506764,0.028286407902001456,0.027550884061788586,0.02731111425311395
0.08275852335248418,0.08118656065783827,0.08159817186305675,0.08247100018500893
0.6734363671752445,0.6631018841700758,0.6647820806423643,0.6659621796703272
0.35432354070121397,0.3526273706248933,0.34792290043743407,0.3486481529811625
0.015474639455581704,0.01666079824311064,0.01710822835775057,0.01719804505033012
0.0893455971129979,0.0909893787734134,0.09094289714966425,0.09165353411235419
0.03245023068649591,0.03238434054309195,0.03235500498554137,0.03242349205113225
0.10396609958126003,0.09801614221788112,0.09786818130170286,0.09833947037958846
0.32232300544484505,0.3085076678796341,0.3104689825729251,0.310905622402515
0.011828067235009341,0.012640495819544947,0.013043343348053937,0.01312661921468217
0.0428481178801842,0.039950482580232156,0.04085102565704723,0.04099414881374311
0.012111280612970702,0.014463323961771371,0.014674789164762024,0.014617773320582955
0.5106680356276888,0.523921959632026,0.52110976575069,0.5209255934510044
0.1347367046343764,0.1373105249860123,0.13957106305235553,0.13757098935381543
0.030985863083231847,0.03156214589507565,0.03160744696133291,0.03220757948153902
0.4480295594652753,0.44755460166908173,0.4501046347354814,0.4486215076984853
0.12944990344750187,0.14027939805497688,0.13879444011980274,0.13881103561300082
0.05289200672572086,0.049630210604198144,0.04740676596759533,0.04818124576137698
0.016858124842072095,0.016099348480064484,0.016564578867976788,0.016491901263865037
0.06506810402074674,0.06518946140281619,0.06425200190880571,0.06387871619309826
0.14096488740183033,0.14141634759998953,0.142939122977862,0.14290966497152355
0.01760307916025174,0.01852435681938463,0.01908093402838327,0.01931212233711754
0.015866868323506353,0.014869380557344622,0.014883824018555395,0.014935133546056847
0.9037774366872369,0.9037210023299974,0.9034421078819583,0.9023428378345034
0.1246764141954831,0.11582662462654073,0.11716430140651399,0.1165030893757496
0.07664451298174633,0.07875501970835042,0.08014678024298279,0.07980448048628878
0.5669151394478115,0.5686956941640805,0.5704631826622525,0.5722222934683698
0.26068294244251344,0.25709896425373235,0.253614791189605,0.2540255227269902
0.02324835575758839,0.02184629288189685,0.022207987893652453,0.02216921420980776
0.015486331792878078,0.018335092879150857,0.018644634364157232,0.0185729350662831
0.051216509110021215,0.05424022840822385,0.05551521444204959,0.055340463173706805
0.057946735389176246,0.06093343422006979,0.06139220914567563,0.06153665694587858
0.02367625188258682,0.02434335451095363,0.02532389823133868,0.02536604019901787
0.018303220277158208,0.019159270940561392,0.018813953795167006,0.018734663515004073
0.4799731009009592,0.4791774848862913,0.4745707940090499,0.4755120079730193
0.8326349935745372,0.8353617936228941,0.8334973793081413,0.8350775394253399
0.43012989933506723,0.4329934626587651,0.4343355682188075,0.43285745812304693
0.3126597303982443,0.31029528026505454,0.3102932364602284,0.3090988232707696
0.4447771286612318,0.4395084164653221,0.4345892840571444,0.4354410283882632
0.07291856394585862,0.07538240510048799,0.07558257681860893,0.07629285544724873
0.31345614934461447,0.31480608977514557,0.3152275659911174,0.31430560662222967
0.010608644820882548,0.011329587448066263,0.01152334496218412,0.011648533469771963
0.45082985422664645,0.447062219980281,0.45000064364896697,0.44649924576477534
0.015611597272255553,0.017150661990739405,0.01757196397814269,0.017508289571016307
0.03049931499375552,0.030477440073150106,0.03050155435402749,0.030598358916706828
0.779813131109111,0.7775208655588629,0.7764446315024417,0.7762744799772856
0.17800038552080408,0.18259717571585718,0.18527902223558304,0.18392533521846607
0.5441904998014336,0.5504785344455754,0.5507081430195323,0.5501271733496095
0.01207354098695328,0.01057459218827433,0.010429456265918,0.010427701633916858
0.015148093867134678,0.014908802488873137,0.014259033296793183,0.014157274393699617
0.09107653705155182,0.09687689956265481,0.09622051974891827,0.09624536647685283
0.3251145054102498,0.32285888173449084,0.32484161275509627,0.3264124659446291
0.14426635341082453,0.13988917881731916,0.13797599463040086,0.13863112261277252
0.04874448878962208,0.04874207715055129,0.04916874689034807,0.04974204923200743
0.8534310853746152,0.84887172506777,0.8477200304104222,0.8486880125050796
0.018982219471605305,0.020086134612522982,0.021533760134028117,0.02125256369102732
0.758487676224381,0.7689283068512697,0.7681999558948639,0.7681043965275713
0.014738215647559531,0.014436689609163413,0.014801728541555464,0.014688090328012497
0.01291945415039049,0.015491954642239819,0.01580002439194006,0.015720455530264837
0.08461680253556352,0.08613105606058556,0.0849246591967152,0.08471201938005583
0.04401753351033829,0.040724868903221086,0.03955346252240954,0.040189446354448176
0.028527362833693927,0.02943786715492343,0.030029033969211638,0.03014848377431728
0.08313228597654833,0.08931650022875456,0.0868278518728563,0.08757486415185843
0.013786777618586201,0.01374185450523106,0.014031458164405841,0.0140108127345325
0.058890737180172376,0.06112915483998485,0.06267649255100939,0.06267045226854014
0.4332964416331795,0.430958270812783,0.43196219989171697,0.43397503567495804
0.057081717196910985,0.05503371686678172,0.054479758853839225,0.05400140907635325
0.08835040508510021,0.08606218558833628,0.0858960098763128,0.08621343661869643
0.15237125096575227,0.15440064585818858,0.1534493217789551,0.15303465842205627
0.018749693857357877,0.01780220976135195,0.017866332435671206,0.017717225335888136
0.07473224700373621,0.07141885535435895,0.07105267959983659,0.07194192523118233
0.14814258773855837,0.1546583727606269,0.15425181585188666,0.15485672538610828
0.8277490828459202,0.8269399258905774,0.8248462344542288,0.8250258946189365
0.12007132977971001,0.10823849535020946,0.10890739327222525,0.10811792252593588
0.1604902904049979,0.16313838628903907,0.16249956048205322,0.16146698218637812
0.040964280220167223,0.042559408949679384,0.04290645967299407,0.04261595983314211
0.059039519495652594,0.055019577716233246,0.05280665964259519,0.053785779507941105
0.3157932575785991,0.3158873710308411,0.3099636167726078,0.3120693818531446
0.013588467534661508,0.012198252651988647,0.012080719969170126,0.012152887097831412
0.07229192138830161,0.07352171714491662,0.0720680240537518,0.07204137458131997
0.08451396213091462,0.0796133839357868,0.0801661271622496,0.07980154382935516
0.05546723909845388,0.05850920662573724,0.05863454387039684,0.05914716172832104
0.039127551719218834,0.03789029134227161,0.0384449586472011,0.03843441382278483
0.9664356053802335,0.9646519711178453,0.960166712944781,0.9628809509734062
0.177127649452434,0.1787132488008544,0.17556987859405876,0.17611498775402204
0.03350197873284965,0.033879659707893583,0.0340543552850545,0.033950505689531174
0.10338619849614833,0.10156629766693621,0.10200279632497586,0.10285068649531731
0.35434008806337175,0.34646564768529536,0.3458806939293609,0.346096376713053
0.013256891462348822,0.01393039375669566,0.014201196128731162,0.014294689007706092
0.2847376044784534,0.2866720808527546,0.2850138611553146,0.28596156779028836
0.06660702053892857,0.06723802493546227,0.06762695390877517,0.06844073081263155
0.031120370999441406,0.03123887437770836,0.031215476781863104,0.030782680997300388
0.014941278408835969,0.015062315250291699,0.01483775714615014,0.01489547381228318
0.1552814560148214,0.1522123049043882,0.15270555461841687,0.15270501641751977
0.3471643828586686,0.34310501815587713,0.3459437484302416,0.3424486754912321
0.09784884682665672,0.09934006744285505,0.09995872044734327,0.10054470283777976
0.14453387092328143,0.14506133679216876,0.14592468751374046,0.14561063109158276
0.008755586587770349,0.010357941179115366,0.01004795151191229,0.009966341163913853
0.3652983378293978,0.3618949911778349,0.3589565039299126,0.359106330728195
0.017825557863341068,0.021511385167269075,0.0218918099085482,0.021735684842263445
0.018384928191880902,0.017958506372934117,0.018302770990733505,0.018215956415400802
0.011304774644663163,0.0103710992467184,0.010594490924152319,0.010657227221347522
0.01030295413911377,0.010720287780563404,0.010574383444640208,0.010619513278569661
0.016187077820937965,0.015239506883208973,0.015460812731672564,0.015334496726934125
0.5739258207022239,0.5718405955332128,0.5717821691242831,0.5717474679747953
0.4854631705592535,0.500840521761302,0.4964915120720671,0.49581951473133473
0.03810517638093805,0.039704588685706275,0.04005169212940646,0.03982782560047354
0.4230213672808877,0.407662912482654,0.40897957422655823,0.4096878891996944
0.1333349046239511,0.1406365509850974,0.13870508231165263,0.1388155083181678
0.2912640728956707,0.2968594708178034,0.29462409056173433,0.29353827648695935
0.4278539886239556,0.4205851010778183,0.41815525307575574,0.41962884132177053
0.1423682671784212,0.15253771615885642,0.150751879597023,0.15074954975899565
0.13733339654702265,0.14090036449229462,0.13828230673183803,0.13843933004984588
0.030738101800764403,0.031212017499003288,0.031163228259619962,0.031032594620041674
0.16189680997022562,0.14965967989755044,0.14669733179218103,0.14623250644572866
0.11892384122339812,0.11994411921456942,0.11931613228465247,0.11843004023269181
0.17530768649630604,0.17291340621427906,0.170711591550323,0.1723334753202064
0.01984297995891707,0.01875781491941466,0.01929828092201891,0.019103226252319725
0.6122103416404648,0.6051510469924,0.602808321922752,0.6022272802854939
0.1478613199142242,0.1370679318755565,0.13410277184263467,0.13362201016573225
0.03424882516569289,0.03572901513348767,0.03553691074354691,0.035930067219200834
0.1942317060971319,0.1912351826030079,0.19217868003818842,0.19293972253621577
0.032971615801484166,0.032366580972646435,0.032421594079031,0.03315891824886034
0.07586885926159233,0.07691511539650753,0.07645718150098493,0.07714296182013572
0.10277570065066788,0.09760559823724559,0.09755357796429763,0.09795660800130458
0.3172831962348344,0.31672221715207094,0.3103610957082725,0.312163228983433
0.021431044908915328,0.021433433134018617,0.020644087991957986,0.02045774072191225
0.03775431707542641,0.03902544077931754,0.03911607748677489,0.03899212612568762
0.34466359791762724,0.3528507406553437,0.3484090009763958,0.35320514793153646
0.07820330417626581,0.07981962447508732,0.07775256434841955,0.07888639461834637
0.08524881697709165,0.08385262890760933,0.08428833512375992,0.08509911320971153
0.2984276699135192,0.29951344734627533,0.29805051597805376,0.29722435833730226
0.553222836371305,0.5515478553187757,0.5498528697387434,0.551162994169681
0.7060648142097276,0.7090413657554733,0.7078692821835079,0.7073753804975058
0.12482447184139034,0.1161977846760639,0.1182530734094099,0.1177392265983317
0.017300340975789218,0.01766303973452468,0.017775069040602484,0.017797435001412825
0.07387342906105064,0.07083384718362294,0.07125449099951074,0.07155181627377367
0.07824956875367009,0.07558249025833194,0.0752703697013785,0.07601223513605093
0.3278445598000569,0.32565886249857445,0.32362379512659356,0.32575942795515966
0.45757759810016313,0.44898571474085336,0.44472130127371334,0.4455087278719079
0.7582207743162664,0.7591643254443724,0.757365354552071,0.758710698356573
0.3194480509913479,0.31685225556537827,0.31732674124223564,0.31866457886360394
0.010875467001753607,0.010400276487722657,0.01024593475100209,0.010235196877074037
0.08952636817722814,0.09766033302783826,0.09792271829015806,0.09732871425870795
0.011733068337401896,0.011209128755353917,0.011191081253791707,0.01101206086186287
0.014496274300096566,0.013953150001339369,0.013856185959295352,0.01404541376408393
0.025073163121344638,0.025374521033968166,0.025634051211420768,0.025552945161433277
0.240634575388945,0.23497176287251736,0.23558234582034518,0.2345690298166276
0.01967535701846175,0.018856153871295637,0.01917647241620696,0.01910013396090012
0.3862274424392255,0.3897848325490807,0.3899714914637504,0.38785910111841176
0.1602179014262143,0.16296807234245125,0.1618442219581055,0.1619803959433157
0.08922957428807252,0.08787634613972117,0.08784471680239955,0.08791578447193414
0.8355056879501664,0.8401944624485136,0.8370371476934614,0.8347579904937287
0.0673012236192298,0.07059815743781375,0.07115629628065245,0.07144290987381778
0.024553619841086314,0.024400130873480173,0.02481856958941567,0.024442416876382794
0.03583661588252101,0.0364218077225411,0.03553358711441114,0.036227583784399976
0.7162838239314235,0.7135773428873724,0.711568405835093,0.7123105730712859
0.2511328831198153,0.25782443101362146,0.2592981985879707,0.2573997207488915
0.5525177388151804,0.5462940847815979,0.5438355520503425,0.547199507964023
0.38234716036847366,0.37482335702229175,0.37661435951661,0.3774604888856547
0.037471477775600864,0.032640039712241796,0.03247705526933871,0.03247135350300823
0.3316509762198009,0.33523436851773547,0.3352778776246422,0.33538455158282093
0.25563883086699923,0.2541359228957289,0.2486398399513518,0.25021434515700075
0.061914543865414784,0.06107586894824319,0.061955569616717374,0.06144225338099018
0.46810934487706163,0.4694310071744953,0.4649310828313333,0.46670900055191056
0.05607804273729282,0.05881816007901701,0.05940873627671384,0.05892394099419386
0.5151358574078333,0.510272569816219,0.5116058207268941,0.5114440910137242
0.11196417931921987,0.10973910638561098,0.10787308962893682,0.1087610827205655
0.561949353142595,0.5562522477677884,0.5500144744094475,0.551981682117897
0.2494709005304325,0.25567854837720366,0.2578459320249565,0.25815152881957387
0.04216344023413139,0.03873351172081149,0.03882761071438473,0.03880640344044484
0.026224535958008822,0.026777961081382546,0.027001701154456305,0.026730611243672465
0.7344212288658688,0.7388809403407673,0.7361436281811803,0.7372115667439134
0.018648177872906405,0.01850598181995385,0.01886381095449742,0.018749556492039698
0.05105375452134733,0.0534638187193864,0.05326416482983233,0.05319171950965463
0.24205439973333262,0.24022864133917382,0.24084322258521704,0.2425810507877752
0.8344429905835775,0.8353459161811252,0.8344469359912157,0.8345308740129953
0.20950111893248696,0.20932142821154612,0.20981343563215318,0.21130050201234032
0.06081664016664464,0.057637838220785,0.05744990665523795,0.057219436697344764
0.1365107505483752,0.12673553490225703,0.12372974088842865,0.12348533584396194
0.050165384562364114,0.05287634127349556,0.05144569918894017,0.051891988241469185
0.41477594518687344,0.41688281082953976,0.4167469159432433,0.4167726623023931
0.5618543844371775,0.5769028173110998,0.5735027015037897,0.5739514320154355
0.05209403796118555,0.053857635383923574,0.05388284169900221,0.0535819165835771
0.7835121003789897,0.7835876456010805,0.7821940595606303,0.7833523348107445
0.0179635504754598,0.019535635806498173,0.020815629567817507,0.020657757491853727
0.07704070206745757,0.07697136109246885,0.07565719679303509,0.07556092010242811
0.6216016363947264,0.6269371686002325,0.6264002437873712,0.6245011459688182
0.13312461161938266,0.12783692181062123,0.12938840108646404,0.12970946935576363
0.2392690433463996,0.24207971560819477,0.23978877648663952,0.24147177707844397
0.01312378267727008,0.013008843530249179,0.012854835120259004,0.012968575098232283
0.1532174794539379,0.14384829656489972,0.14049218506975447,0.14009694398946837
0.03920849655838186,0.04095916110792421,0.04147526692582819,0.04112393599204327
0.1306931139249554,0.11795429074372525,0.11859023507373781,0.11774185838380183
0.1266365188586701,0.1295304897053148,0.12930729125307056,0.12868857192521121
0.3032270346449818,0.30741596152379747,0.30585433700984266,0.304593265557743
0.08515882172049065,0.08016422244315025,0.07983443087167648,0.08034374520622119
0.015408666847937447,0.016139050383280656,0.01577153919839955,0.015695593136355764
0.13222341647728778,0.12773570073315055,0.12525493775240673,0.12557467273270642
0.30616733238139704,0.31700127412993173,0.32041420041299623,0.32116005016143545
0.023793571680989428,0.023378402483024318,0.022458106291311175,0.022251805349229378
0.15506637179829727,0.15162235161678259,0.1533368241344213,0.15300344293866927
0.022099789678426622,0.02010766402081418,0.019799392805757363,0.019720107046285584
0.41685691494212684,0.41264143068826803,0.41408840529426627,0.41487433281870584
0.711253053212114,0.7024785094143579,0.7029243780747987,0.7024540650261509
0.8222624158871589,0.8214522642960143,0.8229812210665437,0.822954671042238
0.04969299193681211,0.05092959852471725,0.051187386345731924,0.051009228514787806
0.6584433829197514,0.6698088987497002,0.6691877973975319,0.6696160812166981
0.5487116480369527,0.5447373003854568,0.5400050978604736,0.5415236185847424
0.009569917560571753,0.011453715850892525,0.011127306598830112,0.011030380022828473
0.17457604421346226,0.17560323026828129,0.1760038717621107,0.17644118757171925
0.05753702659818134,0.06013192049070892,0.05854934972286592,0.05921247224436539
0.6432303727039107,0.6458215390184958,0.6478439326880135,0.6480537229849679
0.9194966696016993,0.9155335074737613,0.9146621845167625,0.9144691519090122
0.051462653798497834,0.048638298421062806,0.04671456095259724,0.047542421726315766
0.7818263738497409,0.7838583846925665,0.7833384031750283,0.7811596069254843
0.04889385030352921,0.049418723906710725,0.04856790115890846,0.0489763623162895
0.07667051028095757,0.07740190064132574,0.07806375193173012,0.07835968887721066
0.026154599385617212,0.024461986945248614,0.024991947783601958,0.024841449161476622
0.08679345459123884,0.08950777238868843,0.08954037360445063,0.08957229901689161
0.06538874519662566,0.06632706918802601,0.06633874749804664,0.06681056232857135
0.07143016867494058,0.07332301999619327,0.07289675811984948,0.07314873166984061
0.36992778948116367,0.37634968259702145,0.3789752970745435,0.3795753914521094
0.5639442343762464,0.5643738829426781,0.5623645217577469,0.5617784673593647
0.037126644141505426,0.03599724164669008,0.035867379461088006,0.03665254243281592
0.12786948125438893,0.11904165995734597,0.12040184506979182,0.11950164857714377
0.3139113739402089,0.32452663157373285,0.3260079339834489,0.3250760067786833
0.6645568278977396,0.6567958984007958,0.6560363031958205,0.6566031485435947
0.1820794452396083,0.1835108112804979,0.18607199279008668,0.18465615018282144
0.008187432038544433,0.009979483064239493,0.010153398104835504,0.010090283244554613
0.035091695744823986,0.035491755802432634,0.03538106360777438,0.03541791661394189
0.2952874386055319,0.2914024103776936,0.2940931965894361,0.29525109104285013
0.36523074275494005,0.37092850676738076,0.3720033430651144,0.37368451055232965
0.9352463914708773,0.9366824832642143,0.9377754912469904,0.9371747713610115
0.12295749149206896,0.11898246300400993,0.11956246301800291,0.11933873220817783
0.04295029972623785,0.04408590036838361,0.04380767230876627,0.04374102973904417
0.026972170093183402,0.028187089507193543,0.02928349509867332,0.029442597516651896
0.02987861948607785,0.031929640475636234,0.03303029075576397,0.032864496819383686
0.33204663363464737,0.3373130974889953,0.33695000106366035,0.3363564761462706
0.1303568649153192,0.12869304143318383,0.12850376293588045,0.13045059878504936
0.06133546286946449,0.06261840222338592,0.062429553140675574,0.06253343690298892
0.01267516277990365,0.010814767694213771,0.010965409278119476,0.010831578334651662
0.14349244101495331,0.14726209497274045,0.14513616068566737,0.14470082011382981
0.7530153517190421,0.7677664694086863,0.7657843519114255,0.7696885393190841
0.011578844304984185,0.01127039142726927,0.011716580395034978,0.01156359649936972
0.4247294032304456,0.43194788754641533,0.42925707486531633,0.431570330266808
0.020540191970043198,0.020677875319682553,0.02051833780333257,0.020386314262576147
0.11508284362611158,0.11844732319606299,0.11682372670381488,0.1174886083373921
0.5079159343151334,0.499488738535194,0.4970903284442907,0.4975581799553396
0.2676055847067651,0.2724284191583628,0.2672052435613628,0.2679272825292044
0.3000834728727657,0.2981983503506721,0.29613696436959575,0.2982120803549464
0.03682462964189062,0.03431887867930183,0.03517120646026196,0.03488699400692014
0.028647665964066153,0.028753179660000742,0.02828738183920279,0.02861290712897048
0.5724730448446403,0.5683543796384717,0.5619828085302926,0.5638686755134559
0.25282849422195,0.25580645699780524,0.25932483321872885,0.2585896814458558
0.016292989224616097,0.015866637049024485,0.015150079554622149,0.014987300409183826
0.39391501099837645,0.3962810078090513,0.39738704293027427,0.39545034122117617
0.37714077223577963,0.3828903802681964,0.3810817136016324,0.3813465978045264
0.10455280893162626,0.10488357534229209,0.10404694094966298,0.10486308908933922
0.09119843101145862,0.09943801787738932,0.09992531908968372,0.0992951264202901
0.31420185816383933,0.3173286500415515,0.31200733387980234,0.31387162261104545
0.043478313355593254,0.04043703982644347,0.04078540535300379,0.04067263269905373
0.046874353436061784,0.04676708172346643,0.04763763589589836,0.04758853321701339
0.016418006615064127,0.016235907193489166,0.016391325414551114,0.016417547901578025
0.17220318145536812,0.17580761671111622,0.17715204813195257,0.1769234232686644
0.07511561092898687,0.06771605650422675,0.06842607594960538,0.068230893586929
0.1493984719415201,0.1431281396544152,0.14295351818434454,0.14265026842501033
0.014350925474855865,0.012905765557025693,0.013075797082919415,0.013023357155729994
0.8515734513483304,0.8604740512676646,0.8604026429875027,0.8598584762746255
0.5218587500881231,0.5159525954954136,0.5146890089978077,0.5141644296725761
0.37843201506214624,0.38790955208099587,0.38562556448149127,0.38945400229153615
0.2792475265183461,0.28160294562355287,0.2834423970489022,0.28465506748543645
0.08347307459970797,0.08912103548857371,0.08812165368151102,0.08812410648333648
0.20818423544923684,0.2125653937374042,0.21210839631056697,0.2113331216236783
0.011794986885080336,0.01320564219734435,0.013164493156390272,0.013265502944818567
0.05922108845579753,0.055490883965561955,0.05323378504697362,0.05421823838110279
0.7173923764414435,0.7146511933880725,0.7069461478148843,0.7105847108807378
0.03645341566794185,0.03549339960944785,0.03526486445536053,0.035303069421002226
0.13385817436368283,0.14151245319415506,0.13999455440845193,0.1396889231035539
0.8066788004238205,0.8110842125868473,0.8059604506119686,0.8096636386397765
0.048099951531577104,0.04971685132995191,0.04849121449486527,0.04931483173477393
0.4722421403593473,0.4616996508779573,0.45621684197149154,0.45769817330019685
0.14318186927583984,0.14937800771769147,0.14806207219034548,0.14749805772586116
0.7190413573016013,0.7109723949318707,0.7076426492207816,0.7115997053427414
0.026633433278249668,0.023083207481765934,0.022710823459282586,0.022629290220218333
0.03322414257435679,0.035693731562680436,0.03837641248408754,0.037623010792906766
0.03479470770661522,0.03611267988205508,0.036116796413810395,0.03635399893735636
0.5946227976826797,0.593602735806133,0.5936219980860903,0.592925774220431
0.2910110483988449,0.29931857462132594,0.29771363950363566,0.2979514383765834
0.8584907109543536,0.851774281958415,0.8491236394800468,0.8493801313016495
0.09118030827426361,0.09147815093870165,0.09158131718598649,0.09266495943453462
0.10955710915618184,0.10618463340982702,0.10691605851732339,0.10754557294114643
0.10495749436225604,0.10825052971678807,0.10851802574166831,0.10701658189985198
0.022709682544585955,0.02162870829623464,0.020914973422482278,0.021333290585236517
0.013244705320056817,0.013352402190270606,0.013605213242004878,0.013558613457807879
0.20760598413456613,0.20850110026831328,0.21309810144911517,0.2115203023082143
0.012448144586471976,0.015486483857118732,0.015332445766327911,0.015198427509397209
0.017426965278072498,0.01728664493407718,0.01788523327959199,0.01759444230483573
0.29738193239288696,0.3100910827533885,0.3071161803714368,0.30831778191919185
0.11654733809498832,0.11611972918973386,0.11572807356884286,0.11601457647116042
0.8845181205999073,0.8793474684440652,0.8830041844790376,0.8824320942460293
0.13010897397838753,0.12055975287464206,0.12171062663165808,0.1204394475855074
0.0209079665458618,0.01950868276286317,0.02001825171166042,0.020129332748501164
0.01465667180397178,0.01504621958722242,0.015031401266394151,0.015113094097273298
0.7690987768439356,0.7738601038795888,0.771291467700584,0.7728803513200094
0.02915987184356395,0.029975673375481484,0.03131337859371336,0.03136437896131806
0.08833369938683167,0.08889043312308363,0.08915946022982177,0.08872334530605501
0.031877163584529064,0.03167001344082734,0.031114994975120422,0.03114000167167571
0.026337298497877255,0.02376918054037936,0.023281316207185564,0.023438762627078377
0.05049422042108326,0.054429498529762366,0.05510024347153996,0.05474167610620547
0.3791702186335432,0.38848630009231483,0.390610368502743,0.38874735771744845
0.018952596830076412,0.01663613812678044,0.016776242368203284,0.016727718146142965
0.20145242265874952,0.20585105430873835,0.20815363211499419,0.2077339841241871
0.1918380757182656,0.1877456490350559,0.189262931797829,0.18931704832802426
0.03764337214815946,0.039950033842260625,0.040586165059040114,0.04071847797071569
0.09401361165086483,0.09455965328409785,0.09450598777437257,0.09560857516345053
0.023930735421469146,0.024072224292854865,0.02480197049573082,0.024637634524726115
0.012158461503606397,0.01395918307293592,0.013629401836111138,0.013790039660887071
0.01913693915138234,0.017537541282937805,0.0176110495837004,0.017601125618060914
0.21905098468395573,0.2167942215699301,0.21571622582856956,0.21707842899796534
0.12848728900266257,0.12232360203320805,0.11928785782606392,0.11839714526006058
0.019663454153990307,0.018958474630097744,0.018965951611208436,0.018953156686944705
0.2952282939801919,0.30243908467915315,0.3037649366392544,0.30427210398517807
0.19434908125992909,0.19611730509703013,0.1972658077689965,0.19727324276810082
0.04881458400001126,0.048350044101064915,0.04942321070131047,0.049515905737667024
0.8321218636264321,0.8323251460670175,0.8300972589544494,0.8303120905283602
0.016088708164629234,0.017046230572944507,0.016996052489108675,0.017118031883174685
0.871789894255203,0.8733021377136856,0.8721102432655569,0.8726142076425919
0.7123170952282224,0.7204345111778226,0.7200159691646288,0.7205207737231893
0.1407624227564671,0.14064423780658006,0.1418895764861962,0.14146789236807916
0.010701250891531799,0.01042251057830498,0.01072494499008936,0.01068564715846913
0.011271697639718699,0.01328292603943698,0.013573146456833605,0.013516721108822505
0.1099750203348945,0.11202951428493015,0.11257876157896628,0.1132477155642887
0.04386226887866657,0.04205657076302519,0.041578547425388586,0.04198575206403984
0.11019526822161045,0.1115214776360221,0.11298784682245096,0.11366818364336731
0.23354453627304456,0.23519235904325628,0.2366043627999727,0.2361811250836991
0.048653414633399394,0.05263092822523249,0.053227541220554585,0.052864223808427445
0.0490947782311707,0.049327873963796974,0.04960376858766612,0.05043594995809909
0.01902847400194061,0.019668848682901155,0.01998036514786602,0.020354847422556527
0.5494574713258681,0.540941777013551,0.5419095327099983,0.5420768525396183
0.18299003411277248,0.18790599025170945,0.1903371460514135,0.1898544415590333
0.06602531686975933,0.06726014010141337,0.06648643789826908,0.066818884882525
0.4266174501413265,0.421135288847368,0.41833253177764407,0.41774432657807564
0.2006010510840041,0.19722681696352373,0.19889466307148992,0.1997928898441109
0.0394539409085579,0.03926566861670278,0.04003779720473329,0.039671486486821596
0.11327008970368137,0.1147028692565866,0.11495312626056989,0.11475565038447481
0.19183164073058126,0.19415118816763505,0.19292588499827912,0.1926857685745551
0.0749155657647632,0.0746840991847594,0.07451471933073854,0.07430642923542173
0.6615128200046255,0.6564766708233045,0.657766052900596,0.6556022493871556
0.16437086700400524,0.1653482363994799,0.16514028404286124,0.16462345149033436
0.3342469610587193,0.33815818499521016,0.34113226304213584,0.34000737320858854
0.18469209308567588,0.1866105345175464,0.1834423492746417,0.18459721850097974
0.14694991504169747,0.14080889403665986,0.1415926066040147,0.14203023246656102
0.6653644277183227,0.6802900720087071,0.6767947845103667,0.6743514174506304
0.10268032423598736,0.10502202328179361,0.1032530039630185,0.10285098198678837
0.02643599271286713,0.026329719298148476,0.026155635516069933,0.02598252007802162
0.2140115009116039,0.21002721829655513,0.20685257643479085,0.2095807809186333
0.015770927275528875,0.016520601051061064,0.01686827464064447,0.01707007735014721
0.3056646348185592,0.3121109498230131,0.31133763233275646,0.31079340207436257
0.9582250856895393,0.9597650658600131,0.9595274207619897,0.9586795557113982
0.16319352611928617,0.16573781281207167,0.16923065747652202,0.16872236287857031
0.27720370402671735,0.2824931993319431,0.28723140410094694,0.2861588277917443
0.14246744460046895,0.14683010015050488,0.14690922074378426,0.14841673736742725
0.7671890158438311,0.760919478069746,0.7583025932208268,0.7589240481509045
0.15946203732480607,0.15464394606858672,0.15582528375780774,0.1559369312703135
0.5059887677668317,0.5037965267117273,0.5023411364741995,0.5044492598931228
0.1545188733642201,0.15446197077609194,0.15484830987728865,0.1554675532787303
0.1340649244564136,0.13574967845228048,0.13779119408239054,0.13735911876862442
0.06031405406651435,0.05863956470055991,0.0585661456435187,0.05849850257330086
0.06269153835654505,0.06452059433991128,0.06651127029129861,0.06585884060956722
0.10712836918352524,0.10194536698124729,0.10134258038618986,0.10194739539450312
0.03627043354045297,0.03593211619010968,0.0367905271277309,0.03662659471659896
0.04889028870722089,0.04724729954390917,0.04711830396435531,0.04671947119033827
0.15839688564665516,0.16311255115592688,0.16444508834489252,0.16438542213695764
0.32548843142323797,0.3348479828618232,0.333977020849912,0.334413319315298
0.12673772723722107,0.12911204441417898,0.13021362998842648,0.1301062638215251
0.5124952219611945,0.5233112256730126,0.5227114884357411,0.5245280006289886
0.012794269589771699,0.010873567479483088,0.010823527407629433,0.010703428649709044
0.03275800255842341,0.034292211079903476,0.03479622837755009,0.034467563185254624
0.13216142491076244,0.13389193480438852,0.13666840771386335,0.1352660901455928
0.2054712835324504,0.21062825927459725,0.21140957112249573,0.21086835083341643
0.010487561270815423,0.010405742299178332,0.010379391952360999,0.010487454470607583
0.07042459592546155,0.07413653805342717,0.07600931948000032,0.07554715963279765
0.86915729218613,0.8677599633131308,0.8657320230809286,0.8663413190931676
0.28717700374714894,0.29208348712307586,0.2928370133895205,0.29313329472976246
0.10686395498097946,0.10793770481380141,0.10803849488866432,0.1075256879795057
0.01319874764962912,0.014762762649366197,0.014832615026255705,0.01484142674193194
0.6119221814081091,0.6035697149016475,0.6009138519705556,0.6004407009075076
0.36455658925526163,0.37175639958990225,0.37187061587137793,0.3711585326965717
0.05043848632086809,0.04678270995559307,0.04686117378074606,0.04693009277329082
0.3236107874058203,0.3264571149795002,0.32764697735261195,0.3274589188411551
0.3578321643394203,0.35296522692868265,0.3524976808510633,0.3529628768190397
0.06952030202959185,0.07065657434600056,0.06956649477741396,0.06911688998284815
0.0162061333829588,0.01715781091778546,0.016551128148517513,0.016730457202251078
0.03957304684715327,0.03836592985217928,0.03843842637105498,0.038254869712880314
0.03387170359188396,0.03506135342249816,0.03593186860553367,0.036142125368982495
0.09633647278946547,0.09505848404184308,0.09637773332312523,0.09594681469695415
0.10196341829400268,0.10415457764079782,0.10573710010808743,0.10603858446403812
0.01690316807994829,0.018228597987914024,0.01875025565367803,0.01897343129123734
0.3167044949249446,0.3083080522266159,0.30788454294682027,0.30893344218745167
0.012111280612970702,0.014463323961771371,0.014674789164762024,0.014617773320582955
0.06969092828385202,0.06783108712332629,0.06896057952353815,0.06878731414100818
0.03366994895380941,0.03116498278080371,0.03142418258965928,0.03133213581622648
0.12344573780618016,0.11360025296013943,0.11094106724109994,0.11067776305724042
0.010915384913207161,0.010886945714592451,0.01037317343764677,0.010373529822154967
0.6045329737048117,0.5967985378889162,0.5917103176038212,0.5928357631561574
0.1291818117294858,0.12723699572543215,0.12758675282344933,0.12801399884201375
0.012987649746416767,0.012467989240195591,0.012619891923564353,0.012492413425484294
0.2932673688764728,0.29110933757018886,0.29239935241759724,0.28966166416242634
0.237829980425219,0.23670715363876393,0.23155876478595405,0.2333604926151531
0.09224356219005703,0.08785267179736637,0.08645028569213181,0.08674890843469099
0.020954094472695483,0.02499012177778336,0.0243672807629681,0.024577151765443103
0.4599830131931932,0.45207815373937216,0.4490417949717143,0.4490223587481587
0.05722460542421435,0.057325409604886926,0.05811581463406293,0.0568947659901524
0.339142440153475,0.3415604739292622,0.34358305814395096,0.34188246602419564
0.36449141145896086,0.3612727690564662,0.3582199595203105,0.35837067016671276
0.013776818176252502,0.013616885915321408,0.014002457074220502,0.013669339532462237
0.01374295782706739,0.014000052312975207,0.013700318764143609,0.013782805717904611
0.2048534312719334,0.21182605518582492,0.21077487904397108,0.2089668748611557
0.08664103822591683,0.08796043410372006,0.0891120974510539,0.08979984218322284
0.0559696979109422,0.05700581024891182,0.057600440488917215,0.057481538573898226
0.13523170310889018,0.13746425127915277,0.13584922621363277,0.13649431286321784
0.8058350256754221,0.8047811949313524,0.8076251138979984,0.8054529722088725
0.13503685213299055,0.13217361630577432,0.13116969097613773,0.1315722577155274
0.014298391783988564,0.015206493653675967,0.015143580116845667,0.01526006918260714
0.6428467256199119,0.641569943273362,0.6380475785151134,0.637613913802559
0.04913251389742488,0.050372419223030415,0.0494242244467945,0.05009135637288712
0.022623956284069765,0.022461159035283777,0.02209775344910899,0.022090783855903146
0.024713650023400386,0.025937817530407817,0.024823908252829735,0.025072586442020452
0.01569647528491414,0.015449554901153966,0.014813828768710109,0.014653234028002211
0.04367256695131296,0.04335364320418989,0.044426613972798915,0.044102241185866975
0.010885776242594175,0.01064473429095255,0.01054998417336947,0.010566996504027617
0.2777861212783447,0.2804507225600196,0.2804755404299503,0.2812708299164951
0.11213605614069025,0.10540225592865297,0.10467978613574096,0.10498906797194979
0.047795260891080264,0.04972367995838838,0.05000713424756472,0.04976980557403685
0.02990517664918834,0.029866085276667082,0.029673033255977192,0.02966411160942156
0.055999531442686365,0.05646492678951627,0.05725653088764096,0.05726854430836308
0.0528249833733203,0.05242011152337949,0.05218371492986372,0.05239326572286923
0.01989939684547554,0.02159947830327961,0.02116357370480869,0.021327883065636977
0.19999351158389994,0.19939812474444019,0.19566260300926752,0.1960600683786514
0.02898948651681348,0.031893598195666076,0.03124116954038103,0.03141005618035286
0.12162698747369534,0.11531743433378105,0.11557446708627485,0.11557099471923804
0.2597770459314898,0.26543758712720456,0.26349344117839074,0.265278605148369
0.8356243994680128,0.8382241771318242,0.8383936861075467,0.8371300099660302
0.20108330687820414,0.1991140665075374,0.19593866221027387,0.19705352305943144
0.035666701408206415,0.03695061076082387,0.037358645286977396,0.03715349014310073
0.355732355797556,0.3614208450822762,0.3608636558018921,0.3615575877510277
0.25869654269496,0.25594605952131305,0.2521555325798628,0.2522977229342109
0.0475175586412331,0.04899884411965547,0.04886871604606555,0.04843643601463611
0.056439745252840005,0.05500316509229962,0.055733353071066014,0.05563987275277118
0.4154822363782732,0.40610589056997026,0.4038012256347508,0.4039928973297734
0.2096969722919839,0.20847121987261064,0.2089536249111944,0.20912077876121168
0.3274980795565137,0.3233469057151896,0.32457969002243153,0.326280774017412
0.04280751474790756,0.042454151806350475,0.043317300702197734,0.04259443200503782
0.02416067809239868,0.022129953379118907,0.021776536342235617,0.021486095295882135
0.10202242382791275,0.10275171498775984,0.10148555016092793,0.10140843359043011
0.16214380071942633,0.16374696071914915,0.16435517580230305,0.16359017957430483
0.038245451874287364,0.039539406684135456,0.03883017500180769,0.03930828191325575
0.02317873722569411,0.022900206333168565,0.02278604684821344,0.02304358509348346
0.2571006764220301,0.25232420175386217,0.251009889486257,0.2508800851554172
0.04068664092319892,0.04033262195836332,0.0398300472428013,0.040652589731924385
0.046361120521123005,0.0465387654894181,0.04619033156433544,0.046409706526251815
0.3535566509788979,0.35769404272311306,0.3549369458160741,0.35538793321265655
0.1256345788437737,0.1256039413271858,0.12184486650481628,0.12276840641711442
0.177944473404891,0.18139564540610806,0.18328490300596026,0.18301776680216872
0.057247898727102835,0.05827756925073419,0.0586876574922447,0.058536519250187886
0.3816260588007942,0.3879343442109844,0.38756186925679115,0.38770685642198177
0.18434965200889872,0.1810237805998488,0.18242446585102057,0.182798439701855
0.4119627736752142,0.41031251756158305,0.4110282849219891,0.41307953007888554
0.18446672210359524,0.18765156717225429,0.1874898759937653,0.18674400557742296
0.012657422198844182,0.012104753738726742,0.012071766174999886,0.011872449603937026
0.044662957055198016,0.041929880403359016,0.042824226281413365,0.042568269477274184
0.04912435915854681,0.04890637160905352,0.0490197515249171,0.04870278193964114
0.06675603539785621,0.06889893799250912,0.06896353884254033,0.06915396297379695
0.4997503974599214,0.49999030819796036,0.4973741383658848,0.4973994879610565
0.20212369317857032,0.19897334484447032,0.19582867300702644,0.19843324819262712
0.5987907189342765,0.59094860822127,0.5840824210592948,0.5871311046602287
0.01625309783009055,0.014516302843224655,0.014388447148273009,0.014527652156114514
0.0254337823370268,0.02751501542931333,0.028296753443961382,0.028562504250412846
0.16331823712633486,0.16853630033171552,0.1706211598547055,0.17006265351530644
0.06460486389149643,0.06563925231164294,0.06456566844346512,0.0641654571543331
0.020451019087871763,0.020634351356346295,0.01998812353170696,0.01988774497750715
0.48852657652936154,0.49145973245842556,0.4877524524039153,0.4860056414728418
0.09141957291719029,0.0858695844685402,0.08601122203364066,0.08627489470277099
0.1634588192701828,0.16455927897179407,0.16435184110421627,0.16429181906041174
0.05640936747212098,0.05868189675904332,0.059835556241405526,0.060087246130150186
0.032147260787972774,0.03121135357527139,0.031146876202372754,0.03126370553958247
0.04445275458690559,0.03990990715239525,0.03936187714727149,0.039366522896842095
0.4452904415105269,0.4411698424761551,0.44083850254690404,0.44152804191721645
0.7691854836273769,0.7641996988106862,0.7622674233161902,0.7624249074387577
0.024192776176058008,0.025215174232601195,0.025335854227067654,0.025278665917719375
0.03404709985347625,0.03751351414241893,0.03695683751620018,0.03717120782014428
0.04174632778511371,0.040909999954175186,0.04103033515030765,0.04067622729823584
0.1091668923711269,0.11348585568887208,0.11224442141536156,0.11279834140098076
0.1270871784917909,0.13318158604072927,0.13327545749408484,0.13278558598545515
0.06040698354447509,0.06151249096851243,0.061374462670995056,0.06104208875906504
0.056205649765143965,0.05487596631072794,0.0555500252330024,0.054870406790327425
0.020460155788678068,0.018589561523083806,0.018649901635629115,0.018617183815136638
0.3307480490074859,0.3277234101441355,0.32806513842072804,0.32823687889920145
0.13861909397306718,0.12932665602790244,0.12620592980558323,0.12574187194858272
0.2730035991602795,0.2732292030835262,0.2677726414290873,0.2694337901124322
0.041908744703067415,0.043661151748087844,0.044087111383706586,0.044345660040331254
0.9402884017917653,0.9374244678824944,0.9370864183811903,0.936413820709119
0.6212423499350613,0.6147416663499444,0.6117299692718746,0.6110616851309718
0.05060466809598741,0.055625775655509975,0.05586886626830328,0.055212994706599856
0.015037454933756243,0.015552229135305812,0.015195656020498093,0.015230454992038898
0.8872145774906284,0.8938372180024046,0.8940013431161592,0.8941972785391575
0.09723179019333139,0.09463773468368882,0.0935955019069581,0.09408534654868055
0.0174176063343599,0.01816695666126261,0.01764933372665909,0.017602720169062676
0.34954774862877624,0.3471924333825568,0.3444650182620068,0.34466115877717785
0.7353510580169852,0.7307291395964743,0.7286588917340704,0.7292999219513406
0.18633992451371612,0.18740348091569037,0.18768763182693343,0.18864319211840955
0.0497749659507387,0.04605067292724066,0.04626452232152788,0.04625196886745769
0.056645332458126585,0.056313216119384585,0.057239801465788366,0.05707525167798464
0.02285957052769277,0.020980658545776486,0.021491943010312906,0.021254276448365764
0.011108607578668793,0.012093425042889005,0.011770481781247136,0.011952384355310186
0.2901291888166445,0.2879701126329372,0.2889895593859243,0.28816171062407125
0.028468562560933885,0.02890365607158693,0.029586583899827476,0.029853736130248925
0.036411232295109744,0.03507715178199665,0.03516776609729033,0.03495644625423356
0.07653635419780846,0.07415817824287856,0.07486974864011023,0.0758551948639384
0.28363793031955636,0.2860441179682088,0.2892543590146395,0.28900060470542915
0.08057507494172243,0.08075983055376358,0.08127483831431505,0.0808924271530078
0.3534222186209865,0.34375427856713625,0.3418162836373768,0.3429914399475745
0.010343633420945969,0.010252662713320078,0.009948964946413476,0.010048354436261215
0.023279657373374375,0.02660605092321266,0.02683592873972493,0.026600425673998715
0.05433534401031512,0.0522513504136483,0.052794308375612393,0.05283372496971939
0.8339668174321487,0.8345361977947541,0.8330870844220417,0.8313790674286508
0.038597230919303706,0.040285858110078746,0.04080311416361129,0.040456582847305196
0.32552884395296816,0.3250229096599598,0.32423487510569743,0.3243269083340187
0.21848463187396805,0.219363375886115,0.2190575538899255,0.2191711970004138
0.3267944429657462,0.32902174451723964,0.33157760260033337,0.3324699848122143
0.10667150951388205,0.10907118951570625,0.11054082055614707,0.10972090886170127
0.04603297818662802,0.04278738960313974,0.04296600025942626,0.042490012471728775
0.9717123259862428,0.9725966550565857,0.9733239177515638,0.9735671640639372
0.02980627017620696,0.03110119674986125,0.03256313867098714,0.03257335017241142
0.2543145848355969,0.25866845037806274,0.25940722435067476,0.25755797645306777
0.11774160321800402,0.11316822143171484,0.11351052662344174,0.11353811964003202
0.014368279057538439,0.013989463889046809,0.013980620966679905,0.013968243497656083
0.15120994632175547,0.15355657674473583,0.15470897849804932,0.1544962448652799
0.1303568649153192,0.12869304143318383,0.12850376293588045,0.13045059878504936
0.009632576933335189,0.010432593348005798,0.010161692529537207,0.01031819000078851
0.21553462485816188,0.21817161580745462,0.21745035544749225,0.21730739878071342
0.5975290880584531,0.5897405600488428,0.5861133777632521,0.5875599861181
0.08034384223020133,0.08008655073105428,0.07851759518547954,0.07881760414401758
0.17873392034415667,0.17468302927518897,0.1770615563732458,0.17682362415038846
0.8895461613486123,0.8883224472846006,0.8888131818900082,0.8877673655315829
0.017920876091227195,0.018064219321231322,0.01833455991672179,0.01881793532687993
0.11268584613810904,0.10244408848684233,0.10437107931708972,0.10324623361271426
0.04784446559463094,0.044640806758133034,0.04569218840172263,0.04563466625874198
0.3472813787717642,0.3529176729105089,0.35219366813352393,0.35235356625708825
0.35906566105467763,0.36462363755879706,0.36410134463924704,0.3667570460321284
0.14434444356062368,0.14558799880179538,0.14541055994378216,0.1455440221116417
0.020469487380405993,0.02116432336434538,0.020887010248538368,0.020846070686489512
0.34247745952017977,0.35254320258660726,0.35175634121562077,0.35548084980760003
0.21233333396007661,0.22183098877321383,0.22219570762036364,0.22274483645841736
0.1305675328489506,0.12162546892182777,0.1213878448619033,0.12197304419376237
0.02826760986482294,0.029143827081964883,0.029020020434868423,0.029221155735256066
0.4197716955493826,0.427461189828517,0.42387312246080816,0.4257546337830491
0.020370434032703423,0.019879426439820748,0.02058593711049909,0.020399811618055194
0.03772554852943185,0.03683476361266146,0.03766454912943419,0.03745265256565228
0.7656751750340665,0.7611779168573971,0.7621990858705205,0.7631032382960915
0.09517857894228,0.09090114161023569,0.08961018614068919,0.08993635693261726
0.729979757651195,0.7275426369276091,0.7258594333848104,0.7284524303859415
0.10305617320957226,0.09275921438611522,0.09394486737430777,0.09316202764581791
0.29161766832196484,0.29419642198826407,0.29533762533209096,0.29486691900497725
0.12802975333057243,0.12404545810074719,0.12493849740005825,0.12448635394110817
0.06304717980432871,0.06274008907477417,0.06413409601543694,0.06339429454476285
0.14468405111129432,0.14526234689254833,0.1469303403569685,0.14875890589931048
0.03411543235866663,0.03204240322232032,0.03240920781838933,0.032091504665219324
0.14386286652600103,0.14857637585635103,0.149404363177513,0.14927056565305727
0.009179586131215701,0.010221812632058538,0.010144578925775536,0.010127407582805266
0.042542049917612706,0.039310791615402886,0.039899505889984754,0.039466189120114785
0.31572225540745485,0.31949620141267554,0.3189637880315848,0.3209679770534234
0.051293447361288554,0.05117513280785495,0.05105648743573491,0.05118148715295362
0.05150281051001112,0.049662450759597326,0.05090074398385275,0.05055619990497546
0.10645013607320904,0.10873755647068062,0.10950829200221765,0.10814111876562695
0.3876701768550884,0.37579331582892167,0.3781238743814403,0.3778721018656114
0.10437113377761337,0.09675143585230245,0.09442475754982696,0.09431272986218057
0.1934790428490862,0.19553036535040644,0.19242086555575136,0.19429566614863017
0.27050273016423354,0.2693602321037034,0.26574857470237867,0.26589424613760565
0.018474569259267104,0.016433636435184484,0.01630720018421539,0.01619111326204569
0.1788320526499949,0.1744659921807256,0.17501956911610994,0.17583096240777144
0.10035740539936415,0.109028931161022,0.10907514242423141,0.10846528879739789
0.49033712285002345,0.48438114641456875,0.4826239381320763,0.4831050612079664
0.1425385202923174,0.14727394327718069,0.14736311520292428,0.14568213834805332
0.529458639438933,0.5192509091491592,0.5212247784265113,0.5225574360958247
0.05165634715745536,0.05235927008461006,0.05316575157892008,0.05198005237478879
0.15532033226116132,0.14861935151091277,0.14789728544624542,0.14790244091873167
0.36381140541441387,0.3667025974386758,0.36970217727807847,0.37032294598113047
0.08590527185783323,0.08935811415741621,0.08832869430652755,0.0881664421116363
0.017153011242560592,0.018021082354243576,0.01806399601996633,0.018198332553335105
0.0669903297052346,0.06185949320645601,0.06336281657185422,0.06376405279509736
0.06831225732259308,0.07208937706993368,0.07380547165892383,0.07315482201051283
0.013603386786536779,0.015828819195878502,0.015539642048977275,0.015704424116252287
0.024432896264888128,0.024051189078997,0.023034855009508085,0.022841967780219297
0.16925259787373786,0.17332192117699088,0.17504911505865856,0.17320533018359496
0.1331976587486344,0.1330726182510479,0.13160938867462013,0.131629917928627
0.026763086497627327,0.028057902949818372,0.028735235680862795,0.028833755440836956
0.02017791007200307,0.021513020338982135,0.021390094156982193,0.02136535052969511
0.045060647343594974,0.043915558131384036,0.0433270481673484,0.04339876864666574
0.7857504421091275,0.7901531781659534,0.7883970540822742,0.7883832325389261
0.05333829958465549,0.05351136995799944,0.053288990247612675,0.05311632741886729
0.109195242336844,0.10155906549090327,0.09904006124796201,0.09857736086895356
0.026204601717535633,0.026226831008030728,0.026530428557380747,0.02655287686792686
0.5070531810102552,0.4991118465787073,0.5007137305427775,0.5025913138205191
0.03747385288487182,0.03591063909878866,0.035838914218344724,0.036324561473137916
0.15659247522216432,0.15308449061812707,0.15539226918715623,0.155320997613873
0.05314797377971531,0.053246556754070036,0.053455037504306274,0.05312245827706708
0.028434535924045403,0.029887737763503577,0.030466170984908322,0.030909299700740054
0.28157754415778774,0.27914024144839444,0.2778512253492803,0.27698702959238564
0.009988907090060213,0.010496259379325162,0.010126269654526869,0.010135668763057524
0.3474260070671285,0.34704505889896065,0.3440190406018941,0.344788171101344
0.14318736167361698,0.1461868766796591,0.14737419583462313,0.14632854930103503
0.02224251262741856,0.022169307530623395,0.02121960448091275,0.021032430791370262
0.3214738666632818,0.32644893884074905,0.3253718338061768,0.3255793367333228
0.09628267535816225,0.09661053191667376,0.09703792327402112,0.09690173398822854
0.10492468009032403,0.10146744621683783,0.10195987621912476,0.10186677076044008
0.389475248386062,0.38287960734908666,0.3822171151758727,0.38077836561139156
0.036641569061403895,0.03812384998874282,0.03859232619320095,0.03825318274126004
0.015840128700463307,0.01640273381538875,0.016311265558701937,0.016190201742152067
0.3792815345472916,0.3818611488426911,0.38053411392980185,0.3839519011396764
0.1608250341135539,0.1628717851137187,0.16417381759834349,0.16448362451845092
0.11947780853455824,0.1200059372563336,0.12157173943966657,0.12322652549426846
0.09312218781026,0.09411036236673705,0.09467567420301184,0.09444686495799745
0.04801068329200985,0.051037656006168455,0.05010948862096363,0.05067021734686226
0.8428078383536028,0.8447618415363386,0.8439381737163008,0.8424425829277374
0.44436558144662763,0.44520146689623047,0.44453318318598095,0.4460912806674881
0.020292322566276562,0.020329251038599647,0.019447965922373966,0.01937065000449895
0.08144031264340106,0.0867107359156226,0.08408225831031235,0.0848467392482716
0.07021643203695865,0.0682808403091196,0.0671653170032267,0.06747026873863336
0.4692439387656065,0.47024384980219947,0.4666975824482475,0.468480545195582
0.038185858732557504,0.038224389745087343,0.039208622854326636,0.03896472916593632
0.4255688591369732,0.4236036148940451,0.42313277815799766,0.422100619853847
0.8058350256754221,0.8047811949313524,0.8076251138979984,0.8054529722088725
0.14357622009406404,0.13089298285177392,0.13200777194280522,0.13073296234064846
0.013884124647506955,0.014358571000806323,0.014038188708174854,0.0140150352319297
0.4647164187861034,0.45778427285782913,0.460393408917148,0.4571007756334029
0.05275267836536853,0.05056551625969757,0.05016607540873463,0.050675061381774744
0.41960747021511996,0.4210851459760013,0.42106335868095435,0.41957443309315434
0.5379104186780083,0.5336138307840816,0.5270179488085106,0.5298457346091537
0.05665976731134951,0.05284812434429642,0.050665058229802655,0.05159084795340842
0.6086343903437137,0.6034435049994428,0.6028408688600507,0.6014717308066142
0.020174229245430487,0.020912985668055183,0.020518243436296078,0.020453449939295078
0.3608059495088235,0.35307849251475554,0.3522964032677425,0.3525007574810863
0.06804294313414783,0.06772513019756415,0.06766225108218445,0.0686383785576545
0.10252969940109627,0.09393592220741148,0.09468254138733394,0.09436518547743138
0.039817505180638806,0.03784142988427765,0.037130503209414994,0.037169791966668135
0.12630366199583637,0.12686014834840645,0.12596700707066102,0.12573192043993178
0.37620398446098735,0.3780709022956743,0.376927887850212,0.375018065456206
0.009785342735344737,0.010289398329069329,0.010613528799294608,0.0107590076326265
0.06226087916313715,0.06168329429473765,0.0619998480136484,0.06267385219721541
0.1175724806402399,0.11980161326349048,0.12079013263851006,0.12022593991338061
0.6339207479017972,0.6309221545938783,0.6321516337160651,0.6317644426118477
0.03967071577560906,0.03744126482928399,0.03653616217957379,0.03625568041182831
0.24789748111326457,0.24918259872073775,0.2531666992502182,0.2511057660715786
0.301432346084637,0.3086010236906553,0.31137644135468073,0.3102703376522506
0.4983944120324107,0.4928358127257813,0.4952286496209574,0.4963715405799723
0.186052939496476,0.183366304373897,0.1842260017672224,0.1850213419414361
0.32845841527942043,0.33156980410484665,0.3280390808617038,0.32831078421175613
0.5638600802579443,0.5634532300767292,0.569822299205268,0.5681764773249754
0.796784176106086,0.8039470382911419,0.8011726406391401,0.8017178338236475
0.4894071876366399,0.49401038960821286,0.4926399950926518,0.49090525287664294
0.1460959425888159,0.14930313935581124,0.15198250072212643,0.15142672301993265
0.04560230766291917,0.04757615982179999,0.04800008148219867,0.04840595622484484
0.11855464412704986,0.12102526821775861,0.12119183297276545,0.12204174869217384
0.6865992617049798,0.6791925864147816,0.6763248675837112,0.6761920201099703
0.029471399481715406,0.031245448720708953,0.03192783066944587,0.0318609201010582
0.5327077054420951,0.5262280657757752,0.5227874781362609,0.5218059639350802
0.03169432177275302,0.03133564124923474,0.031160476102457854,0.031276581464160756
0.011684128156390255,0.012602626460483757,0.012926725388928499,0.01285863185544922
0.2943654311497583,0.29084636276171755,0.2864088544481122,0.2870996294686147
0.03825973274750875,0.037920488152532475,0.03930798389760827,0.03915266366100369
0.10975294945785302,0.11110355014646091,0.11137088688990886,0.11114448598641903
0.015355231359038903,0.01559910148482663,0.015688550125849,0.015707658886863072
0.056084408901082856,0.054642046986863466,0.05461601250236282,0.05401726165314122
0.03377002670725981,0.0326174991621048,0.03281869837895462,0.03270344191677069
0.09730446532021976,0.09225922231343432,0.0944133765454718,0.0945596903826919
0.3615420732148588,0.3704365495612107,0.3675826329359637,0.36701014650576774
0.12708337265622469,0.12990082913433815,0.1333442125241298,0.13083528937423144
0.04944238358386679,0.05202930854445099,0.05080123421339646,0.05137167206785491
0.292820292297202,0.29539578480836665,0.2988271286016273,0.2988594665462804
0.8655799514745046,0.8782112383054368,0.877929634936748,0.8782087794400426
0.01697038281426944,0.014747107994264801,0.014667581515090974,0.014561825307880697
0.23738325078647401,0.24468333200230125,0.2452051420301398,0.24338094666445576
0.1991896150103452,0.2043103344591627,0.20464437698257168,0.20537728975259756
0.018347571484526808,0.017409028372858387,0.016683484186762042,0.017152303183471815
0.169608520165362,0.1578579724522049,0.1542297601012844,0.15370454857751759
0.06154142688856425,0.06288398842933195,0.06226140129588576,0.061873922202367614
0.03890635007862224,0.03521498596979199,0.034804961674619224,0.03466669462907787
0.018156047688022058,0.01898418485900742,0.019482793913268712,0.019532044706316
0.3969047715015188,0.3920043525148469,0.39137031067993444,0.38983238638276785
0.13318753371732056,0.12603252233316517,0.12364189462130773,0.12430063307300925
0.10025198289090059,0.10373412087803538,0.10433233298221085,0.10409682322709365
0.2012831284621318,0.20382110847816262,0.20361588837198616,0.20474344702497863
0.40392410729492445,0.4025961656766727,0.4023563474303697,0.4007947447920661
0.021094251370434598,0.020022880603433504,0.02068921871874458,0.020673796156287498
0.4026282426635177,0.40620201654525834,0.4070511348526687,0.4073405720854064
0.030884586304265417,0.027319756667884502,0.026774503499282336,0.026825542018237208
0.3588699338084842,0.35913580567764214,0.3590107413835626,0.3586761272523676
0.06509889998726735,0.06137857652217966,0.06012752963387633,0.05972258646756281
0.4296759700313092,0.4328229314004996,0.43022578295325076,0.4325986050013927
0.25435564704798497,0.254391713234643,0.2547652111542119,0.25632274171207725
0.05102613064349382,0.05358729629028604,0.053052385139610504,0.05310458674158981
0.2726082637693167,0.2636132815222188,0.26503931264087793,0.26362962305480087
0.04384789307268043,0.04437309132672732,0.0459164692602577,0.04563925071181893
0.3902008389340463,0.3886598529193861,0.38814006628768033,0.3863675327657917
0.20045899689645952,0.19987398980985058,0.1999968475469369,0.20146500472685466
0.018914207070433495,0.017927402997727163,0.017749897141742958,0.01776744731734461
0.12028794251923222,0.11225692278603981,0.11427679778508415,0.11332431305759696
0.13500656772982875,0.1302200838623436,0.13050366557856227,0.13075609573188138
0.04481708845478306,0.04550837823273326,0.045811693787125844,0.04529576264025665
0.09042839802591268,0.08467783050625557,0.08428585409993988,0.08471096309302899
0.04395967457271041,0.04121543471738584,0.04213079785753568,0.04188066759611085
0.02626341145071494,0.02751680761674549,0.027802321402907535,0.027970649524977458
0.015111833731450596,0.013174753679667866,0.01329483816947702,0.013265156416289028
0.009450483931817551,0.010106882439568735,0.010428936052911838,0.010381777877681513
0.07368037626759955,0.07408354859062626,0.07389958336412458,0.07480400511594269
0.09091599998057391,0.08531221093096236,0.08465781774824586,0.08494611327874699
0.09735866391844161,0.10080890456077651,0.10024220722328614,0.0994839340618903
0.03496014424314204,0.035366587844198646,0.034928882252790096,0.03513597797674634
0.023736860975345383,0.021447739980937082,0.02132500156563435,0.02130890644742189
0.18306670122715335,0.17440148934855845,0.171356549222262,0.17214279206240438
0.01037998573118231,0.010558594028270795,0.010614031883388542,0.010624322000066206
0.8821284697996261,0.8787324583807711,0.8778825614783771,0.8765944791941701
0.12845153440583526,0.11896674218823691,0.1156236721592484,0.11553509139117503
0.018111387510995006,0.018882170272438218,0.01960015477026727,0.019680120969188995
0.3396162307391542,0.3370429349766859,0.3374026546666895,0.33633148035307814
0.47053032844954434,0.478459959147725,0.47815662131331477,0.4759156396983341
0.012951854546341924,0.011777857466578385,0.011873868919889499,0.011752246036905398
0.814730337231952,0.8110713327050395,0.8117684376453833,0.8114037172617197
0.22487339942528345,0.22403228687512108,0.22159009196766086,0.22190541428951083
0.27055770273242735,0.28114205127346914,0.2847402752717493,0.2832714629870958
0.34429480434462445,0.34974338917749537,0.35059505159813203,0.3492881139097739
0.06688597255782774,0.06823061728348137,0.0662620064150589,0.067041868802103
0.14576186554510884,0.15355017687062908,0.15294991469962554,0.1519523520698973
0.07286728639960295,0.07386231185565888,0.0728044121508142,0.07232089328858521
0.11925958414411576,0.12363699017300447,0.12428481678990877,0.1229862378454508
0.011108607578668793,0.012093425042889005,0.011770481781247136,0.011952384355310186
0.06192049115999522,0.05806838417939738,0.0574392231680093,0.0572719987529387
0.2084495647059599,0.21311864536329908,0.2136874402877201,0.2120332480813254
0.34326795637402496,0.3509354920911101,0.34881490712879887,0.347474727600769
0.13548128877326396,0.1253978430987454,0.12658407195048801,0.12537319293250168
