5K,50K,500K,5M
0.7810218385594946,0.7952314873972629,0.7932615290131184,0.7929188773604954
0.1590655135682448,0.1638423269046022,0.16436532240026247,0.16367827986786745
0.02384311882948399,0.022178384583471933,0.02205750013621574,0.022073684976221822
0.11822223999202494,0.12365015546505288,0.1241637337149871,0.12439948589072752
0.06215692366759982,0.06079949600699624,0.06164908382867109,0.06195410596550204
0.02210848583416328,0.021360076584401484,0.02133793891560305,0.021702794797443574
0.02240904701240739,0.021044344754246914,0.02131815221935965,0.02113734895775969
0.6117317292794989,0.6114661226100585,0.6095858485500834,0.6091755656728619
0.09535453310195258,0.09189778917312978,0.09166892655619245,0.09181920874318869
0.03205744474960372,0.03237848373170137,0.03271372922734958,0.03278027041188011
0.119736621133155,0.11746713211916442,0.1181437039115633,0.11831950899509405
0.038292482629724935,0.03730722154379979,0.037156545172999045,0.0378167078620362
0.10710522229662907,0.10030182748266755,0.10212653736797561,0.10246292732983889
0.2667953121996495,0.26759084525318166,0.2690085074429575,0.2697031499398677
0.2118494495054754,0.2121639979570159,0.21081579185608493,0.21054090630257224
0.20119834620283797,0.20602603656044682,0.2061328728259057,0.20521467945369323
0.019884434762245315,0.019989111854106793,0.019266541348472485,0.019056774169907937
0.025549201818173776,0.027860591245743475,0.02808994029190729,0.027993370985972366
0.37971534714346133,0.38274344588627973,0.3829161108403851,0.38268896768087596
0.08256695645729567,0.0794775009233032,0.0798491303670832,0.08011765990634152
0.06137770506704047,0.06282731473333421,0.06350907821268278,0.06347815073988619
0.38231388,0.384435104,0.38761369343999996,0.38786023921464
0.054462362459244094,0.05250603404497027,0.05196978945484021,0.05188412489143548
0.5810629468229842,0.5840614176448886,0.5864697883503236,0.5874116864181042
0.4326538199755749,0.43797240398044873,0.4383937610526029,0.4380673019339911
0.030676075894972808,0.03184489460085687,0.03354130715016856,0.0334441201949716
0.5953866151887831,0.5907881486083417,0.5891354325723703,0.5889861417418802
0.33645029146524547,0.3432691879642468,0.3400040564962876,0.3402191502933183
0.14330673693629503,0.1359644812039744,0.13404150353372707,0.13458209278426272
0.9204783658084941,0.9195214631841484,0.918780605070969,0.9189524280317035
0.01638554515217055,0.01355106044546919,0.01339286351540122,0.01346186681573242
0.015074359325755548,0.018049613496812042,0.018440385838935574,0.018296744745958604
0.01654251845206622,0.016998665241266683,0.017199219146880468,0.017110241416798663
0.059778044903859365,0.05740908728014349,0.05770208679840248,0.05773604407389799
0.02688009374053565,0.02779941850284761,0.027450999037270336,0.027534445094873444
0.6014175053724546,0.5937014524940176,0.593162826631918,0.5929286828728729
0.06942888238465621,0.06434230835056708,0.06410828939420603,0.06448420880130015
0.020739589234051233,0.024803446590378284,0.025200210869543067,0.025025569621571073
0.25377950697724855,0.25182825838830436,0.24790743772152052,0.2484854054574987
0.022710179520750023,0.02222162936125396,0.02134722062408071,0.021048131116629433
0.03919930150708724,0.03663741835643165,0.03723774381000252,0.03695334266773063
0.3000744599705603,0.3047683762563515,0.3087934320980879,0.30842415148410307
0.013183842406003631,0.013576885339561036,0.013595619281175253,0.01367173400441046
0.22469326136365517,0.22464685610362348,0.22360796037600436,0.2231919697934728
0.1949248875610364,0.18793633411904623,0.18608643220592644,0.18720268796048772
0.5123019999999999,0.5155224408,0.514350022356,0.5142701253984
0.098637,0.09297484319999999,0.09225010001999999,0.0927395814742
0.11946609439911605,0.11786697004061587,0.11712455439707316,0.11708287276097494
0.09431054593810181,0.08622033126435509,0.08478530984535053,0.08495929093474161
0.049227220074117464,0.04976708082926952,0.04996785172351354,0.050037489394962775
0.34153212616,0.34444848931584,0.3438442247651265,0.34386737604608814
0.8948863940740426,0.8895821069756342,0.886941130037363,0.8865567517622983
0.13079685938171287,0.1195474784384412,0.1173977085661398,0.11844875711588647
0.2243924,0.2321238608,0.23153540094000002,0.23115000886735998
0.25846247300172964,0.2604909565239352,0.2627163335608797,0.26275096760363015
0.052940856269067645,0.05064311859691042,0.050895430421363984,0.050994288845013724
0.711259156956538,0.7029460236968127,0.7028429555232052,0.703013840696692
0.08997965124125337,0.08895195135372244,0.08872509390356388,0.08896442787037287
0.08590008507143794,0.09173361255961617,0.0927314266895984,0.09270369298772232
0.5084,0.52018,0.519172,0.519414
0.04441247482451985,0.041275132829560246,0.04166010076668059,0.0415370007096671
0.028982945902780288,0.025769835098534605,0.025446278291149756,0.025556518469709286
0.12219291084334599,0.11510736838223774,0.11705616454082668,0.11731002403859832
0.09993261579232789,0.0919139523393402,0.09245325479344495,0.0923317377921909
0.13045373009390793,0.12127924839415728,0.12205948960712282,0.12266258682780803
0.10680354693602899,0.10029299473443709,0.10216457604265154,0.10255698624808912
0.037829073906496834,0.0384978458261572,0.03908345444660465,0.039106191540895334
0.015408379545452131,0.015159327452895477,0.015343672337699902,0.015380834807354072
0.1635619029435306,0.1662562615904222,0.16637538862730453,0.16641566083493078
0.5041266589407596,0.5085711601370803,0.5096860104133358,0.5102248400611811
0.40907708917865926,0.40217953080653746,0.4015011338847791,0.40066589199429936
0.013350807522655245,0.013467697001682587,0.013688846060707506,0.013567326181713621
0.1723000760838781,0.17506312643962077,0.17632968109488736,0.17703317409039845
0.06328410799328,0.062498696422149634,0.06276881463092268,0.06211166988106692
0.1465949925840392,0.14894450717683486,0.14814886987216158,0.14756675265790659
0.02309337660646336,0.0242864820882686,0.024465044043413407,0.02447038089190953
0.5077200024665316,0.5002084309134236,0.4977201443192865,0.49790967541463405
0.9499438551446088,0.9479926311270654,0.9468513789727278,0.94680456646735
0.017464030856909098,0.01883024489105563,0.01901522265289967,0.018951581117889374
0.02018898556010557,0.01879807680345192,0.019095412622741555,0.019088495079563315
0.041052777865747944,0.04199767103245801,0.04239244939405479,0.04259439242361412
0.5768780242150867,0.5816911852181708,0.5848450982835901,0.5851446423144567
0.021627351759542494,0.022019700579841834,0.021487509527579655,0.021544612358307236
0.13657339999999996,0.12672083199999998,0.12834411988799999,0.128800788068
0.017196848060036442,0.017425119846464804,0.017737853066039422,0.01784616640311896
0.24355693030417888,0.2372706350388846,0.23652504160510623,0.23586887397974357
0.05003089315979369,0.04447779026979615,0.04398749949518359,0.044190403006874275
0.369402507206321,0.3743035124062277,0.3726858343877718,0.37274196566789397
0.34878521974190907,0.3517913065468456,0.35138491591593346,0.3511704443277537
0.020103917560417225,0.020057903110918988,0.020275217004316556,0.020335550540904183
0.19772945920314314,0.19685835108340713,0.19600294014300965,0.19637880749045877
0.10153981877181334,0.09436712752137572,0.09611213516953127,0.09648236472479349
0.05201890452213031,0.05011994023719785,0.05044141093800685,0.050205174667483025
0.11797653685871715,0.11074434608553559,0.11133629120758982,0.1119531629274808
0.0505353859757626,0.05570104811463245,0.0558728810836998,0.055602646652501087
0.035536544700056696,0.032876613246037974,0.03273498216732775,0.032878030560663664
0.48253647281432066,0.4801880758009761,0.4789598034106572,0.4789757546051115
0.6075138413361336,0.6137753606621453,0.6109460054738577,0.6100165248974245
0.04983782073674213,0.04904125706698836,0.04955544333969158,0.04932408120352393
0.06819810544577888,0.07218370658833514,0.07403998602056662,0.07414615529223517
0.027015498129900884,0.026256619185521298,0.026860941615176565,0.026606313252227815
0.016794439598692097,0.016156604811525112,0.016316448831980888,0.016184484530324495
0.23892244984242947,0.23688795563647722,0.23393322697702795,0.23455694070579042
0.6328240129169226,0.6330154367636256,0.6323903969553808,0.6329624512141623
0.9418593599999999,0.9411158399999999,0.94039037748,0.94081760652816
0.055661374592519304,0.05261039679038827,0.053243795597928564,0.05338992916939739
0.7668002788526219,0.7591693592884825,0.7568977776434972,0.7576883271295217
0.7175933367778833,0.7190656256645032,0.7179327766327974,0.7182553244983155
0.11797038062347749,0.11855291271297799,0.11851307273389777,0.11855510154317181
0.6624770503141331,0.6662498649328571,0.6644545359430665,0.6644427666297748
0.038790804950144614,0.040076073350584177,0.03968838930196746,0.03963462609471251
0.05214057081232196,0.04813596670289302,0.04847088881561973,0.0485017946812826
0.018439832080513134,0.01811492985217136,0.018452981928128703,0.018383642361600564
0.057392811585836145,0.055041023693393,0.05556576891713163,0.055620319661576684
0.021379874860413137,0.02022610141248703,0.02054134357137915,0.020807710066749918
0.03526799349638009,0.034615207337286034,0.03465169963058179,0.034643067547170926
0.08028407227438589,0.08044090657616174,0.08125733089251728,0.08101665055727289
0.023015303810013585,0.021812744271257307,0.022000017478907133,0.022013590873667107
0.04078881342497629,0.03560567072542693,0.03575349584652932,0.035803949112714006
0.019248581245483502,0.019248626085357434,0.01932337507348434,0.019303111707535486
0.05756813913893604,0.05627013516938953,0.05644006453220062,0.055844529854516024
0.044790418339985656,0.04389941037617427,0.04430005044317971,0.04405150302357406
0.2395210192192564,0.24092514120536884,0.24264900316978885,0.24323697783104262
0.10386880664381018,0.10643644786532068,0.10749008365916758,0.10744696564030613
0.03663735328727619,0.035980623413360675,0.03648653446445709,0.03654885042686437
0.18645668495320672,0.18852786029326465,0.18571874359646806,0.185555375651726
0.05764601620726219,0.054823901549197744,0.054490814211440586,0.054527174391854664
0.01256329007678855,0.012943087610442132,0.012909644981958495,0.012976760725854184
0.053318570791701755,0.048997996930682686,0.04881767906962624,0.049152252489203914
0.6103618755974979,0.6121530701418478,0.6117228520906889,0.6114074761348436
0.01424062497116375,0.013647568632328333,0.01339693545807637,0.013268792026398761
0.6579131206771759,0.654957449616905,0.6598720182484296,0.6588523137709348
0.13334274383113487,0.12900345603309338,0.12711227089704993,0.1275733249405428
0.2539617027567471,0.252525944747389,0.25560521065447483,0.2554273757591014
0.30593162370432747,0.3040829864207413,0.30061167449129145,0.3000767606702135
0.15246287557297822,0.15774367120392757,0.1577031879265731,0.15753921643736846
0.021266141395506113,0.02070664776734702,0.021110083339549383,0.020986383114289086
0.3996084435706354,0.40340102798533506,0.401995972682521,0.40108284774227937
0.2539567883356892,0.2440949446862134,0.24496132782601943,0.24529730205918154
0.0965793146117168,0.10137154089071479,0.10117170197128877,0.1007213319577015
0.22936654237422072,0.23524411290819852,0.2334467148257583,0.23349130882631253
0.27690470546990575,0.2781312181532912,0.28012716092900136,0.28099798760321276
0.020739589234051233,0.024803446590378284,0.025200210869543067,0.025025569621571073
0.02115771946624108,0.01935063117200741,0.019646834064591143,0.019741674121751387
0.12093775895040679,0.12474282111498648,0.12390860633063121,0.12369633203951817
0.07766820308223561,0.08470977463715722,0.08254616138612254,0.08290988164104157
0.02441361069284908,0.024363917955618097,0.02439189831102402,0.02441264348931619
0.5379585741978863,0.5339376802563248,0.5328643193833682,0.5325588499215163
0.01101834043352613,0.010576495893692504,0.011234266876563316,0.011148268564377794
0.0524813744169154,0.05209242648235557,0.052456653350108656,0.05213492086788518
0.09840286408007368,0.09988007019489363,0.10116429387266869,0.1009259141561092
0.015679790431007767,0.014858467086980813,0.014521982240542412,0.014438888953823045
0.3168110904996188,0.3151419718530309,0.31403591592675667,0.313273261110515
0.08898587847938293,0.0895733128612422,0.08863374126511765,0.08871948461439715
0.06820190472560943,0.0637029191831424,0.06474848868204831,0.06496361016176175
0.32739148643176763,0.3227181682342159,0.3248887986062527,0.32470269785038847
0.16365054587793018,0.16466621232287615,0.1642314714512822,0.16375635252633627
0.03877544362970556,0.03744334128046258,0.03794932338111864,0.037849217866167593
0.3644911712397533,0.3702660614629588,0.37186510141686246,0.3723796749521319
0.19611338879438914,0.189048230042032,0.18983582580325492,0.19032132001712254
0.12891023892435588,0.13266142713124718,0.13205004739580173,0.13195625329962307
0.6953538837561763,0.6952798691093074,0.695309284594853,0.6950290986615932
0.8257015785055061,0.8332031647449574,0.8306908772285452,0.8301586016421334
0.3389513617222216,0.34262459419404473,0.3419880236684874,0.34219845126694665
0.1122687403490161,0.11413512995073803,0.11239851159538136,0.11275862921804142
0.38512347667599967,0.39069808212554574,0.38849934263537406,0.38787834703843743
0.15626764373727184,0.15684391414574278,0.15749138952874994,0.15752333293264537
0.014122267128645064,0.015155434225643674,0.015175490263182635,0.015235073448651803
0.019057057359078932,0.01640466528399905,0.016304773995504035,0.016226380190434295
0.43152188976,0.436272064536,0.434030487933924,0.43319449217893446
0.6579131206771759,0.654957449616905,0.6598720182484296,0.6588523137709348
0.012459829232986965,0.012337210018331898,0.012280296665336293,0.012277862184525243
0.7942880270104272,0.8006990455319323,0.802064816934757,0.8013135472958567
0.24421654717992225,0.2483459667149465,0.24956343850014315,0.2500450426081645
0.05950456041115641,0.061475278822677684,0.06171928566530616,0.06148174054058821
0.025,0.025540000000000004,0.027250000000000003,0.027084399999999998
0.12205092958086186,0.11674795825520097,0.11749992113057298,0.11804970800185806
0.061445425785757395,0.055276096917353024,0.05440991543348873,0.05459929798124859
0.014033322691028105,0.014994493756833123,0.015195013044214655,0.01528429153591451
0.7721373714950147,0.7601674735073716,0.7601137386450405,0.7604901817782596
0.01061115199318779,0.010282790666007863,0.010664588090803787,0.010720304341374444
0.3803467660118616,0.38058326751358634,0.38250330630825935,0.3827115991431516
0.6079774485471908,0.6123090426069002,0.6145299173789103,0.6152581322089574
0.02155208132556803,0.02034442029068063,0.020347158723306537,0.020426120334081
0.39728140845282417,0.40181069704646444,0.4039179485446691,0.40239913307810027
0.03702672403122217,0.03266651857559479,0.032324131079645664,0.03248405861901061
0.032338937808596036,0.03361954744322892,0.03407051718698726,0.03420537778774028
0.12355926487701994,0.12280091642825709,0.12090937130001135,0.12064843832259363
0.02211147037835003,0.02108592945481983,0.02116754811719012,0.02118748736256945
0.024869985582083573,0.022994352224182668,0.023057991942292973,0.02319522810819186
0.7268990098395869,0.7258031479861089,0.7229097580811585,0.7229250071199468
0.05153061652842803,0.05448223002396642,0.055111168946268524,0.0552660115486811
0.10253749315424934,0.10027878774047667,0.0999958576542155,0.10028528453809611
0.027691499720534533,0.027382305417833406,0.02720010282157343,0.027425323517975782
0.124035167037273,0.11745290460547847,0.11721576608830268,0.11734834727887021
0.5967613808253776,0.5935805977370684,0.591625272671703,0.5908984286638521
0.30091096565244324,0.3029395440945041,0.30406297653015635,0.3033441945266746
0.2489139943616133,0.25496685602953584,0.25723912419965667,0.2575077649229724
0.028640557394252284,0.02831927566295293,0.02866870625649275,0.029022649858558177
0.11183066869306164,0.1055396427026313,0.10454473241774054,0.10489320984866894
0.1761721975086946,0.17350457015887852,0.1724152919682411,0.17254151689038283
0.034374035068535515,0.029810467651126573,0.029846075194688598,0.029890404587683703
0.015212617090297077,0.014216016997986816,0.014197251566237542,0.014270308857525924
0.037212934708856026,0.03612942015806783,0.03664850111983227,0.03624229646834698
0.06629811310670755,0.06548887343690121,0.06613734756987323,0.06605927450577588
0.07181571281043202,0.07120706510558034,0.07243658873610534,0.07271543244597563
0.09273497139861307,0.09249025774224616,0.09224759943227755,0.09241384232961668
0.1320571745038529,0.1296507042168457,0.13006577188884977,0.13016188296872638
0.1279843278315389,0.12724093839859477,0.12772630931999474,0.1273130739646358
0.45185231839424306,0.4568511525502768,0.4558478104991027,0.456802946606488
0.1688879577005594,0.16800019803811056,0.16974788463677107,0.16992877895305059
0.021828250512072062,0.021735213659122794,0.021890722235153252,0.021953150591510276
0.03660903563119144,0.03331248951383554,0.03289670654086655,0.03303465185448623
0.012514191351863739,0.014344240986396336,0.014027714200042056,0.014012151206373143
0.18300692520884876,0.18203581935361743,0.18337365067609765,0.18330617803490531
0.011605652756639545,0.010706612748626915,0.010878030310239777,0.010925235629737634
0.023811392356763984,0.02415101031245069,0.024485938981846398,0.024682080194980367
0.4314784301623572,0.43530016110193326,0.43755399935502287,0.4371997695235028
0.01728456365222252,0.017839127847451616,0.0178482203165134,0.01795803222960364
0.1287139927081331,0.12058582203067716,0.12130434712822777,0.12186613101068179
0.3693112587880472,0.37261114932768724,0.3721843583392835,0.37262618576533896
0.17039773503981984,0.17744477948405712,0.179542356534474,0.1789593779208137
0.3404381455881379,0.3354057915446528,0.3327988594695146,0.3325853598094192
0.019980384725273546,0.01793531708418031,0.017749789068361523,0.017825411978204676
0.9044985249244974,0.9003767835234076,0.8983673861790888,0.8981247841134191
0.09444362819999999,0.09171902896464,0.09079928436616284,0.09119223916400353
0.033310401595291354,0.03161443149617844,0.031798225092605145,0.031786836996657686
0.14637386798739424,0.13546742097687603,0.13728788051598567,0.1376351742882205
0.0801704245383579,0.07833131943112775,0.07935907915141202,0.07897716682186295
0.13615809899659315,0.13037560166646955,0.13146587338252178,0.1317992878159189
0.3771615133639434,0.38236022338421005,0.3812319307180298,0.3811815833821376
0.10686620290218128,0.11084342716722816,0.11060091515316434,0.11075536547228039
0.10670396154995972,0.10736887287702575,0.10818098057036916,0.108295004980209
0.3816620332227875,0.3855157708789385,0.38527499051802067,0.3854993415320202
0.26238205608728393,0.26088369274382855,0.2617967979505016,0.26208024640186434
0.025005225209867397,0.023210120181860604,0.023524324155689995,0.02335717111573315
0.13587418425032946,0.1361508038165033,0.13473495143556885,0.13462510523048346
0.15420775138330114,0.14898920282808337,0.14703052765131658,0.1474181725016187
0.030661157624527778,0.03180247180793369,0.03203340678299387,0.03187838959895982
0.033405169285021824,0.033737236577269535,0.03400900199442044,0.03396108467473868
0.037500611313682,0.03662465848593215,0.03508512134239946,0.03503677363592721
0.06285563593869041,0.06310508548641972,0.06262599037147655,0.0620137602102402
0.020871643031949563,0.02049575931045139,0.021031166780466497,0.02096564861057009
0.15292204496410977,0.16079679025160637,0.16070969011524985,0.16062840791341362
0.1029670183740221,0.10263424667234394,0.10181524838930738,0.10197450416014266
0.1122920721062176,0.10699295813883114,0.10665931833183623,0.10691706505530238
0.7990645902985966,0.8044942300175264,0.8036428769725373,0.8034802189180228
0.36510030740894633,0.36578789816923274,0.3679701137332181,0.3679962299653072
0.13434615675785908,0.13688613921783355,0.13641737145316202,0.13673479334939592
0.09018754232071063,0.08959972265636355,0.09009778698978643,0.09024509626859795
0.5140094693533461,0.5242358509190344,0.5242098325257363,0.5245057433720504
0.08575307853230116,0.08508703533317526,0.08615233540101035,0.08657495691615018
0.021905482527315823,0.022488958010704208,0.02210812405838734,0.021861684755944386
0.23191742485359562,0.23416670164885095,0.23674528447910587,0.23693142441005807
0.6193705739002845,0.6254281162046987,0.6269681671368025,0.6260316392724641
0.2351118,0.22494119759999995,0.2266464187,0.22751773745140003
0.9067972753550502,0.9045161110371663,0.9047585586349832,0.9054236110206015
0.37202903514263,0.37035414942395456,0.3727289751753851,0.3726880081096965
0.029544466550764054,0.028065827020260555,0.027419900698938494,0.02746183691474952
0.08291135330563286,0.08163744258920573,0.0817906623809715,0.08193519070510036
0.6733873207507666,0.6627655986941905,0.6645075781065618,0.6651899878330904
0.35437569295943483,0.3521081754398643,0.3492159587482061,0.3489475088211426
0.015432556418869623,0.016548975225574428,0.016937591817845026,0.01707570328899984
0.08931032941746057,0.09065633462638475,0.09158769511107168,0.09160884943976597
0.03247875071243231,0.03217299956953917,0.032488976201921635,0.0325116230935251
0.10461758643365396,0.09800768054729726,0.09735642816941235,0.09740023847571051
0.32229660047934655,0.30916048415681596,0.3102142966718251,0.3112381142410641
0.01180800951241417,0.012624045300350276,0.013068029366024261,0.013048360313703296
0.04284026624479356,0.03990714425692879,0.040737552647523025,0.04081220077376702
0.012101034327715702,0.014394312014169637,0.014603763773196096,0.014491082445031906
0.5105692679740366,0.5230598031641454,0.521091562574302,0.5201341859908526
0.1339319790428183,0.13843302065034527,0.1385786469741945,0.1386363283340976
0.03102051566339077,0.031410499885833346,0.031863951306085256,0.032049969436034
0.4486463170667621,0.4485508142450209,0.4486568503494416,0.4488628862835428
0.12930920140940966,0.14063156132181348,0.1385074851248397,0.13911802383175376
0.052944986963192046,0.04904315643807007,0.047910950728540264,0.04783903084761045
0.016913342072109924,0.016062150840224217,0.01640369143515921,0.01629331869311239
0.06505314390503845,0.06496645418794116,0.0638195335417711,0.06389569341707761
0.1406944448299721,0.1418896463909009,0.14241048694551162,0.1426244815381721
0.01756699741632723,0.01853391027735116,0.01899275353174921,0.019159565342807595
0.01585475191633134,0.014960528654563396,0.014922479540825139,0.01500285426768234
0.9035773230804369,0.9042092326838413,0.9029594918982808,0.902440673077126
0.12472954624411703,0.11550390365811974,0.11691124081629863,0.11731312906396335
0.0769913457462402,0.07827403548119537,0.07972429167831697,0.07975132587503582
0.5669189144337607,0.568956924915158,0.5705693461347864,0.5711919171309044
0.2607001565123179,0.2564505573844266,0.25519175980631575,0.25518993872680945
0.023323324970116226,0.02184373944613628,0.02217440086075355,0.0220966004752176
0.015428910169714769,0.01826479399907662,0.018569928401734864,0.01847274595620655
0.05087665494360687,0.05437895510731423,0.055603574242728035,0.055674516198271504
0.05792872037144285,0.06085671290801219,0.06146784867461145,0.0615206588526308
0.023648752022742612,0.024274605864668966,0.02541572266033435,0.025368981015707635
0.01830844193907375,0.019039024596790428,0.018784216340167578,0.018721021684113198
0.47803136385295963,0.47809352452146214,0.4776787631471931,0.47714519459115456
0.8323937164709985,0.8353220173357403,0.8339516845267362,0.834706524831292
0.43179256680281575,0.4315138868573378,0.4337090451961199,0.43179812845905524
0.3121568160206972,0.3092976395340254,0.3091992029523131,0.3089363957010674
0.44502117911454003,0.43904741374530576,0.4370836805552997,0.4363467176541259
0.072920212826238,0.07527550343190295,0.07613169447033094,0.07622806441079076
0.31241709069679297,0.3155519635616957,0.31412615598908095,0.31389661560854387
0.010599424905099103,0.01128486640850899,0.01149204627832264,0.011584939605825262
0.45060090527487595,0.4494491229014899,0.44892847963685656,0.4479415419516913
0.01565453511367416,0.017169444810468712,0.017441104546558586,0.017409176746127082
0.03049492993445903,0.03043959306163393,0.03042238334882538,0.030331727162000135
0.7800705963920969,0.7773353099914228,0.7757494370313588,0.7763024446578607
0.17875732579228035,0.18274359449383956,0.18449470080945926,0.1841941359335147
0.5452890674679611,0.5483672432564782,0.5485154474565538,0.5485087725294907
0.012128648816377556,0.010555815257881436,0.01044409340237871,0.010485544221776734
0.015227440000000002,0.014900099200000003,0.014273461888000001,0.014059051591440004
0.0909069059358809,0.09712961386268835,0.09583459549368022,0.0965389536419137
0.32567001750218944,0.324562394937445,0.32635091460773197,0.32632671760738946
0.14391676359003758,0.13988662082591552,0.13872221364785384,0.13902235348281372
0.04895329875240618,0.04880229619159414,0.04911893282106466,0.04928834872905082
0.8534639857986328,0.8494383265031948,0.8486670123882056,0.8484784980235265
0.0190731417915326,0.020047923374817707,0.021119928116237727,0.021000193004220822
0.7582886806451242,0.7691647933248471,0.7676144660007234,0.7675042597479652
0.014810591223763577,0.014357621430519898,0.014748076084347484,0.014674574617783407
0.012840576342052946,0.015406486545825358,0.015727540491174898,0.015643909941085575
0.0845823569794216,0.08586643562929624,0.08491044835384629,0.08483018129773447
0.04426396711262991,0.040361374449078294,0.03977877945231424,0.03974404807960673
0.028481949182695167,0.029535524848534805,0.030013819011789674,0.030068395611684524
0.08309360499578329,0.08903384372334439,0.08705491509552676,0.08754644297299956
0.013762475140890636,0.013716270221506408,0.014020325657831461,0.014050373469726108
0.05886095386188482,0.061409792523261016,0.06277629901516871,0.0629057376452196
0.43425447335858086,0.4334761970145617,0.4341657267751294,0.43448411509144014
0.056922180398593175,0.05513500564760564,0.05406694585758368,0.05418719952991327
0.08827493320162118,0.08601007227086144,0.08569960044352976,0.08563842881452638
0.15202504483694007,0.15447994643658003,0.15313104273995837,0.1530191214754636
0.018824980421012664,0.017759457882244607,0.017832045586485934,0.01771479693020397
0.07520824284166716,0.0712726843243341,0.07112094488523513,0.07131799049091664
0.14806368470329262,0.15476512068692824,0.15383694758206806,0.15392346437995685
0.8277490828459201,0.8269751524561082,0.8247258584748868,0.8250349184560505
0.11994921614146326,0.10820925180499798,0.10873884320819717,0.10869938513311918
0.1606407026167954,0.16311209919362854,0.16175722212401983,0.16171546876251938
0.04110195602751215,0.04243878987839856,0.04270312740766534,0.042541216987396775
0.05937156239970943,0.05447717850477722,0.05324989293622929,0.053197118983638374
0.31598976676785284,0.3134881589547735,0.31040416178324926,0.3106810897208396
0.013585426137916233,0.012131274018968519,0.012115640507397503,0.012169681238661287
0.07271540541653879,0.0729450626421567,0.07194772580382708,0.0718717526991273
0.08430294921753011,0.07994282482609305,0.08003014341627589,0.07994538071961269
0.05517445170183578,0.05843634728260518,0.05918729124617046,0.05922018508082038
0.03926417778463609,0.03794301804255301,0.03796027966295229,0.03801455345746835
0.9639039713570383,0.9629286478836598,0.9606816622532736,0.960716512822483
0.17693190254449795,0.17657579274870916,0.1750905935485552,0.1752389326640117
0.033405169285021824,0.033737236577269535,0.03400900199442044,0.03396108467473868
0.10373012648078636,0.1022675075342989,0.10211362945880069,0.10234441167411414
0.3543711217447128,0.3473335855458804,0.34630008804262513,0.3463169315255657
0.013229752054971915,0.013895071468254127,0.014153049256736156,0.014268395709135911
0.28470710246111663,0.2859990549778069,0.2850315981012436,0.28550538728703007
0.06672271103853505,0.06685506528912548,0.06798566826366198,0.06828694448191737
0.031147389167119805,0.031102112109649298,0.031273799950254526,0.03095930412387601
0.014868223059659003,0.015091293706188178,0.014841074046322986,0.014932285010818253
0.15527363302032168,0.15248687774766453,0.1527084949679041,0.15296030576597813
0.3471412795890276,0.3444805217316485,0.34483113141992405,0.3432408077425983
0.09781433649800333,0.09913091488964845,0.10048519297787278,0.10034984981209541
0.14518603663042826,0.14448096233436444,0.14573809719652064,0.14582804372607575
0.008729741274124127,0.010345401230608188,0.01009762868373618,0.009950394951898785
0.36462348,0.36010464,0.35924862312,0.3588430891376
0.01776286591515745,0.02145801903183028,0.021786409590126544,0.021620580532281716
0.01835392026249733,0.017979948775177793,0.018377784370732175,0.01823430337480071
0.011199074279949563,0.010398848313622706,0.010566726027032,0.01067260702933662
0.010302078816014755,0.010682113432141739,0.0106036891236804,0.010626889726978079
0.016241417958874675,0.01514964127473973,0.015422585110467407,0.015488932518907785
0.574009347413713,0.5716521121468309,0.5717815278597616,0.5714748414514578
0.48317659999999996,0.4989080712,0.49777859394000007,0.49707879054104
0.038111042455910786,0.039683878346496976,0.03996805899013368,0.03967151690293232
0.42189263999999993,0.40815431999999996,0.4089203007,0.40965656766408
0.13348464560468323,0.14040279974009187,0.1382404781899218,0.13837073517573692
0.291750343599387,0.2955899547151269,0.2946888658728383,0.2947219733370494
0.4279467654513967,0.4214065841126507,0.41917753220888415,0.41942938316266554
0.14227107466167044,0.1528827577369636,0.15043875594017267,0.15113645764559985
0.13745294181323012,0.14005149877213457,0.1388066129375656,0.13856627733318266
0.030725600000000002,0.0310393512,0.031088485152,0.03103325462512
0.16185998715322525,0.148721759507757,0.14641012503135137,0.14676664837124298
0.11889869787715672,0.12006385127923747,0.11976270542753754,0.11917864944659386
0.17483443991632977,0.1715505426969094,0.17077177084901926,0.17141074486934174
0.01990322182250541,0.01868630753877844,0.01912486493664832,0.018964758944412262
0.6122597544097005,0.6051278628892747,0.6042897258759516,0.6038431766182357
0.14786273718403384,0.1361472355351256,0.13371491310713207,0.13412271602184825
0.03406793225852017,0.03558607538578333,0.035945788201143046,0.03589517206863077
0.19488799332870757,0.1912260897913107,0.19198952619891446,0.19247483743803967
0.03292767191813337,0.03243600713838626,0.03248582158219991,0.033010895838519114
0.07586490664257388,0.07652342093449074,0.07707327438703719,0.0768982086905302
0.10258897451811222,0.09742812487439978,0.09785478172894403,0.09843168049725992
0.31768568470858183,0.31614309655054545,0.3127227662674878,0.3121975674629968
0.021485040668918803,0.021488040076227115,0.02069459110696525,0.020391486579407554
0.03799401211090124,0.0389351187903942,0.03903065479977097,0.03881768915127602
0.34470891936,0.3510544382856,0.3505765235691399,0.3508633121409512
0.07878711384502061,0.07934715071283006,0.07883930246186087,0.07808207498112972
0.0856140029241061,0.08399743760447272,0.08415404153327707,0.08436072486649628
0.2976198477709762,0.2988896209981763,0.2999412725908942,0.30002243305315984
0.554832512610498,0.550632591110874,0.5495227855736632,0.5488277454996562
0.7058453062415309,0.7085865795902313,0.7079278479695832,0.7079579866541831
0.12483691369665187,0.11592138330102529,0.11808539727232148,0.11855548420103722
0.017137463410280534,0.01770972182459035,0.017726429948279856,0.01784447762356021
0.07358549498196573,0.07083481718358305,0.0716173143529534,0.07168173733724713
0.07845844178420638,0.075512289834329,0.07602370876388369,0.07617470454611408
0.3281468987751608,0.3242428650488982,0.3241604656218659,0.3241788524558498
0.45757340573739375,0.44968760155943194,0.4463221130774297,0.44641388585129854
0.7580333984285539,0.7595973861358487,0.7572217397764782,0.7571345253987696
0.31964003761854576,0.31869434942423847,0.3189426361414126,0.3188198221390747
0.010917597912704056,0.010415649927145108,0.010177854887128216,0.010214402045488794
0.08973147017083281,0.09752336927125091,0.09816698556294731,0.09800458172833143
0.011697946832772565,0.011167902966759803,0.011193521334579525,0.011160316229589242
0.014543104997101762,0.01389994886584916,0.014010086633093713,0.014101736545006373
0.02506162658183695,0.025491762808209084,0.025657540900273258,0.025522475441186646
0.24066786459975115,0.23486735420082594,0.23513750427154845,0.23462301864311474
0.019743005682820832,0.018774361978982294,0.01908634145990302,0.018917927867706054
0.38512347667599967,0.39069808212554574,0.38849934263537406,0.38787834703843743
0.1609205332805447,0.1618183697599508,0.16130568879012794,0.16145139573189796
0.08907802639209829,0.08814639400818959,0.08832690000887188,0.08797861052880748
0.8316021605889199,0.8387999278537097,0.8387647911019269,0.8382581573861676
0.06730284938750708,0.07057593247985419,0.07127203478570739,0.07135459212306211
0.02456430460352957,0.024491450194254912,0.024817037066350786,0.024732692090724054
0.03617512413069669,0.03640824598080825,0.036206701452138966,0.035883036081072246
0.715896837235143,0.7126174909921846,0.7125593594692358,0.7128838520016267
0.251401226288303,0.2569340824554116,0.2578180527899341,0.25801754765190293
0.5509678227942787,0.5458476050065546,0.5460516068633745,0.5461261497159616
0.3823223318697505,0.3748353234694549,0.3761613374616915,0.3766845153272414
0.037611165434114316,0.032549148478065594,0.032496178482454605,0.032520889018580426
0.3305978041684755,0.33399730031406477,0.3346136252037994,0.3347667723050301
0.2559552983552572,0.25372948268839346,0.25052335946106413,0.25038929512248204
0.06181158024652432,0.06078976136711618,0.061717079777884466,0.06144482930371952
0.46773499657996526,0.47006253619539584,0.4669420102386324,0.4674300597862429
0.05609113567362898,0.05889911233961848,0.05939950827093286,0.05895082653494176
0.5153141970857207,0.5106198094739941,0.5111458922645336,0.5115543494242184
0.11228641117121026,0.10941021213038997,0.10840070943177203,0.10826031834187162
0.5609204361755865,0.5542794962329197,0.5528000908988087,0.5531125102964045
0.24946727886951153,0.25540487926055183,0.25776750994677133,0.25803481565231956
0.042292412591649876,0.038850772895835696,0.038837731354072313,0.038716021343069305
0.02626699229692562,0.026627208210181785,0.027008757190402206,0.02693120969727225
0.7334184412620037,0.738818723695687,0.7366742737355243,0.7364467311259059
0.018480962296960148,0.018718962895013135,0.01876644786288529,0.018856034253287364
0.051306275091893644,0.05332458724967611,0.05308860875472376,0.053029206731018214
0.24106146312966745,0.2395848945020928,0.24158610040195452,0.24161139049354577
0.8347110368142108,0.8351302600427871,0.8338057972432101,0.834484520647446
0.2087009626072651,0.20879348064163725,0.21048456433677218,0.21037070452806947
0.06069722273123707,0.05780730029881916,0.05733427604549315,0.05732084076654278
0.1364218695096142,0.12597761500398547,0.12341888076031737,0.12369790142897645
0.05016192673267917,0.05274673422249221,0.05157199620276325,0.05190198419572675
0.41478597895799224,0.4170475381332089,0.4167774022367917,0.417024450321489
0.5618786797467931,0.5756439291716935,0.5737906683138699,0.5730365199626644
0.0520987425684731,0.053720421829363096,0.053923165312630875,0.05366796460611575
0.7838356654601453,0.7834815736410757,0.7818692886280437,0.7827376021837785
0.01806695550595658,0.019312052563541533,0.020412417865683593,0.0203193733381838
0.07730085351904148,0.07683183078287217,0.0756029725770965,0.07572044253433526
0.6225682437548995,0.627908613671852,0.6249792181417959,0.624563539275631
0.1337136472702956,0.12827831970921647,0.12939733196904243,0.12966682755900766
0.2394258891639017,0.24067735950770827,0.24014118301516416,0.240249028462848
0.013134956122024487,0.012905894626385372,0.01293522159287325,0.013004003627942714
0.1531528969480147,0.14296418822367307,0.14019767184631599,0.14047036198885915
0.039318123913640445,0.04101116078998868,0.041366599907135995,0.041056235281194196
0.13061469805660042,0.11807984454092785,0.1185435694794851,0.11850270443134799
0.12637450292370392,0.12794704288461295,0.12800496489514712,0.1279873963595583
0.30260582862685287,0.30561590882653433,0.30520424490869624,0.3049201436945515
0.08533825142047975,0.07978011297272897,0.08023336556990457,0.0805149489421045
0.015324018037974108,0.01608286969614203,0.015580851901399871,0.015718633637490848
0.13190115237465394,0.12754892739553927,0.12595691720475655,0.12618890462674368
0.306189434779624,0.3174359494023096,0.3193561304094751,0.3195336039282966
0.02385334418890397,0.02341607083635294,0.022518371740356428,0.022194145908641858
0.15582803433746467,0.15160105728899592,0.15292422293626295,0.15315913650628743
0.022144354651095197,0.019951525617160567,0.01969598746460499,0.019787127926364233
0.41659194775557246,0.41209821178432443,0.41478059228825276,0.41455160709747735
0.711259156956538,0.7029460236968127,0.7028429555232052,0.703013840696692
0.8224014601376207,0.8213829708586903,0.8222532596979442,0.8219489423627585
0.04989280521679268,0.05064007897092565,0.050764407004590076,0.050760725196476494
0.6572398228127689,0.6700240447834831,0.669771799906501,0.6691236216378291
0.5485057131909041,0.5431396073708994,0.5412195298086986,0.5404813516148449
0.00954324,0.0114375776,0.011186415719999999,0.01102380233856
0.1750124676559172,0.17528696618015854,0.1757820167057307,0.17557452058396333
0.05747503524849441,0.060089267030391,0.05878228996785753,0.059127270032871354
0.6430154771045354,0.6455897122465862,0.6476030673652599,0.6473080949667841
0.9194969367104867,0.9156666712209314,0.9150333704255197,0.9145055243004353
0.051753783170229245,0.04817838709099832,0.047057097209622846,0.04696708807578108
0.7814191666804873,0.7834828643986498,0.7827227082075057,0.7821144555332645
0.04868367764564634,0.04896169931465364,0.04890240569822029,0.04879005548188719
0.07683658944653467,0.07738187583473306,0.07771007020963704,0.07782449112615096
0.0262396480084717,0.024393608082755643,0.02483745941057535,0.024636527002597337
0.08672459215813191,0.08944709888916931,0.08920926721128972,0.08917519624424154
0.06548115837530039,0.06618249237463407,0.06663936122614803,0.06675169509469261
0.07151859548392626,0.07316062299248176,0.0728277710170004,0.07272448254179553
0.36999034599329483,0.37640854203630875,0.3776283071585762,0.3779437627666769
0.5615469847768918,0.5634456407754281,0.5636381815962588,0.5640200337098568
0.0370651594685158,0.036035068461343515,0.035907936047898686,0.036526638627994414
0.1278422805337589,0.11862936882799258,0.12018716593540885,0.12046232587824861
0.31364770345987447,0.32500450501616146,0.325731582474176,0.3260623308898134
0.664875524323809,0.6560660906610066,0.656220951733454,0.6551898373004486
0.1809886,0.184522852,0.1850361408,0.18463365606419999
0.008134670386428119,0.00990526803178944,0.01008375200953617,0.01001984433027975
0.034951823412818384,0.035433536082443214,0.03553309676866575,0.03546280218886724
0.29579452459489425,0.2930477766802027,0.29537916364132877,0.29517346216767104
0.36426520027184267,0.370342736977861,0.3708612456447616,0.37124943526430904
0.9352462163101466,0.9366145470840256,0.9376937978800267,0.9373667330451585
0.12378190636086199,0.11921454787893437,0.11953553574630064,0.11981648939561022
0.043082408304,0.04396359172728001,0.043977744728225285,0.04373854745155167
0.0267976,0.028062240000000002,0.029595597220000002,0.02950065185624
0.029865252405776702,0.031802377826043476,0.032693306048853565,0.032778498606562824
0.33295343811068645,0.3362656600198632,0.3359068398496395,0.33604034195482707
0.1303551413292951,0.12899345645098614,0.12917000673712345,0.12956942839041377
0.061335458334385674,0.06264262165761121,0.062505727125666,0.06264661552351124
0.012653502015249197,0.010848646085018742,0.010968312159931612,0.010992304304105733
0.14374761835261654,0.14634716359518074,0.1452619170027992,0.145188064339854
0.7516592839816847,0.7661006284626075,0.7682532034591641,0.7685941574485367
0.01157664411214029,0.01119641840810961,0.011619324768371322,0.011669412683131585
0.42234643441493863,0.43154435255040097,0.4329750970803435,0.4331007389983893
0.020512976167703555,0.02054996017992917,0.020411183909297064,0.020392653822522186
0.11522460180911413,0.11803102880868684,0.1175334758673419,0.1172864841848383
0.5077200024665316,0.5002084309134236,0.4977201443192865,0.49790967541463405
0.2675314907524512,0.27074289234821086,0.26829303159201234,0.26872007789974833
0.3005614055507688,0.2991589498471922,0.2980460089695821,0.29859171201829615
0.03693771184325775,0.0342634921442525,0.034927316693349086,0.0346175860872116
0.028458039822881726,0.028565901910088325,0.028696023930632048,0.028758228685796108
0.5713916846886155,0.5663060355688742,0.5648163099544478,0.5649937581943061
0.25249141651713003,0.25734034164034914,0.25863216396868444,0.2594297883227527
0.016332601067905003,0.015884193680590374,0.01521467811899538,0.014989877580474171
0.3935587682842488,0.3973464313013081,0.3976946568230443,0.3981441338150028
0.3771615133639434,0.38236022338421005,0.3812319307180298,0.3811815833821376
0.10415917963947208,0.10439141321595934,0.10473450842152479,0.1046480880379674
0.09136849218913021,0.0993145760106079,0.10013775858258242,0.09987493860893305
0.3125769651973983,0.3164350758010971,0.3154575431497527,0.31498811132355614
0.043714969542369454,0.04033281650527101,0.040584209394992354,0.040456324713120884
0.04712056686660647,0.04675519447458077,0.047547506683628504,0.04751181299771746
0.016503664127922358,0.016206230520837486,0.01636986967507426,0.01642379605406626
0.17221111633917188,0.17552058967620682,0.1768881262594509,0.17694344426747394
0.0752252924878485,0.06816571425566677,0.06857870367219177,0.06861130234440678
0.14979398581399941,0.1435546004253183,0.1427300068497138,0.14294379974393923
0.014222198246133223,0.012941446736705534,0.013109856454056391,0.013153286960528266
0.8516596915196237,0.8608928746594274,0.8595857291980022,0.8589520926539475
0.5218587575946233,0.5158683702868191,0.5153733239342521,0.5149366511805007
0.37934727816541886,0.3865638793593507,0.3877325758563461,0.3880686195220729
0.27922479268149725,0.28141447479423304,0.2823811671203485,0.28311645662861884
0.08341210823180795,0.08929776193136787,0.08793408811282132,0.08830996618824033
0.20803675753699125,0.21226636967807247,0.21151728219907975,0.21146655898305408
0.011819523551367372,0.013296782140439896,0.013283993903090962,0.013203296676948448
0.05956077432059775,0.05492632231361673,0.05369132180524307,0.053617713466988196
0.7160372741547844,0.7122325576407995,0.7106389133181898,0.7112892314778021
0.03637784126699638,0.03557746776962934,0.035224086404966506,0.035426228990162234
0.133639070088,0.14105391580672,0.14050731450652992,0.13981827429195046
0.8025575597666916,0.810287932770043,0.81227879035163,0.8116496195649201
0.048453951267801394,0.049465972934699336,0.04922589591781973,0.048808254408759744
0.47227748542712267,0.4605035066623942,0.4583209096120323,0.4575048464288128
0.14341722606268026,0.14850620336668727,0.14776311218415678,0.1477806863036721
0.71708208,0.70908264,0.7079222383200001,0.7091575674667199
0.026583098479983663,0.022871255037269448,0.022781501235242578,0.022677698487232587
0.0332783673736455,0.03546693738523319,0.03737648690724018,0.03719757241860832
0.03480667775421606,0.03599269249458186,0.03622191257934061,0.03622666556965521
0.5950248761678656,0.5931244473893208,0.5930428596134332,0.591421671054529
0.29098891876676547,0.2988724090582979,0.29754765246509635,0.2977057655864275
0.8585238064308245,0.8521189773588025,0.8495435626473639,0.8493335429082107
0.09137407317262755,0.09101445262878088,0.09202941091604902,0.09257836120877265
0.10957017164712081,0.10614283465631554,0.10675237342034198,0.10716694668464946
0.10464642087647329,0.10883156844046864,0.10814107570550223,0.10738790191460926
0.022835636893076543,0.02141826993819312,0.021012396923362122,0.02100781101418023
0.013291245472378789,0.013341729667118737,0.013563435789695552,0.013455582025266694
0.20725304143314247,0.20889853373918785,0.21123471851551553,0.21160441611468184
0.012379850745175931,0.01543662441358951,0.015346797357877667,0.015118459251171487
0.01734061560338999,0.01729979889431302,0.017781533956503982,0.01763491327934799
0.29723183117590574,0.3110709161391267,0.3063903906549991,0.3062312842015216
0.11641357209245873,0.11616940451198304,0.11658602435782348,0.11598237747113337
0.8844679969612848,0.8796424675383195,0.8827191722312867,0.8824871663926694
0.13003936916039624,0.12061469563676493,0.12132343006419624,0.12104592416840862
0.020919125758830738,0.01943910123873282,0.020103392286521183,0.02023210290330158
0.014442440233308318,0.01507206722995712,0.015107209648369866,0.015190180435079945
0.7695897586453398,0.7736252693553238,0.771929182708241,0.772120616918017
0.029117992179999982,0.029875972225559527,0.03138926540806204,0.03131773678011496
0.08874534990857012,0.08868338574345186,0.0889805028598292,0.08908528556455525
0.03188004671477791,0.03154005818268038,0.03108956635654605,0.03115261831968318
0.026168999999999998,0.023761518399999997,0.023417850924,0.023514393255119996
0.05037261755461613,0.05441549325159185,0.055125005963969284,0.05517144247982233
0.37799324427420466,0.3900100595857191,0.38962082579420054,0.38849534803648306
0.01896495528499704,0.016513832658502738,0.016878237296802222,0.0168206954826051
0.2014601888044154,0.20586367964197022,0.20655338367232953,0.20651788397899687
0.1928457293128076,0.18789758084611613,0.18900366411486919,0.18952059245382116
0.037626496357727524,0.03999361838425473,0.04057530059484247,0.040628433679100254
0.09420481287580748,0.09407575219082474,0.09499065415688421,0.0955167702701419
0.02392917396843433,0.024060103922443097,0.024598898727656568,0.02451563648416805
0.01217718125445409,0.014041980705182923,0.0137579438941771,0.013740836757473089
0.019020920140186283,0.017582061894359843,0.017586571124665197,0.01763039564628841
0.2186534128040606,0.21754845067264417,0.21690104441972588,0.21683455034473603
0.12752159999999998,0.12181554,0.11900841979200001,0.11889430305703999
0.019680261385624263,0.018837967409989644,0.01896340385930526,0.018961667740900492
0.2948007828538665,0.3024373978747754,0.30278072630465636,0.3028834139272132
0.1945765928167747,0.1966416147809304,0.19665566615753471,0.1968321315721422
0.048510880101456134,0.04845357023582464,0.049247268962262655,0.04936545382574451
0.8317450674727391,0.8322261487348954,0.8304329198210958,0.830574095495829
0.016129056821696526,0.017009008149956237,0.017085379735260357,0.017065132279745814
0.8718602582297015,0.8733967698023035,0.8722588476114378,0.8725418548133599
0.7123046654145394,0.720681939839426,0.7194012693067153,0.718719798347039
0.14037392354730882,0.14100532856603323,0.1421914934368835,0.1417488903415338
0.01067809593421781,0.01043074060994525,0.010668219656123476,0.010643421135622087
0.011194951908043711,0.013239827277374536,0.013511258714920694,0.01344672989526974
0.10998147235793211,0.11180513664845429,0.11322327332508021,0.11314783310892926
0.04387708897735267,0.0419835833849163,0.04179309901732312,0.04189084978359162
0.10969959791421006,0.11141260484003336,0.11312957705414335,0.11332949503299808
0.23378320569620664,0.23606681859979434,0.23580745274352746,0.23570434684136748
0.048729344794697656,0.05259591484960204,0.053365639174152386,0.05319250018228471
0.04909412909716712,0.04945319846200076,0.04968124783347525,0.04988231837842043
0.01903976099267687,0.019596224236535616,0.020229202772797834,0.020300149590091895
0.5488449636924797,0.5426516166211901,0.5423278017639804,0.5415270047411335
0.18305045061390196,0.18779667098422564,0.18861148285487406,0.18876016323282063
0.06610705275518938,0.06706413489579148,0.06693481832341389,0.06663372410983498
0.42722985431642874,0.42220447571752023,0.4182614516854953,0.4183784285951303
0.19995678807146672,0.19754407559710133,0.19898249298443824,0.19966723068724954
0.03957688540568503,0.0396484776883918,0.03977478341889265,0.03984423014901871
0.11380822627932169,0.11402015666806645,0.11487765971130219,0.1147814488634234
0.19199658308131962,0.19387955805847837,0.1926738255908474,0.1925616381301109
0.07470824764487867,0.07448926724769352,0.07452380784958128,0.07439164294487814
0.662474168314562,0.6574187675313534,0.6567200081054356,0.656363441930587
0.16425012403308784,0.1651664810663649,0.1643809537065607,0.16433693875872193
0.33542689337486964,0.33686734748831576,0.34056323701607083,0.33878132632993885
0.18370694934684517,0.18643213187486557,0.185123993340334,0.18504055390073626
0.14747734195235856,0.14123426422635438,0.14104139895379114,0.141179008136694
0.6652780624857655,0.6808743492537972,0.6790860032167386,0.679073901323083
0.10294216121323134,0.1046676956086096,0.10312103081361575,0.10338837252903216
0.026534693772313267,0.026251658325223675,0.02606749080331094,0.026052143285201095
0.2146101226981429,0.20843275127312272,0.20822678296460276,0.2085343775224537
0.01578478810934804,0.016402138585172532,0.016969430293035926,0.017152322596324713
0.3059792381979786,0.31118557711594724,0.3107859468871813,0.31042392695277243
0.9582788738497985,0.9597309071370183,0.9594941970779506,0.9588216604838319
0.16273832116952572,0.1659633656293942,0.16854603887765252,0.16861121066500237
0.27710574285806117,0.28359853389419776,0.2862231092459316,0.2868242911117779
0.1428359959299412,0.1463932671047869,0.1470991466302352,0.147323337889651
0.7672509372640061,0.7610580470900206,0.7603034589430794,0.7601980425457877
0.16022833089246422,0.15456603735678026,0.1557838607163467,0.1561797164737427
0.5033265310255124,0.5038012132094789,0.5061886566576337,0.5058515940498831
0.1540736761964151,0.15431065278482156,0.1553142552410766,0.1557912916925345
0.1346248605929656,0.1351429930788487,0.13723092648904206,0.13718806510557585
0.06009280980014814,0.058886298699086424,0.058566923490800574,0.058996869331432
0.0626058748345322,0.06464735266555316,0.06540525982662312,0.0655790935058726
0.10741743081238296,0.10222638833815696,0.10132302955383476,0.1014871904937244
0.03627609803670451,0.0358667169048615,0.03677364828029441,0.036630233796020345
0.048850728897845794,0.04731633797061848,0.04736584952545013,0.04689390173628507
0.157790984118418,0.16278583791134965,0.16319492088965715,0.16317288679872463
0.3245714,0.33375690360000004,0.33335217230400005,0.33330112311439997
0.12673474066956594,0.12894113024198187,0.1301362007320202,0.129690109635694
0.5124721999999999,0.524021958,0.52348842594,0.5239486770112001
0.012803850306187704,0.010793241597823161,0.010857027405423469,0.010744057946368225
0.03284278856416499,0.034364653607886396,0.0347018876549223,0.034408694534712694
0.13249100776214578,0.13373608298405232,0.13534234123285235,0.1351193021275746
0.2054306544077317,0.2113316251117631,0.2108623108202093,0.210574788520133
0.010486746731538226,0.010388812789094102,0.010418879086732247,0.010418648506493334
0.07039308940859085,0.07382724015424758,0.07550439529417924,0.07566457716475135
0.8692245350860365,0.8678420119501122,0.8658011591500876,0.8663612861693242
0.28796127127476356,0.2906726249568484,0.29161274420692745,0.29221742212111407
0.10670396154995972,0.10736887287702575,0.10818098057036916,0.108295004980209
0.013224214287409934,0.014709662421989103,0.014967487305671464,0.014932174321278241
0.6119577091158482,0.6035273260375869,0.6022889710740187,0.6020816142262697
0.36540432912482645,0.37093171181291273,0.3708841586851771,0.3707313377757742
0.050625080858249925,0.046816467337772304,0.04699081448024845,0.04677630925709581
0.3236149797685896,0.3258269429100797,0.32793604453549935,0.3278484219030913
0.3577487826836969,0.35123838429675425,0.35122506869914855,0.3513236169296654
0.0695113109296338,0.07041081360189948,0.06914608851871146,0.06922644786771763
0.016361416501724957,0.01698604988741191,0.01671151650412944,0.016531426427850264
0.039733331366358926,0.038339622024264504,0.038472255962885685,0.03833150097673738
0.03380825296071758,0.035022597186736754,0.03580395461307643,0.0360895812284339
0.09723715830187914,0.09479030823853292,0.09612763257129928,0.09586243682406648
0.10157983774130086,0.10431745646003451,0.10579352628504146,0.10607391267866799
0.016884816458659822,0.01820606733288701,0.018661526597233184,0.01885132826409125
0.31568435574533915,0.308667894212677,0.30803078168546844,0.3087501068453604
0.012101034327715702,0.014394312014169637,0.014603763773196096,0.014491082445031906
0.06961225539709101,0.06794882397380196,0.06901889371141748,0.06877951798660614
0.03372192871056709,0.03100401071929529,0.03136079307422179,0.031003555575221026
0.12335262579661778,0.11273634340210276,0.11086971918289933,0.11112233519642119
0.010972560000000001,0.0108599008,0.010450538112,0.010314148408560004
0.6029347997281572,0.595657263022139,0.5933687543552385,0.593071764735691
0.1297565057514125,0.12747098292336423,0.12794569905473743,0.12825851436546173
0.01296127743815249,0.012462790202579932,0.012515980138322825,0.012565155145841469
0.29379795033139994,0.29140127630814416,0.29049060284419853,0.28984937711021097
0.2381928408987684,0.23619876228016268,0.2333120680600383,0.2330549559973053
0.09222453920436355,0.08737627797941666,0.08644311512659673,0.08671859346918835
0.020958910069704653,0.025042581933784447,0.024346170669748823,0.024217650271077598
0.45977841406479786,0.45143574702676137,0.45054739153225365,0.4504031280152328
0.05715498395923355,0.0572161529197933,0.05782384025262467,0.057495195041666836
0.33855543633957497,0.34040575012110574,0.34155321990261067,0.3414475196342685
0.3638147946941989,0.35948705509569706,0.358512215912721,0.3581101317985951
0.013745704408568597,0.013607464692463992,0.013890553470190003,0.013810037942688818
0.01372010334758984,0.01390812284876363,0.013726010216647907,0.01378538198891639
0.2048591472801502,0.20994416532363808,0.20946241445405453,0.2093282829769701
0.0865439267285105,0.08744560356480459,0.08932384104716663,0.08957929604766734
0.0559963890423289,0.057033962263286525,0.057253857708651816,0.0573164433459526
0.13540086696631887,0.13692609832078761,0.13664329219349466,0.13641481512480064
0.8049089787974842,0.8058071084210884,0.8063530727240323,0.8068236095249874
0.13502622213868365,0.13214214702231647,0.13089558839455204,0.1308067389091689
0.014328910707362589,0.015170636838235007,0.015226056452924215,0.01521715741521798
0.6425529909839606,0.6410651049450902,0.639548444433082,0.6395606554534727
0.049492108741417684,0.050128440640488124,0.05001472607648677,0.049544327594589495
0.02257880195987818,0.02243371539916846,0.022133595004202776,0.022164330401673517
0.024711151081407794,0.025782812938867184,0.02504914816261797,0.02518676962027717
0.0157724,0.015405510400000001,0.014784111384,0.014578351865280004
0.04358361844565489,0.04347080169040811,0.04423763511286456,0.04402476335007388
0.010853735341703368,0.010613929878172314,0.010527573471178045,0.010513479542600119
0.27656566047382675,0.2798710243596394,0.2805196046366042,0.28035978865190153
0.1117099391273556,0.10551650892052174,0.10504050721071564,0.10514141463889201
0.04777104175607395,0.049610857755341096,0.04981729997585314,0.04965062204538435
0.02988168397651031,0.029509043477823602,0.029686181316405096,0.02972518351312984
0.05590556266802819,0.05657337041335119,0.057258890009848705,0.057043027796269505
0.05286796066799017,0.05202762297035918,0.0524146350595536,0.052538575643334105
0.019897706223399578,0.021503357576720086,0.021207166971073874,0.021268831983868038
0.20041409965624532,0.19905750686650356,0.1966887937326661,0.19636876245595197
0.02890775262347883,0.031582480064160985,0.03161105029342463,0.03157259163417289
0.1210424669413351,0.11557112205724002,0.11552312356174933,0.11577428384659894
0.2609070526875262,0.2648629593342809,0.2643321626300771,0.26444791970147496
0.8353101062333977,0.8374035616149731,0.8380216795028341,0.8380237220638505
0.20133546508570546,0.19892399145114584,0.19736664721927258,0.19708885983529686
0.03570845848764523,0.03704666400580217,0.037030762281879834,0.03709875684967423
0.35476596960198,0.3602046813017807,0.36027971983688645,0.36053316986504463
0.2587091945037779,0.25527682419275927,0.2537730758551832,0.25348220774042324
0.04720612777762616,0.049053342728797834,0.04859783937471772,0.048606528066885556
0.056576442200043986,0.054893322071548324,0.05569450825396565,0.055450134953763296
0.41564327161939024,0.40619956328675094,0.40423565462589495,0.4035587754979805
0.20906532107740142,0.20794838271405722,0.20840912662509162,0.20852983712368753
0.32704082644339416,0.3245228186589914,0.3254715198806178,0.32593525604395035
0.04286660422276244,0.04222956020877361,0.043058482975279935,0.04290619803142682
0.024163086303348125,0.022058616698974697,0.021748602727678507,0.021648515798962778
0.10194450786126676,0.10275292036857829,0.10191672692343147,0.10207901472261917
0.16202068538828324,0.16458845910928524,0.1646442980287112,0.16388306804229846
0.03829113993785801,0.039365861239026294,0.03936857096205773,0.03927851634173608
0.023223904102524073,0.023033970319357486,0.02295319675161742,0.02304167891848344
0.25679196234729423,0.25119111723964166,0.25293732553138,0.25230519760661857
0.040599028575904014,0.040212251784839656,0.040304046975800506,0.040575247581825104
0.04639963386195391,0.046208084829680494,0.046408882954844716,0.046480620504294724
0.35356118905296025,0.3573027793937212,0.355228940617758,0.35517866135907866
0.12580377286704103,0.1251335520706133,0.1231285560518447,0.12288052988111725
0.1781225057023148,0.18199424958231067,0.1827445058675967,0.18249387860048705
0.057162838040398026,0.05824577282524778,0.05848539063568461,0.05844587446329214
0.3805541066537116,0.3865159804437732,0.38674959140280296,0.3868596000539891
0.18529327935849876,0.18131286756953996,0.18238653013618145,0.18295777295685203
0.41277387202409355,0.41289200234417633,0.4129482642644421,0.41329807029809024
0.1843732505416061,0.18741480521633505,0.18670517508849757,0.18659505377671806
0.012619533754017266,0.01205677905756265,0.012068398951201357,0.012033424716280633
0.044808846202438794,0.041824574713400696,0.04256176448383338,0.042235485120344606
0.0492801634291877,0.048664179566755825,0.04888103248521993,0.04884207550687821
0.06664835837997726,0.0684240269251857,0.0690987180829321,0.06904806875878668
0.4994701143221328,0.49659088382512173,0.4954598296330711,0.49546776175400087
0.20266315057434064,0.19749618330896368,0.19717668442089148,0.19754193910807866
0.5972058274091443,0.5882665570525741,0.5855988106134311,0.5845046812364503
0.016358619198267338,0.0144225677458672,0.014473233354608227,0.014518178749886862
0.025397203115460083,0.02746156431533081,0.028127732809334036,0.028368497205080712
0.1631247962738672,0.1684995722548832,0.16923310695319793,0.1691928436182704
0.06460642452490878,0.0654049547438148,0.0641565076520306,0.06423920307608313
0.02044385568906906,0.020603812968172038,0.020048353845614254,0.01985469934439637
0.48807550856418136,0.49279200791103794,0.4896543460456469,0.48967991178493925
0.09102312689585433,0.0859414215031961,0.08604049039294372,0.08607748880789132
0.16365054587793018,0.16466621232287615,0.1642314714512822,0.16375635252633627
0.05646407850353976,0.058646490054019236,0.059634848270930886,0.05999541761309925
0.03215782965068839,0.03097894587802715,0.031179241756966455,0.03112064729570336
0.04459898538192403,0.039797065004273074,0.039345331923781215,0.03955289674898758
0.44632279999999996,0.43898528160000005,0.439017069744,0.43986246438623994
0.7693155564751218,0.7643891471846421,0.7624247790766083,0.7629960577870352
0.02418267606753841,0.0252835335370208,0.025373084000272068,0.025218400292565436
0.03405211380704924,0.03753545205685078,0.03694707731043533,0.037292242071454484
0.041725422893298336,0.04080500280939904,0.04114043482824794,0.040877342596821846
0.10885679025423037,0.11340112353516425,0.1130347261047485,0.11283063477666229
0.12731478195226964,0.13282557151110946,0.1330489249659144,0.1330792152439765
0.06038492616000001,0.061022865224880006,0.06098397342237937,0.06085173733224319
0.05612677182026948,0.054927706803972916,0.05557701852125525,0.05505536248666329
0.020457235394817922,0.01853762613498408,0.018587191775997148,0.018639212607229845
0.33062975857136173,0.32753811811297184,0.3287357016671521,0.3282959588473875
0.13838623493069555,0.12844667414381505,0.12596611856537518,0.1261746029610933
0.27343181053707666,0.2726395573638248,0.269551043303524,0.26939083863971475
0.04186143464410405,0.04372987686856132,0.044188802050336304,0.04425396056391506
0.940422333154446,0.9374581005269804,0.9371464459907723,0.9366497309769118
0.6212573570337544,0.6146619031372994,0.6131163466931016,0.612715793182993
0.0505353859757626,0.05570104811463245,0.0558728810836998,0.055602646652501087
0.015099227694935949,0.015477175970572507,0.015318502628900063,0.015313642385532162
0.8869457231005354,0.8941249125152084,0.8941004797781974,0.8940032544459184
0.09704609571333092,0.09478382189846844,0.09351392562620707,0.09347988105607606
0.01734109545886411,0.018082882093273956,0.017470656281827705,0.01760280530600127
0.34958872118040496,0.3466768304853341,0.34543700208615896,0.34500961079950077
0.7350417316451385,0.72978278026079,0.729449627814331,0.7296076937737456
0.18535745422972957,0.18696105697476856,0.1883084243139249,0.1882126685508379
0.049839491600805065,0.04620260857130221,0.0462781536881404,0.04610573933258711
0.05701417000119019,0.056557883335910594,0.05699379358622659,0.05707996977885897
0.022922113812028005,0.02094068570665378,0.021372885073988417,0.021130649328805633
0.011108220146614547,0.01202362372644774,0.011871937687803556,0.011941870794911755
0.28892164026661177,0.2895108231182687,0.28850776417779095,0.2877793216629426
0.02861476164373113,0.02874937962182514,0.029668756544677797,0.02979764925183287
0.03656407009413572,0.03506100501832058,0.03515906666768714,0.03501868312748743
0.07643664490271447,0.07457305346240783,0.0749965831908885,0.07532275400004637
0.28361629400213023,0.2870304932309819,0.2882973576310515,0.28964975228796386
0.0811335338006358,0.08047058640211738,0.08098488212616944,0.08117703126721842
0.3530198612589737,0.3439195577332508,0.34278219635050966,0.341847050188504
0.0103601373590527,0.010215894894920361,0.010052168274783602,0.010060014719498153
0.023325319447359882,0.02663276491161687,0.026846400796652507,0.026837567632265944
0.05430303654647914,0.05232576440813677,0.052930014156102795,0.05337760791049641
0.8337330250230185,0.8338028264081769,0.8329180297399044,0.832387494162771
0.03871204017090617,0.04033483530461278,0.040698153774151445,0.04038780002097942
0.32553962651988927,0.3252466035756795,0.3243086940304286,0.3247795647865981
0.21874129623295083,0.22082140773301,0.22074724536587156,0.2208571163181321
0.3266979900488517,0.32913336050137393,0.3302283304130354,0.33076567307289795
0.10703277134773727,0.10892263026798117,0.10999465708897689,0.10957629937723434
0.04602391275153577,0.042849884879393105,0.04286217973312678,0.04285556561168709
0.9716402439941907,0.9725691636642947,0.9732768266440972,0.9736340269890764
0.02976896731009009,0.031011439013530373,0.03264297987018181,0.03254105080496371
0.2548730791965504,0.25660975775880884,0.2580253532204592,0.25673556623535665
0.11834962080888467,0.11343437667047924,0.11350689712234042,0.11370076976997219
0.014348896237921644,0.013964500928858769,0.013958811325685196,0.013984942108148431
0.15078265339365649,0.1537833300163446,0.15434370510160345,0.1543965389003158
0.1303551413292951,0.12899345645098614,0.12917000673712345,0.12956942839041377
0.00962861349945147,0.010372069488676274,0.010250480223947627,0.010312723083926209
0.21590780493152856,0.21710543459056397,0.2171401556234013,0.21754282603171934
0.5975763024881823,0.5881447627343438,0.587183922978428,0.5862841597371552
0.08024932563343967,0.08016558525277513,0.07925441705211671,0.07922378461200989
0.1796218966727716,0.17509492527240172,0.17668818970182562,0.1768649403799935
0.8894289245199573,0.8888781554038083,0.8885064770460264,0.8878615901611459
0.017886029360289896,0.018058425719926184,0.018354612085416177,0.018812795490021784
0.11255066526260903,0.10263791454902356,0.10371166268343934,0.10374447768958063
0.04777191941988894,0.0445630556385031,0.04581115011715338,0.045946569929552886
0.34729357382306764,0.3524803620121738,0.35232497545235636,0.351879752644223
0.3596807815517616,0.36371359584322105,0.36541283241462946,0.3661894245980522
0.14391589389058254,0.14512552108462723,0.14503458175717054,0.14519520905103456
0.020455717335023174,0.021104731774800684,0.021053963620145295,0.021061725881535088
0.343465806861336,0.35169446597163084,0.3538326326780169,0.35407031168032943
0.21233738617996784,0.2213928817287528,0.2215059684715002,0.22143835520944477
0.13045373009390793,0.12127924839415728,0.12205948960712282,0.12266258682780803
0.02822733025521851,0.029074978494782817,0.029104704267666252,0.02909055953637048
0.4185507339999999,0.425491601738688,0.42556600759704144,0.425219007630388
0.020268859371208234,0.01998177634555553,0.020467146365785324,0.02038396870979853
0.03762795007925056,0.036869523602689205,0.03758044014487641,0.03744022064589008
0.7658466409160112,0.7615160825721078,0.7630596129731587,0.7630235979575883
0.0949352230786898,0.09092191562253556,0.08993367883641731,0.09016936842386533
0.7262623289990748,0.7271250605977079,0.7312398362009795,0.7302629060901649
0.10299598191813439,0.09293692209971827,0.09366665536608229,0.09363320515828473
0.2915582995245131,0.2937811320368705,0.29545283743447087,0.2952032679500346
0.12774728367024923,0.1242322297194875,0.12463604486012453,0.12473897610883289
0.06295642754670097,0.0628677624120743,0.064097413470665,0.06390528214644829
0.1447682025015307,0.14512505523052552,0.1479647730168764,0.1484674534119418
0.03406234479061228,0.031828879614770766,0.03223294192088636,0.03231578372096753
0.14386978218284377,0.14809212749043402,0.14922678915922252,0.1489975948056275
0.00921349875203203,0.010169063193975592,0.010158820141309623,0.010143248914155266
0.04257153583510015,0.03949338077611011,0.039674749149639726,0.03962085969791098
0.31625899705848154,0.31880768533134307,0.3198407617050988,0.3205107902628262
0.05141944487655936,0.05101280876703908,0.05090438717761272,0.050863932690298645
0.05139004688176373,0.04977376369789636,0.05074823061837708,0.05053105982327383
0.1067200465082912,0.10859390387012091,0.10924209612862636,0.10887020257297858
0.38751620256826214,0.3768531016258903,0.3779382361513683,0.37881056378135797
0.10462046357809093,0.09594379479064627,0.09411228771874183,0.09425111674073057
0.19358184211739013,0.19425678800780935,0.19291159000473695,0.19346123485445965
0.27078629503058976,0.2696160266059941,0.26601310756224367,0.26664312818715236
0.01849453439948132,0.01632695695575882,0.01635862053346449,0.016247147587112615
0.17938030702844301,0.1744774018142287,0.1748150850216796,0.17523655364754587
0.10054988256521374,0.10893632087723812,0.1094784053870233,0.10920815561208558
0.49033061370072983,0.4850735708127881,0.48272827719748407,0.48270725497673805
0.14233470347953,0.14696145019885726,0.1468285212296494,0.14605856625196212
0.5278050480919564,0.5191401727226255,0.5209187412850793,0.5221242701047303
0.05133349328164091,0.05219222768276011,0.05300639981056157,0.05276890688519099
0.15516292387276934,0.14856072010257296,0.1475660170167704,0.14769224288127072
0.3638060462982436,0.3675105082820629,0.3695345640823103,0.3701058483056497
0.0857117202790668,0.08920907946819624,0.08818969882436943,0.08801454821645888
0.017203168668668594,0.017987905594481546,0.01824825281328366,0.018288461934286813
0.06691563757337624,0.062065985346656104,0.06327991883838162,0.06351879846105606
0.06795878660451538,0.07166654526952837,0.0734699296301007,0.07358028119243573
0.013631386236457458,0.015922754403341323,0.015688397222230845,0.01565957569063412
0.02449410663754525,0.02408404907158026,0.023089029112467782,0.022768504618101953
0.16919571219638427,0.17391331527409568,0.17453842439520037,0.17381004098912123
0.13324750327848262,0.13307897059774468,0.13215635929863587,0.1324446806071307
0.02668814985543397,0.02818369232092872,0.02871405192756273,0.028800378450515883
0.020219273940946723,0.021377317965758542,0.021279810300815712,0.021252724177926476
0.04527694071852651,0.04399305850842277,0.043173847525014304,0.0432630171658061
0.7858673300878758,0.7908353926984999,0.7881349726268233,0.7874273695816183
0.053111564562859405,0.05337373290553977,0.05325924244800439,0.05315414076959635
0.10905951394000267,0.10092997305429767,0.0990948993570815,0.09956110910154832
0.026187072752990172,0.02605956074947699,0.026476120924843253,0.026425675777820234
0.5054715254544156,0.4990275992097784,0.5005432643230945,0.5017529015698557
0.03764754602257979,0.03607562623999511,0.03636562919323036,0.036457768095059045
0.1573624063981099,0.15314763593715855,0.1551281835123967,0.15533601683911477
0.05331562942673409,0.05272523211478784,0.052767417885875016,0.052755833704058785
0.028371181115337592,0.029874962173847743,0.03042848477205136,0.03083863920875678
0.2814821475581318,0.27882265674011275,0.27799057943019057,0.27734624484065457
0.00993677175553717,0.010458171065854017,0.010062357722126436,0.010142174049938585
0.3474410774839922,0.34649013326259404,0.34523788199991856,0.34512585337521434
0.14336057998406168,0.1457454049702447,0.1461943924581963,0.1463488306049257
0.0222962,0.0222056352,0.021266744184000003,0.020955979867200006
0.3214653829016549,0.3259563236997464,0.3251337176429505,0.32505503629253507
0.09659786383397928,0.0963083202564214,0.09704334212878683,0.0971733064258334
0.10472947189160758,0.10161084953051044,0.10165886606596837,0.10206048717601822
0.38952158016521105,0.382343548407392,0.3815099535869441,0.38080081442156777
0.03674434746591061,0.03817299517342434,0.03848631983126156,0.03819370524993202
0.015840128700463314,0.016326847922310383,0.01619941674944639,0.016164854554446065
0.3803467660118616,0.38058326751358634,0.38250330630825935,0.3827115991431516
0.16081194117721778,0.1625594240553976,0.16406148832420386,0.16383770810371792
0.11954879406897966,0.11988474354407562,0.122497044934035,0.1230277813618891
0.09312142135628351,0.09468948672266986,0.0944945130699053,0.09485614665832444
0.04810875526422038,0.05077687338447283,0.05023811557946213,0.05057624387822325
0.8426882968697417,0.8439206466128745,0.8436483188544355,0.8432487113854729
0.44415572674094717,0.44504996781465916,0.4455754534192872,0.44628181627350044
0.020240132037001785,0.020308539366079077,0.019585191379273715,0.01935175730533128
0.08143339359999997,0.08641668405274952,0.0842995257290516,0.08483956692153803
0.07008130016895871,0.06803114195929627,0.06748506942928927,0.06739692502879972
0.46788724520113145,0.4679173483655918,0.46855219227267986,0.4682916792204707
0.03822319995383101,0.03826107670946157,0.038643992567193725,0.03874045772080615
0.4261736198065614,0.42393660133611455,0.4225534169533227,0.42240954915787365
0.8049089787974842,0.8058071084210884,0.8063530727240323,0.8068236095249874
0.14344532230257423,0.1308957046395708,0.13158249888701565,0.1314895738618005
0.013901472065026106,0.01436188708494812,0.013960593952439449,0.014019629422270188
0.46437362680538574,0.46016198220517635,0.4589344490583851,0.4581440156794473
0.05267521341357804,0.050514178042008945,0.05073878433915939,0.05104935543880535
0.4171365717001327,0.4229079748265476,0.42328835300600803,0.42203219434832606
0.5368894257525834,0.5325407450026471,0.5290854396071821,0.5296728268521731
0.05697159204268352,0.05232482680588485,0.05109959887259268,0.05102346561745167
0.6086865743234363,0.6021259335634855,0.602559196038126,0.6012150021735405
0.02020792676215202,0.02084286941284424,0.020440078821718208,0.020453393152581396
0.36080842788262485,0.35393127817714864,0.3526561203888347,0.35272406874324874
0.06818229635620572,0.06732446579515036,0.06800500345927213,0.06849813409062129
0.10230928385895303,0.09341590359931888,0.09459505261378627,0.09467618391730297
0.039558919362966724,0.03763847933534006,0.03709759752331031,0.03705548050520614
0.12627801487348,0.126970225863552,0.1265570161919684,0.12658114245529312
0.3761520774168249,0.37680623183598794,0.3750529816799361,0.3749381332625557
0.009806344222622313,0.010205893323391809,0.010738890551864668,0.010712164730638298
0.06246628216672954,0.062168417830100305,0.06214533375233151,0.06236737446573573
0.11724786824596103,0.120353021340706,0.12067763062462758,0.12086463930114806
0.6332092073483605,0.6320063299150707,0.6323335266623616,0.6318197231222229
0.039634707659116516,0.03715058199020508,0.03633298337200894,0.036407369681993415
0.24746815527689592,0.2499133145541942,0.25097539194247653,0.2515866022366052
0.3010017256853802,0.30985306733866647,0.310496106052521,0.3112230766078204
0.4967507681310121,0.49298610322023884,0.4947282368536308,0.4957466484370266
0.18666624862985767,0.18340039765703994,0.18417895310835655,0.1845522462196422
0.3285302983745365,0.33111523244096647,0.32874123647286907,0.3282943714403765
0.5635217801911225,0.5639512701426426,0.5673006587992834,0.5675356078725078
0.7967062,0.8043163812,0.8015267634480001,0.8008351453816
0.48859330559852604,0.4917799867110055,0.49065193198081103,0.49054359663312114
0.14600828706381352,0.14928439731159518,0.15136906131555922,0.151014163523831
0.04560459169874333,0.0474731698072639,0.048114003692513584,0.048157690540953174
0.11856975456533568,0.12074758387306478,0.12193114163530383,0.12194751713803396
0.6865945241169406,0.6794835397751453,0.6774021700078929,0.6774100649334887
0.0294118,0.031302482799999996,0.031738838039999995,0.031848404446600004
0.5334343890276213,0.5268674704361411,0.5234880493842193,0.5233057764913084
0.03172142991018113,0.031093318465273648,0.031298348465599146,0.03134791015077764
0.011698103508612515,0.012608935683765057,0.012887930141011599,0.012923377699565246
0.2944201852735707,0.29035643617271134,0.2880272510442403,0.2879028951397433
0.038147104053729904,0.038040992491575415,0.039043208007073775,0.039067782404063084
0.11005545282422284,0.1106973913421332,0.11129387235101296,0.11149913913318071
0.015211658965432777,0.015645693812371613,0.015652229944705786,0.015748241391319567
0.05602211928236629,0.054606048807480906,0.054826902047852684,0.05429734336475127
0.03367464,0.0326269944,0.032794031519999996,0.032805025337480004
0.09729520909611857,0.0923498231411249,0.0940378296947442,0.09430011803038328
0.3611883100674672,0.36815989447509917,0.3669625246582852,0.36703576370256263
0.1262871221977256,0.13117097718410123,0.13192327552857916,0.13191294396763095
0.04928095165153877,0.05183230239777788,0.05090284802636551,0.051320746542237186
0.29238448239585935,0.2967903873540721,0.297812979018301,0.2976651648929109
0.8651179107379473,0.8785242035399254,0.8781798771467119,0.8782279292627853
0.016981936472559286,0.014655119257532701,0.014677736112984204,0.014618465623628422
0.23742100379819125,0.24542988872963054,0.24522041301247915,0.2441019255832142
0.19881336024148616,0.20338751982518277,0.2050996534269075,0.20466847475089361
0.018494601643623473,0.01716547452838149,0.01691277268047017,0.016886782775087622
0.16949764847454504,0.1568484823985694,0.1538890915465592,0.15440792764520023
0.06153962963440318,0.0626493790483425,0.06185669570379097,0.06195707799918403
0.03909502124793706,0.03501214783187039,0.03467756724178373,0.03483904267077444
0.018128387768316986,0.019093063171589382,0.01949681123079514,0.019535856036339744
0.39691773368339406,0.3914275425693566,0.3906076666674522,0.3898149512267177
0.13284124612965556,0.12594061197956333,0.12432439759331398,0.12481722782377895
0.10009645602956282,0.1037214598807703,0.10380602612608779,0.10375674177126586
0.20126814457136052,0.20371181066144617,0.20316487932312824,0.20399572873075267
0.40340394519515493,0.40164029140935337,0.40467057322873556,0.4043672441666995
0.021185082478457705,0.019950885314079805,0.020549892385023596,0.020635179359788678
0.4020648816424993,0.40700138400187236,0.4073193678512497,0.40766392691939535
0.030997632371457206,0.027172103150970607,0.026813281025704967,0.02688565989915069
0.35894003259628765,0.35937907069453306,0.35874828998440894,0.35891872777999256
0.06522973019577155,0.060754179583972924,0.05993121657943251,0.05977848669469937
0.4298999239161218,0.4328368735603793,0.4322603189051125,0.43235402590960165
0.2533501280294759,0.2536820641592955,0.2557123604849377,0.25554799945997947
0.051150221097939604,0.05351830317915696,0.05302394591992777,0.05296407293474982
0.2729104857523267,0.2644344201573026,0.2644057981389447,0.2647832480016623
0.04375508067665794,0.04447208111182956,0.04576778651420084,0.04563915144554841
0.38970301125616436,0.3864204743408122,0.3865539847266117,0.3855664275799242
0.19959378141935719,0.19904754323373697,0.20091502268322914,0.20092808524783187
0.018892316020998036,0.017877736501850566,0.01781790504497724,0.017897852731567385
0.12017831274594173,0.11216044602240748,0.11386814001729186,0.11424470461568083
0.1357026916422525,0.12994857918309033,0.1305965055646719,0.1306134600144928
0.04524191796883881,0.04505165709044546,0.04540674465405478,0.04510531819140267
0.09035998522804886,0.08429145815338393,0.08481410449965314,0.08529854507372447
0.044107220122507944,0.041115429347529535,0.04188050932261924,0.04155316365818515
0.026264726879159095,0.02742293603623497,0.027953900522217932,0.027868551831120573
0.01504962531944238,0.013141235474708123,0.01330221835567964,0.013356817840668502
0.009466739406992958,0.010179624023191084,0.010350907246287273,0.010416379285951542
0.07382309511303599,0.0743813875708389,0.0741606205601167,0.07421757708718603
0.09044003505044523,0.08555408159486898,0.08490139263147081,0.08490325082376862
0.09714965293164378,0.10016919857541481,0.09945481183651317,0.09941689545899746
0.03525992669290145,0.035091474194352636,0.03502373205410016,0.03496898910928225
0.023826266724032874,0.02134080176637194,0.0213446759131728,0.021334292763751102
0.18259072824079206,0.1741709011960098,0.17218830761673845,0.17273765491133167
0.010282689885117033,0.010583878124455342,0.01058498224669354,0.01064716875897835
0.8819745482027389,0.879258361027431,0.8775931409622653,0.8768790860029314
0.1284704593145372,0.11807920464026792,0.11575590726635576,0.11590538831204647
0.01809881696,0.018674157824,0.019631732433798243,0.019604881935916006
0.3393107768948148,0.3362175280540343,0.3389687191693257,0.339192252623773
0.46979960694570466,0.4765205989074693,0.47578380707279483,0.475102036404392
0.01290784,0.0117575172,0.011839380767999999,0.01181904304328
0.814724715529576,0.8115762377067929,0.8114800862030008,0.8114294813966059
0.22489252845592808,0.2235546116667861,0.222264562937123,0.22203453885897964
0.2692994654050195,0.28224622695951457,0.284547287660951,0.2852068029006015
0.34521630288597627,0.34857533756155956,0.3501920941812741,0.34860529068815715
0.06685887121976947,0.06796910109959078,0.06699917760305969,0.06712259366363572
0.14579867999999999,0.1535865808,0.15308609256,0.15219690518103998
0.07286663554080602,0.0735977370594661,0.07234466218911666,0.07240873929800574
0.11974853417050321,0.12351007526362806,0.1241692887029879,0.12307026247347409
0.011108220146614547,0.01202362372644774,0.011871937687803556,0.011941870794911755
0.06190063787819232,0.05777615541458792,0.057098858190293277,0.05726431632455475
0.20850002216131847,0.21371760663089093,0.21370778724969908,0.21270092458131692
0.3438543038501603,0.3495354645538413,0.3482556621404249,0.3482394629435225
0.1354,0.12546000000000002,0.126186,0.1259866
