5K,50K,500K,5M
0.780258985619894,0.794294687630047,0.7934039223228779,0.7937235716156211
0.15917520984242858,0.1633634049148657,0.16415397959961764,0.16380664951264848
0.023776784446411355,0.022142567371054456,0.02201326724209407,0.02195248161635143
0.11752301840325528,0.12368518401055514,0.12363347544149163,0.1241897833725139
0.06189301279877806,0.060578275699580034,0.061513433947189625,0.06155545207569245
0.022145370450181806,0.02142877374240511,0.02111082620584868,0.021761054915173297
0.02254628359438249,0.021000323169032952,0.021171298551248875,0.021383855713343693
0.6121192694209485,0.6124934186546676,0.6109667948041226,0.6104939913368019
0.09523861749297942,0.09218552695915326,0.09128200956583213,0.09210579736363457
0.03201210123362402,0.03212815252886009,0.03261746119390047,0.033145281507504634
0.11978382707879248,0.11628221418519168,0.11685347949188389,0.11902345715131771
0.03834350183944768,0.03736988781922995,0.036641051876433746,0.03770848499319342
0.10766103359974542,0.10007038820425705,0.10295556590945446,0.10211283829591387
0.26665234560407847,0.26726285577480385,0.26771379354056246,0.26829843596733755
0.21149997201555454,0.2124517520471353,0.210454356998297,0.21091086120065508
0.20134853182957088,0.2055233422628934,0.2054751644657221,0.2049570732342264
0.01995384003800087,0.020132948731723065,0.019315781456079376,0.019123970175339174
0.025468067809275727,0.027826864360787466,0.028017397818125525,0.02831861106059675
0.3839278765072,0.38220212845670987,0.3796337671424998,0.3828139187118321
0.08269158922090257,0.07911398722974256,0.07933705014729782,0.07954648226902115
0.06184211791964407,0.06287808425653284,0.06324137534398558,0.06347786786377091
0.38016307197748395,0.38749308648398656,0.388169228075677,0.39554539496454844
0.05501324076585316,0.05238248763932996,0.05177005586019576,0.050830088684351314
0.5801865061419352,0.5838999121455702,0.5868362942721812,0.5881216728880971
0.43309678976923827,0.43880945870622506,0.43737467067342994,0.4394271040314068
0.0308832149905946,0.03167159078844684,0.03331472108079226,0.03311431242553869
0.5966697249414534,0.5896610091814123,0.5896887849209914,0.5883761714049968
0.33643801586935473,0.34425827653666313,0.33796243879036114,0.33989474276120496
0.14471618599184805,0.13402487661317433,0.13406381585689245,0.13478343671029253
0.9205356895609575,0.919688625027784,0.9188561615392687,0.9186908881637577
0.01635901404591215,0.013593251391063927,0.013454808431850106,0.013552504715445333
0.015147934318252076,0.018066676373703853,0.01825144437899358,0.018338594588597688
0.01658195164645679,0.016954105530194764,0.017226017916195133,0.01714601101937291
0.05970153733292453,0.05776034072451134,0.05772105478540994,0.05802660128125005
0.02681957566704378,0.02784110921119942,0.027327303244276614,0.027498870707690096
0.602458646269802,0.5923686838103883,0.5938836503771837,0.5924302708193057
0.06981581466773719,0.06425469425063049,0.0641784145984965,0.0644704728008041
0.020832237199558325,0.024794758622061104,0.02496983794211779,0.02504382427265719
0.2534311488118348,0.2509865637408297,0.24853791806483697,0.24754132920939248
0.022996369359631154,0.022374294822870965,0.021434498748518216,0.021109277359249248
0.03917620422747751,0.03646340130835748,0.03749774625765923,0.03717667667039638
0.30088572630985394,0.3040974548107143,0.30837333273625256,0.3100842412758834
0.013164024383345562,0.013615558386490681,0.013412442007290732,0.013658763843742148
0.22423522310736987,0.2241952078410038,0.22385902016260453,0.2241202619099198
0.19554236012363563,0.1861879689055177,0.18623044824506585,0.1871932906126265
0.5112153582972947,0.5134314531810644,0.5120295840585514,0.5111546261870037
0.09963678401353625,0.09152832474119127,0.09287248649663728,0.0938585897894226
0.11938277636570215,0.11774538281572772,0.11699468921982199,0.11690213990296772
0.09390320485808587,0.08614261165662937,0.08494633473430324,0.08534082859148613
0.04913603024328997,0.04986585625103694,0.04991469578688992,0.049490873739964664
0.34456244875717573,0.3436911764017585,0.34053739973684793,0.34688194996978367
0.8946523739984092,0.8895391892910791,0.8866516311804655,0.8868679402184233
0.13086571664367316,0.11942495521149679,0.11771289058098884,0.1185503613493338
0.22681687062175757,0.23185194866934966,0.22941706982166563,0.23060727186390426
0.2588958197064105,0.2597148937594238,0.2627298252780091,0.2627362028806436
0.05279299360909228,0.05099559604785524,0.050824622956724776,0.051175200895401556
0.7107947054590794,0.7024849768303076,0.7025421834067073,0.7036230545554023
0.08993447937290173,0.08787092158050186,0.08771885198139263,0.09039692542368832
0.08574975524145396,0.09205906540365705,0.09312581873047834,0.09267759869717188
0.5048647778109503,0.5222534448718128,0.5215643578287327,0.5234441022057971
0.04462796235971929,0.04086561029714114,0.04147060777852625,0.041508893918513756
0.029286231015125837,0.02579721297981988,0.025330362279450323,0.025525836227362465
0.12292347681016662,0.11585101119060173,0.11671195716281589,0.11649266277138817
0.10016688545578646,0.0930930775651502,0.0931963169225662,0.0919613809465162
0.13071059118967304,0.12077704233723106,0.12136726460733331,0.12190042574153158
0.1074375043063068,0.10006927878969565,0.10296568211622373,0.10218236939798019
0.038023889928096584,0.03828371261103477,0.03865553501643911,0.038770126666209076
0.015283052734737238,0.015097371491617233,0.015249418278753488,0.015255378521599108
0.16645115645349176,0.16600362983059785,0.16483731093749082,0.16576039795650954
0.5026141984520079,0.5083074182931571,0.5081737322577713,0.5112838172182955
0.40966940097544563,0.40102540819756255,0.40228841074203336,0.4004301537105342
0.013421722289479014,0.013386429046491065,0.013664037257940256,0.013570811113700527
0.17170062444227027,0.1747103720512028,0.17502698520136942,0.17656861310486308
0.06349915640990617,0.062451106510707545,0.06256537031863471,0.06262462139590218
0.1465162237253935,0.14891724999954095,0.14786955367747562,0.14714831922991722
0.023084128452507156,0.024254932156904795,0.02419980612465888,0.02429392111468905
0.506532212231602,0.5014922079050034,0.4979797545874713,0.4968897987334986
0.9527087188694976,0.9461874675852453,0.9388129029526195,0.9422710739981581
0.01750423817942584,0.018850735432942595,0.018988880060767488,0.01892547389551395
0.02020225630373785,0.01896923418535771,0.019090496932366557,0.018955071613441347
0.04114977565458084,0.041983504112549884,0.04233927171965737,0.04240835325854687
0.5770003117478296,0.583556871856875,0.5782419082092487,0.5862423031700482
0.021661399277820282,0.02202418047365971,0.02165431006706896,0.021649988567028888
0.13720082429601685,0.12736585392665378,0.12784730506888403,0.12904523694363335
0.01726980230205125,0.017319082788457542,0.01797004312465167,0.017744522417537805
0.24520115406547938,0.23717624518641453,0.23779564808070966,0.23467260375374743
0.050555299079808914,0.04450779354874412,0.0438073410624309,0.04409199220286562
0.37213475578817945,0.3741023611750564,0.3723451804096813,0.3712295125540465
0.346995913005139,0.3519301083032527,0.35390349650797226,0.350995161377859
0.020328895534292173,0.019738900066835454,0.020137569905616732,0.020427597349789346
0.19748771522708328,0.19690914076625304,0.1955707042511358,0.19608015751587668
0.10214545048021631,0.09417529408922257,0.09690216690303297,0.09601736988444759
0.05171892465027182,0.05021027071393176,0.050421986556469615,0.05042167064489745
0.11806383993571516,0.11017346668739282,0.11069469852474352,0.11246370551488875
0.05081585116172422,0.0558014851624648,0.056615674571093684,0.05635799446135188
0.03576196274232201,0.03239131798635547,0.0328404268863351,0.03285252588386895
0.48250253632094664,0.4800306522146802,0.4793484109916629,0.47874564042804796
0.6069725915113152,0.6133997644855137,0.6124053279868035,0.6120236971772831
0.05004137867459287,0.04886320469356874,0.049573203384544844,0.04931890020325251
0.06854835782631467,0.07218101566128839,0.07404160136120305,0.07425627130737786
0.027466762310193234,0.026230280760101216,0.02642852626983177,0.026973235588675055
0.016787100230354422,0.016159418246714338,0.016302224116370796,0.016397833826817823
0.2384965238977107,0.23607709740610114,0.23471650253442808,0.23376245472670867
0.6323489728662554,0.6340413914523856,0.6334633504669006,0.6334406811853944
0.9442374849363112,0.9390690849431269,0.9322721660506585,0.9363132340822243
0.056033536350413166,0.052786942988597874,0.05309202475733011,0.05272390570329504
0.7662159045079993,0.7589132972282436,0.7576371605380007,0.7582696458122625
0.7162677472418909,0.7204722325383477,0.7194002121174451,0.7175374579574058
0.11800479261946094,0.11837989796921712,0.11858056966867973,0.11912476488127817
0.6633177877330563,0.6660370991976584,0.6640281019628959,0.6633886130691566
0.03874041033003574,0.0401695517278835,0.0399436993863005,0.03948690408679578
0.05250241217097451,0.048576929729228224,0.049513419489195104,0.0480664999223913
0.018519529941012487,0.01789479977057448,0.01842793711700618,0.018218114126822154
0.05739252897247022,0.05541064542074762,0.05560154647759085,0.05593615033900418
0.0213365211966545,0.02026140247555077,0.02053752832789942,0.020660344082671006
0.03552964298254916,0.03437990960023864,0.03438250462479011,0.034068505640311844
0.08012401466569165,0.08056796838204841,0.08132516991043197,0.08101396478183835
0.023044819790807067,0.021732810924410415,0.02175526536436538,0.02192019587420306
0.041198911459704786,0.03563202333610576,0.03563905510543613,0.03566266152237165
0.019343616778860484,0.019333724820786432,0.019215824355727176,0.019606038121242165
0.057736989783391104,0.05611829681899898,0.05626860415393286,0.05633526117375798
0.04457475109772642,0.04411584424888453,0.04377227522760493,0.044303374013907854
0.23941690181901074,0.24082565993277283,0.24141450375170123,0.24179092968119698
0.10357550537102614,0.1061907319079722,0.10670224588544593,0.10687629826209352
0.036660573035718014,0.036348833501904196,0.03675829557565993,0.036404335090606116
0.1868804570135926,0.18871235323576005,0.18541824730088388,0.1855426845782081
0.0576616928071094,0.05473459903224846,0.05387635978255699,0.054140898600545315
0.012551719287963363,0.012986530456182026,0.012772086214593224,0.01301040677358853
0.05355473705125197,0.04892282118337226,0.04887186785051376,0.04918068912173267
0.6107177988573382,0.612601172346865,0.6106124457407984,0.610797799705128
0.01425658777157363,0.013673542165683812,0.013195979078950175,0.013303033668556346
0.6581895471448692,0.6556101217379863,0.6583661780309563,0.6599248205732297
0.13491173550184296,0.1273107738943822,0.12692807269448678,0.12762902730565392
0.2535624474297517,0.2528633548957431,0.25657525524849467,0.2557733625585058
0.3062005238765213,0.30416192447251705,0.300607919012685,0.2996560259816782
0.15325385198616875,0.15774552455880117,0.15630565793193257,0.15693829215304028
0.021402772268271367,0.020548710027569337,0.021113093005207084,0.021086948715359047
0.4017527591137341,0.40545106694051664,0.40816067396446004,0.4025725965113874
0.254031655772378,0.2444776442482222,0.2451117081428576,0.24688613699291523
0.09674955406293398,0.10083249272278182,0.1009525417109909,0.10014954081145237
0.22832756405427074,0.2355519770158328,0.23510992879113485,0.23371872444399705
0.27674197542439066,0.2777937559156995,0.2787932797905771,0.27948407949222787
0.020832237199558325,0.024794758622061104,0.02496983794211779,0.02504382427265719
0.021297887329638245,0.019277221546316187,0.019405954947359416,0.019736128027279302
0.12150010450680059,0.12472523612872694,0.12363731779985289,0.12314363767017632
0.07850598999586245,0.08469392711629797,0.08326813879165948,0.08364511156733924
0.024671884170095013,0.024108588516518408,0.024510242400367914,0.024000190655072594
0.5353212743285471,0.5341775465569619,0.5329251848303908,0.534250274934172
0.011005202770298598,0.010675675424541762,0.011125496087731803,0.011181708177156694
0.05318467085267392,0.05186455786132854,0.05209307779140427,0.05215564541951025
0.0984818564856679,0.09992292912971704,0.10100634844185293,0.1007953040217264
0.01571859475380578,0.014859413067151326,0.014430205258857225,0.014469045723546384
0.31531405535367335,0.3144105193402033,0.31469747314334734,0.314382763780623
0.08901586554494395,0.08937587014871261,0.08874158133105378,0.0888575565430219
0.06859073154430025,0.06348037073965314,0.06524061538397734,0.0648406713088642
0.32780044542275416,0.3229369339140003,0.3271321530695999,0.32529352471308226
0.1643153499732874,0.16455482261717005,0.16431871073596555,0.16339677637109962
0.038601473623073715,0.0376761608003595,0.03795337191144794,0.037920064339729595
0.3631535560708628,0.3714380780522982,0.3711430075708875,0.37282753780553785
0.19681035607258904,0.1889067652142841,0.19007629633040632,0.19023591650999241
0.1294943505755569,0.1326037550546514,0.13176421347876965,0.1313072338726914
0.6950404220214763,0.6976632128065263,0.6877329719241216,0.6964043924793836
0.8278137655697971,0.8321520375209479,0.8243750632126847,0.8268631122030636
0.34083738852449186,0.3427547473779451,0.3415715295164481,0.3409049905621954
0.1124228801037807,0.1134625208788268,0.11397579034444585,0.11256093217677704
0.3867741021149321,0.3928099078597851,0.39451065728446916,0.3890573338892014
0.15633320856466704,0.1562273484428971,0.15750416437646228,0.1576778256017659
0.01409022336065045,0.01513992729611725,0.015115220696697013,0.015066867944128986
0.01904669516854973,0.01642596614602562,0.01636236654218421,0.016325432830630367
0.43534399923410955,0.43748932998297313,0.4367736770416924,0.4323837923554298
0.6581895471448692,0.6556101217379863,0.6583661780309563,0.6599248205732297
0.012543924262373754,0.012233593550304546,0.01226131272188386,0.012361818735252423
0.803063195823231,0.7982570882062641,0.7971473158966992,0.8101438376198944
0.24402532483371772,0.24828985832867154,0.24861099530579658,0.24890749222901135
0.059549670067904834,0.06151485364116411,0.06115343536332381,0.061584854433030994
0.02517623363544814,0.0254093619204398,0.02713178798863696,0.026781938624287592
0.1218459882529662,0.11685188194416889,0.11754288522712125,0.11800033327530379
0.061584230731637005,0.055252475761511356,0.05446754283482551,0.05483489389269219
0.014216107689945984,0.014970871210005435,0.01522407296784262,0.015358075105351053
0.7716390546937015,0.7605195434905478,0.7605450394424397,0.7599709753898336
0.010695902028225585,0.01032893014607393,0.010672413647053776,0.01070113836416801
0.3812448528931351,0.379238754297457,0.3870197377352614,0.380993227668321
0.607624975240698,0.6129935891102243,0.6148636160057624,0.6151515434407759
0.021585368805203186,0.020227558351523244,0.020013959719378596,0.020579457952089077
0.3964288650369438,0.4033358046940851,0.4000461645160926,0.4024715349335648
0.03737486757481241,0.03267773429761852,0.032199274759640524,0.032435186149999
0.0323402314083284,0.033726627149979226,0.03435793138396969,0.034559439549663985
0.1238694301043613,0.12292286629445451,0.12074629958733286,0.1203311818293729
0.022127507146463533,0.021089458182610953,0.021319255988348707,0.021108754703953986
0.02483954141571096,0.02311916069750672,0.02318422795863743,0.023299716603026818
0.7264470850996857,0.7266780054576971,0.7228193365600648,0.7228683999118805
0.051543851642421326,0.054747454593604486,0.05521793754001368,0.05520469455348662
0.10248942205932211,0.09925425791359795,0.09907391262698909,0.10105633658844822
0.02765972986044195,0.027317719307932996,0.027277114287254482,0.027189717176930018
0.12404508333080115,0.11776839512667177,0.11645231147687114,0.11769659751652738
0.5965245755747494,0.5931630448511627,0.5910786046940616,0.5909051731425848
0.3011152783289272,0.30199102915545284,0.3046443307058968,0.30363220134477065
0.24873052735120596,0.2538050311183873,0.2564951992851432,0.2591935401281305
0.028619180033123824,0.028351997075790857,0.02863833294646247,0.029119313353194183
0.11293039575401236,0.1042453149444709,0.10447204527361252,0.10534329304956602
0.17639555653834815,0.1732434247055355,0.1736543952570873,0.17425858699240804
0.03477476953774337,0.02985549869615233,0.029832054605825532,0.029854589199799615
0.015242806767986162,0.01409681061307949,0.01414362104458863,0.01424081355864416
0.037437281398403695,0.036100952317151366,0.03632968316862371,0.03660435099582151
0.06618391816706155,0.06552586680725028,0.06662730163535382,0.06673973459647854
0.07150037670692497,0.07181859804072152,0.07259638519489059,0.07264054746290412
0.09299027876265466,0.09242258311306026,0.09351626410206022,0.09408271065902632
0.1314406796568198,0.12922218710824712,0.1307126554065021,0.13044297891174994
0.12905365015868964,0.12698552989377018,0.12750395483470034,0.12736446180808506
0.45047937530529525,0.45937585083936305,0.4592421741742948,0.4582261826259637
0.1684565132917219,0.16784687806672385,0.17179736340439203,0.17238361063146407
0.02179833819009284,0.021794227384864768,0.021921912082421433,0.021987565807566375
0.03673659998192108,0.03333571312056397,0.03279753977603567,0.032914915749878634
0.012559043027694335,0.014333773028198604,0.014059462706843034,0.01402866968870931
0.18296620011390433,0.1815614501067141,0.1860798908419594,0.18250535722286762
0.011589454166003396,0.01073454972423417,0.010912340284061925,0.010927467185334699
0.023791025906704455,0.024050804920488063,0.024736706744839146,0.024534252728820646
0.43807731275946893,0.43527493003708023,0.4275898959393264,0.4427238965735532
0.017265926265069224,0.017893706525024828,0.017624683031760072,0.01796450777994164
0.1290069509901262,0.12010099148726934,0.12074221486510132,0.12135803309002438
0.3714480477815503,0.37291585634530294,0.37204378094682183,0.371323581399611
0.17078383868836944,0.17773640554266998,0.1789952974117146,0.17839890225099078
0.34001613992458374,0.33361430482144344,0.33398881333330427,0.3315253577362996
0.020415984054718343,0.017926203545195807,0.01752453513191763,0.017786230653966933
0.9042396900355071,0.9004254212161774,0.8981627789099107,0.8984340501280591
0.09524606683362805,0.0906435741374729,0.08947821900648183,0.0916165005855757
0.033413882363049804,0.03184787161184223,0.03187732032794564,0.031742726583427056
0.14727471174071308,0.13630458306700213,0.13694332409782858,0.13669683113721107
0.08038440566724478,0.07836823139182135,0.07908536759086977,0.0787840028834095
0.13616995856059672,0.12996393030755515,0.1321239673286368,0.1314506987502356
0.3752310725830414,0.38266404268084175,0.38443188975978854,0.38094022620366835
0.10590573148595195,0.11140926329154804,0.11124500059348683,0.11082849298069032
0.10682246203078813,0.1079807679489349,0.10729889119399305,0.10818160586044227
0.3841679567998821,0.3852608573048588,0.38486617854635596,0.3839448688924042
0.26291210318919717,0.26050061787754164,0.2652210713877427,0.2617967093118095
0.024957950970514887,0.023151426973984868,0.023660907188805144,0.023426407786571738
0.1369762530885116,0.13610700429598754,0.13460865447759038,0.13391043160909497
0.15580117345998395,0.14700053959100237,0.14709358847461784,0.1476225755864026
0.03100731487578744,0.03179657942605609,0.03195489217344759,0.03191465472203328
0.0334377145498133,0.03373772275110972,0.03381787969436765,0.034588925745499315
0.03788599904719649,0.0364881295793022,0.034906671202299226,0.03526947901756378
0.06299028846824141,0.06304533260012268,0.06240282288360323,0.06213948605312151
0.02088172484276581,0.020545834352585363,0.020929842596400777,0.020844733887158663
0.15270011281192003,0.16192117198217573,0.1617619382692264,0.16157511140320177
0.10281767206773351,0.10247426843529825,0.1020096744363013,0.10237666743820478
0.11217555135171985,0.10733055562019968,0.10601688262532867,0.10713760333851548
0.7983699796910853,0.8052819153834726,0.8033523989783079,0.8035511061110552
0.36315397396952476,0.3686059103745172,0.36851234189648097,0.3753535117244733
0.13387056004820516,0.1373799374083688,0.13600808501837788,0.13769120273249225
0.09118243109593048,0.08844561374953486,0.08857606238052575,0.09172326574652913
0.5122887820844356,0.5240619995006013,0.5233222337577786,0.5263322860327245
0.08573951552305394,0.08507162107697522,0.08604376448526026,0.08622589039484742
0.021877693134855096,0.022572420138997684,0.022110730069082728,0.021925609534796713
0.23226628886920098,0.23342216688980771,0.23701720066789772,0.2369453230267314
0.626211714794467,0.6239495860962215,0.6228421357508278,0.632807205784766
0.23514267881199363,0.22456833027526663,0.22846787113605824,0.23083745820667248
0.906717747418493,0.9044965260914545,0.9046215968672472,0.9051092624030584
0.3718324951050033,0.37024109123427956,0.37463251092553673,0.3728036025824765
0.02955479973026746,0.02806164745662624,0.02756284407399881,0.027702340165712828
0.08257146332108113,0.08085035392638885,0.08105982385747774,0.08270399487093057
0.6731104936664686,0.6631502360282517,0.6642282204951182,0.6652321588900941
0.35456663117501613,0.35241069701675837,0.3486145308546594,0.34865288725327653
0.015370373406628161,0.01664332474866142,0.01685817512991927,0.017126760902593487
0.08896996135670214,0.09027080755533155,0.09079627406694267,0.09128550621924947
0.03254235504298378,0.03223234702424261,0.03240411347872211,0.03250143118642308
0.10468161682520848,0.09685928692572371,0.09782978678925042,0.09753187496917864
0.3223191028377439,0.3094388017080951,0.31066510097568656,0.3122277497155922
0.011891490637712993,0.012591411492915483,0.012903497503234905,0.012913395686657997
0.043101016730726194,0.03973851107299121,0.04113680053219583,0.040702747707832394
0.012160008439223385,0.014275997978830886,0.0145195156347207,0.014496241784210462
0.5103805538037174,0.5230529056009255,0.5208251011715808,0.5191284952386344
0.1341866018652503,0.13877598012054498,0.13865843173477305,0.1388147507332817
0.030988784990817655,0.03146817633549394,0.03183537569974508,0.031989830469552984
0.44813287119975237,0.4488768861802189,0.44895125599139085,0.4491628643755995
0.12979849160044005,0.1400082412958594,0.1378757867962046,0.1394099943378989
0.05306585981854929,0.04933567273110771,0.04715722475056085,0.04799576575640952
0.01684762593139273,0.016035403599237986,0.016472366003798894,0.016402246799161347
0.06516041823246488,0.06482901780867359,0.06405623815350761,0.06434904078555939
0.1410524519505543,0.1417906906263853,0.1433477535645879,0.1439572297239241
0.01753425573288426,0.018661196916597036,0.01891345838877543,0.01922760178837606
0.015991408990390935,0.014963473743839634,0.014922779494705283,0.01496101623970651
0.9035901640713448,0.9042004134485558,0.9029602383683358,0.9028326424378994
0.1252743603554678,0.11625872533847656,0.11664821635366618,0.1165228470803429
0.0770140385675939,0.07818375597826094,0.07974994133618893,0.07996387784553381
0.56654584730659,0.569438776238854,0.5708492882988184,0.5711557154170498
0.2611985101140767,0.25609796991513495,0.2552944961500579,0.25434669374052676
0.02349173441107477,0.021561610529944424,0.022026261156651534,0.022121045722646993
0.015491333144404491,0.018274459628089615,0.018413953854042767,0.01848607976070103
0.05123352206664027,0.054598143940675664,0.05493370403654276,0.055813364465405114
0.05798654551971544,0.06117258723846409,0.061605277879167405,0.06136703845675496
0.023792291866289752,0.02414470376419459,0.02524801825851285,0.025150681353361865
0.018348403069970178,0.019005168730076814,0.018762558093921713,0.01876440668347097
0.478385208113884,0.4798637379998477,0.4726283342288064,0.4781494275788925
0.8318694676037605,0.8365997277815259,0.8341799672146495,0.8348413241472707
0.43045134026771276,0.4316063836151142,0.4344321312275514,0.43142481450557746
0.3122817484530126,0.3093795761881562,0.3072812320015122,0.3100728627381693
0.44605475232697556,0.4382818547200113,0.4384637747927088,0.4369483161427303
0.07250055540905473,0.07489988889834616,0.07525716443761898,0.07611029231001155
0.3141996748190208,0.3173824608325548,0.3189676979617239,0.314800134333217
0.010592312458712724,0.011351865956713864,0.011429460839516787,0.01157084634209227
0.451015518579693,0.44839890436992874,0.44915794164602696,0.4478755347510606
0.015692844419347967,0.01701053549688701,0.017399983874959956,0.017310813434792502
0.030747936427608993,0.0303605283373057,0.030106886016760495,0.02976133493291612
0.7786337100746218,0.7773770640365747,0.7760873196123449,0.77644589729729
0.1779319550264302,0.18324030086765286,0.18454360993908925,0.18402933544155575
0.544131556151274,0.5466585935495824,0.5459723305582834,0.5447146606059567
0.012239041579334965,0.010525037589818716,0.01044479114384782,0.010407789973979616
0.015436318943480933,0.014884073548309685,0.01437558880389721,0.014083795749926615
0.09129643216268903,0.09679216227059606,0.0955176752078611,0.09670429435411479
0.3267964164278199,0.3247432941148506,0.3261685440235668,0.325641098279498
0.14541865304618543,0.13794942866214197,0.13864054633964457,0.13908917927981965
0.04893841446501713,0.04832679952563814,0.04829183300824298,0.0493617299658982
0.8530968208049335,0.8497032927381951,0.8480453496593295,0.8482091451175766
0.019149024598491562,0.019961636275418096,0.021141370439256298,0.020940708124669558
0.7575321621392215,0.7707211489349536,0.7686688459328457,0.7684338864441141
0.014787252436065225,0.01440829746557597,0.014691086233193885,0.014582708596686757
0.012868044438068322,0.015382436295158496,0.01556709688091701,0.01580306277558532
0.0847938522425822,0.08592722808992033,0.08513373269171812,0.08511309755441773
0.04432771768613588,0.04041921413082313,0.03965564304136468,0.0398372975965748
0.02848086805675169,0.029690648713214834,0.030038056652907045,0.030150972180556658
0.08299262355099224,0.08928517968444738,0.08805165157585097,0.08750134687137112
0.013723562850884243,0.013623030617731494,0.013959416844216125,0.013951701551102761
0.059234616879523395,0.06146449100345044,0.06293602222898283,0.06309530808491061
0.43567143475491704,0.43311326401504124,0.43448290697244324,0.43278264450727794
0.056773694612310646,0.055054419904352926,0.05441510631609044,0.055180903644934526
0.08876588430761775,0.0857966440174435,0.08496347539151594,0.08445413260536926
0.1523571761707398,0.1543095624978714,0.15361675130835237,0.15382454726651207
0.0188051960110429,0.017828315373383127,0.01789812082102574,0.017690718753892654
0.07539745166789819,0.07076265642762247,0.0721544620293075,0.07112105361809708
0.14841013364046787,0.15461706865305938,0.15290201274319956,0.15441666492707212
0.8274239922021297,0.8267425602469102,0.825240835616539,0.8256023647910686
0.12023578277368323,0.1095616894887911,0.10973240875845988,0.10847673628779568
0.16080789710708,0.1632995609321556,0.16236909409184247,0.16243800505833092
0.04082427685929918,0.04256534341662254,0.04305305382544721,0.042477187790706805
0.05944037761705204,0.05461532184884623,0.05303534272090587,0.053304716233028474
0.31579974592855603,0.3137056938164721,0.30952207181996905,0.3100045425910906
0.013750694706236865,0.012100482004918875,0.01206996596616857,0.012144910407222787
0.07350726266063744,0.07278447536682608,0.07133817498074721,0.07199198093158438
0.0845940178461791,0.07979713322407275,0.08024783317279359,0.08021976098339653
0.05584194618738594,0.058474412060462874,0.058856479281229536,0.05978757144174615
0.03906667404881246,0.037667859026507516,0.03769368176849681,0.03780921139976112
0.9666788698375101,0.9610182405282255,0.9524766273000588,0.9561591185865891
0.17636837001179081,0.1768109955879377,0.17448943830475175,0.17536044771104128
0.0334377145498133,0.03373772275110972,0.03381787969436765,0.034588925745499315
0.10371852829912996,0.1013677002323147,0.1011315325595951,0.10300688416914307
0.3549393383234006,0.3480901018067007,0.34454519633872666,0.34545140470567165
0.013305217472568064,0.013860743141773574,0.014347981041654252,0.014426096450329533
0.2831220944717445,0.28645522862446604,0.2876245887715908,0.2853351808276319
0.06673821644285156,0.06693174915301593,0.06789973413350837,0.06812899497436466
0.03123927649588739,0.030961966687226204,0.031198396173001058,0.031030172513370494
0.014923654329421606,0.015071916274222222,0.014678226564845125,0.014995089778131713
0.15453305438944182,0.15262519784045908,0.15404971933017492,0.15325912523784055
0.34684552362864834,0.3439348847315775,0.3455522331400643,0.3431433039432267
0.09761496656866676,0.09862098522012161,0.09956423985713488,0.09998104598784847
0.14510810748276595,0.14496257233481993,0.14618028249258314,0.14596305001979196
0.008766658882802359,0.010427195931207778,0.010064799827649828,0.009940238217667558
0.3657312010853166,0.36028675061358695,0.3603145931448103,0.36046017186684987
0.017836508579837332,0.021465939206836693,0.021607775723192238,0.02165326274352566
0.018565649294446877,0.017951600716394994,0.018233595153497678,0.018143245955572273
0.011186708523628444,0.010429722164216554,0.010387085986183856,0.01071495798750892
0.010326239606737363,0.010713764811284814,0.010663974657878857,0.010569824448242598
0.016335293732015418,0.015282336273624518,0.015440022619412139,0.015360447489774316
0.571381416933147,0.5718151593519599,0.5722434038704188,0.5730836712093919
0.48348884338859427,0.5005513999487687,0.49185982082710555,0.49651137137565443
0.0384232338739735,0.03910430150876435,0.039608223250978326,0.03919950077453609
0.42332156078464744,0.40734025490691517,0.4057156206522379,0.40902408075879865
0.13356289655869424,0.1403579207825867,0.13741970160390846,0.13749312758976098
0.2923359465237194,0.29502900600692095,0.29538537858736125,0.2936468957241573
0.42706976784094935,0.4225818540548362,0.41871983777213173,0.4175900347201353
0.14296238851206186,0.15221505743566976,0.1497043913446702,0.15141511223714496
0.13772516093758233,0.13951692337991906,0.13879102256477505,0.13794875068550436
0.031032380631866686,0.031101493296101092,0.03066253608256469,0.03150011792806297
0.1619347848198806,0.14854044753890083,0.14650803175905236,0.14676951390046697
0.1191701577717003,0.11947555398701726,0.11968831123837077,0.11917437614504751
0.17468079088835134,0.17138804392102272,0.17152054986342172,0.17296658205698148
0.01993493059820858,0.018532483226911964,0.01925012119256063,0.01912429146509152
0.6135851421762416,0.6038939276402469,0.6050526845646294,0.6033294393771989
0.14770976545437514,0.13604775182599302,0.13392686774562915,0.13423296900885087
0.03451023903873666,0.03555980247555302,0.035782307741259296,0.03623144295391305
0.1943099973578559,0.19152461043638755,0.19226578122924545,0.193439521781872
0.032872370787095054,0.03256241043567482,0.032300514710237885,0.03306980684697127
0.07573213761142054,0.07610776696291001,0.07648876147015302,0.07654075652300099
0.10307097004847349,0.09634522856214847,0.09712385216872081,0.09785638774759099
0.31822015490533345,0.3161416029070005,0.31272220976342807,0.31176592341461234
0.0217680221165569,0.021639983197255797,0.02076785610660402,0.020431877122292944
0.038177594561559454,0.03892963133460198,0.03880660218308272,0.0386060331755064
0.3461423747959506,0.348877870917259,0.3522620347984383,0.34798857393396426
0.07883302481835161,0.07919569412296353,0.07838362974810978,0.07807589151026738
0.0855674171754553,0.0829044368106966,0.08294190313407576,0.08430462246528939
0.29790742404494464,0.2986886740153392,0.3011257163660913,0.29939243983495434
0.5550851874481939,0.5462656788127445,0.5514904299782247,0.54859105051095
0.705476657014435,0.7098788959482769,0.7093155974128651,0.707132495880561
0.1256287673156444,0.11665761576572108,0.11787772884305314,0.11773998195926198
0.01711240221562197,0.017759088117685354,0.017501891350554327,0.017850920867985086
0.073902314481286,0.07045776744406285,0.07177826167655454,0.07186735608583661
0.07834698853631124,0.07596294797187578,0.07588987304538979,0.0763705680481022
0.32882130633442763,0.32118287482364133,0.32317307352867625,0.3270183410318061
0.45749873023113913,0.45126769033380415,0.44750333515974855,0.44608787162361685
0.7572726192331006,0.7591699235197412,0.7577298606998535,0.7568785197176687
0.3209571716485804,0.31858622344797377,0.3185268450940095,0.31778059585910834
0.010926204579706564,0.01033867595789988,0.010263267551091314,0.010236277971332558
0.08952360208970438,0.09724896457752048,0.09805707806261109,0.09905324095972229
0.011804826981005228,0.010978042583347685,0.011209183348870071,0.011216626641255053
0.014571021729673294,0.013983781111099552,0.013958271160540789,0.013967454910880469
0.0252475688755289,0.025480380041763947,0.025592434810455204,0.025534695952336824
0.24255083913403466,0.23516909691351523,0.23486399451795467,0.23370513730166143
0.019719275688700227,0.018679379461441714,0.019172002021315356,0.018950463741644306
0.3867741021149321,0.3928099078597851,0.39451065728446916,0.3890573338892014
0.16100077423842554,0.16022575338184267,0.16195885194068185,0.16046390518201986
0.08972411368357924,0.08823831344065194,0.08810507594449396,0.08762525294790195
0.8324856315514082,0.8414867592456688,0.8293594666598317,0.8392186282492556
0.06737528251722436,0.07082746369533696,0.07132030492972898,0.07125230481208933
0.024606056370694903,0.024388288758674662,0.024893873647825013,0.024761457109465243
0.03631010602681835,0.036311232484493514,0.03600900093366046,0.03575016820126351
0.715230067492278,0.7124074154130893,0.712573718650727,0.7133880072627844
0.2513376961722579,0.25617833177989036,0.25780816284383185,0.25670923614892127
0.5499843983562389,0.5460706306451174,0.5456097930994936,0.5528248711415484
0.3833939030671795,0.3752038549579323,0.3743260109850775,0.376579055741933
0.03795966709045464,0.03257478092003236,0.032407314959469476,0.03240844428716574
0.33117620717219415,0.3364896436012387,0.3343389181231479,0.3378619196611978
0.25620349372849194,0.25368025347189316,0.25067457270382354,0.25023997573169504
0.06181074619015474,0.0608317453269169,0.061357218363299174,0.061342207811633326
0.4677116287468806,0.47018348590316134,0.4667222684808894,0.46852464334413235
0.05629476975057969,0.05882598313271837,0.05912461048800901,0.058791877602624505
0.516054951986144,0.5105559146608677,0.5086874409583001,0.5117807510604618
0.1122480074102954,0.10924661472103357,0.10789535949124743,0.10772754969564782
0.5612155674904207,0.5524778104441195,0.5529655581131484,0.557507690008353
0.24928433856716017,0.25424014236622977,0.25702437905959763,0.2597242663402161
0.04245103382226106,0.038580978696404915,0.03863790091503592,0.038552593359743426
0.026309236011294493,0.026446668705331362,0.027418586279233288,0.02692010107798658
0.7342211067900443,0.739524855650081,0.7360512270323819,0.7364669315329618
0.018517064098034688,0.018802099994465575,0.0186799495810209,0.018921994240339274
0.052115805677579674,0.05323895857810238,0.05251640633445997,0.052769428407831775
0.241478859861253,0.23892204010671766,0.24171899655488638,0.24130573122310683
0.8332356711069744,0.8354043298427477,0.8342051005235381,0.8345462994813163
0.20898494246928528,0.2082618528033061,0.21038118333435354,0.21035297772366776
0.06085330878110614,0.05763610125550373,0.0575087427995939,0.05712434714518817
0.13638098189606954,0.1257623417035247,0.12363150102526076,0.1237548015646172
0.05029994390618125,0.0528741996187157,0.051904769521487946,0.05191157288650219
0.41746496650891984,0.41685129791005704,0.41643952786525024,0.4153841347211533
0.5616577040761934,0.57564997737711,0.573490352101653,0.571674472841697
0.05258052038216261,0.053516401029442745,0.0538350065102119,0.053381594259798965
0.7824864065887851,0.7839214383507774,0.7821330686966445,0.7825794832284064
0.018120008687912657,0.019182201751651133,0.020685214809269346,0.02024804541917671
0.07807881439419152,0.07628268710371028,0.07523297473814423,0.0752520384670499
0.6219821492073391,0.6291178763168612,0.6254953736176239,0.6250027640296637
0.1331663807289108,0.12815271107115173,0.12976864484530481,0.12997581808868436
0.23922605744678827,0.24083232643028485,0.23909698232825607,0.2396886286772838
0.013018198729574664,0.012926982137715187,0.013036501620350355,0.013024294991966832
0.1530961920734015,0.14265774896679076,0.14040757479399965,0.14073863537249093
0.039526045587739776,0.04049311123006175,0.04134682301775053,0.040760676088809324
0.13125209803407584,0.11973217828528529,0.11987657178026061,0.11842177000918017
0.12623813870914286,0.1285814376673084,0.12716501762810103,0.12852651205552434
0.3009217007266418,0.306021828186224,0.30521449063320044,0.30708010883456593
0.08553844320899107,0.07879805249241054,0.08003933444709964,0.08009287921639234
0.015299811032798033,0.01600672844044511,0.015551838997215647,0.015762471979582214
0.13303620962676682,0.12588402262920642,0.12594792378637426,0.12668981266854376
0.305070327578443,0.3186540478354989,0.31865124665059796,0.319877091185964
0.024168878301874135,0.023583192314846117,0.022597665368394287,0.022225502088947285
0.155233029372529,0.15152049928415956,0.15351499504465568,0.1527197274247737
0.022281446424481044,0.01999559892786566,0.019593699763018387,0.019813946876401794
0.41611870341008994,0.4125097000919437,0.4139490396176394,0.4149492974382594
0.7107947054590794,0.7024849768303076,0.7025421834067073,0.7036230545554023
0.8224367597288068,0.8217835186153102,0.8221751877053853,0.8214240965989897
0.04985006345348241,0.05041120030025025,0.05078994310261856,0.050288595656446035
0.6571416842737052,0.6706049457991173,0.6693380503839741,0.6690434124617506
0.5486158019199628,0.5430866122044719,0.5420160128656303,0.5406046293298382
0.00957948054225594,0.011520909857211893,0.011146479675977369,0.011027925369022884
0.1762827941556351,0.17405373733339632,0.17604080497508554,0.17508886659983694
0.05744840733917395,0.06036864401510858,0.059440055104450204,0.059290148311122635
0.6430743200138663,0.6464263358265857,0.6473176816870733,0.6486844099095611
0.9188146017965365,0.9158490937267243,0.915205842254995,0.9144369813678972
0.051801822301465114,0.04833537115492985,0.046900847267349055,0.04709933128090418
0.7813902540564053,0.7848289505569228,0.7839435736251508,0.7815306353752667
0.04872263085747197,0.04884201664594062,0.04888951313932264,0.048875636191001
0.07649839986041715,0.07718885195681618,0.07753071466989218,0.0777358749142022
0.026109948017873964,0.024278129559102406,0.025004312382265657,0.024839622662300442
0.08731068118159453,0.08924643716163205,0.08826185859695086,0.08838059866077157
0.06523374180454614,0.06605970947078144,0.06608943002890542,0.06646286079184976
0.07126146705371338,0.07292583639241447,0.0722017743829134,0.07210398318883955
0.36868784150963824,0.3776768239929543,0.3769830838659172,0.3784220050175006
0.5608910349337254,0.5654986378621035,0.5568420055698697,0.5640102774199458
0.03697937121421766,0.0361716668888638,0.035719688809361126,0.03659460015345844
0.1286161787357576,0.1195629836724323,0.12004466073251092,0.1195130270675526
0.3114195374888074,0.3279081452810607,0.3271418666450038,0.32790967220604206
0.6635354980768783,0.6569325894474556,0.6567508983756796,0.6546836721892647
0.18113074817537983,0.18696439156359373,0.18809645938688188,0.1888570646659862
0.008191670332713794,0.009962950966272408,0.009988335660127618,0.010111338349399028
0.034923130211279,0.035614811859998,0.03532311763273705,0.036069764105383754
0.296821779672699,0.2931203635983788,0.29486970676307556,0.2945769305373935
0.36402268953324785,0.3708699143212757,0.36698091112475706,0.3699621312576685
0.9349705026115985,0.9363066204052312,0.9378069791897248,0.9372446879728091
0.12341714869080711,0.1191522488376606,0.12012393531621662,0.11992350991928838
0.04343401766705067,0.0437862873353944,0.04464043428167139,0.04335629424078215
0.027283466073346085,0.027837961347888168,0.02920799347546069,0.02953549741810081
0.02986523624777512,0.03187283688379111,0.03279156463177739,0.0326960694226086
0.3360875246249139,0.3359807128045251,0.3331696590787007,0.3360721527415531
0.13022120135324247,0.12756067637916177,0.12779853690272377,0.13156063483426664
0.06111114266937897,0.06268245356036181,0.062489967508051976,0.06292993047514107
0.012734480133510534,0.01091601658677146,0.011006734563617518,0.010913652476082227
0.14394720588312915,0.1460369155188861,0.1450635890644072,0.1441844355277578
0.7503922405278547,0.76540405997612,0.7672264456053969,0.775211856416103
0.01168700094562743,0.011259460341677298,0.011641032660563462,0.011547303186511022
0.4256683826364071,0.43054118441500683,0.4297971907423214,0.43858547206381515
0.020477811881026806,0.02064117474042375,0.020240937830329764,0.020659390929270344
0.11555409813303062,0.11751795526450938,0.11754123220811831,0.11770343477041126
0.506532212231602,0.5014922079050034,0.4979797545874713,0.4968897987334986
0.2663855845758832,0.2724290912039597,0.26917241808712755,0.2692916728037693
0.30083042762698636,0.29894832401762717,0.2978400793637611,0.30009351351459757
0.03692609311779924,0.03407868656484601,0.035101098649521816,0.03482265103784049
0.028756576750037392,0.028534877921350447,0.028553934359033268,0.029069046493925155
0.5717369459386829,0.5644576928090277,0.5648611397809842,0.5694934065444198
0.25226415666585217,0.2574883781353523,0.25846560604770896,0.2593863565020754
0.016585675191220416,0.01595881895010362,0.015290182450803116,0.015009946830084773
0.39160243883705004,0.39919942872585923,0.40066843723989026,0.40046819257071103
0.3752310725830414,0.38266404268084175,0.38443188975978854,0.38094022620366835
0.10442027645803686,0.10413537905192015,0.1046362818711649,0.10454203199842917
0.09131931931963651,0.09904691173665904,0.0999430327855583,0.10087705577612727
0.31629792228238324,0.3157746585201513,0.3131179343305875,0.31810082560822234
0.043907558130826904,0.039832078965903336,0.040172093892967116,0.040108877124519535
0.047055034001767415,0.046686414661049766,0.04754732755265269,0.047328281795579775
0.016466922728507423,0.01624888025745416,0.016460764897508633,0.01646379712198082
0.173722081162662,0.17482276658615595,0.1767031975612583,0.17692247821533774
0.07571588264218539,0.06899938406461392,0.069218537580613,0.0681703585919729
0.14928847591489888,0.14377938626454384,0.14383516945912825,0.1438243110137994
0.0144887033520813,0.013038809567588289,0.013166940970691947,0.01325317859529505
0.8513791917486755,0.8615244050196108,0.8603936087047648,0.8596147969053702
0.5229868424166826,0.5150494060825884,0.5158290959536763,0.5142017647384288
0.37982851339010076,0.38529819308649454,0.39290269227831365,0.3863857676435417
0.2781180083453621,0.28262955402181006,0.2820436334982133,0.28347212218096035
0.08343251202832062,0.08893709063122646,0.08755533612488496,0.08872335914847145
0.20832683290639792,0.2123339266581672,0.21226733607060236,0.21233048043468788
0.011856616110242881,0.013298236096934783,0.013320815255859026,0.013246067779356956
0.0596348750881723,0.05506616878839776,0.05344767326342554,0.053721589033888996
0.7159871055508932,0.7121148718794815,0.7115852736941787,0.7190237697210637
0.03648139444086574,0.03529131517993324,0.035413023250426494,0.0352092304417014
0.13354531974127754,0.14054741578676616,0.13998561768421808,0.14071683439974228
0.8114051773699286,0.8079004295395565,0.807378525780527,0.8205891899365322
0.04834022235926465,0.049318724702023455,0.04880062221537784,0.0489374790782635
0.4733367501811241,0.4603158550471252,0.46004165199991653,0.4583548051340881
0.14275694231156674,0.14818459219738048,0.14898068086325142,0.14684974099242998
0.7188447535834889,0.708298447509988,0.702401861910924,0.7057881231586307
0.026630515284603314,0.02287859527346859,0.02268609550829985,0.02269348080317829
0.03329211047860424,0.03534652100920872,0.03744498336625152,0.03724478587308733
0.0348118899290051,0.03608360287429237,0.03630176417654372,0.036171369685540626
0.5936187918054284,0.5941679970659911,0.5943126865655962,0.5915804606340052
0.28867055596977226,0.29916356319266457,0.30027285026172373,0.2976285745857653
0.8581938990303905,0.8519811002941713,0.8491079759202621,0.8497259286118054
0.09134643833824561,0.09100261862168772,0.09202070198927176,0.09219120846003043
0.10923069893214249,0.10614973871472123,0.10770427319689904,0.10893495895475985
0.10545077107174519,0.10917530473169941,0.10967302752477473,0.10777692089108164
0.022783336836685254,0.021545918889780215,0.020882163692150433,0.02107750226353768
0.0132628541606955,0.013255619184908252,0.013576203906790412,0.01351032415562266
0.2072423297432683,0.20897163986508507,0.2099943007072099,0.21080488627133992
0.012488061114164738,0.015372674305263014,0.015072477913225116,0.015055592244813114
0.01729462279268636,0.017363272539109204,0.018000845391639347,0.01795961211673929
0.2970430699806476,0.3120660407036958,0.30483308729756997,0.3062569480970675
0.11748567978106444,0.11602162838474583,0.1165218622927954,0.11619037444720125
0.8841633140611734,0.8792111397619395,0.8816056953326928,0.8825108466239957
0.13049133647214298,0.12218610290850934,0.12229516172308705,0.12046442470196118
0.021011015652110294,0.019681462894289636,0.02014141926246142,0.020172065103706775
0.014585121740823248,0.015072678528023114,0.014824369539753267,0.01536318334603907
0.7689245629203543,0.7744199690984358,0.771555994582887,0.7720765813602112
0.02932539931299852,0.02973563029549503,0.03118161279434512,0.030967811097768055
0.08869878246416762,0.08900470836353801,0.08925597087154777,0.08887629349225133
0.03175904028874935,0.031253545638335344,0.031296808835809896,0.031074822194856206
0.02646518993691315,0.023492678514765813,0.023244497089874572,0.023583157139694614
0.05031404007561894,0.054151092669177364,0.05548473253213143,0.05638875836760098
0.38023498530713895,0.392071259933815,0.39537608875389235,0.38958155683820445
0.018947303730204153,0.016549779136683426,0.01695956436933903,0.016926472744385874
0.20034633159291934,0.20519409273054515,0.2047114628640003,0.20511129103480716
0.19205442811075413,0.18739094365366543,0.189618162593965,0.1894171563700871
0.03760679003291033,0.04011477610736808,0.040647514767901426,0.04061044476661728
0.09418823139811217,0.09408816819007566,0.09498089166613566,0.09512393582271443
0.02385475622677022,0.02397692955716801,0.02425722910744224,0.024226512439702107
0.012211202345352813,0.014026025519955604,0.013790697327525057,0.013787530545452864
0.019110084426340258,0.01755777405287769,0.017510598831724376,0.017650874172750994
0.21771198485854173,0.2181385396720174,0.21677703260999975,0.2185507077503671
0.1275004822075799,0.12177475135913841,0.11860439685174234,0.12118412888404226
0.019643500438455225,0.0189121740925929,0.018829870031039263,0.019194019108201208
0.2940661596535671,0.3036912615259679,0.3019829142628013,0.3033613334478964
0.19508071355596285,0.19698913093529752,0.1966778808639138,0.1964438272060304
0.04855346963795224,0.0483375989976315,0.04903184307923059,0.04928467415811958
0.8305480252794436,0.8333926132241402,0.8309006250018064,0.8309206304519755
0.0161598443168432,0.016939119330742228,0.01689717762854501,0.01691036286224373
0.8716087467020979,0.8734664368757542,0.872892329212461,0.8729990010287376
0.7115319518528752,0.7203993367597178,0.7193308088831868,0.7189945341496187
0.14161971504395698,0.14077350064159902,0.1419571296819858,0.14167724016627686
0.010770998925784448,0.010411024964553097,0.01066481545113462,0.010616423741843255
0.011240613274332654,0.013213243820554952,0.013485683324140265,0.013609461429306717
0.10968163159218904,0.11133091636460994,0.1120879691397692,0.11267696428927353
0.043990682397297844,0.04200901305950819,0.04203752656545851,0.041780014188964314
0.10946244380727556,0.11093005608942295,0.11287492587703041,0.11373177678636746
0.23450527373031696,0.2363764866579641,0.23571107995695897,0.2349027908710099
0.04887711569455088,0.052471065259865945,0.05293597533921181,0.05386352480416545
0.048870066078905657,0.049071378363338726,0.04905835059235799,0.050713385198285214
0.018943837859021474,0.019636676568977402,0.0201129190973176,0.020276559477214955
0.548717281908527,0.5435374767920228,0.5425090530066926,0.5435666063253317
0.18177291593925793,0.1872261970476144,0.18710691103314236,0.18742257362147985
0.0663696028677489,0.06713788274365141,0.06675024257732297,0.06636643725041591
0.4262731853815991,0.4237819882562511,0.4182850233909143,0.4171730833532674
0.1999179398108654,0.19691879231230341,0.19885216622936341,0.20255444792085875
0.03943814728624439,0.03969932864443467,0.03980272468083523,0.04006677119320734
0.11359225008849129,0.11451966912412857,0.11534500498231565,0.11477456628612712
0.19397942672140828,0.1943907656030467,0.19090150001348755,0.19210855558362533
0.07461772991628252,0.07471760712619507,0.07415510588233049,0.075513279230607
0.662075419537737,0.658000682279509,0.6558732697633348,0.6563707547953362
0.1645374922231366,0.16532062083936147,0.16500506873448972,0.16474002808885274
0.33454698624945706,0.33747111434103133,0.34076791634589465,0.338974987418689
0.18447254005855646,0.18649389461143684,0.18553388201530355,0.1864440505221611
0.14748391621362433,0.14071443065659262,0.14121839827689836,0.1414071180309507
0.6622908685843252,0.685186541353794,0.6832075885352538,0.6821865633725138
0.1028881528820687,0.10400735254540834,0.10342025137245922,0.10237003084365454
0.02643911283569979,0.026206237581679573,0.026153339492345384,0.0259425829505052
0.2153807340894595,0.2062679746693136,0.2120761652856154,0.20768729446066422
0.01576400739615131,0.016459814023078827,0.017054309136111858,0.017083139323021662
0.3097386276083662,0.31107249469819065,0.3079041008563711,0.3105078246713632
0.9583364213022539,0.9595924334497754,0.9596924509654066,0.9587471871878551
0.16224086779958108,0.16682302317515588,0.16875271216691065,0.17260824565233915
0.2768253615858206,0.2845749569352254,0.28544294429425143,0.28735611521292326
0.1426669381660948,0.14641971548839952,0.14872514202154188,0.1468991028163645
0.7683936696351198,0.7618672796719714,0.7622166756103222,0.7617440393506171
0.15944967497929352,0.15410145894540556,0.15622085213517267,0.156115852672395
0.5104966825405088,0.5021180724790651,0.500354034996059,0.5116146567486739
0.15490409837840047,0.15607181499586467,0.15500617397762714,0.15698075634886804
0.1344105368710093,0.13563864631357295,0.13715524362722895,0.13724105059535144
0.060629184420203174,0.05819244589104329,0.05848704912026623,0.05905217544762681
0.06225029018824639,0.06436851614707186,0.06454312508978956,0.06476328040711218
0.10750517974836421,0.10188845207350396,0.10134817349432425,0.10182508161882352
0.03643270311649251,0.03574457127205396,0.036525881140378816,0.03655324159898583
0.04888871690313438,0.047358513605977405,0.0472649878806509,0.047138872619331265
0.1576037439844316,0.16181775313874602,0.16037763505604294,0.16097132577892653
0.3250228680684843,0.33590247789609734,0.3331129454771463,0.3364985529427849
0.1264558591741136,0.12914211317081778,0.12987639111043953,0.12969948083897118
0.5103742334258515,0.5229436987363268,0.5223393345670115,0.5259509349825764
0.012790160416568908,0.010818695067672928,0.010877922420890094,0.010782783909471148
0.03301399992303775,0.033935926863910164,0.034677263439401605,0.03415326005134326
0.13202938012874693,0.13367317222586342,0.13492963598151994,0.13426983152242736
0.20626724820581435,0.21166886770810975,0.21058216736770616,0.21022688548818494
0.010553175424553406,0.010303882268765439,0.010191441918902594,0.01021111660094086
0.07062092332209387,0.07373750984451696,0.07592995100006339,0.07542189242274845
0.8688686407390843,0.8678408941953349,0.8665926187564028,0.8668454046430135
0.2872210675499926,0.29083696513750434,0.2895922056247429,0.29077201934157637
0.10682246203078813,0.1079807679489349,0.10729889119399305,0.10818160586044227
0.013180330459963377,0.014604521135473848,0.014810145013704434,0.01502762288600549
0.6132186748394782,0.602250369436059,0.6031522329476879,0.6015911678045451
0.36953351453312183,0.3704277906573917,0.3675870903169112,0.3707015019955378
0.050908277975845406,0.04639574806926402,0.046833741683127594,0.04680939487201494
0.32483285410355,0.3250013951622694,0.3286648012895625,0.32979084190451435
0.35953862247575663,0.34931156096351296,0.34468416807182,0.3472745763299582
0.06962172585871199,0.07024761009109187,0.06936780270006676,0.06980136235234152
0.016338079586547736,0.016962153347033535,0.01659077866920063,0.01655097114206704
0.03948224288114022,0.03840357584861679,0.03846623166867261,0.03851859386835321
0.034177262192088,0.03491007658207855,0.036005256716355356,0.03650894128658371
0.09657189420200829,0.09456792301861573,0.09657383846404959,0.09563557089878709
0.10160692982319602,0.10421925244849373,0.10566201419445259,0.10612149266881414
0.016807839685184338,0.018279368392192612,0.018533387542160794,0.018903005822395517
0.31505446683390576,0.3089353918714905,0.31034306899771963,0.31137394853270156
0.012160008439223385,0.014275997978830886,0.0145195156347207,0.014496241784210462
0.06982632956982528,0.06786729422981308,0.06870133061575891,0.06841511500374095
0.03382126288441808,0.030782536221012215,0.03162840221319974,0.031058961296260196
0.12329318018796563,0.11259188525401434,0.11096967686329702,0.11121176316782037
0.011144894174961338,0.010898999525170774,0.01062614502377144,0.01028884818337127
0.605967239973298,0.5932036189147067,0.5890158345195656,0.5897934177476253
0.12934454648094335,0.1272053968004993,0.12811975288870361,0.1283136008913426
0.012977439860176283,0.012414146486670819,0.01251413520697447,0.012448156495980118
0.29359528022273934,0.2898791668714449,0.2893337967989051,0.2878819020879326
0.2383851197505488,0.23653825581843008,0.23322407144524882,0.23243537609149947
0.09309820512077677,0.0859425346704589,0.08593731660052067,0.08610435104502638
0.02077634734381451,0.024970385050653663,0.0243993031883821,0.024111945055675342
0.4602670647023294,0.4503300981823658,0.4511985192723267,0.45036590193858655
0.05706658864997795,0.057009104549349265,0.0579787309020835,0.05772902875236681
0.337533006462653,0.3404527046117507,0.3416646360444912,0.34270960986828364
0.3649186909920245,0.3596701492532291,0.3595727522508428,0.35972359971547435
0.013787633361819698,0.013535627300696924,0.013973502702717527,0.013854166029312831
0.013737148609705442,0.013953926375545635,0.013688333439265898,0.013705570010639158
0.20445832043936696,0.20947103868122455,0.20934557474199836,0.20874364224573308
0.08612931170215504,0.08802541733815591,0.08956470016423977,0.09012199362308052
0.056767435363228924,0.05692741281653369,0.05713318263416711,0.05785317764801605
0.13593410332014377,0.13646722338440087,0.13659139658248937,0.1367479751765096
0.8041775006386986,0.8059156129191579,0.8071246446012617,0.8067045367648313
0.1358280419208448,0.13161910113348504,0.12989988766160696,0.1286900353187294
0.014346610682429763,0.015127829568457143,0.015064724569418157,0.015085760118108357
0.6434617957355783,0.6428842216345112,0.6419683048187782,0.6400348654088142
0.04949947004200077,0.05000890523418397,0.04975259852545078,0.04957788114302322
0.02253211747867276,0.02244161014670393,0.02206358610800275,0.022400250031894633
0.02475815435025622,0.02582813680337819,0.0253380599278861,0.025086222310742028
0.01596585932013663,0.015463430294857158,0.014765949120473916,0.014504898771017072
0.043750023947916106,0.04334345746675265,0.04429602743463484,0.04406887139324298
0.010904405716923768,0.010607077011809327,0.01039183316139682,0.010499555287927644
0.2781466562140907,0.2780398713336645,0.27785288189029383,0.2803034932398071
0.11196298694942004,0.10589870578503693,0.10458001769384352,0.10559413457189298
0.047965482721289615,0.04966901958618308,0.04988336453478016,0.049739096414339386
0.029771662150978578,0.029591397145138126,0.029749073154376554,0.029793908236095908
0.056211386214295785,0.05665525989957945,0.05693960840993958,0.05709839337044943
0.052785988901567764,0.05213180513015322,0.052544474938852205,0.05250200214627869
0.019942843235716736,0.021591511084777627,0.021388008502182677,0.021194367316611232
0.20049664883311888,0.19952192704061503,0.19679780259560373,0.19654739202644358
0.029191490945481294,0.03141109847245961,0.031266920086412235,0.032192648361771777
0.12112608341467673,0.11587432000756094,0.11486198942474928,0.11601249595128575
0.26127601530760014,0.26452292614544226,0.2679932103357882,0.26341688809682706
0.834940734879887,0.8386176767574108,0.8392453570114904,0.8370787503750466
0.20231194932888177,0.19886489011080605,0.1962949184543327,0.1968889336956905
0.03586003897882617,0.03701350954238153,0.03676918983103743,0.036712394376895614
0.35567374807610946,0.36307133155995497,0.35972772215666143,0.36348143636726354
0.25925403261387875,0.2549540217609211,0.2539302184054062,0.25264296659578717
0.04732881845025728,0.04919686625492495,0.048420558293457885,0.048585369887347504
0.056698212943581974,0.054467828016963614,0.055602064629501895,0.055215778572618494
0.41411422327320335,0.4076719521372249,0.40469553435414385,0.40222440785216723
0.2102678213037766,0.2095049853234788,0.20710678510393418,0.21006894168812978
0.32571315561142133,0.32476029540139134,0.3247440689863041,0.3282186846429046
0.04286375069895443,0.042020815826704055,0.042997540033226776,0.042734117831981645
0.024285298749751428,0.022182589453027386,0.021572886836817205,0.021509173135569926
0.10186517365690104,0.1024374978080325,0.10211072338093917,0.10225090551513455
0.16216568648066595,0.16447412228973377,0.1643149760800667,0.16446724219113504
0.03823234534157006,0.039206377781996996,0.039005477064695815,0.03904557520496477
0.02323100677184105,0.02274308424479985,0.02277112615687701,0.023266995336747674
0.25693315026852476,0.250774941107202,0.254307106553462,0.2522425690547834
0.04060036231740404,0.03999314490296771,0.039842225519989956,0.040417526049064754
0.04629762973302608,0.04625854941898797,0.04655211263310479,0.04649974270994543
0.35163480806535563,0.3575933882051172,0.3580280241273401,0.35509787170855767
0.12611630123162954,0.1252465141251856,0.12295641558721777,0.12256400802910708
0.17874010098673454,0.182434894098406,0.18239731412492458,0.18236827122626167
0.05737052462094903,0.058141590141705314,0.05870322741939142,0.059143187326941765
0.381491779650128,0.3893906917855767,0.3862963768211932,0.3901372231838206
0.18460389535893976,0.18090645502366035,0.18280098367826525,0.18256095385857207
0.41407592639827945,0.41250590820113514,0.41307163204100494,0.4117512040430832
0.18468313149097715,0.1875079696450855,0.18737290850492339,0.18732348102212668
0.012736417336953916,0.011849402883142969,0.01208857605616427,0.01210224038657263
0.04479314733964126,0.041612571591605384,0.04282268015384143,0.042463750227786326
0.04950891788585543,0.04885802777581295,0.04923721770258919,0.04852760757966574
0.06630004983968198,0.06819618423502365,0.0684547525369772,0.06895849215026462
0.5003442273276101,0.4948897846553485,0.4895548003337825,0.48906399383150406
0.20337644403319233,0.19550776206990303,0.20075433313141197,0.1967166292289208
0.5994523224550463,0.5862780523270927,0.581206524244087,0.5816146664757589
0.016558720491128696,0.014383704324379491,0.01462847398523334,0.014412611386175686
0.025330795973064053,0.027599896386743858,0.028017491659729745,0.028376401501995722
0.16246243549816775,0.16783197239556139,0.1677444537405581,0.16770466064124626
0.06468764914010364,0.06523819918339567,0.06442340381210207,0.06482561296660291
0.020707654189572756,0.02073979391304318,0.02012152138378695,0.020070932947799762
0.48553400631773486,0.49679438996017866,0.49279673369706173,0.4905339341615647
0.09114053006856862,0.08630676810138552,0.08540421561148474,0.08627710748167748
0.1643153499732874,0.16455482261717005,0.16431871073596555,0.16339677637109962
0.05710505445486145,0.05857748937492511,0.059546083461598974,0.05992480623561318
0.03221765930313434,0.031017550939396368,0.030925957190407024,0.03086244092071387
0.04503641624950581,0.039874971891950904,0.03920089718186262,0.03948248266994858
0.4456654271182337,0.43803100723305133,0.43716813249127984,0.4367053899667357
0.7688175564444161,0.7640822900137514,0.7631661960105078,0.7635900852080484
0.0244651431462321,0.025263653116033163,0.02528097476097223,0.02509988078595754
0.03400012090550276,0.03772834322440087,0.037361204396717654,0.03725404779159639
0.04148792065000032,0.041008350303578425,0.04065793017920642,0.041112400608353104
0.11056726719618468,0.11305331517902517,0.11208340925398469,0.11352060317489907
0.12818730902006784,0.13241198081663164,0.13290146302765138,0.13177658258905722
0.06149182711247543,0.061505466615455404,0.06063507909547858,0.06110930654910703
0.05621573722702171,0.054828984699877736,0.055454432654679635,0.055536609453792754
0.02070795341186299,0.018582248391646638,0.018391541440330925,0.018204497642066043
0.3297250100986363,0.3283967987558479,0.3293678707447781,0.33042056622451266
0.13863214557161974,0.12838475713588632,0.12603967382130762,0.12631313188817686
0.27339659450318476,0.2727696453888148,0.2696459356666815,0.26903881448514316
0.0419313898993153,0.04382889969629488,0.044253482313840985,0.04416051979784738
0.9403929293389328,0.9373280883362963,0.9375708597965345,0.9365599659421053
0.6225825166078549,0.613359508224752,0.6138587768877837,0.6122218551445961
0.05081585116172422,0.0558014851624648,0.056615674571093684,0.05635799446135188
0.015132473815519559,0.015486915741376372,0.015316153509736675,0.01526231360814402
0.8859073559850913,0.8940841074314692,0.8945988220122731,0.8942055439916198
0.09766749965613557,0.09432277673218095,0.09271471692092814,0.09204075269013219
0.017317104529695523,0.017994131508358966,0.01742595710193821,0.01765405433916863
0.3498890584315074,0.346829496459235,0.34459844785521354,0.3446246406307906
0.7342483497119116,0.7295563021073653,0.7296171319907205,0.7301225325361593
0.18589320208527996,0.18627258950462522,0.18828541109554406,0.1879754137759103
0.05013416308197562,0.04571720371264053,0.045998123545844774,0.04607387269071359
0.05696946131585806,0.05645540693559518,0.057104215943686344,0.056904349853458144
0.022978590647217325,0.02079381319084723,0.021551254982918464,0.021202552831699615
0.01107623257737396,0.012010799213380434,0.011897536520370402,0.011882180023288677
0.2905884473071895,0.2914926666285648,0.29284708133776294,0.28964657785814724
0.028489105686935638,0.028990954777382456,0.029786132737257373,0.029854573724672904
0.03634613425895812,0.03513121951878807,0.03520777846536425,0.03521935913435009
0.07644278161493132,0.07370401434197467,0.07482100175379504,0.07668170700054436
0.28309548897173115,0.28790733396680185,0.2880454885768884,0.2897388391877653
0.0808699205318326,0.08002429055783704,0.08118486580099846,0.08062177774384846
0.35322806407715535,0.34406276376510314,0.343175305956046,0.3430968249208808
0.010386234294168635,0.010236770010168402,0.01003314317378112,0.009982480059236071
0.023268431924406616,0.026604741923078552,0.026746188017419244,0.027071694577704038
0.05433005739687138,0.05218848392670811,0.05250812534928926,0.05314040130168139
0.8337003388619518,0.8350315011041122,0.8343252920961597,0.831492394853002
0.03891767242770927,0.039822996389552764,0.040688532335324476,0.0400967779252152
0.3274248554598224,0.3249797470804484,0.32428834942995405,0.3237567254495088
0.21761639644050643,0.22194384590692326,0.2223855545222213,0.22164340542864944
0.32544784565368695,0.33034441242736223,0.3296302672634747,0.3306897052989896
0.10685937264170164,0.10917055481263498,0.1099783479532972,0.10947479702968403
0.04611547846520086,0.04325639732464845,0.043309118658795234,0.04259058101184973
0.9712881897043553,0.9723967234344699,0.9731756338367443,0.9735811918287458
0.02998323063306223,0.03084266376581896,0.03241596400893201,0.032219251132031945
0.2534679497731869,0.2568897908803032,0.2583520767482884,0.2572437622131292
0.11760922915445912,0.11341688186632641,0.11384858257122857,0.11324716193657224
0.014362316753574399,0.014036687757901609,0.013899008837567164,0.013979267677548578
0.1492160671267691,0.15515304199966523,0.15586787055805712,0.15737196233967668
0.13022120135324247,0.12756067637916177,0.12779853690272377,0.13156063483426664
0.009594008663441699,0.010361297581433447,0.010276098701034787,0.010269034903375947
0.21583207941030355,0.2166783532501827,0.21703649401370684,0.2160126433159985
0.59802108180019,0.5871762161111149,0.5877982502322591,0.5861193504227106
0.08030181224161537,0.07988679233895751,0.07949732040726962,0.0797169029473502
0.17895032799378302,0.17442127006973387,0.17726540236689872,0.17665301179625945
0.8894679688292093,0.8889465089082045,0.8885591435986773,0.8882001355561159
0.01783941375001957,0.018118596087365223,0.018262801790671617,0.018831866561351076
0.11284482914243099,0.10396533584490084,0.10462656915005498,0.10352556953647025
0.0480431575662181,0.04444002279787021,0.04638175667377248,0.045779166659695114
0.34827228237344016,0.35232196137298655,0.35027674033237133,0.35117566817645046
0.36046766846962214,0.3625483292391658,0.3704792375647879,0.3644657999496767
0.1452468974830337,0.146179049440513,0.14474586219058433,0.14565780965591785
0.02065521629163769,0.020747115102525988,0.020998389354475972,0.02130160470067867
0.3442190323936981,0.35064206938890563,0.35836378779196454,0.3523922063301008
0.21150369001988445,0.22215109847607803,0.2209608151037822,0.221195303424767
0.13071059118967304,0.12077704233723106,0.12136726460733331,0.12190042574153158
0.028387059667952883,0.028966775968533327,0.029072651357722416,0.028977571269325115
0.4222589267099926,0.42254027880407463,0.4209922065025798,0.4273009228753913
0.02024447645489003,0.020072119648922134,0.02050358314531857,0.020793338473519597
0.0377374823488589,0.03672621892787138,0.037603926137173345,0.03747434272045794
0.7655078884048906,0.7615948572070935,0.7622421786703986,0.761989711891808
0.0962242858662222,0.0896681218884265,0.08949610093604414,0.09032740081806377
0.7342854257145238,0.7247576640884281,0.7256117167304202,0.7384813132955834
0.10367879938420993,0.09410346173027935,0.09398652735799726,0.09340864734601882
0.2926690478796028,0.2930136024042744,0.29609624616696817,0.2971079979133361
0.12825162935177492,0.12371484217774152,0.12497848437646766,0.12459847257559281
0.06283714641870647,0.06321365700511564,0.06415721773179363,0.06393148111664229
0.14439046778412853,0.14601479338446746,0.1483626016312285,0.14897901939632688
0.034404559951104766,0.03203235527643782,0.032103883381536844,0.03206523701417873
0.14460656038159367,0.14750700643882206,0.148323062815157,0.14926884478844882
0.009229530278245272,0.01015249187064657,0.010105344667081127,0.010208427518022378
0.042846711966625456,0.0400386003590343,0.040000852043416836,0.0394332440446385
0.3170723667767179,0.3179646908342568,0.3246869637693799,0.31919137641554163
0.05139090208179606,0.05096650340294532,0.05087094157916151,0.0506203024005095
0.051600081941844116,0.04959782686483964,0.05075765963734933,0.05054307558344471
0.10618468082648441,0.10942442491566419,0.10993875558061322,0.10925812729426151
0.38744967773912214,0.37734010510634935,0.3783662070510831,0.3801915992078218
0.10473497081074083,0.09508042204817482,0.09453257789574329,0.09428985899780197
0.19286267225083342,0.1941915676675237,0.19182861473401994,0.19354737203096795
0.27050269781400194,0.2686708246456768,0.2668745787826746,0.2655345263731515
0.018447488612231718,0.016366814262232653,0.01643632721693398,0.016334714617098303
0.17888430325450616,0.17487098104399293,0.1751061875409662,0.17587227122003316
0.10046085142970144,0.1085965911076954,0.109246779850171,0.11041323474678573
0.48954547320181296,0.4865673809238793,0.4826565039393679,0.48104530983195026
0.14215300568905423,0.14668920982150319,0.14645923480975864,0.14649726805863958
0.5275602690196316,0.5182843948571045,0.5248582457048429,0.5280396537551314
0.05135477059618165,0.0521492754922669,0.052520782689636634,0.05305709523674205
0.15535085752070218,0.14847927522995108,0.14607911706645668,0.14813201550390123
0.3625238978075742,0.3669821307384556,0.36886454360045373,0.3713617275237271
0.08586568419602458,0.08911070125387986,0.08842331222646191,0.08826832921803854
0.017235088205125506,0.017937293784426767,0.01832869745891467,0.01822535715711271
0.06729104321175663,0.062036925827595506,0.0637801557268743,0.06350939764571661
0.06827071683527786,0.07181595423998488,0.07299417816163911,0.07339202060921922
0.01368227414502444,0.015901481144158874,0.01571872676442457,0.015699184047233406
0.02482152014788747,0.0242546573317322,0.02317179958929983,0.02281083467202739
0.16927476839042274,0.17344599522176632,0.17421290374108758,0.1739321225701756
0.13298886167979448,0.13275368461514583,0.13248602281717567,0.13287969219660262
0.026568807534877992,0.028572974604784685,0.028774781304415152,0.02932650985434895
0.02059166535430674,0.021507207921413442,0.02102599177998818,0.02132930926724711
0.045236916061531886,0.043664230404287074,0.04335667226275696,0.04317753016512948
0.7853710962368623,0.7914989386665389,0.7885196209871137,0.7883130187105549
0.05312375599462401,0.05361159224596103,0.05301724418511896,0.05400187468612283
0.10867749070044236,0.10143286056934803,0.09997116941945897,0.10011602494857635
0.026180969456419803,0.026052530908103243,0.026505984662076838,0.026409707529886542
0.5053121537215388,0.4983134316848595,0.5041445209974214,0.5073056066015211
0.037707179461623316,0.036255193549825995,0.03632735202857676,0.03642844415292089
0.15682964565567858,0.15293583495312643,0.15535360012633231,0.15540168894473
0.05313227583697021,0.05250328184769824,0.05247637716068157,0.0523462055233522
0.028474371951121742,0.029800194454850205,0.03045236459266739,0.030756717648503382
0.28287944383216074,0.2795376259918166,0.2799096669115584,0.2768190270935928
0.00992793317927056,0.01041194569806471,0.010022607959682682,0.0101886413162033
0.3475667630927271,0.34675765290657,0.34467546013446626,0.3444639866916485
0.14303931335767486,0.14606124475029778,0.14589823828781032,0.14639172389805413
0.02256909090254562,0.022335252258422,0.021355901529582548,0.021024095560039067
0.3198192164928923,0.3263629584374026,0.3277391587676524,0.3246617466124836
0.09655894564828499,0.09653446121481991,0.09724183252470289,0.09683110467141907
0.10492775976744768,0.1012579247745465,0.10200719277490805,0.10196994075887661
0.39126692089102144,0.38297590139097076,0.3831666082262123,0.3791848758892029
0.036935902515639246,0.03768045579516831,0.03846625371889175,0.03792295255504669
0.01590333234331565,0.016305060654555448,0.016214065816843874,0.016258426734839102
0.3812448528931351,0.379238754297457,0.3870197377352614,0.380993227668321
0.1611307075306619,0.16290231086380833,0.16376212280053287,0.1633855554971107
0.11922386602993636,0.12063208594105171,0.12273511774745864,0.12323153503474792
0.09343843413518294,0.09508721599582684,0.09428382217240246,0.0942460926789358
0.048102059003118744,0.05079157499277815,0.050216034894610156,0.05029993449370986
0.8426344778205094,0.845250664796076,0.8451571017426889,0.8423363232348617
0.442337632683511,0.44443528501045804,0.44450233095883607,0.447810204629024
0.02031745542799284,0.020454689824884877,0.01962198180584205,0.019417208379900408
0.08139642088865855,0.08666447544665831,0.08529511714905455,0.08482405521323096
0.07049126691989226,0.06804046719835871,0.06824903106071897,0.0677800777932713
0.4725625953637924,0.4651389199406353,0.4631486347620662,0.4698472353430557
0.03815226471172059,0.038161207913841866,0.03848332788875561,0.03839579486474959
0.42395280182664485,0.4245876112382896,0.4227443791169454,0.42357273137977475
0.8041775006386986,0.8059156129191579,0.8071246446012617,0.8067045367648313
0.14392293778779178,0.13281419744617742,0.13294160072224634,0.13098481234490358
0.013976201161614493,0.014315612991318501,0.013997683290531611,0.014117138677907958
0.46492816553205996,0.4593176471002768,0.45942148970108493,0.4576694732380947
0.05264813505878901,0.05026012560961844,0.05024570901167186,0.05102245974526346
0.4221733011923401,0.4207016255590542,0.42098811702733024,0.42677429340698886
0.5351966250906678,0.5332854246015578,0.5285810730315947,0.5328144436599249
0.057001720176415846,0.05246441379364014,0.05088581068250838,0.0511263235553292
0.6073831729479701,0.6037616350206513,0.6040746191528643,0.6002713692045498
0.020229921374229926,0.020779856777601906,0.02044788264674199,0.02032968775420202
0.36137759310941703,0.3546701534630344,0.3508516823653311,0.3518614884049702
0.06813358599413238,0.06739430232777202,0.06806664912217157,0.06821494916022468
0.10302143351972541,0.09391166238352193,0.09362004988258361,0.09353941491884796
0.03957788968254855,0.03738028084624718,0.037417908772699085,0.03772938106759775
0.126256202316885,0.12670052655612485,0.1268920645955256,0.12697764614519655
0.37499930325290437,0.37757441561840194,0.3747807411029048,0.3759166039570986
0.009900464229084192,0.010124909733178563,0.01082479076923804,0.010582308778733255
0.0622704861468725,0.06155605546511511,0.06138517833308885,0.06294105589216305
0.11712738854511232,0.12092800020536312,0.12223655662718258,0.12252843956659137
0.6335917493514124,0.6309582258755769,0.6330594748850422,0.6315054870819883
0.03972838617721044,0.03710634620840765,0.03651309745457544,0.03660185739734305
0.2473634017496937,0.24972664195428254,0.24971469220997028,0.2502978538749513
0.3008973571649429,0.31073393395488086,0.3097901046179747,0.3114224786551501
0.496644494134678,0.49206177640253773,0.4982615666031957,0.5013105057504961
0.1861137321827727,0.1837714546459633,0.1843939215516856,0.18536611892183055
0.32870084302375624,0.33160548633564113,0.32863777931829297,0.32815501204671305
0.5630865002454577,0.5642157786337347,0.5671510742521454,0.5675500817342103
0.795239244728907,0.803601307060965,0.8019955268897545,0.8017076200598243
0.48722223228805284,0.49207271133196917,0.490761774679489,0.49227826325730545
0.14624354471396037,0.14945521842530923,0.15098983096837906,0.1506988236675445
0.04531861740013899,0.04744838428984386,0.04759463255573685,0.048014483005873035
0.11823359109581952,0.12027376471869732,0.12087816600240182,0.12142797375622519
0.6878588931380416,0.68052272474083,0.6799345375743548,0.6792359248807357
0.029924289742187183,0.031412894410611486,0.03215329860189674,0.031951411239086805
0.5334759226973068,0.5280678467951918,0.5247878919837772,0.5243509890443099
0.031537929262648264,0.031171819526175478,0.0313968982573281,0.031416198194646035
0.011837555173019994,0.012565780756416007,0.012877266624105977,0.012810706016988733
0.2950721383003367,0.29085962357110795,0.2884416615075344,0.2881534167349324
0.03833139124915708,0.03792724879339769,0.03905394291450723,0.03900922554358707
0.10998865711026348,0.11109926888267248,0.11169399377323773,0.11130002889631999
0.015191783293558357,0.015691079725727242,0.015450415889107543,0.01574595452176596
0.05611473975208478,0.05458634117005852,0.05482593548214601,0.05471909920777055
0.03365112770108465,0.03273065399692924,0.03264944938067485,0.03340463169553862
0.09783670167200471,0.09218925964320583,0.0948794206929212,0.09405427471233634
0.36242664929742135,0.36637154984078657,0.3637922165914526,0.363207974959072
0.12646951261993777,0.13135523236863567,0.1319354503533119,0.1322002699612687
0.049254932073497674,0.051898251712371446,0.05187405649559269,0.05185259989060874
0.29237289170324043,0.29756349572490703,0.2961030864177957,0.29735420252255007
0.8642013337022508,0.8786708821761703,0.8782207404130978,0.8782335268660548
0.01695480971067979,0.014682812524947096,0.014751847094873493,0.014707916221616886
0.23773482975527005,0.24478111626804658,0.24465088896231474,0.24408887941666735
0.1989870296288829,0.20340371479625452,0.2043409277730462,0.20589668553721563
0.018571228284371494,0.01717668232554926,0.017040453875680744,0.016867902743727552
0.16962493472444634,0.15672057693481323,0.15401157544183638,0.1544924038122392
0.06159797646147012,0.062491417959615346,0.06197809008598599,0.06240143813446287
0.038974288516317505,0.03487812483667585,0.0348031898174023,0.03482779435140018
0.018117236354648084,0.019138686195298932,0.019662255059856044,0.019611321569163696
0.39873262446182217,0.3920727243122264,0.39220726362646985,0.3881678124232593
0.1341310897553639,0.12416919377266435,0.12431124107646857,0.12492029894579952
0.1006462369205915,0.10458408390952788,0.10361961931961672,0.10443123543861853
0.20058811207996977,0.20443865733499295,0.2028851007769267,0.20353724866084205
0.4033419925003557,0.40146338740873566,0.4066443490441759,0.404263060800935
0.021267364853453357,0.019948600927489082,0.020725869436722093,0.020541653261949292
0.40199322703883866,0.4072171851645305,0.4068531467084862,0.4085656182996711
0.0313501126293316,0.02715239046949979,0.026731482647972336,0.026820378366761443
0.36140322122552904,0.35938859199766177,0.3589988993665345,0.35772130955561093
0.06514648344214423,0.06075770023688943,0.06005535495429728,0.059786272039833804
0.4286789525536643,0.4325447528459868,0.43195658144156257,0.4344687597838296
0.253575873547911,0.25289774950436283,0.2558310261750597,0.2555893106328381
0.051124330039080526,0.05354654659543294,0.0533506877656208,0.05267674346065451
0.2728561748013995,0.26518218507301566,0.26497189199272025,0.265328397119373
0.04393332743246338,0.04430129862406251,0.04580123566610513,0.04562511517604348
0.387930249663829,0.3870749603807057,0.3867457548866083,0.3865143550523246
0.19971051658715452,0.19834690065139013,0.2010268995534613,0.20110846212501055
0.01892875434293037,0.017840321346415253,0.017785244160378178,0.01784293294750125
0.12090588427676446,0.11283610830081818,0.11361736942774336,0.1134412367578115
0.1353274945720824,0.12941282699577486,0.1310791955036283,0.13042775482202446
0.04507169631607242,0.04503341115465753,0.04512737169213916,0.04475318763385728
0.09027476263711502,0.08390623082249604,0.08437482289162161,0.0849584774866185
0.044093076004878246,0.040910565503910756,0.0421397115700856,0.04177552620017851
0.026255836252530574,0.027348348173712626,0.027634724331716543,0.027674230952464553
0.015132779838449505,0.013254201407686572,0.013187801169893333,0.013298611079920314
0.009614994718875492,0.010153441695112154,0.01032467484109381,0.010416870655060272
0.07380912540248294,0.07364697718294883,0.07338430641370168,0.0745525103921955
0.09053341117327689,0.08570457340580315,0.08423840834950842,0.08518670367585145
0.09689694481250756,0.10031925418759198,0.0997330240248067,0.10022562154422465
0.03525892133860917,0.03490238845486076,0.03515553758607204,0.03486849925155797
0.024061018898818544,0.021349109830036846,0.02127564397113493,0.021212359596371314
0.1845095107091078,0.1717451069820967,0.1720918465626763,0.17286181681501234
0.01022410949990258,0.010618912741882801,0.010457904521524721,0.010681651080335267
0.8820247345626929,0.8791086282468082,0.8777156431331355,0.8772541441806635
0.1285845492167292,0.11798955944383534,0.1161021653289131,0.11625080222677944
0.018179418811336254,0.018500704769199305,0.019378185954360905,0.019444062257534953
0.3385957525283611,0.33614064154965406,0.3406352300178229,0.3391030637747346
0.46847602191287674,0.4771572988181964,0.4760197155538788,0.4768748051443787
0.01293635275638329,0.011948299639763396,0.011881986399527946,0.011963442133292736
0.8149309977282947,0.8121921477680952,0.8122881502090591,0.8113781342206283
0.22404765722022,0.22379841142178591,0.22211159319815155,0.22239504009936198
0.2691558340838096,0.283853203115801,0.2808010168963773,0.28560018279637167
0.344573729506559,0.3485342445952716,0.3506755839548428,0.34769203147642197
0.06700658712786962,0.06775794948142691,0.06847543998683119,0.06756975714787798
0.1459198367731637,0.15320929000355707,0.1526905910286745,0.1518436539144983
0.07298133423253625,0.07341036897448458,0.07259599046107192,0.07302813650258279
0.11953146305986914,0.12326643424358241,0.12412616660313322,0.12295610506036429
0.01107623257737396,0.012010799213380434,0.011897536520370402,0.011882180023288677
0.06173571562251565,0.057891389027487694,0.05713480944031524,0.057427418713979606
0.20869149956525737,0.21312434823318804,0.2131622017867845,0.21285086836353956
0.3439357619064452,0.34857102310526483,0.34805945471446204,0.34636822065598755
0.13586193056391732,0.12711333178188497,0.12716925277980032,0.12539099637968193
