5K,50K,500K,5M
0.2454144,0.25177262087927554,0.250229646846238,0.24868793046674578
0.24699604000000003,0.2508682121073404,0.24902432546288764,0.25033632258527155
0.12539707287137822,0.1253548904105792,0.12502796161117896,0.1247712800573888
0.4964513286526047,0.4941945759121683,0.49571753379059874,0.4955853548801588
0.49920798138030337,0.5017890518362167,0.49471567029842517,0.4974174825978549
0.010092616937191441,0.010155663787179603,0.010188533293553391,0.010253943323793467
0.1252304499150369,0.12354225348219963,0.12374823681241702,0.12361298767590709
0.06352165933926399,0.06299804688339425,0.062422680082355596,0.06237623456368367
0.24892579574760576,0.24937347619107791,0.25015797448023586,0.25015607712984084
0.06253050039808,0.06247710109369977,0.06269443239529567,0.06218667209307479
0.2509632197932974,0.24993509201450215,0.24879551787755966,0.24837270114387872
0.24848415010873698,0.2501791745903663,0.24849913379465485,0.24932882439738496
0.49319999999999997,0.49621149026389527,0.4989642214100356,0.5000736495342658
0.1235038882490956,0.12399710187985996,0.12465780656695839,0.12456376625704416
0.24551296000000003,0.25038873708177584,0.25067724145095344,0.25067625945964084
0.1300981985692461,0.12667513584806142,0.12498692173608536,0.12489078058401451
0.25137714021484936,0.25022508200147797,0.24869336722797333,0.24939525965965298
0.06195954719650497,0.06258821840117545,0.06258841666728476,0.06248292887240411
0.12444469447518276,0.12417810877184945,0.12471760802150383,0.12494517546544831
0.015519239275466095,0.015729245429474917,0.015583045977723076,0.015649701374623577
0.25086600000000003,0.25110270497479875,0.2502101568535827,0.250125490575888
0.4256110691893276,0.43123747473705004,0.43396034081505835,0.4343602076642248
0.43482673569651653,0.43396665767770753,0.43172908397110576,0.43155439950480634
0.4933668220567609,0.4962523905306776,0.4957784978760909,0.49569404462345396
0.030952279866804794,0.030603997184142563,0.03122663760595814,0.031090626245206622
0.4908,0.4976298955029457,0.5007647723413629,0.5012454264471234
0.06061255153902007,0.06211470103838108,0.06216452860732713,0.06265073903964606
0.5100962706644196,0.4972790489238375,0.4963614739277005,0.4956519665615393
0.4927854204215389,0.5005365494907611,0.5005579935085545,0.49990610784691447
0.1225305744608265,0.12434671170430275,0.12531560381811238,0.12472381067338152
0.1260893932164489,0.12464142373579591,0.1248556378225138,0.12391338246704456
0.1281289476226432,0.1245982853335013,0.12449969897671817,0.12446959480765242
0.251894,0.2507335059151899,0.2501907838036155,0.24922872350828223
0.25159379012182126,0.24876832812109848,0.24868844331254852,0.24853292243527533
0.26162696,0.2515672322755376,0.24864996344486578,0.24954059888313265
0.1281515471999999,0.12460683324535707,0.12509794622386244,0.12487480885596434
0.12273462109436321,0.12425797884427506,0.12412286982792364,0.1243645275926427
0.25039980000000006,0.25071946629121344,0.2508662219332824,0.2506070677452821
0.1174892820733632,0.12404631493615681,0.12427204313400181,0.12430643589368837
0.03109404254691415,0.031002599190369115,0.03123277041388695,0.03132300730161171
0.06082692544315061,0.06189238001653093,0.06226910073597363,0.06254436399876477
0.4974675072106458,0.4969614188492667,0.4942051586596924,0.4951682552237619
0.12782111999999998,0.12552951582044136,0.12553829131905447,0.1253144168059155
0.4955201135156978,0.4965858881146396,0.4953090709019192,0.4962340451767898
0.9792872317309066,0.9787217236844187,0.981257215954208,0.9777200757884597
0.0323729509408716,0.03127040002692957,0.03125999760968636,0.031204295750572347
0.12703805005490176,0.12484979518623737,0.12494253607775958,0.12513328456457168
0.49284811512994214,0.49547351309842425,0.49724403503213305,0.49700638430278143
0.12515831439999994,0.12538857368772516,0.12507741513554171,0.12500998884355086
0.12730191103425068,0.12494479620737617,0.12512415586445474,0.12497773756429821
0.25610696,0.25053223855093204,0.25037199841362284,0.2502684497110011
0.2376,0.245349645791536,0.2507267441784054,0.2499709876396926
0.12598000143517255,0.12495687472129276,0.12478548442857997,0.12476256490165237
0.12024408,0.12600167192178213,0.124181329026756,0.124839110814031
0.030993367155334982,0.031257625108637666,0.03121824823775758,0.03135112870711536
0.122813231370061,0.12596832619404635,0.125231284363521,0.12525821778397944
0.24979195377683977,0.2485037482472802,0.24904215384693582,0.24884873933634474
0.030427767743030326,0.031415569101918714,0.031211371520864745,0.03134012677466456
0.1271810197437679,0.12523337003909887,0.12484360795018522,0.1254271864843784
0.11037491562904887,0.10976110118274207,0.10926634635870139,0.10952582114274395
0.12092370317944226,0.12385429386868259,0.12345684659041212,0.12411829819072318
0.49861754126925123,0.4967254934484596,0.49821224376363266,0.49810837612004855
0.21199938337992916,0.21961363490434285,0.2193236901359663,0.21869154658169018
0.2554234,0.24981303576900757,0.2501771319902816,0.24992869253005076
0.02939502137706078,0.031322779290094506,0.031332247581272545,0.0313031444551713
0.02766271103420305,0.027715797081984926,0.027529967871457787,0.027228036624494696
0.03093963179575575,0.031122268220867156,0.03116082621839983,0.031239146329738583
0.2193216365160001,0.2197639139112771,0.2188030587966286,0.21902299848888976
0.10661590534505604,0.10631982556907757,0.10512705140275892,0.10544985821285811
0.24961092000000001,0.24815734948639365,0.25085687060760237,0.2501890690161641
0.031133729935545296,0.03132276713257132,0.03114464390616841,0.031348261372506174
0.030434937606218515,0.031192192314604707,0.031241980094665882,0.031348207052521386
0.062252550874380204,0.062415371425978805,0.06247026345548352,0.06255762593410032
0.12498366739200004,0.12494319072868708,0.12509031067315088,0.12482105603825915
0.25551,0.25329028052209157,0.25069112271368227,0.2513625122299401
0.06335380015858313,0.0624768358578026,0.06250978940862167,0.062350955905333204
0.12870272083199996,0.12436610101640708,0.12501122204230306,0.12583968109589716
0.1259994735147265,0.12557027190296235,0.12477540199271978,0.12509626271125215
0.05519402812711462,0.05483984728618501,0.05481992417764162,0.05490966600408346
0.12473811999999998,0.12721247350722184,0.12541508470452242,0.1255777910560341
0.12363717061015225,0.12356854190310948,0.12374435261161076,0.12358722962701331
0.4461428334745299,0.43919946020613776,0.43836671360751184,0.4397454305390136
0.4935521863686411,0.5012673175244938,0.496143778066535,0.4967801337958321
0.03100050648600675,0.031110879692345376,0.031313892184456134,0.031226784786098905
0.030633374066586956,0.03161332120432667,0.031182579526491682,0.03120084623598497
0.12210005487999999,0.12486933319771991,0.12435424492777532,0.12484399144418666
0.12729514207633397,0.12438173109867398,0.12400119639673947,0.12479385667643798
0.8751940651358608,0.8745331802633377,0.8748267968678504,0.8753134922700075
0.9889292751457119,0.9902937979906418,0.989927654804511,0.99005236853464
0.49262048535907077,0.4917868244591161,0.49225547398267017,0.49665365919208543
0.12668000854426203,0.12480978331411108,0.12465191361733813,0.12492821907513982
0.25016934448308487,0.24854155981990547,0.24908127321700751,0.24930299499743297
0.7658809701530049,0.7656725672877258,0.7658400180784897,0.7654092151276902
0.11992159999999999,0.12460041561754613,0.12434513271220769,0.12521795873408742
0.9831844044918283,0.9853609944962424,0.9848772756842022,0.9850508536128055
0.24763974643653225,0.24537671025553254,0.24644588377425836,0.2460176955841627
0.062157106979389795,0.06231225153513534,0.06214860070709794,0.062469186668724704
0.12376738393213242,0.12419055225535586,0.12470386900658685,0.12404500144877824
0.20710018867826951,0.21120139398052298,0.21172112580634547,0.21108391901732748
0.5129725027941632,0.5031521562417816,0.4962769350497051,0.4972381315075514
0.02979197871218083,0.031035903845260872,0.031233035671647365,0.031183634680398507
0.05393977237462115,0.05469857030017095,0.05457585562555936,0.05463592667938835
0.13028652235623986,0.1264507424637202,0.12542521174490862,0.12490230827389369
0.434318868756076,0.43675264173315875,0.4378797475994506,0.4371954027224825
0.49246826467161614,0.495105371861816,0.4984378298456017,0.4971678699351361
0.12544013070691373,0.12575951772871388,0.12473549778317974,0.12500081017372935
0.13098468,0.12478244502365317,0.12544530680674595,0.12466156030511172
0.24715943234399998,0.24788060568783657,0.24862136457990422,0.24890951570317074
0.494,0.5002062761040478,0.4991649283962565,0.5001356346105015
0.48221231271477577,0.49781415464407736,0.49767206206101877,0.4979277761100065
0.0615214472998193,0.062277922623664134,0.06221322007838291,0.062434891314725294
0.250494,0.2505499664321181,0.25040461082500515,0.24980027679413125
0.4971290642741357,0.49913006886380024,0.4978294167337111,0.4987251427027851
0.25826468,0.24962442158804296,0.24997706446599396,0.24913951964615602
0.030958716320063615,0.03153024289426152,0.031717973528634355,0.031218206667578942
0.12575112,0.12335127488958142,0.12498084745175088,0.12491892896568857
0.12831599999999999,0.12665971561253195,0.12519941389093808,0.1250273674742821
0.4847872098707878,0.49822522105936823,0.4987196708728709,0.49943629220956204
0.06144944928394798,0.062210229867469116,0.06209688110019013,0.062193295043930445
0.9894878343526016,0.9898412621636654,0.9900467371519281,0.9900131262379313
0.9951977683987251,0.9949523956283377,0.9949400750719701,0.9949758677571925
0.2522916,0.2508004534341901,0.24886611503381875,0.2502335671471573
0.10986719733157237,0.109099039830185,0.10933232195003273,0.10898585438963836
0.125517118496,0.12440266525507578,0.1244947389047908,0.12473754788158677
0.06471314311616018,0.06219191631289932,0.062070235507360794,0.06249187238897919
0.24039048000000002,0.25010414478880394,0.2501509354332529,0.24993777663750857
0.03185656256451861,0.03141684145781523,0.031370780762282266,0.03123575121924697
0.06479927954262851,0.061796665307543165,0.06210353285238459,0.06208840962290648
0.06258960291355561,0.0628989612808504,0.06218764030778553,0.06219344137124769
0.06009751896,0.06192834958124308,0.06234186802521618,0.06249848598774464
0.24996812688000003,0.25045443790900956,0.24984311747542184,0.24928416217928234
0.4844602956987313,0.4970246321511378,0.49796226676141786,0.4958366001659053
0.030947639541726777,0.03140656389256675,0.03128478784512889,0.03127615192124381
0.21537460748227263,0.21674140096868988,0.2163227583077462,0.21721999919455773
0.8702332238033267,0.8709588895764173,0.8706242483332547,0.870798986448308
0.42432875858386,0.4357415135988731,0.4336750976070664,0.43489321884269344
0.063307046987568,0.06285981233326479,0.06198756144447453,0.062494338272770296
0.21673656007189293,0.21881155480045048,0.2192487620326929,0.21862888053196694
0.12579647647200004,0.1257926450315081,0.12469200544985859,0.12518188900556543
0.12499637472,0.12387299262892974,0.1253974263984461,0.12510256890717433
0.25667264000000006,0.2489025334616669,0.25033378326626105,0.25025481441859393
0.2449248,0.25265788608822576,0.24986792334019076,0.24987607626848024
0.062406204643297325,0.06233544780650956,0.062215348756830414,0.06252057138517979
0.12414758227142024,0.1242960468165863,0.12413640146449356,0.12433925145731442
0.9903854335521414,0.9930001987785713,0.9853278511893395,0.9856837529192518
0.05878704141922706,0.05810054380057706,0.05871698719644196,0.058640531406327814
0.25409664,0.24954954489554934,0.25028705097797255,0.2500132048898686
0.06231034955691426,0.06147967536680588,0.06195086125389409,0.061856468910425
0.02692300781355827,0.027279999070569293,0.027223236277488783,0.02727892503182188
0.11658216000000002,0.12436552717707478,0.12482159921921349,0.12514934991786947
0.06292772935608591,0.06279901302194352,0.06212081571233312,0.06251493754042577
0.24856352,0.24940181177262577,0.25068356918820434,0.2489005698831388
0.05487851699862213,0.05524348377853342,0.05479308319949657,0.054705395392626234
0.06378257716490242,0.06262851594813927,0.062217259988209796,0.0627261657212544
0.12397342204800003,0.1258711741361177,0.12553867279445582,0.12519574433856986
0.24930024000000003,0.2499778419122335,0.2507949246838857,0.2503968771231436
0.24979808000000006,0.24873914075367287,0.248646698041452,0.24978557856006312
0.12624847942077885,0.12639110896508537,0.12518614710018328,0.12527224854521243
0.994,0.9961370132718321,0.9937816980045475,0.9966170092147726
0.12997138944,0.1262175951147502,0.12465865648467568,0.12496696073487532
0.48555208,0.4943046128882541,0.49587750818993814,0.49555246999564573
0.2461592261219034,0.248621815420871,0.24998313015017906,0.24651291318380653
0.061833540352064106,0.0623576133602129,0.06252105141002294,0.06253052672657093
0.03131256040523942,0.031122900373035847,0.03126248342104844,0.03113637864095567
0.0631680557897963,0.06247598948820233,0.06265067932109805,0.06271249023850155
0.06562298540000001,0.06281942876152151,0.06223775811736308,0.06234175813227405
0.24009744000000002,0.24855996102900427,0.2502105843289999,0.2497210820106799
0.22058453398567668,0.21938334060671752,0.2177635312954192,0.21876556903970026
0.060438742013427096,0.06229673866398771,0.06255816022218544,0.06245752427800396
0.1197383292064,0.12372452826501484,0.12565470344247398,0.12489506791410178
0.12242899838399998,0.12411309702658896,0.12452209799997802,0.12481669232438367
0.10991154551805106,0.10912387637133752,0.10966266594395122,0.10923824315751532
0.011819250049555198,0.011672931930547142,0.01177717378839037,0.011755983116060367
0.2519577599999999,0.25235876692408754,0.25074374648789777,0.24950552441454632
0.1263208445004319,0.12549894591467237,0.1249231667454359,0.1252497446738696
0.12602870119480902,0.12434958730295065,0.12440248179783527,0.12414603773296765
0.06320598114679515,0.06289122637612414,0.062235110832978814,0.06240979551546159
0.5016,0.504268909763784,0.497208019514872,0.4998941593667256
0.12300769418301559,0.12443417700901309,0.12437088905220776,0.12469018897039795
0.49756975560699845,0.4968326851053223,0.4977691692462913,0.49798763141874086
0.1214286130119497,0.124091988651512,0.12408452875656338,0.12467425163939032
0.50040770767861,0.49828958993056427,0.49596169932971973,0.4967696987731795
0.5044,0.5020936483661463,0.5002325601845413,0.5004763467282133
0.49720061126904164,0.4987073250051625,0.49805496887597844,0.49690868640685854
0.25180224,0.24937296282301952,0.24962893157054822,0.2500539481980754
0.4958817258104814,0.4928300107057643,0.49153654816675835,0.49560680944965085
0.031725701168832006,0.03163147518441302,0.031200001953533646,0.031147023849615107
0.06307637561866816,0.06220258753218522,0.06212894032804349,0.061941490510513626
0.4993860604301503,0.4960969675761741,0.4970092278905102,0.4974832881057791
0.0628852645251503,0.06216543941877242,0.062171181942636565,0.06199034836479915
0.12386269536514573,0.12421976241112506,0.12485818182538454,0.12501063090326942
0.029639423289943564,0.030817416225897034,0.03139127604616588,0.031458794687935034
0.2500660402684358,0.2476092556188851,0.24780049801350235,0.2477594177880715
0.24733464000000005,0.24896159669017223,0.25020929588145496,0.24954955761472558
0.06269053684033327,0.0627339555398026,0.062255704607785574,0.06216712678337182
0.24746706521524636,0.24836676827964907,0.24743353426472145,0.24763940689051256
0.12494960000000001,0.12299544855982604,0.125198542949099,0.12545825259628446
0.060927089715593595,0.06218060894970002,0.06254343136967903,0.06238520911017166
0.061913440679999994,0.06142675694047132,0.06231833373284969,0.062124094766301485
0.252833593001184,0.2500984709731492,0.2492756671714376,0.24966645920839137
0.029976642457247998,0.03135045611740921,0.03161198677689232,0.03139718722118064
0.24571823999999998,0.24968392748221752,0.2505701302190221,0.2499527033837522
0.03144321074927306,0.0314640012023627,0.03134373752554793,0.031257104909786934
0.25171798948075375,0.24980353514050327,0.24909942697963597,0.2489039264863282
0.2506294858718116,0.25036951591721984,0.24923017977811524,0.24983831740398468
0.43906829798453156,0.43615378935913274,0.4377614255950639,0.4373099134523944
0.13286592583199996,0.12588953348484538,0.12598804735526722,0.12456313545046616
0.015251080779921721,0.015533752436847377,0.01555223812987279,0.015594061088890046
0.24988480000000002,0.2533427921878017,0.2507482923332238,0.24985122626609055
0.017092427767960577,0.01762102669219585,0.01773878425251493,0.017539420728712743
0.11917281579312962,0.12346225195288019,0.12506238477005774,0.1242227273083605
0.24341853420244663,0.24933882882965802,0.2501160350749539,0.24895669796621606
0.12376265014306408,0.12418360037432513,0.12423320742245944,0.12500955790634655
0.24912060496010913,0.24956246803220275,0.24874364697472198,0.24864868602682683
0.5006036569200105,0.49994423128263693,0.49611074677607936,0.49661750301596314
0.01526536663883917,0.01573578496812587,0.015634012653752773,0.015750786412614532
0.127630428416,0.12457563809213441,0.12512757838699942,0.12465400882677381
0.12603383088935102,0.12534247498725126,0.12466455144151545,0.12493508222753943
0.43163568373613903,0.43421210961447065,0.43671218067707185,0.43758029488344824
0.131126484544,0.12501780935329185,0.12508786024243315,0.12509551502487784
0.12315659999999999,0.12377038530735449,0.12525831450951103,0.12545449608421372
0.8705208968701926,0.8706854721730718,0.8705046049514447,0.8707280813752727
0.49804092462066113,0.4917409159729989,0.4918047225216914,0.49614888573523375
0.06056508857235201,0.06253901520353307,0.06259460731814177,0.0623904403863025
0.06194896223382299,0.06222990275586901,0.06228511417454359,0.06193630325120957
0.12665598501600003,0.12572963690192496,0.12501958054845294,0.12453384310609245
0.25400576,0.24880238503771737,0.249856938497615,0.2499634213494435
0.2495288188030579,0.2485379022113403,0.24901515193244286,0.2489916591597279
0.12322412385021998,0.12388169388979069,0.1241205479303418,0.12456290342634087
0.12543060096,0.12655465418945744,0.12433342838929619,0.12509817665889075
0.03126301860340299,0.03137120803259789,0.03136691153471593,0.03146148012916605
0.12398632000000001,0.1256736220434638,0.12476415533271319,0.12430841662905087
0.25794216,0.2552728458706041,0.25045796529787556,0.25043142516901223
0.011736507552222976,0.011691799541722782,0.011735799600640152,0.011770896153666992
0.10951777705170013,0.10890775882913095,0.10955852625715043,0.10928876565087914
0.12606061857871478,0.12419355774949618,0.12434511254393432,0.12566496582433878
0.2495753422442419,0.24898050188091872,0.25011603270766114,0.24849753310119707
0.0652294784,0.06281700847710554,0.06293214675124735,0.06250907385172445
0.12412364623824158,0.12430347663867211,0.12446401621103817,0.12423078277320888
0.1226174532,0.1258666465494317,0.12415979046276973,0.12502577334416806
0.030695268268883823,0.03108713140920624,0.03134546122100347,0.03129740150950098
0.061602309216000004,0.06386218353543499,0.0625666807164379,0.062482734225989725
0.2187999191030703,0.219541854233051,0.21845005057871567,0.21822680635407787
0.2479409467920352,0.24787797318197077,0.247176115506319,0.24762951080119236
0.4385674144594202,0.43903405171921484,0.4376375120544497,0.43683240122623224
0.1249178363108198,0.12531454355650892,0.12430858295429147,0.12531457124054368
0.2512524151439139,0.24746954250784042,0.2477800149311328,0.2478900668051055
0.24759356952989903,0.24778996982003473,0.24783451675330428,0.24864481610792685
0.24971903999999992,0.25181878895600707,0.25100013514910996,0.24961472672978413
0.05954067367771523,0.06259438418617398,0.06257150467151686,0.06247082746065666
0.0599813549791607,0.062291994795047906,0.06233959597549335,0.06257290527171795
0.01886308410753076,0.01828528439339071,0.01847869401311323,0.018501986882119757
0.1273006519453256,0.12454801902310328,0.1255475689437186,0.12518219287883353
0.2574540180000559,0.2513154424995234,0.24840589822236975,0.24917799376791047
0.128006965383648,0.12399653244490401,0.12513527972135868,0.12453005288233268
0.9836653720862473,0.9853690226466466,0.9850175103367242,0.9850341386184067
0.12759073357702744,0.12466482801266639,0.12498005634289124,0.12510698808164683
0.0639481910953616,0.0629412966378236,0.06233245448566434,0.062384019290127594
0.10063668568810763,0.10176216155372049,0.10158703941055527,0.10159504583065457
0.255021,0.24803823132402272,0.24848394810115337,0.25068793326017824
0.24635165747062576,0.24832807927099712,0.25002447786141324,0.24802536042995862
0.5014489863887808,0.4947155893789503,0.4947618382685635,0.4940057755367483
0.4923810429885898,0.48991814176966203,0.48970164589942444,0.4897419444274423
0.500808439667377,0.5006409749945606,0.49882341544160863,0.49758312465427135
0.06377475587852177,0.06209287322112516,0.062458965111081656,0.06250475712196281
0.24540820000000002,0.24755490328036525,0.24912039656513607,0.25056888896322016
0.13054282397351427,0.12400821968814525,0.12469763077469474,0.12488613321188108
0.12275313189238529,0.12484829720457753,0.12470420969700431,0.12510758711128991
0.25488920000000004,0.24998156106008454,0.2507922558883922,0.25003315584313635
0.49845122292760763,0.4973999413412693,0.49891167728006375,0.49747186128296045
0.020599750941738486,0.02121135110333707,0.02144733525163907,0.021461058557194275
0.12664377057227982,0.12568490073424307,0.12481335287579753,0.12453350983209766
0.8674866432730723,0.866426181087772,0.8660661212822367,0.8663880057028834
0.030290567569930017,0.031103597661900816,0.03137855959081839,0.03115146705552213
0.03206644828420413,0.031502691066539044,0.03118325402507193,0.03123248952332952
0.12078146385079983,0.1263707423964077,0.12480417835463531,0.12527207812001126
0.250173,0.24991732910118175,0.2506554572676858,0.24902155672608461
0.244836023806137,0.24957639198058001,0.2497083868399223,0.24975402376135453
0.24554876131009923,0.24918862163600383,0.24894745002481808,0.24954284498724177
0.12629638559999998,0.12513845203826396,0.1249546430207374,0.12501312929979677
0.12505741407334992,0.1248426100285084,0.12542259640980358,0.12543279028030488
0.49019999999999997,0.49842964560827413,0.4998338967296108,0.5006784228562107
0.029884751866093313,0.03115879194456703,0.031162352022107893,0.031186066673994792
0.24372572655168862,0.2471667780802828,0.2465929056805649,0.24811597409776912
0.12354607630131093,0.12445271909241112,0.1247355269462724,0.12497197449317639
0.12424668672,0.1252026734290877,0.12477759704403184,0.12447917988472952
0.7608164138242445,0.7642777438557197,0.7640309884369861,0.7630645019465898
0.49658527624294685,0.49749385157988263,0.5003917289284544,0.500459278335378
0.062455489617914535,0.06209727637987199,0.0620567701174336,0.0623955805393752
0.03177921400052758,0.03119931134195632,0.03134903907672389,0.03114845210102354
0.030691494489920458,0.031162349100558383,0.03118120652764481,0.031195673824276036
0.505078779322481,0.494738122819267,0.49431137977071504,0.49430631717901535
0.06240187715942181,0.0624819975949336,0.062417844569045984,0.062043301972546594
0.4971314050413488,0.49522662378317495,0.497536675418752,0.4974056823331906
0.48214061818630727,0.4957686147559688,0.49620371549830067,0.4969629466995894
0.12412425304945819,0.12430498848101636,0.12446760341097342,0.12422759621032917
0.05972131315542961,0.061119072285065024,0.06067889935077567,0.060301683726743195
0.5029737167183745,0.49574156784915946,0.49270740208541824,0.4939842414893549
0.015538259469357964,0.015544668251957756,0.015564865186576068,0.015536797800896259
0.06021817520000001,0.06324445531624115,0.06273407715995612,0.06280631647339785
0.061005319504163415,0.06187394112995012,0.06217386229480591,0.06189977557512076
0.12722060266253896,0.12533756664666448,0.12526137250278657,0.1243544619759937
0.06248289352432547,0.06321403235264543,0.06253480887056724,0.06279877254608505
0.24891211515863818,0.24859628183718904,0.2487547260107516,0.24852823648094285
0.4377664910100507,0.4395392782794476,0.43750558336928147,0.4375092345136777
0.12276036724000002,0.12439238850993328,0.12446484893322643,0.12430212738610029
0.24577165210204466,0.25025958530030873,0.24792019951473487,0.2488295774511955
0.2513362652313611,0.24694805239594025,0.24908543151881296,0.24886487197078208
0.483636441198409,0.4896463206753716,0.49250572802213594,0.4929194650923057
0.2434243213627492,0.24725498761354636,0.24961616944752407,0.2484412957294615
0.5068,0.5037761802221951,0.5010106513337687,0.4999012550197536
0.49378815324936454,0.498806909347973,0.49703967500068064,0.49765251641042835
0.5043876245020164,0.497318836228908,0.4971523689356302,0.4965138952081957
0.240002,0.24898939181367488,0.2501341404131567,0.24960037762813184
0.24693484961492101,0.24834707743615242,0.24912696242979213,0.2485241556626163
0.49760072752864726,0.4905315287071802,0.4933791493153044,0.4911743192448676
0.9896035981423325,0.9902131940885726,0.9900590224900672,0.9899935856616273
0.2420945993276586,0.24836368598197636,0.24628977081917114,0.24754190594672829
0.06403069802741197,0.06247938351992097,0.062439286419491286,0.062435889645593705
0.12649574276007783,0.12511099624820052,0.12520163573621143,0.12496988170237174
0.06301509955595426,0.062257481197500235,0.06234342579529284,0.06249711197473142
0.1255728145222995,0.12475993722891819,0.12541442583695395,0.12536814320655215
0.12186764,0.12575126291539568,0.12356260045306086,0.1252895997878064
0.059571812352,0.06182155611427053,0.06219996021431293,0.0620736530768007
0.4964,0.49906176904342264,0.4998495142141923,0.5001625045435949
0.24131328,0.24828228453138762,0.2494263126632802,0.2500746182015696
0.9948025751300538,0.9950974784754034,0.994933871206508,0.9949814569619464
0.24965337534519885,0.24834332261816375,0.24671110162095333,0.24784329820901904
0.06086104376965979,0.06208998531719446,0.06245221691525966,0.06260741612542392
0.5117866915793002,0.50285085091079,0.4999275694328503,0.5011609301137635
0.060293432664403734,0.06275481887195815,0.06234982051101833,0.06262747600184417
0.250937,0.25012525609624825,0.24929282726208338,0.24806719074462605
0.21232016368211473,0.21009209110609278,0.21094773841303005,0.21060630126433888
0.12306073311999999,0.12485793281414638,0.12518567041791645,0.12503451688566872
0.23851856000000002,0.24943441186209311,0.24912262812583644,0.2505837183997518
0.11114193852365127,0.10908812511194071,0.10907874852643541,0.10941713502687758
0.12521594624000001,0.12482369184618043,0.1250225478443423,0.12465155542902265
0.04613690667455889,0.04654568693204725,0.046650573284487226,0.046725279360724785
0.12316799085587768,0.12374769978530974,0.12467949687245042,0.12506793843703978
0.12411352002412,0.12449551596593506,0.12467696818705985,0.12503669771966017
0.12469479325703528,0.12474903233743771,0.12504333904539586,0.12470382000995098
0.24582556000000003,0.24898568713879973,0.24742323356304993,0.24980581392940826
0.12486565864298614,0.12483162539122246,0.12465016508146502,0.12440072570670771
0.12406234268342944,0.12330811934899831,0.12388775149436244,0.12363685503032466
0.24282968161599996,0.24987750478882326,0.2502302431759014,0.25042881311533133
0.511585169049946,0.501337080303468,0.5019476198329107,0.5006466051207353
0.22050935853599443,0.2195349727541881,0.21823477421817358,0.21856843831500516
0.0136303434083935,0.013955573944809434,0.013666477771632848,0.013706758142521968
0.12337046455836978,0.12408357251940078,0.12510022362949055,0.1251138080317123
0.12258871535874778,0.12472438467638867,0.1251803985341723,0.12491449122785177
0.12823582186879692,0.1253540033972281,0.12492721242855882,0.12500886695150268
0.24821370334276452,0.24642476121616808,0.24752102893300604,0.2473964753737644
0.247742333676163,0.2483379441248501,0.24744056042749152,0.247418311847382
0.06153699009499915,0.06196596027570583,0.06273840057917612,0.06264663218021008
0.11895306159341638,0.124050959628524,0.12547353342228057,0.12480145157374402
0.10948150519820331,0.10929766215920794,0.10962900758858973,0.10940800986842307
0.03182055262848001,0.03186341855581748,0.03128210127998202,0.03119430899851882
0.12619776000000002,0.1247943399905203,0.12630991457156157,0.12483728728524687
0.127342007639856,0.125570078606322,0.12452378254677214,0.12489511668720486
0.12450048,0.12428414022339127,0.12539935750793504,0.12500603282456094
0.0629379870307038,0.06209847487136617,0.061896632075131644,0.06268037220447696
0.12253713576000003,0.12446823681679758,0.12533299332574288,0.12503122191009072
0.061975942300589934,0.06235424812818434,0.062498333642210024,0.0624901872684987
0.48877834326378355,0.4949365910525786,0.4952230004528973,0.4952596149778283
0.1265932141768418,0.12572021811526474,0.12468531483779824,0.12465470964909138
0.03037557593126854,0.031519632685448246,0.031218432384320243,0.03144338409367669
0.06070310448,0.06246190031532221,0.06239951245587361,0.06280114188089678
0.12164084832,0.12393058624526694,0.12477652177693332,0.1253718968505457
0.1260731946091694,0.1250958281637998,0.12489317401441132,0.12529035097251306
0.05511212272569718,0.0546259555319531,0.05464254953006507,0.054587829058912504
0.2511145658910573,0.24993304784382964,0.2487968532797068,0.24837364340486134
0.1247656903153516,0.12430724987418786,0.1246579131483146,0.12443429694306923
0.12645489551884165,0.12572724150041137,0.1248865081171316,0.12463345729666456
0.0616671489598004,0.061859823994039304,0.06253139241331081,0.06263906248744756
0.11718693972527529,0.11238774275480169,0.11136863956114344,0.11149263398024757
0.02704864638107663,0.027348823766805815,0.027336004995450965,0.027323942985318903
0.24657349109565255,0.24654429619778653,0.24660029476002812,0.24739245621953032
0.2514477030875484,0.24886306083153148,0.24770283624937148,0.2488604685841707
0.12398413288382634,0.12493585687060232,0.12445385504140248,0.12435371314246407
0.12169341118627343,0.12435012846249027,0.12355983701428498,0.1237096310202763
0.2485596182328207,0.2498527755242101,0.248336747488296,0.2488487474453784
0.03189862879352094,0.0315999694095018,0.031118392594760624,0.03120061741806602
0.06577759968584415,0.062120973378713334,0.06280105527179249,0.0624371618581033
0.2516679704789527,0.24880262859519334,0.24893463116150127,0.24876790598999002
0.24927935999999998,0.2501679974010136,0.25011314971529947,0.25053023668514535
0.06378913083965591,0.06264256029727262,0.06256467252200094,0.0626144438009983
0.24904456000000003,0.25218014887308393,0.2500800024655613,0.2504055727198207
0.4426925003067117,0.43793762783297197,0.43787272831677154,0.43772270814950587
0.1226939204,0.12426339801302606,0.12566954390509577,0.12495101157009651
0.24979173295615562,0.2485453037626666,0.24907015977312766,0.24877622023286164
0.9890302355460723,0.9901659297052475,0.9898616836370424,0.9899731445358187
0.24930048,0.24966644437816632,0.24814099968192196,0.24991648965378463
0.24600960772889605,0.24933753451305643,0.24970104969556922,0.24954855942637844
0.12988944,0.1258667850278715,0.12534124627876272,0.12489471002346869
0.25035485236444877,0.2469272663947585,0.24626338280939308,0.24738108502626943
0.49900000000000005,0.5001795212200556,0.49858088628252156,0.5000108174271909
0.12579364262929102,0.12492941025982376,0.12497184460366231,0.12475759980674718
0.030904563135682177,0.03141548861436389,0.031229456298031553,0.03129780242911853
0.5028890564356066,0.4937158594811096,0.49539314387500083,0.49592357929337416
0.49434757213952,0.4968787694638703,0.4990883227215865,0.4987071280285361
0.21372376097987908,0.21879081112579493,0.21955871290546608,0.21802394100335157
0.06576815719600004,0.06254201728737756,0.06184167106672807,0.06258636108829399
0.06211226509503864,0.06239605765946547,0.06246150392039792,0.06247609876966919
0.25643900000000003,0.2503463605877107,0.2500109823925327,0.24999891579385766
1.0,0.9999257950332021,0.9999230760782082,0.9999253990982955
0.24414332693372756,0.2501717458229698,0.24849192409605456,0.2481785940473547
0.24738524096000009,0.24821409310826745,0.24931481834373864,0.24898750200886555
0.061957101300656174,0.0628743996307489,0.062332321915228216,0.06258332120213915
0.24373697707447578,0.24905441926520488,0.24957493178413442,0.2485928681513213
0.49849632,0.49881358353441274,0.5004632247108719,0.49458060496306944
0.4430716769698477,0.43646569562913284,0.4392804173712295,0.4356923271976759
0.25210216,0.24954659358050704,0.24829015655039607,0.24981402944658376
0.49636491594341103,0.4988425553784474,0.49699374810054736,0.49825804223094783
0.01561234162976832,0.015506180115240506,0.015559451859261355,0.015649578507517813
0.10798540728611104,0.10921523745837126,0.10950782621727824,0.10915961254421905
0.12526434556368515,0.12333326669349252,0.12372603588435112,0.12350680141102766
0.25043798672627904,0.25080027418811124,0.24995722735127265,0.25014781027650607
0.12460887575285308,0.12501384651998335,0.12511715149898206,0.12452427032664083
0.2534318224560594,0.2492761315291221,0.2484961802301026,0.24857231966054288
0.030319074933033048,0.0311863837402979,0.031239459214534984,0.03125677974784251
0.031065246524857103,0.03129893804900274,0.03147979990744347,0.03147119867724921
0.12358755480407291,0.12611212774413497,0.12536083922673774,0.12491894252172812
0.9836125345694762,0.9852301790543031,0.984829640698343,0.9851159689843414
0.24856980150544677,0.24860667426230387,0.248662144744632,0.24864226217323704
0.24210912000000004,0.24987210512221505,0.2504832770353168,0.2509285611829538
0.06222321798417787,0.06217517493262664,0.062254050949730355,0.062213398272751276
0.06233159939484491,0.06267389005852496,0.06242824813716428,0.06251183564490907
0.47901694319924426,0.49340278299335966,0.49375577540619975,0.4944707648870655
0.32695504000000003,0.33208705566871244,0.33229116990166485,0.3330851100486317
0.12885104,0.12450516135632342,0.12573509613296222,0.12490551731902166
0.2436,0.24826696395778747,0.24929195375286675,0.2501579468529981
0.4970253482113478,0.4991952556582896,0.4978115997042591,0.4987267568360917
0.12727643071679604,0.12537194409556984,0.12488163788848516,0.12484633658362453
0.50896112,0.49610518424949374,0.4972373109207785,0.4995465229947863
0.066046708728,0.0628350124465223,0.061991232505554994,0.06242098861332347
0.06142305784682545,0.062232529290043505,0.06274261674527572,0.06273283159035539
0.9951977454708524,0.9949678029685123,0.994956111891901,0.9950119873503074
0.2510642315567328,0.24923677008490683,0.24841668409838102,0.24859877870617483
0.2430597025026813,0.24930790952632406,0.24847514163224035,0.246892421974241
0.8703615072853441,0.8705786426378125,0.8710680641300453,0.8705552596591015
0.24758271999999998,0.24839520833391754,0.24768267215124054,0.24927635997800138
0.03462321176195129,0.0352468662456337,0.035285526507579594,0.03513697696317999
0.11034286644612598,0.11138087997059386,0.11111693586161547,0.1113121623328538
0.48198816,0.49541140873543194,0.49703188460851144,0.49699002136081355
0.1222624815182399,0.123962724481479,0.12539931640346744,0.1254044298016735
0.013892812636946642,0.013856176600329886,0.013692402500267535,0.01357902480076283
0.2448094,0.2480032012027888,0.24981982427858443,0.24945786036526457
0.4893688518341891,0.49363988466978637,0.4964162859846498,0.4957274241829486
0.038020589136898625,0.03898578110807127,0.038864622702131146,0.039245862138060396
0.4988,0.5004236627170994,0.5000455103025612,0.4999961560223783
0.1085739353395745,0.11074924028857369,0.10982299711075376,0.10947318923441707
0.443134701456,0.43716161581388085,0.43878515499682297,0.43613426502215596
0.9946329116940192,0.994997743392332,0.9949844736735469,0.9949544502977543
0.03242966004140668,0.03150573672447595,0.031249608007348786,0.0312254665623636
0.06247117775865644,0.06244975987808912,0.062326025781227784,0.0625176186885623
0.50944572,0.5006857334891248,0.4988443558128009,0.4967285552545682
0.12441870976000001,0.12476259546234433,0.12466567521454822,0.12471405789366297
0.060193266327039974,0.062098759455879136,0.061983591209309616,0.06302197179597463
0.12759552000000002,0.12431931501746495,0.12483254522814961,0.12480807581281424
0.24876048,0.249762183424911,0.2497356606698388,0.25015941350810045
0.12389086499760427,0.12483491099793995,0.12418802553235504,0.12554581541335627
0.1254949422292486,0.1254861393767629,0.12455957324484324,0.12407564913257811
0.06106876162466399,0.06257031999858696,0.06254170091394567,0.062427333362722326
0.506,0.5027640413271163,0.5012579449977276,0.4995739260222403
0.12276831099890874,0.12376545776192548,0.12373270899585634,0.12357754322766153
0.25104413889661076,0.2492195296836483,0.24877004233994437,0.248925498643498
0.12259477790400003,0.12497825463843291,0.12458138871997089,0.125172070151309
0.49447356907152645,0.49696912744614996,0.49909831173740904,0.4987140106245483
0.49093596,0.4969018720025069,0.4969765200319252,0.49756209547167957
0.12356421561286997,0.12342267662239059,0.12472746033063996,0.12472659553320638
0.2509706770769338,0.24930659852051942,0.2478567983575412,0.24820308731974453
0.2474463436740368,0.2474255165087411,0.24727191097444204,0.2474707428210838
0.24879468000000002,0.24860869205903516,0.24997943498938174,0.2494430296523637
0.06378810273473703,0.06248777512337115,0.06245441874259249,0.062399169397097165
0.060569811336673336,0.060844929873118014,0.060670819251879345,0.060392952183284845
0.12618410956799997,0.12583274537615763,0.12504614431066524,0.12458626689260074
0.24180788318034302,0.24700977699293813,0.24841035790425764,0.24827853207593598
0.24961092000000001,0.24815136998216328,0.2508570184172883,0.2501890365493645
0.0629936210794054,0.06251775126078955,0.06230634898535709,0.06239294287355361
0.253599582976,0.25015144945579953,0.249147572140485,0.24924205748227032
0.0612898523431817,0.06051010558474124,0.06042390807882566,0.060317468637988196
0.5041738957684243,0.4991547352515751,0.49734152682611965,0.49726148315421864
0.246372,0.24875797832315982,0.2509121585480286,0.25097877482241027
0.24303658385982888,0.24707494631205565,0.24793664117564732,0.24733386792175074
0.5100592913575798,0.4963453040975194,0.4916172083342843,0.4922328429841026
0.12465,0.12482015602315295,0.1250803716759636,0.12463941961651255
0.869840700301452,0.8706956378127613,0.8702393658609835,0.870560490669831
0.12342190791999998,0.1256625758022434,0.12494739602805019,0.12521227219707806
0.12043885967154752,0.12449290893099386,0.12459128060563718,0.12464435545440207
0.2510669237437914,0.24896341256040772,0.24841853653652804,0.24896529158520694
0.2465746611563266,0.24789371807989344,0.24894620962240818,0.2489702264172829
0.3272,0.33220805608628656,0.33367200947558534,0.3336318455012374
0.1246116017111916,0.12360752308507049,0.12487326509630631,0.12440383303993346
0.1274382,0.12577332854460427,0.12486831160738948,0.1256681844494484
0.24789482116054404,0.2519230734467589,0.2494281126597302,0.24840412736523465
0.12594094550400003,0.126235793499411,0.12408605282588196,0.12524276027273326
0.43721349761098016,0.4387386301047905,0.4369058534207555,0.43712663021490034
0.24581087999999998,0.24975986647909798,0.24965359327368095,0.2506047240250234
0.2547084,0.2524029287191661,0.2503813381750709,0.25076499995146445
0.26038207999999996,0.2500630229619412,0.24870039065289815,0.2515686761198333
0.062384665122486894,0.062475543280315106,0.06230079128381039,0.06197763376720392
0.4929854145045023,0.5012773802641151,0.5003503295512848,0.49986890975086895
0.2545173866630598,0.2506637361612681,0.248457401540244,0.24870405512720342
0.991904177346374,0.9925347488769409,0.9925442463738507,0.9924932550182683
0.49402860537098814,0.49683874117091126,0.49899881667676116,0.498227938454356
0.032103551183051006,0.03144604907169303,0.031190770108859844,0.031273283327516346
0.06451636128,0.06311742595671115,0.062118809256377194,0.06252643142482098
0.49245171818571687,0.49820957750985734,0.4981103831319015,0.49719371035444326
0.9884624941108611,0.9901656076871018,0.9899538178577603,0.9900015305992047
0.06470354701105507,0.06287274379429812,0.062406983224666465,0.06269042831500474
0.031000640945575277,0.03134305815701355,0.031156954831252283,0.031164436854670467
0.0305613713705992,0.03101226153387355,0.031059266298476548,0.030995305714593992
0.059519194799999994,0.061726532247108085,0.062444767053582984,0.0625724393876197
0.12353523577337257,0.12455048301081385,0.12546897890379527,0.12527736635110864
0.031489341745394424,0.03117737512893263,0.03104292229972534,0.031226035336345475
0.4979730741901001,0.5017089259077826,0.5001923812243777,0.4994557746139665
0.24629631999999999,0.2493507510763758,0.24992828910323545,0.2492224669542955
0.4962147096274736,0.49839626106011686,0.4944309088740774,0.4959635042288549
0.5118,0.5028497407564344,0.49992734994582166,0.5011609826554292
0.06609124720800003,0.06294335170889466,0.06251044148023716,0.06244771395739469
0.12764880504016743,0.12580958268919581,0.1251692687577686,0.12467315191968902
0.12637048119999994,0.12425171277726443,0.12462476220827523,0.1249757669630475
0.9890013719251433,0.9901930425225146,0.9898494454813744,0.9899972553140013
0.2567386515675767,0.24843729489871436,0.2495879210256757,0.24974204697979388
0.5001779850503406,0.49786795548962537,0.4977252572986277,0.4985299774399716
0.24949612000000002,0.2506625239270048,0.24910689538782485,0.24951804759940283
0.12325315570989634,0.12399317756113785,0.12374541282896898,0.12346926266078657
0.502,0.5006285539209352,0.5015613534709982,0.501167246131896
0.24925824000000002,0.2487653642445026,0.25085810817470683,0.24905029746156104
0.015671014538618182,0.0156998562103212,0.015550072327431266,0.015574651073219174
0.1267078995046651,0.12505787311243155,0.12497045206798835,0.12455581968107193
0.03079149338905358,0.030406735725361126,0.03021522003251188,0.030253133357660163
0.10996489135518524,0.10897957911441475,0.109253702357505,0.10917725246486353
0.24525427397927357,0.24881269397854866,0.24717443896205965,0.24790633383375987
0.06447971662745539,0.06255651832862,0.06275084597354408,0.06244716840130212
0.25003936573612573,0.24752073565127833,0.24591688636680634,0.2472558315223108
0.12338096897158364,0.12488263534708847,0.1249917820047248,0.12444218813017591
0.01614068728797183,0.015564694439893494,0.015603934941750759,0.015619580661903746
0.048312906040581596,0.050304181983775384,0.05080338989213305,0.05084169419727519
0.12103460795211655,0.12401298345793753,0.1246327652428812,0.12464639879090758
0.12421321865996382,0.12423468108205811,0.1249573856415802,0.1252484882537667
0.054516164556054035,0.05470496901065606,0.05460814098215314,0.05457580709992143
0.2554234,0.24956195909792311,0.24812603758673102,0.2509739513334741
0.5087352073994148,0.4970963262370193,0.49698830554488416,0.4974686109883367
0.2418,0.24826260314135318,0.24995712594946654,0.2504365577275994
0.994769714552545,0.9949714877743163,0.9949568422715118,0.9949399659146198
0.06202559407664365,0.06332470662704806,0.06232753222309421,0.06250171512817464
0.12728050736464078,0.12475316664526247,0.12469707658619626,0.12453773335284742
0.25191672000000004,0.25307593589260974,0.24944545676033736,0.24968174806980603
0.06408777340800001,0.06300557945982965,0.06272544033318819,0.06231746171339553
0.0607217008443564,0.06210388919031911,0.062167073303547385,0.06255372963902059
0.8664454496098263,0.866567261311721,0.8660338361171371,0.8661009830299459
0.24437435999999998,0.24752208804353637,0.24896985360801158,0.24974606061373517
0.8717678820370053,0.8697276119384354,0.8695678661612921,0.8699924273192251
0.05951657606400001,0.06157678473357641,0.06249647551770165,0.0627219723812055
0.06076230611864577,0.06183677452300242,0.06190550855332279,0.06219498490215264
0.43150687539248106,0.4375684315473538,0.4363124730646451,0.43852772264758255
0.25140192,0.24823063839187917,0.2500421352850379,0.24978957473966507
0.49920000000000003,0.5012087899072644,0.5013062521522565,0.5004915908239171
0.059786388256032226,0.06240240912902222,0.06267808718463676,0.06235769197577906
0.12601328825328445,0.12456680026389046,0.12436111435936023,0.12452688043510343
0.058397779104,0.062366132153539054,0.06275571156420144,0.06262313139823959
0.12116998713600001,0.12587086217552185,0.12454074644673711,0.125089894544549
0.25935168000000003,0.25103745535511085,0.2492293322491296,0.2493371947050094
0.12827038929974396,0.12388786681773778,0.12510429742160084,0.12478169992286355
0.060910395378143946,0.062440922189372444,0.062415329861276334,0.06227309026613476
0.06123439120171037,0.06169369573133029,0.06207788420540269,0.06248504997590633
0.25126919999999997,0.24981958395172413,0.2483337407451225,0.24954120894246368
0.9841187673641842,0.9854774362225232,0.9849381479026015,0.985097319955291
0.2592846,0.25123066464608385,0.2490882675244504,0.24928297420902654
0.491491183996036,0.4983780543705627,0.4985613671058521,0.49737715469015126
0.11023236797650257,0.10905304732765657,0.10914356204061265,0.10923314925926896
0.016894860818549948,0.016559377627169598,0.01653095734494707,0.016598580170688295
0.49613203824683755,0.4915494166563091,0.4927365006387114,0.4929692564287104
0.486850737084341,0.49705573135627984,0.49984829116502055,0.49868165949976573
0.062468839135059226,0.062399631744137915,0.062440764851123404,0.06272369005016573
0.25249256,0.24888672757456146,0.25011598393177437,0.2498488911775947
0.12148987483073338,0.12326271607553736,0.12377947034696361,0.12443243174947644
0.2514930027941046,0.2504221786509488,0.25103496501426736,0.24985689034075492
0.062066283683704364,0.06279152210131231,0.062387666572767106,0.062496267573999634
0.12394662151199999,0.12590948043648442,0.12536231156663966,0.12539836283573308
0.2473963061158864,0.24805015734620822,0.247467106318199,0.24805738218100196
0.24167907385897314,0.2484827156280824,0.2477561089164338,0.248349453663721
0.0619543216071567,0.06197932879063351,0.062040437511752825,0.06161565733136816
0.12414682962762899,0.12470204169414494,0.12504109401086036,0.12499690611483501
0.24375744000000002,0.2491865822000569,0.24941658311945855,0.2493396819372126
0.4893300025691059,0.49637179340183235,0.4951668694829832,0.4992227179543522
0.5029909401399948,0.4952020231383583,0.4992290906589404,0.49785316272372027
0.0609862738657669,0.06165686844549134,0.06187547143740349,0.061863734381344765
0.12878852,0.1265508401083868,0.12545008588748247,0.1248785223378275
0.5039217536060111,0.4963224126090587,0.49809921853127126,0.49794031232381397
0.12795406064329656,0.1256566797483943,0.12505418544974273,0.12497945101805137
0.1287574123486683,0.12509592080259424,0.12533182972293685,0.1256263807669861
0.24995851075348235,0.25023863086212256,0.2508701193017822,0.25031452694058803
0.05929224,0.06295836786044688,0.06267197885415127,0.06250147135384802
0.242154,0.251119420554749,0.2515228147458127,0.2507241286992396
0.2215850325104786,0.21884862221101856,0.2190694148691292,0.2190489447212983
0.062427625420541824,0.06252321215257829,0.0628474661645331,0.062326870610120745
0.12489904,0.12661565365839209,0.1253480102674068,0.12479405671021258
0.06530636,0.06309459483411217,0.06263162707180492,0.06270228868232233
0.021329801808000003,0.020900255190164158,0.020693200825974305,0.020641648800980076
0.503131140432671,0.5002064361112579,0.49817837378139135,0.498002320947614
0.028448957749370146,0.029683918136227186,0.030453420693833638,0.030263878915600142
0.2482,0.24971964114066003,0.25061011251714643,0.24955566393302323
0.25633528,0.25309978114221016,0.25019974379547344,0.2511280979398377
0.06575312396800001,0.06255490584709117,0.06227993608384965,0.06202070823807764
0.05997405036,0.06072572007822376,0.062286943262577506,0.06279482654275968
0.22271053206250746,0.21952660673006813,0.21794124067808196,0.21881819252189744
0.9832872119918166,0.9845405307155493,0.9865001258125807,0.9851585376044412
0.10984503387453562,0.10804910471592728,0.10901990838872902,0.10929090787389835
0.24086732300009395,0.24704634409408427,0.24780983784551644,0.24760628364002255
0.12825448544418525,0.12428462512017836,0.12502764414554254,0.12495138265562038
0.24980844165902605,0.25114593525609874,0.24894738935278363,0.248962268485408
0.064711968976,0.06280760289822458,0.06275424097500905,0.06218125981313596
0.06406465257561601,0.06290818163637696,0.0625172285599864,0.062483681677100104
0.12097458139922408,0.12419416251874443,0.12508044674826532,0.1251628982688924
0.12326524063913476,0.12491562429260294,0.12507649000306395,0.12491792196517411
0.25009951999999996,0.24945263642304014,0.25018930606235107,0.2505072569171274
0.24881096361839472,0.2497860030278553,0.24921470659473283,0.24889990887919705
0.499,0.49800893521912926,0.5004281983755889,0.49906004309218954
0.44267315814571845,0.4365235571884731,0.4364525816923904,0.4377756771484778
0.24482508000000006,0.2508462744435697,0.250293143122878,0.2493380301322294
0.2490198071531599,0.24957199084077944,0.2487167365411274,0.24889766144963277
0.2511100966071211,0.24993196618496538,0.24752351528925184,0.24829063744921845
0.24789395746194456,0.2491255310831536,0.25024211812245617,0.2503084991754215
0.12253562385548314,0.12559764843715188,0.12324219173689469,0.1234341261314963
0.061503959999999996,0.0617557211892129,0.06205686564269158,0.06244473562540449
0.12430805197603728,0.12489674816602876,0.1238564867072272,0.12409337296754389
0.12324709491411082,0.12418229045248275,0.12442848648084785,0.1247947563552282
0.24621022640534715,0.24874023830532296,0.24954576297454623,0.24866228657132428
0.1268172140643848,0.12528561971784485,0.12507484984919892,0.12501558732628695
0.06073341073989121,0.06186348852787426,0.06199600597975503,0.06240438477893364
0.9846405237757577,0.9853814741659033,0.9850360270277306,0.9850522099448471
0.06090249023055611,0.06204622674240934,0.061979218099444525,0.0621957311169073
0.013226126508797464,0.013281398492141413,0.01336946803916117,0.013242285346056407
0.12821528919322933,0.1258547137306663,0.12499104417955575,0.12492606604393965
0.9938626386803083,0.9951029784138945,0.9950111219009515,0.9949552366541814
0.25291889458702127,0.2501918441903999,0.2483908445236461,0.24872559029187008
0.5087872109294743,0.5031749275108526,0.5002499868207929,0.50028692644638
0.2504838330495883,0.2476154759665517,0.24752711966139138,0.24798600257251116
0.2498231190202433,0.2437656898961173,0.24925819402238042,0.247887831324859
0.06336848893681797,0.0624298495840025,0.062431920577003835,0.06252168313461744
0.25451064,0.2485850755203893,0.25068377787185364,0.2496431037219618
0.20212069486975912,0.20289681719131977,0.20365746510004906,0.20310110459566727
0.4850404794067485,0.49149826538545305,0.4900707833913183,0.49221698088111937
0.12543169091876133,0.1239751196980971,0.12509874877555505,0.1251053819824161
0.12348475310476974,0.12496624517063627,0.125072398968341,0.1247263534926217
0.44104608542400003,0.43529028494810784,0.436504232240888,0.4364419363135786
0.2466828,0.24766638906638097,0.2498794020812743,0.25046300795181825
0.9945132609705254,0.9950046015410402,0.9948758615491212,0.9949815700189109
0.12351414076289537,0.12424063010805454,0.12364221433256774,0.123967954121737
0.12413560667200002,0.12428115246177263,0.12460742693889507,0.12467946073134414
0.12147621457981016,0.12538728438162244,0.12411735007857196,0.12469177443857155
0.031059000962374246,0.0314285969039572,0.031211822625106342,0.031269015708357266
0.47930680000000003,0.4959884180574634,0.49770824693918275,0.4981840778245348
0.49155457573035805,0.4957173306308705,0.49444387076929547,0.49485511930487375
0.24137208,0.24969538758618784,0.2497490764537412,0.2502544150326391
0.12471449606421822,0.12560877105925775,0.1255251286200925,0.12540580226036563
0.25420468,0.25138068670736163,0.24878716513086171,0.24941327413917536
0.030441557255999997,0.03176941912184378,0.03169843487497093,0.03108595076886025
0.12385899886670292,0.12548859702778306,0.12546438723887204,0.12526510355895626
0.12470832458041653,0.12448192636479617,0.12456130327028374,0.12506538823230007
0.25573364000000004,0.25233672230498344,0.2485669623368747,0.24961401596608507
0.12758842952265745,0.1260884846999286,0.12488306512466564,0.12503869525659683
0.49760000000000004,0.5009550156172962,0.49891652785360713,0.49952961712438815
0.9947612050934086,0.9949790665638196,0.9949333751193334,0.9949608278750817
0.0410142225175124,0.04115172544624898,0.041153601527816316,0.04128233433690698
0.061798978590078574,0.06196973284024731,0.062316036420254683,0.06214189779969472
0.24449023896547564,0.24832655804466794,0.24923215865632226,0.2485777840885865
0.11110156629074969,0.1086337031909001,0.10859271338139768,0.10891969979345677
0.4963189536269176,0.4946759257994878,0.49496534777512885,0.49720236651070737
0.2456,0.25006497530938243,0.2508457971861473,0.24952261355327413
0.24914707210451364,0.24940607586251498,0.2497140183608411,0.2510503719787417
0.12165653355548373,0.12318567061072855,0.12323124267424625,0.12347429338510438
0.06227641457774609,0.06198578216763651,0.06275415788606951,0.06258475397196928
0.12671213909263063,0.1252711628014263,0.12547178021643068,0.12524172980644102
0.022478816626400146,0.023638814295724488,0.023481030410360256,0.023553919661024696
0.49794180258558096,0.493203966745173,0.49324737189350204,0.4916512704984981
0.116424,0.1225358404744965,0.12394405457991511,0.12492764770287836
0.9944250413703865,0.9951230222133156,0.99493683377922,0.9949624849152257
0.10754576352468274,0.10978592023414471,0.10968950361952634,0.10902141105840997
0.015117234644882554,0.015608513782525294,0.015708750583829343,0.015617598601807182
0.06031422661873109,0.06301570195466107,0.06234549757192331,0.06242994990688581
0.05965622166400001,0.06154893632267445,0.06254648044271402,0.06261562024421678
0.5038794559287575,0.49621326102798496,0.4979264237995899,0.4977594273253166
0.996,0.996235708707927,0.9962030808354729,0.9964074457121059
0.06274975999999999,0.060726185152017956,0.06264361332405326,0.06228297142047187
0.1268568,0.12499641667241378,0.1255717248048863,0.12521006337869836
0.123480760608,0.12494760786732151,0.12512236548967412,0.125177933696949
0.05998790353515203,0.062387955931232156,0.062713857499299,0.06220775703780972
0.06183627232263301,0.06177704615132879,0.06193794272329041,0.06172171558865173
0.06554621736,0.06378738962407204,0.062113714321469,0.062499032617943547
0.490330440300323,0.495336178201446,0.4968781678668552,0.4967935408276121
0.8656098594144235,0.8702680659128459,0.8708163620134335,0.8707425764982698
0.12592218700723035,0.12354970347827622,0.12454210040114265,0.12440446563436713
0.12462968237948345,0.1235184159628193,0.12442360558172826,0.12501433124678457
0.03198079585756303,0.03106064062915411,0.031319799034291364,0.031234864314135764
0.1253059560539823,0.1251067190578694,0.12465894459412585,0.12480666506927132
0.242528965728,0.24988993600190873,0.24931744588504479,0.24875877482771674
0.06158671154151293,0.06224422311605017,0.06246469903633489,0.062455352786080325
0.12852644687999998,0.12636238696262994,0.12438115973174758,0.12449240263941222
0.11286231096207934,0.10888991811400041,0.10752059778109961,0.10697502174186037
0.49865090402324713,0.49989989090410264,0.4959511086866614,0.4990218236263802
0.12554408830939712,0.12430783720983252,0.12506151844484498,0.12505961829492715
0.03150472714895999,0.03140707322498054,0.03127062740110369,0.03098492237846111
0.12322585536046349,0.12417545273955928,0.1244447061787282,0.12402957572399119
0.12596663112598322,0.12480945048099579,0.12413882641994803,0.12476988858724447
0.49939999999999996,0.4996306586864079,0.49996900876392186,0.5000933444974601
0.12342021984953833,0.12605688573310625,0.12513122119084602,0.12528649800725344
0.2444901951968576,0.24832545694476912,0.24923232182972963,0.2485813498780602
0.12460871509928183,0.1253667669856304,0.1251719538020226,0.12492959631760323
0.9890228649851894,0.9901675136611732,0.9899059096348509,0.9900611291082946
0.12306093283018053,0.1248842553151737,0.12463632251226411,0.12479110952093321
0.06221661065070991,0.062274437836342275,0.06223475354193211,0.06248188377536848
0.061496192601042284,0.06302915789416802,0.062446541259811195,0.06249788788249594
0.5016,0.5014748486164647,0.5006005488806634,0.5011958596875112
0.030475237912381683,0.030907886197540573,0.031144182781379263,0.0311671487783451
0.2501075399973634,0.2506309749668392,0.2494406418898676,0.2492671591912801
0.12499031999999999,0.12440795597490936,0.12374506317139256,0.1252176739087126
0.25016404,0.2505208811673108,0.24933040761769243,0.25053847714640126
0.05810397687707871,0.061559105804934094,0.062403926110505215,0.06229007280542281
0.13126410547200001,0.12658116971910413,0.12462877272232419,0.12480389224167797
0.10923594727519897,0.10932121408445572,0.10933865903916958,0.10949993669855539
0.06315270807452697,0.06264657287472059,0.06266696177525576,0.06274937026073757
0.12539064000000003,0.12515982439798182,0.12512373645762132,0.12493595781598356
0.061156278412992,0.06083434571361292,0.06192878927020831,0.062191473606564615
0.06000587994253255,0.06277749295512364,0.062437150722341295,0.06252374821922328
0.2180792370161002,0.21907901905128616,0.21812938345727206,0.21874302802991982
0.24659040000000004,0.2500204273968097,0.25001130244898884,0.25114394990369093
0.49395271398604607,0.49648853085774797,0.49688166281021,0.4946177053736135
0.10881784851140211,0.10903447679866092,0.10907997240918894,0.10944119645234693
0.4388157680145746,0.4404645527146342,0.43742893890794515,0.43720593865630614
0.49090390423006186,0.4979758829504621,0.49851251939928826,0.496002970624393
0.0626930379159453,0.06232530978329495,0.062481912563140736,0.06256793007641076
0.2146483462479923,0.21842033514522285,0.21978900953928493,0.21834043781714954
0.217912272672,0.22260270687983605,0.22039964046457775,0.21895730455065543
0.4903934536560773,0.49578335741986784,0.4944566802418692,0.49660639520647104
0.1228934135954527,0.12295583248246564,0.12294909756359942,0.12288509979817032
0.062284351156573055,0.062210377616278706,0.06273622887423114,0.06250265086495667
0.12607371152827582,0.12509344873441644,0.12489116257709926,0.12495970793165828
0.24794316000000008,0.24932497391301528,0.25165111131558304,0.24939213044471065
0.06399800655545386,0.06314973490256348,0.06234513483766288,0.06263236264477068
0.4988,0.5041953978309613,0.5031808482504231,0.5012013884776907
0.246764,0.2478286610010339,0.24765836023268936,0.25028275503241976
0.25210080000000007,0.24826974503134253,0.24890973210994397,0.2495878738129527
0.25381299999999996,0.24987184497536286,0.2503597306293777,0.2504555761155804
0.12687571189773605,0.12469686762901318,0.1245281350895572,0.12488811700582968
0.502385110007089,0.49985804222764124,0.5007298948343352,0.49833595886744536
0.1265830883288206,0.12472432594341372,0.12479249569677497,0.12482415027786974
0.8649642209346883,0.8668809649586832,0.8663286198641112,0.8664707077233668
0.5095317751839287,0.4947855291706056,0.4947656885266751,0.4945697721844094
0.49730340398792006,0.49248121538686074,0.4923944881455383,0.4962262231558331
0.4908529449599999,0.49308307470971513,0.4946338271010739,0.49452180171383875
0.1262888,0.12507109618108034,0.12474781370959091,0.1251839354368043
0.4880726790664551,0.4981437793838256,0.49813333739796145,0.4972240657861024
0.43584943885331606,0.43873397079351856,0.4396755686928896,0.4369944114615603
0.24883408808311508,0.252220343136022,0.24872855878818068,0.24843676115459942
0.12572596805176256,0.12486873164179249,0.12568061784658177,0.1254355830771794
0.2515672335316159,0.25055424383589,0.24978300550967097,0.24854058240275553
0.2407387035881018,0.2459251513422552,0.24605271265047496,0.24640262623050957
0.0613504817558006,0.06259678507107241,0.062427301915299396,0.06258798997183757
0.24721008554093143,0.2477177519328367,0.2480210191577444,0.24858649860541404
0.12325,0.12326971496769233,0.12475242945119233,0.12499661822013261
0.24769057536942685,0.2447672811159973,0.24855226813338402,0.2502644109826451
0.24079830390032447,0.24698781058679709,0.24877796948792025,0.24866498943874735
0.030161675550307705,0.031358614644282516,0.031185729234024927,0.031114588838132565
0.125268128832,0.12545142454246527,0.12475213189104702,0.12532945124150605
0.49381904,0.4952768497192102,0.499652494408415,0.49886156930061204
0.13270110391999998,0.12680739443602354,0.12469428486315978,0.1248111297452635
0.5034,0.5023691119068812,0.498613754082743,0.4991014205609577
0.4859233765779208,0.49681070365992563,0.49530069700324264,0.4961331734457796
0.024187143436478098,0.02321005835149506,0.023483120046161376,0.023458856082498605
0.06247127927033304,0.06244665191597713,0.06249874514092434,0.06230670789390645
0.5158,0.5056560460625689,0.4988010072278875,0.49972489505099804
0.01616600980354022,0.015660803164600362,0.015567389811442714,0.015584522311277806
0.12746739104000002,0.12498278486639101,0.12683781352247595,0.125274306454298
0.020971369128921835,0.019717371687648366,0.019618835047672124,0.019611909007998227
0.015642967404352632,0.015552130536199438,0.01562000199594997,0.015616532777949268
0.06313954283274242,0.06267059497614859,0.06233189933355263,0.062463388786091166
0.1213259572995696,0.12273034711671019,0.12448271012970522,0.12370760584814633
0.12502355185171393,0.12463922820606897,0.12482567355583757,0.1250007357053719
0.2215289681675031,0.21787028405626233,0.2167196943535288,0.21725070662098034
0.0630786393670229,0.06255767167236355,0.06200297372614397,0.062097970025306155
0.49296708574513814,0.4953374715307117,0.49217178097183434,0.4928292110069459
0.25081479529180567,0.2517268111899552,0.24993840936571382,0.24963975094195787
0.24849384,0.24962852590228032,0.2501089274383775,0.25006148527102895
0.12375966528438177,0.1252047216000469,0.12490387847627528,0.12557880295010007
0.12542580870169073,0.12566643274506523,0.12475905999327744,0.12492515430305036
0.503,0.4973583967118951,0.4973286477112112,0.501256835468267
0.054389129115846264,0.054852093372832526,0.05403777049033501,0.05473179268330506
0.12068304,0.12521664699594473,0.12505230867671813,0.12441941055855603
0.24407065188923394,0.2493974205729441,0.2499188509911326,0.249654052180663
0.12285545171232194,0.12522814529301915,0.12485718217941683,0.12510145773170675
0.8587514186898446,0.86172382998319,0.8622637823679729,0.862067858044091
0.03183439663024393,0.031073841703619494,0.031191906523047888,0.031195722205100963
0.06131036692294803,0.060738080134775066,0.06043701215277849,0.060525451595362
0.25350496,0.25014526177478763,0.2498399311487246,0.25028657521127545
0.25786047999999995,0.2523180345957249,0.25034014588139414,0.2497069187740843
0.06193725900172131,0.06315066367885239,0.06269492450661887,0.06271235905216895
0.5078034015613789,0.49949386149231123,0.49864150089419795,0.49890094502806687
0.24600816000000003,0.24708461417110575,0.24784231962515335,0.24947562011834862
0.12369376582339375,0.12432636259791954,0.12378246206998071,0.12380800513289915
0.2525,0.2490589968453831,0.2521376712310688,0.2504676846600299
0.12714624,0.12454425211028441,0.12515259730872608,0.12491677439617303
0.12634315824214795,0.12481790016854051,0.1241187563239292,0.12414216841675213
0.49929264,0.5006439803339966,0.4982122117365148,0.4960974438341407
0.12473693295999995,0.1261368734801731,0.12498981578638657,0.12524822690128556
0.12335643058116358,0.12384104025008531,0.12547348440782383,0.12488760089587313
0.24291609614498694,0.24998278347189237,0.24743960649484126,0.2485130907696458
0.5077859639702238,0.5002449493018666,0.49975064835450583,0.4997250408952356
0.21948583019243068,0.2229189839261137,0.2199631484586586,0.22136178356045302
0.12006864000000002,0.12425957047625932,0.12514408679751815,0.12538636629862657
0.4923904642839057,0.49860145016606866,0.4971294358016967,0.4985628777423242
0.12222631317455263,0.12535200784975772,0.12441624317818083,0.12522274991341967
0.22075299550065564,0.2190424303042741,0.21823421160257817,0.2194336044627653
0.25440912,0.2497537602650368,0.2505347423728401,0.2502191601549644
0.48919911439776753,0.49329568080874625,0.49724657822245083,0.49575933415288465
0.06278000905833968,0.062357332044302174,0.06237130101086832,0.06263879016177606
0.25299456,0.24924525189179136,0.24994223126096746,0.2497507831177973
0.2501408187157018,0.24984171389757834,0.2496262546504573,0.24906189325624353
0.25017503999999996,0.2467726823842218,0.24903453389516125,0.24950057387554478
0.2497664,0.24766587083332545,0.24937460627530533,0.25048890745004626
0.993,0.9961761633185339,0.9976155167566078,0.9960487488611802
0.1329685488887424,0.12286949932693159,0.12389612931545392,0.12282331778345816
0.5041846570697014,0.4988086987848122,0.5002247383679914,0.5004252973478353
0.24900083999999997,0.2516774575381546,0.2502415742268587,0.2503577153360533
0.03216099936,0.030585000427298135,0.030955617350081628,0.03161210764086789
0.12383722656000001,0.1256147785753324,0.12475015864400069,0.12527711899334243
0.503666141628624,0.4986540102097795,0.4996990353941041,0.4971915342566404
0.12589330041557806,0.12560699345395296,0.12491441432972422,0.12513304679622547
0.8733907215827448,0.8746177652639487,0.8748391825655346,0.8745665805406346
0.5028763428390757,0.4950030616436813,0.4980042463824082,0.49800823944499417
0.9954,0.9934115789120004,0.9946909640021177,0.991062636781786
0.062639182592,0.06182901092514435,0.06247005072251384,0.0627719765625196
0.060835628865278664,0.06238469020366029,0.06258812557266621,0.062430162089001096
0.24409743182575747,0.24569824826668613,0.2484728839189374,0.24902085850085545
0.24144031999999999,0.24914003002734617,0.25100832460814987,0.2504084706345435
0.0636276207630496,0.062937318657418,0.0625258099133411,0.0625829930135895
0.4943481554363586,0.4982452015665325,0.49705917974829283,0.49684776373537726
0.12491065247999998,0.12456266326990664,0.12435278346688164,0.12527546822837277
0.25390792000000006,0.2501718908637376,0.2510501785994198,0.24954333527147982
0.06433213548978077,0.06309482828768488,0.06264661084723532,0.06267545272368583
0.031939350912,0.03086472094913293,0.03137293159212781,0.03114488266552725
0.124443,0.1271196023955676,0.12594424334613777,0.12501230833231564
0.030842661748146122,0.031280087262030035,0.031296913769570646,0.03122092027980909
0.06196941950879763,0.06258814425550858,0.06270640731273057,0.06256589677517534
0.0315233828603033,0.03152468966432664,0.031282157788530066,0.03122202158087398
0.125536427744,0.12522044775872093,0.12520614280423276,0.125121782296622
0.2521274661634294,0.2489597734310874,0.24658872247097638,0.24733479390281965
0.01539850869649792,0.015601118186575343,0.015606022386728327,0.01560562422799144
0.1251270409835328,0.12476512915140243,0.12475773710229993,0.12513165994378356
0.24503807999999994,0.24959567270010297,0.2511387528855072,0.2499036374824469
0.12072975999999999,0.1251383191338159,0.12511727315239252,0.1253066088171047
0.2483424068891629,0.24978837992436873,0.24823996220925648,0.24917479182551008
0.12306213041836653,0.12389200310604048,0.12528451187949408,0.12515859602767498
0.06250548199465164,0.06290636205069126,0.06204935534062149,0.06239989823514338
0.06459137591690346,0.06292480979699977,0.061917689997923867,0.06206262286976669
0.4902392,0.49635475835326265,0.4994560379260176,0.4959514959858636
0.25104742014375286,0.2501586806218953,0.24768920400482325,0.24747512157949053
0.12499353612000003,0.12438864524018095,0.12472132578858436,0.12544854594812826
0.12382237583215061,0.12442440036526464,0.12510512196696688,0.12529373031038546
0.12199467688824553,0.12569169939217728,0.12482167551736224,0.12468320502312429
0.015969412378421304,0.015598353932773066,0.015672548743533205,0.015742282048648946
0.994346817879213,0.9950764880220369,0.9949835230399845,0.9949481531784345
0.50626472,0.5006842455332757,0.4929537639626057,0.494467976152875
0.43811656417359335,0.4367557517464194,0.43536132264037336,0.4384951325355568
0.49044997014707586,0.4930562632413954,0.4947288834581233,0.49453552841592063
0.12546121728000004,0.1258974309277129,0.12460438473957998,0.1253084233650576
0.5013335219200001,0.495412816055585,0.4942049014588602,0.49509322506098563
0.12592085424287966,0.12522290069912256,0.12481301761060995,0.12503785511348356
0.42814062801940195,0.4379647531376426,0.43770301801816663,0.43715652694701673
0.994346817879213,0.9950764880220369,0.994982761011499,0.9949480635291348
0.9909156976033081,0.991541816779087,0.9911164484943445,0.9912648211454687
0.06072809875928252,0.06218638870751294,0.062471480931644355,0.06244691828235527
0.12605347095567138,0.12569431810680676,0.12480502493298574,0.12595165301208688
0.12178735013955347,0.1237730907967564,0.12502613777764404,0.12492709970670982
0.504211534365984,0.4950301392405412,0.4907761312473991,0.4946459136241373
0.12419278326199569,0.12582899343099085,0.12492280770515468,0.12486524019975166
0.12537926591416304,0.12520031737693588,0.12498328513137386,0.12514588638828444
0.030958166521105106,0.031214715893811636,0.031200328740544434,0.031205033333154324
0.06086625562511271,0.0622524049983696,0.06245389710604126,0.06239513582775163
0.12487585785479674,0.1247933847592037,0.12520205323304234,0.12517230109972635
0.25134715855883094,0.24904278589357107,0.24668631453713105,0.2473408555898089
0.24107776000000003,0.2516914047980989,0.2508435106529981,0.249989613779495
0.06255828233706234,0.06204992425552285,0.062273479806317894,0.06255773002781038
0.9790565935560932,0.9805522874503101,0.9804679419275732,0.9803901317362584
0.24839472000000004,0.2512238028408713,0.2504454467638243,0.25034736749123093
0.4962058121268466,0.49591251354050997,0.4987302415694987,0.49705841308162924
0.0630898896134336,0.0622789998791766,0.06280638987567795,0.0627293081495668
0.0629480795869094,0.062492114306819696,0.06288836142910517,0.062300784477516254
0.24837050069655864,0.24666404261899802,0.24627088817577383,0.246350439681605
0.030528668342427807,0.031193816578481498,0.03124196418559115,0.03138192703727644
0.5005493478028616,0.5034604423806675,0.49923948096580806,0.49866693967757364
0.060170580065400145,0.06279908441393353,0.06239252140355413,0.06240779439981183
0.12463651143999996,0.12567777230535515,0.12503610514207117,0.12538576644521865
0.123770030592,0.1253292859536939,0.125675157394198,0.1248659792071761
0.061148658256880435,0.062215285741575733,0.061929021312344755,0.06198469751084755
0.06138314837323752,0.062490535973206605,0.06243245115299508,0.06258284185928886
0.4885780414900806,0.49682886729174097,0.495304317411486,0.4968129927736284
0.26050672,0.2507238295332584,0.24895647880014776,0.25020650601415273
1.0,0.9999510166095278,0.9999498382961247,0.9999495292229882
0.24917563999999998,0.2507604265398378,0.25002064617710557,0.24986350735870072
0.12320963081154901,0.12397309186208019,0.12420436685441089,0.1244397229794159
0.06099781229247998,0.06247392617736282,0.06193906142798177,0.0626501817910932
0.25234494950410347,0.25061360017963635,0.2490198323106236,0.24866167995724398
0.12436068880431828,0.12527913816593966,0.12489680392100716,0.12484541079388763
0.2519542299589564,0.2496770924588726,0.24846949894692347,0.24873808680419945
0.06080214150919642,0.06239293529176871,0.06256909807118691,0.062301151456221435
0.507,0.5027081811187164,0.49640028109465384,0.499505070961067
0.12078068,0.12324357621682558,0.1250527239362752,0.12482566878494018
0.12308251648,0.12574154571952112,0.12450653031491489,0.12522377433932352
0.031442930752,0.03152026601204681,0.0312673103236637,0.03110698787767196
0.06355491756034336,0.06326535021744507,0.06250930382111329,0.06277907541980078
0.12277897541934153,0.12448627094176694,0.1249356292351589,0.12494793449771834
0.2488670213933788,0.24789454661042468,0.2469167476933867,0.24662139118555906
0.4984,0.49964872373009905,0.5014931834379286,0.5009543973979771
0.24650339999999998,0.25105939749542866,0.24794528729359913,0.2499089698067569
0.062024444637094396,0.06264266260919675,0.06239192229154086,0.06236347742665844
0.24874960000000002,0.2497073401015144,0.2508139227819485,0.24970762015083395
0.24590719999999996,0.2508656993794881,0.2502908105946085,0.24982809958887503
0.9889950781336253,0.9901837245704571,0.9898864739802921,0.9900301926974737
0.49600558502626557,0.4976217603676898,0.4973208004715542,0.4986153919103971
0.4915854138650823,0.49782840410387136,0.4982896964107102,0.49924274440580724
0.1211680768216738,0.12455006560528205,0.12465453036421092,0.12522030989284988
0.06385245165600001,0.06174212004390011,0.062467972223793,0.06269682417579908
0.03214615267286303,0.03138634753941753,0.0312096266092406,0.031178235360178625
0.25413664,0.2504111016343541,0.24968119682520704,0.2501893748701839
0.12658604447668492,0.12530556220066538,0.12492129581814605,0.12537997775637685
0.013760195731326641,0.013566644220433558,0.013772793323647146,0.013747383897880812
0.06415261113844832,0.06276714867408277,0.062302008201471186,0.06263409888941393
0.24364244000000002,0.25069758259055425,0.25101984732538357,0.24939652918510385
0.4916,0.5022174971406258,0.5014025414600563,0.5020156899440662
0.061783376441638074,0.06230745390931092,0.062057397165718585,0.06203090784718444
0.8704227846396165,0.8708335607708872,0.870638765580923,0.870765045736066
0.06112410073678732,0.06186239892083233,0.06218767478521947,0.06214887421777183
0.1302376,0.12362508148634507,0.1245874024674035,0.12466117045296911
0.03242461721871966,0.03158298052114777,0.031024070766330146,0.03127338260962603
0.5034230977092348,0.49751859947148364,0.49843517117077535,0.49813702945194743
0.061222994448,0.06217002881561632,0.06241968847881756,0.06268489294096148
0.2538104400000001,0.25039914596985774,0.24996526371208008,0.25073170789632154
0.4255753847098374,0.43404598382237,0.43444674561546104,0.4351754230695019
0.053434004605854915,0.054279923607595655,0.05488780927835963,0.054715545731929396
0.24588432000000005,0.2513339408610556,0.24886415832654024,0.2494631672377719
0.2447145745353653,0.24879001421337696,0.2485631615597731,0.2489781049750733
0.252479221664,0.24877932389033447,0.24959766451328175,0.24950806654348257
0.5033710312560752,0.5048140237271717,0.4967197030376735,0.4978152310008474
0.4955871128306001,0.49692398368794677,0.5002438963500445,0.4995519294881228
0.12261945995233153,0.12488046064934084,0.12460312425928846,0.12510593560738834
0.12576713318399999,0.1258701525450004,0.12565590862041107,0.1254540704327663
0.4931535986880895,0.4962675120883396,0.496574345855274,0.4969777519892251
0.030312940168149078,0.030817521733068013,0.03095454264294631,0.03141660597590689
0.06343157270104346,0.06254229725926387,0.062396779058068584,0.06257756430012947
0.03077821894084666,0.031070627244527672,0.031172797986224417,0.03120976068673397
0.03106594940558989,0.03185382972458836,0.03114217350160222,0.031042954294267813
0.24684957897600004,0.2499944164082517,0.24730662951898427,0.2489113526575623
0.06250537381612219,0.06234125032131373,0.062250563973390474,0.0625338837761917
0.24916251889738092,0.24955956616699168,0.24885709447795196,0.24886996324755734
0.030141638340095995,0.031234121502382094,0.031298856607491016,0.03130561160658984
0.24512279999999997,0.2490899155245807,0.24945818365432307,0.24938646139663534
0.49818483426176946,0.5014812126189894,0.500396364933905,0.4999949940353655
0.06358180000000001,0.062401783893470175,0.06295562762992228,0.06257628224623345
0.1258919888699904,0.12611101868205907,0.1256481219904131,0.12511375233696642
0.24575987999999999,0.2544761403858245,0.2505960377094171,0.25022947527745626
0.5006,0.500625999241624,0.5022533981159838,0.5017836971473726
0.11832480000000001,0.12361171632827872,0.12521554702763696,0.12495407185886996
0.47702134771696364,0.4954648141452982,0.49977675264578403,0.49675857035931476
0.2457110021917618,0.24796578579755132,0.24856313514320783,0.24738605097338706
0.1210793225828331,0.12367160222890117,0.12496336985046369,0.12508688889757624
0.23952472814570264,0.2447247023979591,0.24833117626729137,0.24745731100789392
0.5016361574575473,0.4954133616422423,0.4942478713140116,0.49509106005930575
0.12486767380505572,0.12484987404929662,0.12491507049474,0.12479591701899966
0.24383168,0.24760233268891604,0.2492148943355739,0.24903541613392827
0.26183688000000005,0.25264347335479775,0.25057441701563604,0.2504399800975926
0.21355028753465113,0.21608102276279814,0.21620781401203135,0.21440349069303938
0.4955080006225146,0.49684175944838627,0.4964726741012123,0.4960750054241266
0.244029721221329,0.24631831327659193,0.2484489676659352,0.24738939327179144
0.12295536000000004,0.1248303711170595,0.12543118097907158,0.12542658329375383
0.06323748869224054,0.06276340451139921,0.06247970533856349,0.06259136957273606
0.2408165952367205,0.24588632627967366,0.24610815651867202,0.24649781108250718
0.9896274252185555,0.9888998399413055,0.989613831696045,0.9909317557756876
0.24930271582574465,0.24975581075655676,0.2488164214390668,0.24898097381712098
0.9846189738039655,0.9837199057470746,0.9847802548614534,0.9811155301181727
0.12442344416240016,0.12583289508379236,0.12537943912039076,0.12555270133420598
0.25431560000000003,0.24847671608438202,0.2529820819140146,0.25068428291445927
0.8742076988769242,0.8749501765495659,0.874835486984618,0.8753061121579233
0.12984408000000003,0.12471560505090717,0.12469753063912373,0.12455726437292265
0.06258353679183329,0.06270160189291764,0.06246918173479444,0.06258193146676927
0.12369161457545404,0.12477279393363885,0.12453855814034534,0.12444477356678776
0.06169770824502754,0.061915413722652045,0.06209424164918772,0.0630880938733452
0.24621444000000003,0.2491657517325599,0.2497976427742763,0.24992000003161158
0.2444881956376137,0.24990883137196165,0.24604418539027884,0.24914621456415204
0.24560114220865115,0.24908189135653402,0.24849581673390247,0.24886499664995704
0.06109081312298759,0.06266972271224489,0.06262552735436262,0.06253211311157748
0.25381343999999995,0.24926165319618496,0.2504088732478147,0.2503296756610015
0.43570620928767045,0.4383093252651045,0.4365967113984447,0.4368147553570865
0.25177408000000007,0.2487891466060797,0.24939145540100874,0.24993470346643015
0.062341727423999994,0.06178067126657992,0.06255504251612778,0.06256811214742039
0.24394721248783025,0.2462519678174804,0.24742431477472215,0.24718965681222965
0.24242736449927882,0.24631099119025246,0.24763752865809768,0.24768629017400498
0.4986142501624358,0.4996425636474983,0.4968731591674136,0.4965931782225557
