5K,50K,500K,5M
0.2454144,0.250618276551908,0.2502498508442193,0.24975403666916235
0.24699604000000003,0.251536193030711,0.249374009439788,0.2502660848201515
0.12539707287137822,0.12569953784049268,0.1247706250513972,0.12509870955176797
0.4964513286526047,0.49465312079675505,0.4960390377534127,0.49514684532585235
0.49920798138030337,0.5015271543809097,0.49821983554697324,0.49753532335154455
0.010092616937191441,0.010127077338660797,0.01023105480250392,0.010247874446549472
0.1252304499150369,0.12333763917949286,0.1239314188289379,0.12376992701791895
0.06352165933926399,0.06313744706800979,0.06246871259643922,0.06256226931326583
0.24892579574760576,0.2494117669659397,0.24974346709423192,0.2497364653019214
0.06253050039808,0.06247696184135864,0.06264039574414877,0.06265946948425151
0.2509632197932974,0.25026526267531085,0.24907070641089826,0.24854612635144688
0.24848415010873698,0.2501667194335034,0.2485197194359327,0.24853020464493483
0.49319999999999997,0.4965549250520507,0.49862896280100416,0.49964744946297945
0.1235038882490956,0.12372318938637476,0.1245354518841825,0.12453522322091935
0.24551296000000003,0.25138664416351486,0.250038910049381,0.25038276456243375
0.1300981985692461,0.12637084766874357,0.12494371099450781,0.12525992851914586
0.25137714021484936,0.25070767726484144,0.24914333126172944,0.2483022910158042
0.06195954719650497,0.06262049983683017,0.06248274615490209,0.062490238621040195
0.12444469447518276,0.12436376033133739,0.12458767077359759,0.12504475282753116
0.015519239275466095,0.015708477280331215,0.015622476301561711,0.0155968916754341
0.25086600000000003,0.2515912061539207,0.2507298686591187,0.2501884832134994
0.4256110691893276,0.4310947200607904,0.43299031099656204,0.4334184277922958
0.43482673569651653,0.43456487038641417,0.43358776782988007,0.4337484389156831
0.4933668220567609,0.4970450490379376,0.4946790291371044,0.4948597886839616
0.030952279866804794,0.03063026359860232,0.031233992222417083,0.031049619905971867
0.4908,0.49744918955611994,0.4999467131160961,0.5004216640328575
0.06061255153902007,0.06184700619794748,0.06214421992569819,0.06257170196248545
0.5100962706644196,0.49767939802779576,0.49565947191423976,0.4951943792436735
0.4927854204215389,0.5001062842509487,0.500714662919953,0.4995501809105026
0.1225305744608265,0.12451183392251841,0.12486880403372573,0.12505959481324397
0.1260893932164489,0.12455581360153273,0.1243282740773817,0.12465612287594008
0.1281289476226432,0.12465125292509228,0.12476357235451052,0.12456616617418713
0.251894,0.25049407537048424,0.25013321008227984,0.25019421964622185
0.25159379012182126,0.24879377025155458,0.24865087520274373,0.2489696781646898
0.26162696,0.2515858771670828,0.2497953439742527,0.25011992590003695
0.1281515471999999,0.12478416315421052,0.12494122773420158,0.12496915239206163
0.12273462109436321,0.12425654892251108,0.12394171827482599,0.12433660439736396
0.25039980000000006,0.251592561784164,0.25034711435740553,0.25011185900901967
0.1174892820733632,0.12423735704995256,0.12410713547451639,0.1242335368866669
0.03109404254691415,0.031032638329578633,0.03130537608373942,0.03131009937679875
0.06082692544315061,0.0618755678849275,0.062409150793128976,0.06238050030452181
0.4974675072106458,0.4964032774516141,0.4953661859507509,0.4951540208490496
0.12782111999999998,0.12527316715798267,0.1252916724543818,0.1250647610494295
0.4955201135156978,0.4967343093287211,0.49461227436499317,0.4952277347835083
0.9792872317309066,0.9814837234547565,0.982296115248515,0.9803615715865983
0.0323729509408716,0.031276128875480355,0.03132700313944301,0.031185908059460705
0.12703805005490176,0.12503442842994067,0.12510130012839465,0.12476000687320316
0.49284811512994214,0.49546980918386746,0.4975995724797402,0.4975121904853078
0.12515831439999994,0.1252510480187374,0.1251005443678278,0.12521518422812283
0.12730191103425068,0.12505603605092264,0.12494665720498145,0.12488397393963292
0.25610696,0.25061452269888485,0.24997656984909522,0.25007168995760887
0.2376,0.24555316720355763,0.25096022957537517,0.24963892366027282
0.12598000143517255,0.12512189071263533,0.12490685872766127,0.1247024529614664
0.12024408,0.12581682522467844,0.12519215188926733,0.12493782818639503
0.030993367155334982,0.031261390344473665,0.03118319620576965,0.03113039134213415
0.122813231370061,0.12590592660829814,0.12544517669526203,0.1251802141329513
0.24979195377683977,0.24855818685690775,0.2488192143181767,0.24919299516038912
0.030427767743030326,0.0314909355671408,0.031290915928135474,0.031155287368396643
0.1271810197437679,0.12499240485118643,0.1245075950070531,0.12520650460535923
0.11037491562904887,0.10971763308446014,0.10916683793668787,0.10949921395483903
0.12092370317944226,0.1239334830803172,0.12415992120296945,0.12427845768831762
0.49861754126925123,0.49718235130213156,0.4985289533407697,0.49764135905631024
0.21199938337992916,0.22043898937306697,0.21857043145499114,0.21917074837726291
0.2554234,0.2498566856398521,0.24942190424179317,0.2498898955176733
0.02939502137706078,0.03125446476927563,0.031502785241028376,0.031221950896005976
0.02766271103420305,0.02776951647800993,0.027304129362975656,0.027361689475357505
0.03093963179575575,0.03112366708992949,0.031260607529406036,0.031145402783972667
0.2193216365160001,0.21985139249622787,0.21910774183250342,0.21902436024589694
0.10661590534505604,0.10620682192119942,0.10575926990009234,0.10593601108975309
0.24961092000000001,0.24809089044792224,0.25045681942689063,0.24988502751261735
0.031133729935545296,0.03129676120558543,0.03135716429502115,0.0312522170064633
0.030434937606218515,0.031200768163443145,0.03136294999460918,0.03134560864928313
0.062252550874380204,0.06241919642290434,0.06240282432663035,0.0625173338577416
0.12498366739200004,0.1248940668901114,0.1251091238527294,0.12469641581626652
0.25551,0.2523882184649489,0.25113451585015395,0.24964598001999214
0.06335380015858313,0.06251138938698869,0.06284766494422404,0.06267756530236718
0.12870272083199996,0.12383567164621485,0.12527316631406243,0.12518348235236568
0.1259994735147265,0.12548049463221675,0.12464239960782048,0.12451136701916832
0.05519402812711462,0.05488313752629564,0.05504647356456124,0.05477834821454738
0.12473811999999998,0.12671577291069885,0.1255524942185404,0.12476540833198228
0.12363717061015225,0.1235771580586037,0.12337885209928064,0.12369906060417155
0.4461428334745299,0.43788323427298964,0.43888657006224235,0.4382987300614393
0.4935521863686411,0.5006137229696973,0.49777811480589335,0.49750320528698644
0.03100050648600675,0.03112408301996981,0.031338486751996124,0.031235457689776466
0.030633374066586956,0.03153325546891002,0.031198366870058187,0.031143059080748874
0.12210005487999999,0.12472271692678687,0.1242800815916113,0.12473539046304481
0.12729514207633397,0.12435778750411208,0.12383578825163187,0.12457448562281367
0.8751940651358608,0.8745080383425289,0.8745475470231534,0.8748597875333322
0.9889292751457119,0.9902797424689367,0.9899325523064458,0.9899693310498855
0.49262048535907077,0.49144496052031306,0.4940006574731154,0.49531352148255364
0.12668000854426203,0.12451601903290514,0.1251728146001623,0.12503595345606075
0.25016934448308487,0.2481713396618546,0.247112776005076,0.24928379598027545
0.7658809701530049,0.7656497187576108,0.7647014029774073,0.7652941057786808
0.11992159999999999,0.12469293461074518,0.12425486190127265,0.12487822487800108
0.9831844044918283,0.9853635319963406,0.9848385974188645,0.9850168776385868
0.24763974643653225,0.24515298508118638,0.24653656491710957,0.24589745607321448
0.062157106979389795,0.062280697550854,0.062454778811618705,0.06268642272935979
0.12376738393213242,0.12405123518487421,0.12448804816292486,0.12473156685889583
0.20710018867826951,0.21124735471745024,0.21117443630095298,0.21122872576200974
0.5129725027941632,0.5021503331600579,0.4972475126347898,0.497833347174335
0.02979197871218083,0.031030812409495536,0.03106493715456256,0.031298149325109145
0.05393977237462115,0.054636735967934766,0.05494996404472011,0.0547428651202812
0.13028652235623986,0.1262651461674664,0.12471436758289153,0.12495402382842344
0.434318868756076,0.4370224575326938,0.4377390450498656,0.43786802540141473
0.49246826467161614,0.49648494014442346,0.49817897615782153,0.498651584999232
0.12544013070691373,0.1255382647854003,0.12476336236369837,0.12519324165160764
0.13098468,0.12468614317964906,0.1256328883370854,0.12525599762527054
0.24715943234399998,0.24903073549969926,0.24976247898937223,0.24911930679465571
0.494,0.499164140965829,0.4989900274653417,0.49969025883161877
0.48221231271477577,0.49835238425496176,0.49727154515112637,0.4972486297410897
0.0615214472998193,0.06227297646155371,0.06257478252813845,0.062041037475711394
0.250494,0.25020304500173923,0.2504224525677171,0.2502549512627216
0.4971290642741357,0.49927177867821154,0.4971431263914378,0.4976568739818712
0.25826468,0.24858731104757617,0.2493945696352313,0.24989906456206765
0.030958716320063615,0.03142686212072878,0.03147773007558707,0.0311767850940434
0.12575112,0.12353387282728484,0.12499757967474627,0.12473746509470857
0.12831599999999999,0.12609476733087022,0.12527665570130092,0.12475861563623296
0.4847872098707878,0.4987950410971511,0.49833749672465444,0.49974972063723777
0.06144944928394798,0.0621962588849172,0.06215862786541573,0.06226112076862554
0.9894878343526016,0.9898482870501929,0.9900130947797906,0.9899580071015627
0.9951977683987251,0.9949416713923734,0.99494580910941,0.9949358954615874
0.2522916,0.25041733547425193,0.24873360074206144,0.24997861225631055
0.10986719733157237,0.1088618923271781,0.10924600056730382,0.10935693396142435
0.125517118496,0.12476974973805906,0.12451082634448658,0.12499610781409622
0.06471314311616018,0.06209312597804614,0.06208259857869837,0.0626811818341755
0.24039048000000002,0.2497805406400332,0.25097176058026904,0.2500891936339538
0.03185656256451861,0.03134599607600311,0.0313373637880371,0.031276248473791776
0.06479927954262851,0.06176816327940531,0.06206632973488062,0.06181538933333865
0.06258960291355561,0.06299859179643434,0.06203131646713376,0.06214547850486671
0.06009751896,0.06183107294351762,0.062443315847417205,0.0625411375087775
0.24996812688000003,0.25079870841560137,0.24973784760487303,0.24884116822170926
0.4844602956987313,0.4971191293519493,0.49702218440745594,0.4949419035260894
0.030947639541726777,0.03142924205842859,0.031204389162088748,0.03122740872253639
0.21537460748227263,0.21712713283876192,0.2162626693854388,0.2166868007075373
0.8702332238033267,0.8709529311228649,0.8709775724330849,0.8706570608251155
0.42432875858386,0.4362037502066448,0.43419194784131887,0.4355013522070826
0.063307046987568,0.06271508846630595,0.06207793868346321,0.0624332516251227
0.21673656007189293,0.21885709248787835,0.2192542575550655,0.2184824469994996
0.12579647647200004,0.12557790923023038,0.12376906057502313,0.12493255654454034
0.12499637472,0.12396564686068959,0.12474825021696516,0.1250156884017275
0.25667264000000006,0.2480840411809334,0.25024969423507804,0.25046007648448204
0.2449248,0.2524351383164095,0.25008180072773495,0.25009597230307906
0.062406204643297325,0.06238308293427345,0.06246134164685014,0.06237708407607688
0.12414758227142024,0.12431849227466374,0.1243813292185341,0.12379944930439452
0.9903854335521414,0.9906857614983932,0.9903936365916808,0.9906343569133341
0.05878704141922706,0.0580828829668935,0.058396771639597785,0.058418619204018314
0.25409664,0.24900709839413473,0.25032564400241614,0.2500427806386259
0.06231034955691426,0.061191487318579485,0.06196400431622763,0.06178774377958975
0.02692300781355827,0.027217734007312998,0.027272592595578425,0.027289747770882316
0.11658216000000002,0.12405220447780982,0.12531553465724599,0.12509232070301557
0.06292772935608591,0.06277832699894612,0.06270034864403887,0.0627626056409569
0.24856352,0.24946078026000584,0.24901683679992204,0.2500552751292825
0.05487851699862213,0.05509311963814447,0.054948708289247715,0.05452355599707106
0.06378257716490242,0.0627519072315077,0.06254228782326446,0.062348248758396195
0.12397342204800003,0.12570056955991873,0.12549065439842796,0.1250428325255616
0.24930024000000003,0.25047006150434575,0.24988578426329525,0.2502594580419509
0.24979808000000006,0.24872040689571925,0.24874447384264017,0.24933263873811723
0.12624847942077885,0.12628239272887717,0.12553578931638013,0.1247564968034418
0.994,0.9960570196804557,0.9965254760320182,0.9942596779247562
0.12997138944,0.12600461597448942,0.12497605077085003,0.12499215317294325
0.48555208,0.49372081929196454,0.4972466353898256,0.49803394886390884
0.2461592261219034,0.24812810489589124,0.24940803486607896,0.24763992697370357
0.061833540352064106,0.06236506447095705,0.06239438998342202,0.06252057526523642
0.03131256040523942,0.03119980467525688,0.031211284372705213,0.03118140696851724
0.0631680557897963,0.06267918013188284,0.06269514727856333,0.06250890326326772
0.06562298540000001,0.0627779704150333,0.062331171560134006,0.06256846318142073
0.24009744000000002,0.24870972485814863,0.25020680492086994,0.2498915079917356
0.22058453398567668,0.21919067171396056,0.21741291532058715,0.2187511405289462
0.060438742013427096,0.062359274629344534,0.062267631300867085,0.062458322605840416
0.1197383292064,0.12346454630105341,0.12476177546056694,0.12524060946077975
0.12242899838399998,0.12397312742332785,0.12468649341329507,0.12506136630791106
0.10991154551805106,0.10924773230019073,0.10963646683895015,0.10959060448362656
0.011819250049555198,0.011691313455614116,0.011793136810199827,0.011692279796678862
0.2519577599999999,0.25245168971601856,0.25070719077867515,0.2503368817634656
0.1263208445004319,0.12573838252745204,0.12532971996797287,0.1249904556303964
0.12602870119480902,0.12413964990242794,0.12484355329115383,0.12462655983685612
0.06320598114679515,0.06287936143060453,0.06249024337358531,0.06268901578700033
0.5016,0.5040170848801865,0.500722213103056,0.500043096329031
0.12300769418301559,0.12471561568040979,0.12456163180145968,0.12474039165433037
0.49756975560699845,0.4974830830446185,0.4979462921596784,0.4978701516633185
0.1214286130119497,0.12353198088203678,0.12456266484048026,0.12434506770490636
0.50040770767861,0.4979135818259843,0.49632510236404354,0.4975555749928832
0.5044,0.5020998676524593,0.49986160152268416,0.4999603751652937
0.49720061126904164,0.4991671430696299,0.49748904378245073,0.49745892259271
0.25180224,0.24963595606134614,0.2500187805372987,0.24991291222854092
0.4958817258104814,0.4925080589907661,0.49276881138053724,0.4939983940707691
0.031725701168832006,0.03156014944489316,0.03127120658079185,0.03126201428104291
0.06307637561866816,0.0620994991988543,0.062017206440046074,0.06159901756408609
0.4993860604301503,0.4965230728811195,0.49783080870122187,0.49792730361081633
0.0628852645251503,0.062178332603139194,0.062071451414711494,0.06226541520039055
0.12386269536514573,0.12411860214749196,0.12440791997007472,0.1250865499046796
0.029639423289943564,0.03092151909790216,0.031389963187295415,0.03120801721091246
0.2500660402684358,0.2476334537342771,0.24840944716916744,0.2483773217819934
0.24733464000000005,0.24925095707621378,0.24918046317176862,0.2498852805352499
0.06269053684033327,0.06283899080605158,0.0626745020731155,0.06254969847212198
0.24746706521524636,0.24839040908854507,0.24762453001769139,0.2470852368487704
0.12494960000000001,0.12334635916693859,0.12554922805349156,0.12470569108762651
0.060927089715593595,0.06211260837251127,0.0624622561916054,0.0624536626799031
0.061913440679999994,0.061574107419702866,0.06251888985695436,0.06251071960957967
0.252833593001184,0.25006514008484354,0.24932818537794693,0.25015683260202737
0.029976642457247998,0.031191490433839966,0.03141782970373089,0.03140942965478982
0.24571823999999998,0.25028262647113075,0.25060244834264706,0.25014466534879093
0.03144321074927306,0.03145175072064047,0.03137330595292576,0.03127010942402873
0.25171798948075375,0.2500215959660234,0.24879934417198182,0.24894779243133455
0.2506294858718116,0.25040974542937444,0.24909268530786172,0.2494607893390211
0.43906829798453156,0.43608626693003155,0.43723764057190867,0.43696448488855194
0.13286592583199996,0.12627978291214936,0.12459047454094961,0.12501129576840564
0.015251080779921721,0.015529521905160364,0.015514796340352643,0.015582832092124844
0.24988480000000002,0.2528959858849925,0.2512078545697122,0.2501957492774587
0.017092427767960577,0.017575373444287848,0.017577747616290756,0.01758003377155994
0.11917281579312962,0.12392841070516286,0.12509990673552587,0.12432545847842852
0.24341853420244663,0.2491535968945852,0.24919813669285085,0.24830185860269197
0.12376265014306408,0.1240195155905048,0.12469665914566952,0.12507106544076774
0.24912060496010913,0.24958434671815363,0.24914834173482495,0.248739394551673
0.5006036569200105,0.4987679058135312,0.4981914248231154,0.4982275487745393
0.01526536663883917,0.015746460582973233,0.01567349397518488,0.015577159990198961
0.127630428416,0.12480556738972474,0.12510724174586513,0.12484552738774994
0.12603383088935102,0.125472187380865,0.1252042452339427,0.12526311733670126
0.43163568373613903,0.4345016598192638,0.43629724039280593,0.43747782962821663
0.131126484544,0.12521327956691627,0.12514820305281096,0.1248236572353633
0.12315659999999999,0.12398767627066928,0.12455285270754457,0.12497852385630587
0.8705208968701926,0.8706665664705896,0.8708088817592984,0.8702873006488548
0.49804092462066113,0.49443645658161073,0.4961504188254279,0.4950328754295257
0.06056508857235201,0.06266720252497728,0.06261164493966401,0.06256393907814349
0.06194896223382299,0.062193221247427925,0.06198450176413639,0.062210022930932515
0.12665598501600003,0.12623415214862801,0.1248908429018062,0.12482052925989291
0.25400576,0.24899962516538918,0.24961382410410196,0.24996419419669436
0.2495288188030579,0.24859467293276596,0.249463324767084,0.24883622598247193
0.12322412385021998,0.1237502567008387,0.12409367347134452,0.12467329693612286
0.12543060096,0.12648490724205827,0.1247223530762567,0.12448613488768213
0.03126301860340299,0.03135221206311493,0.0314030761661861,0.031321406286666784
0.12398632000000001,0.12531890835524243,0.12537668135103106,0.12475708240114464
0.25794216,0.2549307400601393,0.2512760808781245,0.25008596569999214
0.011736507552222976,0.011687477170539412,0.011688972281069862,0.011731641151911719
0.10951777705170013,0.10893205652082583,0.10898389144543028,0.1097066341424717
0.12606061857871478,0.12412393885027942,0.1248435590595513,0.1251877267439798
0.2495753422442419,0.24945286137888095,0.2493040877779194,0.24877997453785863
0.0652294784,0.06286388010680738,0.06277240608446275,0.06259405657132304
0.12412364623824158,0.12432481077394528,0.12417745778350583,0.1246480572441766
0.1226174532,0.12590651386735674,0.12452170466531186,0.12544727038640288
0.030695268268883823,0.031148585819761744,0.031291046141272594,0.03128387264283647
0.061602309216000004,0.06362897143611748,0.06269081291157907,0.06242852429678144
0.2187999191030703,0.21973804015792867,0.21861099210197893,0.21879454465977052
0.2479409467920352,0.24790957549183382,0.24779391318306795,0.24693975364768367
0.4385674144594202,0.4400640976089148,0.4380248702376344,0.4373790714807038
0.1249178363108198,0.1254398135278454,0.12501156622095252,0.1246448274991107
0.2512524151439139,0.24766604943476886,0.24833662953029748,0.24727563717436202
0.24759356952989903,0.24735204758906643,0.24840492756688234,0.2486036597318715
0.24971903999999992,0.2521328216834717,0.2507433211521538,0.2504412062798032
0.05954067367771523,0.06280856762483945,0.06235301674370406,0.06250845182327759
0.0599813549791607,0.06231760139811907,0.06251614325362774,0.06223204126618387
0.01886308410753076,0.018259684631161014,0.018454875380129267,0.01851701244794203
0.1273006519453256,0.12443263102916713,0.12519114058955816,0.12488913234473895
0.2574540180000559,0.2514583110289904,0.24845865565785036,0.2485258204460807
0.128006965383648,0.12391707471118474,0.1247821712423057,0.1249522236328478
0.9836653720862473,0.98539610704743,0.9850050751062916,0.9849929350292308
0.12759073357702744,0.12453589605807514,0.12464072475433151,0.12511641420445463
0.0639481910953616,0.06295380004511245,0.06278613806962383,0.06268200381506646
0.10063668568810763,0.10168552007018616,0.10171916525289107,0.10145118922918443
0.255021,0.24866802791818898,0.2501794386854412,0.24999807070780186
0.24635165747062576,0.24850571127504215,0.25070399388827,0.24904368050744305
0.5014489863887808,0.49508714553729116,0.4950167334220629,0.49433651858866673
0.4923810429885898,0.4900298370311984,0.49020904812115995,0.49101111781420786
0.500808439667377,0.5002881410463023,0.49859640450361964,0.4977047577272847
0.06377475587852177,0.062107306313904646,0.0626805279437497,0.0625452969896163
0.24540820000000002,0.2475241031908737,0.24942103133750576,0.24977114669104594
0.13054282397351427,0.12382039983028238,0.12490127324475854,0.12451684996870216
0.12275313189238529,0.12464568911719345,0.12450865233358283,0.12482884864058715
0.25488920000000004,0.2498350905074385,0.25066347538462586,0.25054133494294606
0.49845122292760763,0.49900102789421474,0.49855954953841297,0.4975262937341079
0.020599750941738486,0.021222317748964305,0.02136604233555324,0.02150093015724049
0.12664377057227982,0.1259254415989649,0.12500135448832686,0.12519631896187053
0.8674866432730723,0.8664011711295214,0.866824457066734,0.8661515327059133
0.030290567569930017,0.031176376729769837,0.03117544870815727,0.03128762640326714
0.03206644828420413,0.031397220867900914,0.03121542483597064,0.031357711069600995
0.12078146385079983,0.12603616020688455,0.12534886279811536,0.12466890841825068
0.250173,0.2495661346315477,0.25040864696532,0.24985595664660643
0.244836023806137,0.24962685536353316,0.24993179261158582,0.24980265172706684
0.24554876131009923,0.24968091883811788,0.24924057501119162,0.24923067853328854
0.12629638559999998,0.1247068115999378,0.1244756261005338,0.12498568545850472
0.12505741407334992,0.12483484026182023,0.12494952183455586,0.12533463600910602
0.49019999999999997,0.49871142739452373,0.49966407358160925,0.5001253795563269
0.029884751866093313,0.03117310390946368,0.031136608517890872,0.031243296897224996
0.24372572655168862,0.2474876218111127,0.24690041069675,0.24682709630419164
0.12354607630131093,0.12455003376320463,0.12485689018073462,0.12491445188873947
0.12424668672,0.12457132509653596,0.12457355475587248,0.12521356020477625
0.7608164138242445,0.7615792835219005,0.7623432637683505,0.7611477227388775
0.49658527624294685,0.4980857464680352,0.50011078398293,0.5004934093907143
0.062455489617914535,0.061954604906680956,0.06221738407736152,0.06223921527499103
0.03177921400052758,0.03113974345480511,0.031200541064775832,0.03115576293404575
0.030691494489920458,0.031256122148001816,0.031248662368048484,0.03128096254857446
0.505078779322481,0.4953029811181503,0.49339172083653415,0.49552623261908474
0.06240187715942181,0.06251847632022374,0.06203406032835502,0.062267366472412544
0.4971314050413488,0.4959614381117694,0.49741294262339797,0.49708191721398864
0.48214061818630727,0.4963295070021721,0.495828844178667,0.4972624325820928
0.12412425304945819,0.12432603675709808,0.12417855967853501,0.12464494017936756
0.05972131315542961,0.06097984265845671,0.060767309987973354,0.060652639302317526
0.5029737167183745,0.49434586845680895,0.4921442322653151,0.49282878973988203
0.015538259469357964,0.015539310642469474,0.015575381330164166,0.015620631222020795
0.06021817520000001,0.0633984042985983,0.062384351085856396,0.0625308020009567
0.061005319504163415,0.06185894498039129,0.062073443805974696,0.06200398931288036
0.12722060266253896,0.12547454613558126,0.12481299272682903,0.1247000833981278
0.06248289352432547,0.06315501686771034,0.06275618787182904,0.06268920639415569
0.24891211515863818,0.24879538602824652,0.24871356761095598,0.2487293266752389
0.4377664910100507,0.4388867107593902,0.43771518329763787,0.4380157478332823
0.12276036724000002,0.12440167404606256,0.12474149570179481,0.12457755408836534
0.24577165210204466,0.24950749233880898,0.24874952904709735,0.24848327818151097
0.2513362652313611,0.24693709550368287,0.24884632675659377,0.24885285801974105
0.483636441198409,0.48988134471914324,0.49305223224101813,0.4920225786181432
0.2434243213627492,0.247024578267207,0.24861835080691688,0.24841327628472115
0.5068,0.5034327273933399,0.5013460138320951,0.5003272771177636
0.49378815324936454,0.4979674277311709,0.496768411216313,0.49707519527855276
0.5043876245020164,0.49769981167508553,0.49741423765147785,0.49682038322674477
0.240002,0.24928364443984014,0.24911857095990356,0.24989958156223258
0.24693484961492101,0.24826474813510657,0.24915245595521368,0.2489184213458045
0.49760072752864726,0.4914894302909586,0.4933360587653859,0.49224421670792873
0.9896035981423325,0.990243125289169,0.9900081745174564,0.9899493912403059
0.2420945993276586,0.2485065122387421,0.24696248248601577,0.24723322841002165
0.06403069802741197,0.06242396052347879,0.06222876638812376,0.06246762456699775
0.12649574276007783,0.12518574578409863,0.1246116967285163,0.12533187860620806
0.06301509955595426,0.06228415010015713,0.06271720651032704,0.06252904098465506
0.1255728145222995,0.12500338221756488,0.12464703617811551,0.1246657352697947
0.12186764,0.12615802648525198,0.12426680649341258,0.124810621632179
0.059571812352,0.061818906354719115,0.06241466424136934,0.06240169309048028
0.4964,0.498873252375942,0.5008918089448586,0.5002883731343312
0.24131328,0.24748911756897615,0.2500145434320987,0.24940771353991756
0.9948025751300538,0.9950965364132686,0.9949191786010959,0.9949518764547565
0.24965337534519885,0.24812886874477957,0.2452878186555023,0.24757423524420988
0.06086104376965979,0.06218062330408093,0.0624895739033089,0.06241896406908083
0.5117866915793002,0.5014479217971406,0.4993427225360279,0.49999331917290624
0.060293432664403734,0.06242708474164355,0.062381139434533134,0.0626176467141911
0.250937,0.24973187959471638,0.24984424875772093,0.2498418233079173
0.21232016368211473,0.20988539622913233,0.21106041360586023,0.2104017736853601
0.12306073311999999,0.12490471141781878,0.12507491261523462,0.1250386542740568
0.23851856000000002,0.2494596350746503,0.2490037733039639,0.24962368953246597
0.11114193852365127,0.10865794074700587,0.10947088193556646,0.10941653417250267
0.12521594624000001,0.12502224523803296,0.12532322714858285,0.12524517280500969
0.04613690667455889,0.04658318339066721,0.04663624689922778,0.04646526511455878
0.12316799085587768,0.12388099299058689,0.12485626245543904,0.12510231088313992
0.12411352002412,0.1244604061425106,0.1247708192882128,0.12458879796755395
0.12469479325703528,0.12465906361183225,0.1253850856776263,0.12531947547322125
0.24582556000000003,0.24948735951006717,0.24907231622359463,0.250242555408101
0.12486565864298614,0.12458168468708666,0.12454002165465533,0.12430606035093437
0.12406234268342944,0.12333286285152689,0.12328501670451196,0.12407118008920671
0.24282968161599996,0.24979614170154496,0.2509823569530806,0.25032808505031773
0.511585169049946,0.5015762528807012,0.5000995220434575,0.5001770194532494
0.22050935853599443,0.21952659519176046,0.21915606686792094,0.21884425767935958
0.0136303434083935,0.013890200220026497,0.013557894371738766,0.013660960029337452
0.12337046455836978,0.12417291021256889,0.12511840634964155,0.1250559872062029
0.12258871535874778,0.12475287381174498,0.1252351223020437,0.12490643963699961
0.12823582186879692,0.12548925716713855,0.12529847993858903,0.12511057444646
0.24821370334276452,0.24627621051752843,0.247793973164951,0.2478701094693665
0.247742333676163,0.2483593182935314,0.24786103836335385,0.24750128619797868
0.06153699009499915,0.06172659544612429,0.06252529698950787,0.0623256424033058
0.11895306159341638,0.12376118245969635,0.12503461472662286,0.1253250171089333
0.10948150519820331,0.10932500677322735,0.10963277379044473,0.10930988377432556
0.03182055262848001,0.03187274270235487,0.03132942164167713,0.031150354502503197
0.12619776000000002,0.12459868611719953,0.12613932890342056,0.12493975378938431
0.127342007639856,0.1258855802108354,0.12493426039999082,0.1248700210353689
0.12450048,0.12453713807535695,0.12503038247657197,0.12483145916302518
0.0629379870307038,0.06203201292439154,0.06219210343823298,0.06290828400827958
0.12253713576000003,0.12432175544382623,0.12572606976685494,0.12515646749728232
0.061975942300589934,0.06232828009565521,0.06269836686613488,0.06237670026482219
0.48877834326378355,0.4950564861365843,0.4953672374884737,0.49543183837641275
0.1265932141768418,0.1257289507329817,0.12492742102250551,0.12487255600095627
0.03037557593126854,0.031517555148599524,0.031070625216659212,0.03114196993508091
0.06070310448,0.0625538524778823,0.06260327965058882,0.06255355031571186
0.12164084832,0.1239187864472609,0.12520604793432782,0.12527349885176223
0.1260731946091694,0.1252219242251259,0.12547185646744266,0.12474701845841944
0.05511212272569718,0.05458738509743168,0.05446380031542679,0.05485119665741407
0.2511145658910573,0.2502695854152524,0.24906937729800424,0.24854509457030619
0.1247656903153516,0.12433653266065416,0.12466138537917583,0.12422086971146364
0.12645489551884165,0.12590815060062277,0.1252726322473915,0.12522631558774258
0.0616671489598004,0.061938805557594234,0.06229625720361098,0.062491804551803705
0.11718693972527529,0.11237280869781402,0.11123873954513872,0.1111569888204143
0.02704864638107663,0.027351628474328933,0.027248860810813954,0.02731390498563957
0.24657349109565255,0.2461050450942877,0.24717545029222518,0.24735484441260536
0.2514477030875484,0.2488240961438494,0.24848341026184684,0.24858346588673055
0.12398413288382634,0.12504913474705556,0.12427730577653841,0.12461517463840381
0.12169341118627343,0.12421099666744545,0.12366300441159245,0.12368038631047011
0.2485596182328207,0.24975216397864455,0.24887233762334368,0.24886762146543148
0.03189862879352094,0.03164105884664244,0.03137132045752395,0.031253199193627554
0.06577759968584415,0.06221063964370775,0.0627890145375161,0.06262976085112047
0.2516679704789527,0.24882525033888056,0.24832315372528393,0.24843217221078012
0.24927935999999998,0.25019745252282094,0.2509043235781162,0.250262423132331
0.06378913083965591,0.06262281144878419,0.06286547165923621,0.06242561162738111
0.24904456000000003,0.2515028060674959,0.2506429397122641,0.2501087597196402
0.4426925003067117,0.43753789865449577,0.4371151810323617,0.4374095411081442
0.1226939204,0.12402144856103277,0.1253824629697927,0.12485816086500191
0.24979173295615562,0.24859943543873927,0.2484114680696024,0.24955927910158757
0.9890302355460723,0.9901556206960603,0.9898760264075845,0.9899073609236034
0.24930048,0.2503402608806945,0.25016962807636284,0.2505107099059266
0.24600960772889605,0.2497633352619886,0.24844492900635468,0.2486053289655092
0.12988944,0.1252904239626959,0.1248089281572944,0.12528387464944848
0.25035485236444877,0.24677072401407843,0.24716661967749187,0.24723986939432785
0.49900000000000005,0.49857790429632526,0.4989163583063416,0.49994951452345415
0.12579364262929102,0.12458648300370717,0.12428658764966623,0.12456213856265894
0.030904563135682177,0.031384567555852796,0.0313840213609485,0.031143929790651084
0.5028890564356066,0.4937489010970841,0.4955620933944641,0.4948553407583676
0.49434757213952,0.4975864914309269,0.4969352049997863,0.4982706812855944
0.21372376097987908,0.21863654893566273,0.21935650788575023,0.21892161391746037
0.06576815719600004,0.06258553668621873,0.06232862208703932,0.06251808831323713
0.06211226509503864,0.062379898900976304,0.062497700799211874,0.06257639981629588
0.25643900000000003,0.25038291110776595,0.24933624108611344,0.2497068465329561
1.0,0.9999256292828228,0.9999228434289815,0.9999247409252321
0.24414332693372756,0.24934819071747114,0.24952306137593694,0.24860632910268818
0.24738524096000009,0.24814853685922267,0.24856899540808242,0.24890207671670755
0.061957101300656174,0.06271030379118882,0.06261658400023977,0.062330587756900944
0.24373697707447578,0.24911394075176413,0.249193146728618,0.24914993680412065
0.49849632,0.4981451026907527,0.4979761119409948,0.49709064549693505
0.4430716769698477,0.43655649720628237,0.4383006930968477,0.43674206972071894
0.25210216,0.24998651655397452,0.2495619328772116,0.25015161096556854
0.49636491594341103,0.497410663603646,0.49815549444025686,0.4967745879532574
0.01561234162976832,0.015557776777842782,0.015655547995682816,0.01568103131887827
0.10798540728611104,0.10921537467073257,0.10888185777965602,0.10940315251691897
0.12526434556368515,0.123290220231888,0.12368762528270737,0.12344187135313855
0.25043798672627904,0.2508229771388016,0.25057484678273123,0.24989028199422175
0.12460887575285308,0.12496972655519391,0.12568581073382018,0.125014899156306
0.2534318224560594,0.24913181438854648,0.24850878850151742,0.24911334701131035
0.030319074933033048,0.03113571615176179,0.03139512936189743,0.031050969456579647
0.031065246524857103,0.0312976511172216,0.031364663548043965,0.03135901046347843
0.12358755480407291,0.12618117186609834,0.12516962480537447,0.1252232337609738
0.9836125345694762,0.9852283979003458,0.9848236639038781,0.9849956936650808
0.24856980150544677,0.24862868988880316,0.24818846933749963,0.24870768679472452
0.24210912000000004,0.24999940932526935,0.24876371897487462,0.2499074645948334
0.06222321798417787,0.062189038700083375,0.06230124995366382,0.062239014407913656
0.06233159939484491,0.0626700922561557,0.06223074632333586,0.06236383741531428
0.47901694319924426,0.4939686290045724,0.493372820743303,0.4947952180944759
0.32695504000000003,0.3310175547703073,0.3317582593067301,0.3331468868877251
0.12885104,0.12460048548321305,0.12560936491019623,0.12496055421439071
0.2436,0.24788390301487812,0.25012923440070495,0.2503182070877943
0.4970253482113478,0.4993358583668688,0.49709473922535613,0.49766713922263267
0.12727643071679604,0.1252662746401937,0.12467185450153619,0.12508419893928338
0.50896112,0.49445474242116416,0.49707356974522704,0.4967714496378533
0.066046708728,0.06264193749063104,0.06244376499508203,0.0625315975686365
0.06142305784682545,0.06237671291371367,0.06270535302072434,0.0626812870595376
0.9951977454708524,0.9949509447921284,0.994969067233432,0.9949648994449408
0.2510642315567328,0.2491260427739863,0.2491905110950764,0.24924139647806706
0.2430597025026813,0.24893413358639963,0.24770917522154723,0.24691180374727748
0.8703615072853441,0.8705502020002076,0.8704083883530931,0.870269072027299
0.24758271999999998,0.24716788738851503,0.24862258950081062,0.25031324314188175
0.03462321176195129,0.03528334029963128,0.0350224467137808,0.03513779688844536
0.11034286644612598,0.11116213982316746,0.11160265384055633,0.11139786333681288
0.48198816,0.4961034232374274,0.49663479370064934,0.49684287684626943
0.1222624815182399,0.12395607838609052,0.125112069043318,0.12510641699199868
0.013892812636946642,0.013812168744369089,0.01364904237706776,0.013639370141368873
0.2448094,0.2478931631460987,0.25033877810507643,0.25025783613733826
0.4893688518341891,0.49320770349951765,0.4953731877166808,0.49522125383804316
0.038020589136898625,0.0388157431932894,0.0388995545566773,0.03899686218502778
0.4988,0.5005533469474994,0.49987609267679456,0.5001882968094975
0.1085739353395745,0.11050292129275649,0.10933186348922326,0.1091491007420595
0.443134701456,0.4376083280252832,0.4370386371233198,0.43768784710209324
0.9946329116940192,0.9949891989341668,0.9949856760157019,0.9949394549343197
0.03242966004140668,0.031429540229900466,0.031248729045877197,0.031305574768905615
0.06247117775865644,0.06234562723510429,0.062429184527634164,0.06235309044723277
0.50944572,0.4999408515927476,0.49834196908970624,0.4975811962953053
0.12441870976000001,0.1248076584525335,0.12467115755869052,0.1252976673781919
0.060193266327039974,0.06198936252044379,0.06210465333640536,0.06259814752616227
0.12759552000000002,0.12424003117605587,0.1244912267102303,0.12474345524645063
0.24876048,0.2497651867921582,0.2490929980348585,0.2501494828955977
0.12389086499760427,0.12514248016392765,0.12466177812254511,0.12473026000356503
0.1254949422292486,0.12550888384579725,0.1251270551648578,0.12457694711314697
0.06106876162466399,0.06251724460723389,0.062314472918764664,0.06247750189777801
0.506,0.5028129713920666,0.501647024167241,0.4997612295322935
0.12276831099890874,0.12389968818207588,0.12336866852683227,0.12368795997582088
0.25104413889661076,0.2491168275505779,0.24972356108429614,0.248186761239429
0.12259477790400003,0.124537265718526,0.1245319479748367,0.12482966173220428
0.49447356907152645,0.4976822551949337,0.4969179232636555,0.4982823998768044
0.49093596,0.4980898371711725,0.497392351975565,0.49767008105023486
0.12356421561286997,0.12372085433638104,0.12489363831738817,0.12448410593314646
0.2509706770769338,0.25019891918385856,0.2501480460325037,0.2484448677433311
0.2474463436740368,0.24744451347506222,0.24731678002784083,0.24773330926908851
0.24879468000000002,0.24920341970434412,0.2495145283300873,0.2503219722198219
0.06378810273473703,0.06249881224866674,0.06230699733760271,0.0626903775294437
0.060569811336673336,0.060938177565396996,0.06072483578584578,0.0604121540681056
0.12618410956799997,0.12593158843320248,0.1250074187836973,0.12510172440700645
0.24180788318034302,0.2469895787946837,0.24753555650114073,0.24925854214295134
0.24961092000000001,0.24808489138742626,0.25045697319408516,0.24988505021317334
0.0629936210794054,0.06254058227132858,0.06225995314102282,0.06259011693518249
0.253599582976,0.24878854653752805,0.24909041449110797,0.24918112936468692
0.0612898523431817,0.060634831040458304,0.06016230568643343,0.06023563720554548
0.5041738957684243,0.4997822193492032,0.4974369366741309,0.497195743832913
0.246372,0.24829480134603554,0.2499223065696746,0.24996331350665155
0.24303658385982888,0.24698310953724356,0.2483438962393044,0.24782874052447743
0.5100592913575798,0.49635626182865467,0.49189507445853237,0.492065321479307
0.12465,0.12493696851252714,0.12494863565943512,0.12472959567245191
0.869840700301452,0.8706550700872414,0.870230467014589,0.8707327684844329
0.12342190791999998,0.12596183000800354,0.12466434041579469,0.12496564605853618
0.12043885967154752,0.12451433898232975,0.12476023088973909,0.12437775090885406
0.2510669237437914,0.24878665557302546,0.24891678542180443,0.2487624337948787
0.2465746611563266,0.24785689600055164,0.24835252316929332,0.24868970070913596
0.3272,0.33336516305246083,0.33413795823648307,0.33472000744257835
0.1246116017111916,0.12379070882257125,0.1249129125412141,0.12475832360767361
0.1274382,0.12565607920163185,0.12464502532374735,0.1251115978696749
0.24789482116054404,0.252274547799923,0.24964321555889704,0.24879634820868834
0.12594094550400003,0.12617847108189417,0.12486023611033911,0.12516015264211514
0.43721349761098016,0.43889876225867097,0.4368408864966346,0.4376844756490781
0.24581087999999998,0.24991101844631003,0.2496728788066339,0.24964380624548263
0.2547084,0.25169579474539533,0.2502714136387766,0.24972369722683627
0.26038207999999996,0.24987909864548918,0.24999376661943937,0.2496515526270208
0.062384665122486894,0.06251212096978537,0.062478341628008346,0.06222305115449524
0.4929854145045023,0.5015931722548395,0.5000383755702473,0.5001037716249872
0.2545173866630598,0.2505537383508997,0.2487417331339977,0.24899711321602427
0.991904177346374,0.9925396251453811,0.9925482488566099,0.992443656808172
0.49402860537098814,0.49720743313198784,0.49861119423818423,0.49741015464339716
0.032103551183051006,0.03145682652623892,0.03119833035627837,0.03126348356550299
0.06451636128,0.06313909562246728,0.06228583915680779,0.0626403204202498
0.49245171818571687,0.49981956547854745,0.49878152794493763,0.4976706024321207
0.9884624941108611,0.9901744611408964,0.989966913116732,0.9899718945774788
0.06470354701105507,0.06291251768628166,0.06268609207562485,0.06244576795300193
0.031000640945575277,0.03132250060158804,0.031295332475944355,0.031314541977871924
0.0305613713705992,0.030939575231694296,0.030906547743668515,0.031113809306183238
0.059519194799999994,0.061870960131350905,0.06237713184242265,0.0624969272519956
0.12353523577337257,0.12460031033756432,0.1249854296095346,0.12465340781312377
0.031489341745394424,0.03125670490313116,0.031034386265794352,0.03119860881444601
0.4979730741901001,0.5014585105090981,0.5011246048343574,0.5003556588463488
0.24629631999999999,0.2495054180620428,0.2503172332852601,0.2497286739154464
0.4962147096274736,0.49745573046609826,0.4952568411607437,0.49529977178804174
0.5118,0.5014467814401199,0.4993425982734086,0.4999932539797736
0.06609124720800003,0.06292720686477134,0.062488023538081895,0.062452951988510474
0.12764880504016743,0.12522627759221885,0.12484201174769997,0.12459281913110458
0.12637048119999994,0.12461422565272522,0.12470847355206303,0.1250268160793197
0.9890013719251433,0.9901265489324176,0.98984978020713,0.9899829780948769
0.2567386515675767,0.24838859777529818,0.24866098218178126,0.24960646547375015
0.5001779850503406,0.4962257146066809,0.4977291909778475,0.49693633002210624
0.24949612000000002,0.25058129329133666,0.249878494656667,0.249978530780799
0.12325315570989634,0.12420228063578703,0.12343044254073954,0.12366720123225836
0.502,0.4987975107503281,0.5009205123739737,0.49895927212953306
0.24925824000000002,0.24829970551710365,0.24994277168904597,0.2504970909650868
0.015671014538618182,0.015731032860498807,0.01567837876825182,0.015708739780996395
0.1267078995046651,0.12492126830812889,0.12419017825865783,0.12454437159263985
0.03079149338905358,0.030581021099431924,0.030265139044654835,0.030232912982359975
0.10996489135518524,0.10899866426868826,0.10957696899187938,0.10951047817702027
0.24525427397927357,0.24894506242235614,0.2481515043450776,0.2469669100824162
0.06447971662745539,0.06273384124555721,0.06256745359503596,0.06245950963416478
0.25003936573612573,0.24736727234382094,0.24647907541437525,0.2473389812666394
0.12338096897158364,0.12488088492708299,0.125069640332577,0.1242939240956078
0.01614068728797183,0.015550062952292167,0.015569821008671431,0.01567172717875872
0.048312906040581596,0.05029531425598038,0.0508460519357969,0.0508433009826612
0.12103460795211655,0.1242141675302986,0.12426869269972299,0.124288663752403
0.12421321865996382,0.12430985504110995,0.12522837581519544,0.1250757829489921
0.054516164556054035,0.05477572448645422,0.05481365180307358,0.05484490416782188
0.2554234,0.25017381899841096,0.2501915806980978,0.2501605141702067
0.5087352073994148,0.4972403609428742,0.49705289160042265,0.4974186127397429
0.2418,0.24850875706066933,0.2500316009549328,0.24958525644446314
0.994769714552545,0.9949742193978105,0.9949783338951814,0.9949309824786694
0.06202559407664365,0.06318046525129187,0.06265760522334922,0.062361097055830705
0.12728050736464078,0.1247314664170682,0.12487748595809901,0.12445730564823036
0.25191672000000004,0.25251683814409176,0.2504439265323403,0.2500972233018086
0.06408777340800001,0.06276730071605233,0.06254902087863431,0.06257769372627811
0.0607217008443564,0.06208818353796503,0.06219199698838535,0.06220318278907698
0.8664454496098263,0.8665430932816834,0.8665993698370184,0.8661368226188833
0.24437435999999998,0.24788990319579657,0.2489306356432706,0.24815799170324682
0.8717678820370053,0.8716870160832063,0.8719080000551551,0.8706292348431457
0.05951657606400001,0.06168702489351519,0.06259442277201455,0.06253193377908942
0.06076230611864577,0.06174047626531082,0.06215689257196906,0.061930742158076715
0.43150687539248106,0.4378827802459739,0.4367125577988932,0.4375250486034935
0.25140192,0.24924601537724922,0.25036332154100627,0.2501598356375837
0.49920000000000003,0.5010178818894057,0.5005276007768381,0.4994738043375895
0.059786388256032226,0.06237226058111215,0.06262895065748769,0.06244818245230661
0.12601328825328445,0.12456891239754675,0.1243626012951195,0.12386199244777102
0.058397779104,0.06221907108090132,0.06271551312293176,0.06270810376217176
0.12116998713600001,0.12552216575679861,0.12489987853727554,0.12520879675710211
0.25935168000000003,0.2501737671346218,0.25047249167146773,0.25048952360204835
0.12827038929974396,0.12393422037513167,0.12553588350901287,0.12486572389036076
0.060910395378143946,0.06233433865923808,0.062221609403762486,0.06258019491368969
0.06123439120171037,0.06171094194107292,0.062277644562344685,0.0627417421470007
0.25126919999999997,0.24888012930985476,0.2489530727879741,0.24972649930523827
0.9841187673641842,0.9854369222504747,0.9849187245415509,0.9850081110850972
0.2592846,0.25101087997085003,0.25042438864887523,0.25044874950437257
0.491491183996036,0.4979759040878268,0.4975137727753062,0.4975260641127956
0.11023236797650257,0.10895553829051809,0.10895202414640098,0.10940174078391324
0.016894860818549948,0.01656844722931061,0.01653126503644395,0.01665047902363627
0.49613203824683755,0.4923947276844066,0.4910924761738591,0.49266780589294223
0.486850737084341,0.4962924981296307,0.49848487966839833,0.4974301278375896
0.062468839135059226,0.06229657363110597,0.062348408744381446,0.06252951793234715
0.25249256,0.24786626403084946,0.2507745075318695,0.24985347286327997
0.12148987483073338,0.12305271173521766,0.12363185634986688,0.12435986627416985
0.2514930027941046,0.25145925263351243,0.251039250179101,0.25002403082677743
0.062066283683704364,0.06278451491362097,0.062522712901617,0.062392066228052864
0.12394662151199999,0.12596186788956856,0.12540812874770446,0.12493776050353311
0.2473963061158864,0.2480922014683833,0.2479593390831368,0.24752215928361437
0.24167907385897314,0.24861636450478658,0.24886563457593658,0.24853279072999065
0.0619543216071567,0.06201270430333132,0.06186873215568583,0.061880406986247784
0.12414682962762899,0.12479958978272951,0.12493611708868609,0.12470674274461387
0.24375744000000002,0.2495603154154783,0.24905089214487455,0.24995689613016786
0.4893300025691059,0.4966062090883972,0.49577278349774806,0.49477130567809824
0.5029909401399948,0.4944955056028014,0.49719684224297556,0.4983244689720159
0.0609862738657669,0.06159541443764354,0.06161935953769743,0.0619079095785671
0.12878852,0.12657940373652543,0.12517083550813263,0.12509290966696346
0.5039217536060111,0.4961469589306637,0.49876933379815486,0.4979259027292117
0.12795406064329656,0.1257619678449461,0.12523586523158042,0.12494300893238629
0.1287574123486683,0.12513006037533356,0.12474765034357421,0.12542733843142798
0.24995851075348235,0.25026277074549774,0.2504687611210595,0.25006389959991493
0.05929224,0.06263633350396033,0.06283975789146719,0.062478659935414994
0.242154,0.2508085357727238,0.2510030388919032,0.2501093694052294
0.2215850325104786,0.218862520905407,0.21941021932781477,0.21875977141234135
0.062427625420541824,0.06236387999299668,0.06251471739794484,0.06195257287886606
0.12489904,0.12666484845216003,0.1258079438834294,0.12525108828974796
0.06530636,0.06293672273214011,0.06257366624222316,0.0624251346286582
0.021329801808000003,0.020790297632816,0.020626916804961266,0.020596171491135486
0.503131140432671,0.5007196906697458,0.4984805081329412,0.4976372870788994
0.028448957749370146,0.02968300029519385,0.03039783216204305,0.03019013118894765
0.2482,0.24942494249424943,0.25010716710967784,0.2500285279291511
0.25633528,0.25287806529932244,0.24997561994270323,0.2502965048014317
0.06575312396800001,0.06261493797773439,0.06250842294067263,0.06246619704019234
0.05997405036,0.06063014484408083,0.06209176295490378,0.06252024816616142
0.22271053206250746,0.21934357877419397,0.21882299818322654,0.21924053881968886
0.9832872119918166,0.984774704140056,0.986499248404267,0.9841994007548155
0.10984503387453562,0.10808554861512076,0.10909773860156308,0.10928136138065717
0.24086732300009395,0.24719339859114978,0.24779260883455817,0.24760215435556507
0.12825448544418525,0.12442803714687121,0.12480994803608324,0.12495959856259534
0.24980844165902605,0.2507685689756207,0.24892781667639508,0.2493773067296467
0.064711968976,0.06278246510600342,0.06252103473263042,0.06223073941170102
0.06406465257561601,0.06277844589944809,0.06247754901414003,0.062302607413937124
0.12097458139922408,0.12419009424958193,0.12549617043393146,0.124889031997525
0.12326524063913476,0.12495854124544029,0.12468880846730102,0.12491213138943137
0.25009951999999996,0.24966400304951064,0.25022907944978295,0.24986669411746026
0.24881096361839472,0.2498607777068216,0.24946026611228325,0.24852913300408683
0.499,0.4975976425508782,0.5012792456114203,0.5006529739347125
0.44267315814571845,0.43685048210028793,0.4372353580198135,0.4374028402084074
0.24482508000000006,0.24981074854863805,0.25003135578354035,0.2495396866375998
0.2490198071531599,0.24958913744297923,0.24933516788195623,0.24864109492861777
0.2511100966071211,0.24924611232222763,0.24958318751190922,0.24879002961032454
0.24789395746194456,0.24909202425523233,0.25025595365599596,0.2503621883170006
0.12253562385548314,0.12517391776455047,0.12413557335099999,0.12374386807495434
0.061503959999999996,0.06156855691965103,0.06225641094438955,0.06234367681193211
0.12430805197603728,0.12472055963524105,0.12365051060319202,0.12355972837626968
0.12324709491411082,0.12421949954329228,0.1243923158446147,0.12422004996708341
0.24621022640534715,0.24892205983761692,0.24878672757239548,0.24842495888216704
0.1268172140643848,0.12527741470143755,0.12521767973439082,0.1250946359940899
0.06073341073989121,0.06174502724200688,0.06205739257384201,0.06256219307044106
0.9846405237757577,0.9853386125994162,0.9850168721909934,0.9849845472915969
0.06090249023055611,0.062065678650423464,0.061823814500520824,0.06216649818920525
0.013226126508797464,0.01332498171930765,0.013261722858484822,0.013305397078856503
0.12821528919322933,0.12567859103543125,0.12434239289129236,0.12490293509745937
0.9938626386803083,0.9950904344139848,0.9949945068478098,0.9949209669168724
0.25291889458702127,0.2504422186956741,0.24851517562587247,0.24861208778766497
0.5087872109294743,0.5029279012717341,0.5003533534436144,0.5000380915679171
0.2504838330495883,0.2476383493548091,0.24764547145198829,0.24770043973531936
0.2498231190202433,0.2438874956339139,0.24829463369021162,0.24890632482148417
0.06336848893681797,0.06235099302768044,0.062171269758602245,0.06251653268552569
0.25451064,0.24902952017198404,0.2499454251887595,0.24981047271827264
0.20212069486975912,0.20281422795366938,0.20315638235068123,0.2033187039469339
0.4850404794067485,0.49104586116179494,0.4912988956582348,0.49302946811537784
0.12543169091876133,0.12409670260349759,0.12453164183938625,0.12516247876388598
0.12348475310476974,0.12483708029490917,0.12508565798194723,0.12509083917535777
0.44104608542400003,0.43549019010881856,0.43629454505711324,0.4373562541600005
0.2466828,0.24791951562588666,0.24967839284911333,0.24958458082076626
0.9945132609705254,0.9949929787217433,0.9948896624639357,0.9949429424106802
0.12351414076289537,0.12436155755927561,0.12401579289264851,0.12324416068394366
0.12413560667200002,0.12430045461279153,0.1247278399336035,0.1249083723482633
0.12147621457981016,0.12534887970196687,0.12402289151282066,0.1244426432432963
0.031059000962374246,0.031449546719617735,0.031107047107316058,0.031135003940082256
0.47930680000000003,0.4953316762083561,0.4975529853604616,0.49642354491406476
0.49155457573035805,0.49616548941320454,0.49533453586446835,0.49486841836977113
0.24137208,0.24989298750303404,0.2497482399033121,0.24986789539391832
0.12471449606421822,0.12556275201909758,0.1256369291947151,0.12510818983648414
0.25420468,0.25211858774019225,0.25063216085094575,0.24932211525075454
0.030441557255999997,0.031743489914975116,0.03152912134653048,0.03117111652491212
0.12385899886670292,0.12531743873492268,0.12536714501429688,0.12539152403415585
0.12470832458041653,0.12422370909577525,0.12537017971555062,0.1251268999102522
0.25573364000000004,0.2513802820782936,0.24934581401305675,0.2500042785550888
0.12758842952265745,0.12599474119668827,0.1247186188752856,0.12488221858090755
0.49760000000000004,0.5011942877892981,0.5001888682143956,0.4999101230750795
0.9947612050934086,0.9949745495399206,0.9949672376883938,0.9949571530856306
0.0410142225175124,0.041089893231097754,0.04146502249564316,0.04127111218075239
0.061798978590078574,0.06199813246317532,0.06222413927692871,0.0622193098544136
0.24449023896547564,0.24823440501142804,0.24962749807345525,0.24908888774181248
0.11110156629074969,0.10863306028592447,0.10843352955094525,0.10840904880732422
0.4963189536269176,0.49610062921004616,0.4970986217859973,0.4969949109359108
0.2456,0.25033488613871285,0.25044656920866176,0.24965319960483773
0.24914707210451364,0.24904658622075265,0.24856257003415977,0.25031449746270634
0.12165653355548373,0.12271485498925044,0.1235247444194172,0.12365719011750397
0.06227641457774609,0.06209302253540379,0.06248831452916126,0.06252501514275312
0.12671213909263063,0.1252379282737812,0.12563962287983627,0.12530622129097008
0.022478816626400146,0.02369568238780476,0.023335057482483573,0.023462808481029145
0.49794180258558096,0.4921486277489558,0.4918762080772558,0.4924067173742955
0.116424,0.12237040773605525,0.12406797935684961,0.1252879203141225
0.9944250413703865,0.9951244889242974,0.9949342996229564,0.9949372770579474
0.10754576352468274,0.10984990925777974,0.10940519765773485,0.10921343908355703
0.015117234644882554,0.015608237578510271,0.015645981247474353,0.015615184317296173
0.06031422661873109,0.06296747685874068,0.06260527549892941,0.0625160057408645
0.05965622166400001,0.061436566265264045,0.062117193590806793,0.06252892706611755
0.5038794559287575,0.496869442166265,0.49736555242712666,0.4976493313113915
0.996,0.9939232814280289,0.9938161716961773,0.9940540731855733
0.06274975999999999,0.06086199953588741,0.06215537961921142,0.06248686682888782
0.1268568,0.12461552110495933,0.12539564481255538,0.12505313985411123
0.123480760608,0.12485595646338157,0.12451457376811698,0.1250988081092158
0.05998790353515203,0.06232290978113051,0.06258946959251611,0.06249629271516346
0.06183627232263301,0.06180335837909066,0.061751163912922194,0.06197311530939809
0.06554621736,0.06342514295582775,0.06240303556607971,0.06241189893244485
0.490330440300323,0.49503248482634493,0.4955961675066712,0.4961266708768238
0.8656098594144235,0.8702474073796874,0.870804765654709,0.8707009937913542
0.12592218700723035,0.12375269082380935,0.12442708995999725,0.1244416403682402
0.12462968237948345,0.12388435435427038,0.12466233740807793,0.12495045622139189
0.03198079585756303,0.031063341003738164,0.03145684223014294,0.031325091928945496
0.1253059560539823,0.12512446705464025,0.12486340901983797,0.12484110801353472
0.242528965728,0.24965314609352932,0.24919805276322296,0.2488013550809432
0.06158671154151293,0.062216637493164355,0.062239431541195156,0.0625182157247495
0.12852644687999998,0.12625558616240162,0.12459903475549282,0.12495650278424915
0.11286231096207934,0.10892467656795342,0.10736634772621742,0.10742311963660581
0.49865090402324713,0.5003102188424613,0.4966608440386331,0.49621071085434887
0.12554408830939712,0.12451881037564237,0.12496907198439974,0.12499742670688187
0.03150472714895999,0.03134342852438237,0.03143920067474868,0.031230717190075245
0.12322585536046349,0.124215624632292,0.1244097877428062,0.12430450375206209
0.12596663112598322,0.1245451037079762,0.12421453004941742,0.12414451941555948
0.49939999999999996,0.4987893257023272,0.49997055620572356,0.4999251783068688
0.12342021984953833,0.12601618431860492,0.12534850059530772,0.12525163308664844
0.2444901951968576,0.24823449407781387,0.24962914461765956,0.24908447894510433
0.12460871509928183,0.12521507056364742,0.12537174870219361,0.12469257955049344
0.9890228649851894,0.9901747051163302,0.9898853342078743,0.989949340165182
0.12306093283018053,0.12492471294869989,0.12515094684290265,0.12410634281564928
0.06221661065070991,0.061981339991954154,0.06239185042735632,0.06256265724294754
0.061496192601042284,0.06292221157820264,0.06260325877816794,0.06264018259804399
0.5016,0.502016540209936,0.49884555929010604,0.4995404941721986
0.030475237912381683,0.030911338968006602,0.031106607885616144,0.031305563744443564
0.2501075399973634,0.2509084696679444,0.2493482337994709,0.24905178961803062
0.12499031999999999,0.12427520039817054,0.1243415388614115,0.12478192850529937
0.25016404,0.25089200472634254,0.24942334895224347,0.24983449147675127
0.05810397687707871,0.06160773630322086,0.06254040628324199,0.06237842520950095
0.13126410547200001,0.12652251387939892,0.1244289978902702,0.12480209047614041
0.10923594727519897,0.10933744599652039,0.10907403698408787,0.10907623842205734
0.06315270807452697,0.0627276826608989,0.06256322017683813,0.06225189797049771
0.12539064000000003,0.12513933932890428,0.12486810585010746,0.1250976200154793
0.061156278412992,0.061147635282467284,0.06172414463931334,0.062338011496005784
0.06000587994253255,0.06282988636594926,0.06206436987161538,0.06239352934115582
0.2180792370161002,0.2189566066527226,0.21873250649023288,0.21862855914644364
0.24659040000000004,0.2503998944353894,0.2495017309938658,0.250658710604259
0.49395271398604607,0.49523127158499486,0.49771244308284024,0.49479270224754085
0.10881784851140211,0.10893489961370394,0.10920613165386986,0.10914148489467279
0.4388157680145746,0.4399251187533245,0.4376887739505505,0.43798778588382364
0.49090390423006186,0.49675532048610377,0.49827177959357993,0.49697427061476473
0.0626930379159453,0.0622823619576713,0.06239188417272424,0.06262917891954477
0.2146483462479923,0.21931468277628885,0.21890127411518265,0.21864431396274928
0.217912272672,0.2225213715727054,0.21850245059025558,0.21840378657005285
0.4903934536560773,0.4953383997410711,0.49581257550473556,0.4978366413083327
0.1228934135954527,0.12295750772777424,0.12222415400092017,0.12330559062817814
0.062284351156573055,0.06222934381172113,0.06263540457903942,0.0626569351536745
0.12607371152827582,0.1248318245155197,0.1246637529970797,0.12494355622375562
0.24794316000000008,0.24993719669346284,0.2517953336990116,0.2503591123334185
0.06399800655545386,0.06297137891223518,0.062312056769829885,0.06258499912997337
0.4988,0.5020768604773524,0.5013059215207079,0.5010453715242247
0.246764,0.2475481830783153,0.2486576668432575,0.24987826110493563
0.25210080000000007,0.24756515922305447,0.24888876039611652,0.250187593949346
0.25381299999999996,0.24982204148715645,0.2499922825616359,0.24987740246779586
0.12687571189773605,0.12489583801022772,0.12464470410450271,0.12514646304536542
0.502385110007089,0.5005373131925206,0.49965947683205253,0.4993228641872887
0.1265830883288206,0.12478467412835588,0.12483660151630328,0.12527762087517375
0.8649642209346883,0.8668505617068782,0.8659431312858106,0.8660708968465033
0.5095317751839287,0.49424193924618914,0.4951890524182169,0.49522054588539355
0.49730340398792006,0.4940157350973567,0.49546068024983486,0.49510463599257637
0.4908529449599999,0.49307438593441555,0.49496926455041207,0.49503779401006764
0.1262888,0.1250218156449972,0.12473995492666143,0.12485672144680106
0.4880726790664551,0.49845584699783646,0.49804541517148215,0.4979705673758806
0.43584943885331606,0.43822378387844774,0.4378628469879425,0.437474576743449
0.24883408808311508,0.2517157106951256,0.2494405125668368,0.24887064984507398
0.12572596805176256,0.12493696767818223,0.12524151110344398,0.12527224849402566
0.2515672335316159,0.2507050282261296,0.2493384100081805,0.24863563920777007
0.2407387035881018,0.24597910851234264,0.24649514131852962,0.24538156656869226
0.0613504817558006,0.06261528781627398,0.0626777287058082,0.06247520070120562
0.24721008554093143,0.24771700172720637,0.24892175675600867,0.24914909114516243
0.12325,0.12310762608255399,0.12477727536655182,0.12510267207308556
0.24769057536942685,0.24423692741923145,0.24777595596147975,0.248823205673341
0.24079830390032447,0.24711343307495132,0.24842099387230593,0.24842459784403895
0.030161675550307705,0.03131473089813688,0.03137601033083427,0.03136762252849656
0.125268128832,0.12519105098599437,0.1250157909925924,0.12493570404801436
0.49381904,0.495973487121084,0.4967822805371934,0.49772766924131556
0.13270110391999998,0.126502508670712,0.12480770226683331,0.12499891208915793
0.5034,0.5011876545073009,0.5006968249465512,0.5007311636445045
0.4859233765779208,0.49615176106689207,0.495226784617717,0.4957104661110222
0.024187143436478098,0.02316437879118019,0.02346140866845353,0.023465573540942482
0.06247127927033304,0.062397325424933175,0.06264267366786423,0.06235117724515917
0.5158,0.5046555618744986,0.49977392722326647,0.5003396254804828
0.01616600980354022,0.015644992273298474,0.015547490525118534,0.015588239998446893
0.12746739104000002,0.12458052361337019,0.1245855339279464,0.12496257394500017
0.020971369128921835,0.019690820634660138,0.019657702051867905,0.01965337685332292
0.015642967404352632,0.015567127049678265,0.015729021016167737,0.0156076641853111
0.06313954283274242,0.06277029816111325,0.06230850660230785,0.062282492113202984
0.1213259572995696,0.12312305996968924,0.12428720989506314,0.12444227805814886
0.12502355185171393,0.12453703928093009,0.1249924228619067,0.12476880437069414
0.2215289681675031,0.2177910022828264,0.21687892733968936,0.2173029746498948
0.0630786393670229,0.06232893767688053,0.0622442006783621,0.062169775889196505
0.49296708574513814,0.4965296280047552,0.49329330652022546,0.4934460038587813
0.25081479529180567,0.2510799861702847,0.24938316597489027,0.2484825891483289
0.24849384,0.24956856160408047,0.2501167972129971,0.2503728638063101
0.12375966528438177,0.12516626949404094,0.12438523114684151,0.12529848803263763
0.12542580870169073,0.12592768174042432,0.12474434110177415,0.12494614240181612
0.503,0.49893707697130213,0.5004097618323097,0.5001123442021261
0.054389129115846264,0.05499772454624739,0.05429773315466941,0.05449553757156039
0.12068304,0.12516584572377829,0.12515119104770583,0.12500817178031562
0.24407065188923394,0.24926927768064452,0.2488800448382056,0.2490375531536929
0.12285545171232194,0.12558404025005618,0.1250766002422872,0.12522062852680485
0.8587514186898446,0.8617141022792715,0.8619929647967703,0.8622404242814958
0.03183439663024393,0.031069457123321556,0.03110943552284948,0.03130049995110824
0.06131036692294803,0.06070096617405501,0.06066741252581607,0.06056848366973275
0.25350496,0.24961966251540904,0.2508697074447219,0.2501051583017278
0.25786047999999995,0.2530811850710542,0.2508772635788839,0.25011705833818076
0.06193725900172131,0.06319576326292974,0.062402584315149105,0.06217689394929769
0.5078034015613789,0.49952822443474143,0.4992367574464058,0.49835283836297284
0.24600816000000003,0.24640068007363775,0.24934563410781146,0.2500664317706095
0.12369376582339375,0.1241719426731597,0.12414871605132292,0.12365744671232916
0.2525,0.24931744134223838,0.2505392387520858,0.25026409766000535
0.12714624,0.12469388652491764,0.1251810202942551,0.12490253822330669
0.12634315824214795,0.12466832392170578,0.12408131694208832,0.12464841495592657
0.49929264,0.4999437851854417,0.4967996041254022,0.49686678146355395
0.12473693295999995,0.12607227683764596,0.12553184393025543,0.1250330517648303
0.12335643058116358,0.12400306251219971,0.12456866319048808,0.12491587621700492
0.24291609614498694,0.24953623399463362,0.24886546518341474,0.24926215823469927
0.5077859639702238,0.5007759556776735,0.49913508267024614,0.49963847531071376
0.21948583019243068,0.22259991118570066,0.21965465856341182,0.22109372528952387
0.12006864000000002,0.12407290900955854,0.12547031890941826,0.12489724384478933
0.4923904642839057,0.4972023017915609,0.495180266702659,0.4970193938348881
0.12222631317455263,0.12535738022153836,0.12518503949042967,0.12537502702895953
0.22075299550065564,0.21959464601749745,0.21970689743305052,0.21926929890567323
0.25440912,0.2492381584141823,0.25061608394979246,0.2498655159329827
0.48919911439776753,0.492990308351637,0.496175692719679,0.49479919714200954
0.06278000905833968,0.06238178641361726,0.06253691112565887,0.06248371016877521
0.25299456,0.24879682205061562,0.25005527854323834,0.25045796814369936
0.2501408187157018,0.24986997920443518,0.24953536241176336,0.24987626734071058
0.25017503999999996,0.2478525375840363,0.2501687789197918,0.24976090630247913
0.2497664,0.2476274819928797,0.24905284974299205,0.250190230732301
0.993,0.9951748489296236,0.9988299650455791,0.9938706292334676
0.1329685488887424,0.12308580330752329,0.12401940401026841,0.12368557493597103
0.5041846570697014,0.49966804072357646,0.4985978305995265,0.5001374045197685
0.24900083999999997,0.2514247033652033,0.2506057930423112,0.24980878707444532
0.03216099936,0.030411812634556848,0.030946802167098865,0.031197410746352676
0.12383722656000001,0.12591350056714656,0.12458195920170241,0.1255917398154295
0.503666141628624,0.49678219862783873,0.4973271156350861,0.4974203267765876
0.12589330041557806,0.12525732802023917,0.12540581981678092,0.12497537519945633
0.8733907215827448,0.8746001100160095,0.8749479157378436,0.8755697870476431
0.5028763428390757,0.4953547872494948,0.49701998890307775,0.4978912350040976
0.9954,0.9941601863054104,0.9948045483696561,0.9941172074932327
0.062639182592,0.06177021280661251,0.06278304840243314,0.062453837691201525
0.060835628865278664,0.06237556154210861,0.0625517298571978,0.062344334750604996
0.24409743182575747,0.24564131383384283,0.24909603284611734,0.24897723877882794
0.24144031999999999,0.24920994192241994,0.250288108458151,0.2504955509373239
0.0636276207630496,0.06294756501198562,0.06273032858288934,0.06265074266681601
0.4943481554363586,0.4978923756381292,0.4970539538942773,0.4974822854978937
0.12491065247999998,0.12453838969329849,0.12450341450135706,0.12529543606446727
0.25390792000000006,0.24946554940428964,0.25044952450004687,0.24990926323696724
0.06433213548978077,0.06303363496735018,0.06252795075724728,0.06243377694718099
0.031939350912,0.03082511058307374,0.03131610558920008,0.03126164505803666
0.124443,0.1271580998146364,0.12634960002558587,0.12517202286041693
0.030842661748146122,0.031259526452619694,0.031219058377093233,0.031276450406408786
0.06196941950879763,0.06261125765553247,0.06253426108889543,0.06244295541988323
0.0315233828603033,0.03141828559103687,0.03131159449519116,0.031311744822501326
0.125536427744,0.1253334118486591,0.1251660937004827,0.12506532169897397
0.2521274661634294,0.24886124904882787,0.24766492345652089,0.24734759484813262
0.01539850869649792,0.015603659201085751,0.01554674837502397,0.015655040206464715
0.1251270409835328,0.12469281076234753,0.12497040663606697,0.1248568243712839
0.24503807999999994,0.24974067505971684,0.2507724624221881,0.25041092635970236
0.12072975999999999,0.12499344835740614,0.1252092426999079,0.12474177137629691
0.2483424068891629,0.2496819322183164,0.24929764000799545,0.2490677302526049
0.12306213041836653,0.12400558079996377,0.12506391664165767,0.12490596212980179
0.06250548199465164,0.06283270615668624,0.06250772798722691,0.06266594511374592
0.06459137591690346,0.06282989251020138,0.06208366061004847,0.062035162763274365
0.4902392,0.4962741141230599,0.49649004219281073,0.4966838815221831
0.25104742014375286,0.2499656712268548,0.24822605510012993,0.24842682062605861
0.12499353612000003,0.12465381881628192,0.1246109605827969,0.1252495971156844
0.12382237583215061,0.12433585912603007,0.12424343880768794,0.1250176768939876
0.12199467688824553,0.12548410661440015,0.12497465331471508,0.12472639460507944
0.015969412378421304,0.015581446956906395,0.015703697002087104,0.015646535631827666
0.994346817879213,0.9950723974992886,0.9950128969392417,0.9949313616739404
0.50626472,0.5002667661084864,0.49713566234882883,0.49803058297159397
0.43811656417359335,0.4378189467364281,0.4359227166540771,0.4375275848719815
0.49044997014707586,0.4930328759624901,0.4950907887497409,0.4950165930131763
0.12546121728000004,0.12580032272591846,0.12516055316513547,0.1250648278048603
0.5013335219200001,0.495193615542178,0.49404016970356185,0.49470716893112954
0.12592085424287966,0.12529776959477443,0.12491227367474406,0.12491669506777482
0.42814062801940195,0.4378642557504936,0.4384846685824724,0.43746835514195903
0.994346817879213,0.9950723974992886,0.9950119230464182,0.9949313733704682
0.9909156976033081,0.9915351192535705,0.9910914416437687,0.9912441014621046
0.06072809875928252,0.06215510707243312,0.06255965365216712,0.06239762608850216
0.12605347095567138,0.12564870830202912,0.12512805572697855,0.12507650836636325
0.12178735013955347,0.12381818359024392,0.12486823574112957,0.12488413507821466
0.504211534365984,0.4961338402912943,0.4935287615349631,0.495337712858113
0.12419278326199569,0.12578317622048665,0.124933029237496,0.12438049857754249
0.12537926591416304,0.12529520950573164,0.1257239084316007,0.12488615046626265
0.030958166521105106,0.031197598841000394,0.031200750354824034,0.03125203094680403
0.06086625562511271,0.06225266757656967,0.06234813490673994,0.06250687959109331
0.12487585785479674,0.12479862745023579,0.12463615810341735,0.1251104482356117
0.25134715855883094,0.24841775021144263,0.24689208268787122,0.24791425060091293
0.24107776000000003,0.25195247390902137,0.2499660448425632,0.2500530012072887
0.06255828233706234,0.0621460715963252,0.06255218581668953,0.06259358018682465
0.9790565935560932,0.9805044735241781,0.9805141263766172,0.9803764199695452
0.24839472000000004,0.2519083424841453,0.25003375526061494,0.25022223931044846
0.4962058121268466,0.496743803669906,0.4976223919494793,0.4978092457583663
0.0630898896134336,0.06217043211786837,0.06280279881098219,0.06253925794178015
0.0629480795869094,0.06253894248396472,0.06285951327687753,0.062365279414768646
0.24837050069655864,0.24665997361952413,0.24556930516591266,0.2463331119940241
0.030528668342427807,0.03120899485169555,0.03143596616193639,0.03115420488440824
0.5005493478028616,0.503340655252464,0.4996885045309096,0.4979630163922019
0.060170580065400145,0.06257478469656544,0.06245253737721329,0.06234448656178805
0.12463651143999996,0.1256184867182456,0.125128438666294,0.12490907987967051
0.123770030592,0.12531235729564716,0.1256472024310707,0.1251796487183102
0.061148658256880435,0.062155411492114225,0.06213992441525333,0.06224635502524478
0.06138314837323752,0.06251344990739743,0.06244285481454023,0.06229341460505145
0.4885780414900806,0.49534554121786506,0.4962657316564267,0.4954989332003499
0.26050672,0.250459776131947,0.24990326772823418,0.25002036764880586
1.0,0.9999511496586267,0.999949816557372,0.9999495016478528
0.24917563999999998,0.251713771359142,0.24912392850421225,0.2506435643336509
0.12320963081154901,0.12394401237805704,0.12460975108511332,0.12466408050567272
0.06099781229247998,0.06248705147439685,0.0622889240289912,0.0623559114968386
0.25234494950410347,0.25095408285801063,0.24859270252451995,0.24851190029345016
0.12436068880431828,0.12545509623755477,0.12471884594296581,0.1255630764087998
0.2519542299589564,0.2497106338945119,0.2480302270850339,0.24854186115465607
0.06080214150919642,0.06253813764360239,0.06258521911579225,0.06225660388085288
0.507,0.5012171240994192,0.4974343124023732,0.49988912047425993
0.12078068,0.12359536158224659,0.12522538344896406,0.12467137675269362
0.12308251648,0.12542590438159185,0.12472901734814651,0.12490828284611365
0.031442930752,0.031538252363781515,0.031343332521006066,0.03124187331499191
0.06355491756034336,0.06311412097735397,0.06245510895710036,0.06245084102653922
0.12277897541934153,0.12440108057814374,0.12447748674716964,0.1250436374677962
0.2488670213933788,0.24800719050749226,0.24666834403745314,0.24645594027651735
0.4984,0.5011567237397263,0.4995372029039303,0.49950192950829997
0.24650339999999998,0.25016098881685467,0.24825455854604497,0.24981033576325531
0.062024444637094396,0.06242245444918114,0.062487570323441446,0.062450383619618834
0.24874960000000002,0.24993993527026923,0.250491761185529,0.24986362996026645
0.24590719999999996,0.25066007297733317,0.25049347912882375,0.24982947362170133
0.9889950781336253,0.9901685233841323,0.9898899150041657,0.9899652707530683
0.49600558502626557,0.49762442488097813,0.4982477120723046,0.4978388083155076
0.4915854138650823,0.49769886541334113,0.4995383075941321,0.5004153773832625
0.1211680768216738,0.12430883988030933,0.12438961536373892,0.12486345243204479
0.06385245165600001,0.06193627075704511,0.062350349862871246,0.0625348831629678
0.03214615267286303,0.03133343375275026,0.03149136675321535,0.031319051597013765
0.25413664,0.2497276998965105,0.24958341357629008,0.25013335210856763
0.12658604447668492,0.12522971871983038,0.12503016673958475,0.1252369566606841
0.013760195731326641,0.013581994686326797,0.013812232417805752,0.013714363886790589
0.06415261113844832,0.06276564694151868,0.0621294373625377,0.062405272306485286
0.24364244000000002,0.2497434420419925,0.25014310656609645,0.25040004101613916
0.4916,0.5022482165513324,0.4992775398095476,0.49904316007767385
0.061783376441638074,0.06235278079717899,0.06179610512921765,0.061815654125799036
0.8704227846396165,0.8708374692871103,0.8710230908514548,0.8706520214437251
0.06112410073678732,0.06189112034804884,0.06188037856155556,0.06222041827554908
0.1302376,0.12394697852633137,0.12425118259429212,0.1251942708134876
0.03242461721871966,0.03158588568100132,0.03118161094491209,0.03111569535964089
0.5034230977092348,0.49633779902550607,0.4995093680007994,0.4977621649378577
0.061222994448,0.0621559765131584,0.06243142612403491,0.062438847102701284
0.2538104400000001,0.2501085200050051,0.24990245654180024,0.2503586970644003
0.4255753847098374,0.43404906309400276,0.4353052737562483,0.43503180151073023
0.053434004605854915,0.05420552036100268,0.05486424065511125,0.054512891774769597
0.24588432000000005,0.2502844524570784,0.24973008373523467,0.2506177346935134
0.2447145745353653,0.24880603648150076,0.24888270779835348,0.24868411378245328
0.252479221664,0.2486585510333881,0.24956863558398146,0.2495217544461076
0.5033710312560752,0.5039561308939269,0.4962615623683422,0.4964787770998519
0.4955871128306001,0.49652803100208465,0.500448858248937,0.49953859955422414
0.12261945995233153,0.12493792691314955,0.12534731703703336,0.12496334734850778
0.12576713318399999,0.12626403416504986,0.125383822173482,0.1250569831909696
0.4931535986880895,0.4958867008184723,0.49646458278293937,0.49767536445506666
0.030312940168149078,0.03092902038840106,0.031114615184585113,0.031239224340264368
0.06343157270104346,0.06259201481628898,0.06221127630288174,0.06246715573494169
0.03077821894084666,0.031106726433146787,0.031178071963847646,0.03113916512282913
0.03106594940558989,0.031779123389084146,0.031115616644254843,0.031229305390550306
0.24684957897600004,0.24980983784605298,0.2496620713446636,0.24888018997245498
0.06250537381612219,0.062241641114457257,0.06233782224552358,0.0622575835625733
0.24916251889738092,0.2495795205770309,0.24888121704439206,0.24922972274923488
0.030141638340095995,0.031271997038454055,0.03126478178060958,0.03127257333495031
0.24512279999999997,0.24852052317738982,0.24881264156370747,0.25075061834191625
0.49818483426176946,0.5010520427840841,0.49958178860442937,0.4995429418315133
0.06358180000000001,0.06259912090928825,0.06296536470249343,0.06238194474772489
0.1258919888699904,0.12629674764210924,0.12568759400429394,0.1253391634848252
0.24575987999999999,0.25477860041917033,0.2510958349158567,0.25077452868952815
0.5006,0.5013754818183487,0.5001891584811925,0.5001318755985453
0.11832480000000001,0.12316056516611505,0.12531935614751297,0.12470348577011138
0.47702134771696364,0.494362832490273,0.49740678375366915,0.49815276127509367
0.2457110021917618,0.24753625644775462,0.2479057052439625,0.24715316643574695
0.1210793225828331,0.12376594762475127,0.1247924396531165,0.12488973796024329
0.23952472814570264,0.24576113369395602,0.24841308979882162,0.24830986477828965
0.5016361574575473,0.4951753337764821,0.49408650585525055,0.4946507846520239
0.12486767380505572,0.12508601078266623,0.12527509109307158,0.12497472896315566
0.24383168,0.24825659472957018,0.2495572445522495,0.24978564980953727
0.26183688000000005,0.2515615903862079,0.24932463996650503,0.2496616556121303
0.21355028753465113,0.21532338813029084,0.21504781858684455,0.21408244036551732
0.4955080006225146,0.4964703095650388,0.49547336024386623,0.495120219236334
0.244029721221329,0.24644131117865153,0.24733659059626031,0.24749596198761825
0.12295536000000004,0.12486043202059408,0.12554904259883234,0.12526364632703688
0.06323748869224054,0.06281735850956491,0.06262470428325406,0.062467298243903076
0.2408165952367205,0.24593260118731566,0.2470804964478152,0.2462052858884587
0.9896274252185555,0.9925558473108368,0.991169367629932,0.9907456288343446
0.24930271582574465,0.24970290957985977,0.2489328539820276,0.2487116310792343
0.9846189738039655,0.9844122989215875,0.9848525604958035,0.9841714598137081
0.12442344416240016,0.12572036152637625,0.1255836969191047,0.12495539780600758
0.25431560000000003,0.24850820795895545,0.2506134232793305,0.2501941575119499
0.8742076988769242,0.8749448073681064,0.87482118034941,0.8743625064431957
0.12984408000000003,0.12391686240809771,0.12474624351861735,0.12478766530918485
0.06258353679183329,0.0625922058917647,0.06257618945776947,0.06249014928164209
0.12369161457545404,0.12461484091292402,0.12505526043582268,0.12398596035127525
0.06169770824502754,0.062123766566934725,0.06195379932241235,0.06265742311768674
0.24621444000000003,0.2487513057398543,0.24975295250647825,0.25039132981289997
0.2444881956376137,0.25055537633177766,0.2472979298242779,0.24816794936365288
0.24560114220865115,0.24912761260740388,0.2485346567501574,0.24853227519417398
0.06109081312298759,0.06262935617092419,0.06259768759008805,0.062469431655488364
0.25381343999999995,0.24958262234294834,0.24975283818813548,0.25017329896721685
0.43570620928767045,0.43853301259798544,0.43752709061555367,0.43730868509360316
0.25177408000000007,0.24935002411002727,0.24979070109605103,0.2500021128944468
0.062341727423999994,0.06174913310635412,0.06241319003339252,0.06235102073761493
0.24394721248783025,0.24631458404925058,0.24665025712722682,0.24819769516921183
0.24242736449927882,0.24569084036244504,0.24668316121120212,0.2473634270486166
0.4986142501624358,0.4994400436660616,0.4969973731329297,0.49738761163552453
