5K,50K,500K,5M
0.2454144,0.25038315846406334,0.24960528646686556,0.24992071716948255
0.24699604000000003,0.25134929440000003,0.24941256151882815,0.24993072678856762
0.12539707287137822,0.1255893804798976,0.12523588706556912,0.12503078354520886
0.4964513286526047,0.4943077054904991,0.49564810415329746,0.4951637472989088
0.49920798138030337,0.5012442372071456,0.498432211645724,0.4975104377485538
0.010092616937191441,0.0101258267206036,0.010243607921521602,0.010238639670331917
0.1252304499150369,0.1233467035634379,0.12380406870706413,0.12357593332769387
0.06352165933926399,0.06302144761258831,0.06253853514708385,0.06257039385674373
0.24892579574760576,0.24941208240580964,0.24994923195147944,0.25002409847428747
0.06253050039808,0.06250554602299768,0.06264541928799992,0.06248205168692464
0.2509632197932974,0.2502668162776525,0.24898854334760925,0.248695399564266
0.24848415010873698,0.2500239044304373,0.24871180009105445,0.2486806059853839
0.49319999999999997,0.49650000000000005,0.4990187996779653,0.49997646723172573
0.1235038882490956,0.1237193119196443,0.12432593094791121,0.12434380272547954
0.24551296000000003,0.2508903952,0.2503518912214442,0.2500863397914627
0.1300981985692461,0.12628058791909352,0.12497828126132678,0.12497626040326795
0.25137714021484936,0.25060421960429496,0.2490488039991478,0.2487977835070414
0.06195954719650497,0.06255164961484318,0.06262897134531158,0.06254703524798322
0.12444469447518276,0.12432726825813029,0.12479956054193923,0.12496937171487886
0.015519239275466095,0.015708495037527453,0.015615857007883732,0.015628607342417687
0.25086600000000003,0.2518414255999999,0.25068903383703595,0.2502702066465664
0.4256110691893276,0.4310628651253705,0.4336227952188521,0.4332443599523196
0.43482673569651653,0.4337011756686799,0.43297222388399753,0.43321957834126895
0.4933668220567609,0.49657992314235105,0.49512716142870733,0.49488024084717314
0.030952279866804794,0.0306407932052464,0.031019662850303213,0.031112158492972154
0.4908,0.4974080490755914,0.5005015621313407,0.5001197930416056
0.06061255153902007,0.06192858784080665,0.06209666310849849,0.0624517060441028
0.5100962706644196,0.4978984379090979,0.49546719362416974,0.49507804205780154
0.4927854204215389,0.5004479132982642,0.5005013439380638,0.5000435000685146
0.1225305744608265,0.1244637118425943,0.12495831036386287,0.12499276189462519
0.1260893932164489,0.12446800769509507,0.1243350029631305,0.12437983457781819
0.1281289476226432,0.12465821204100493,0.12466277887466899,0.1243559889374965
0.251894,0.2502400092,0.2498017515263395,0.24984348073259488
0.25159379012182126,0.24879049227445063,0.24902813142631816,0.24877007804170628
0.26162696,0.251440774,0.24982635590790037,0.24991225513013318
0.1281515471999999,0.12485915300966402,0.1248797182481058,0.12490274697477997
0.12273462109436321,0.12425722349976727,0.12428660119614623,0.12438075473706116
0.25039980000000006,0.25115131760000003,0.2509411075940488,0.2504011707406239
0.1174892820733632,0.1241333794767564,0.12456014383765111,0.12438157924787084
0.03109404254691415,0.03103655558454456,0.031211490630777012,0.03125394535410405
0.06082692544315061,0.061910171236032464,0.06236397095071499,0.06253601918988834
0.4974675072106458,0.49656639720147266,0.4946381482791034,0.495179983784219
0.12782111999999998,0.1253774088,0.1253990092504402,0.12502108454485
0.4955201135156978,0.49619038160255996,0.4956694208432621,0.49538472084670077
0.9792872317309066,0.9807240538568459,0.9799979783771153,0.9800684510385543
0.0323729509408716,0.031250547274179336,0.031212482739034285,0.031225477823923403
0.12703805005490176,0.12504728177710417,0.1249573037473321,0.12504606109437433
0.49284811512994214,0.4950857048490216,0.4970487354081673,0.4975736142600743
0.12515831439999994,0.12526422630400005,0.12509814522725185,0.12499060032931078
0.12730191103425068,0.12501483431528412,0.12485041956907207,0.1250938237288853
0.25610696,0.2506393692,0.24999345387270805,0.25017999940520536
0.2376,0.2455138889069076,0.25079973722714527,0.24989229031445176
0.12598000143517255,0.12511702781178446,0.12478149816903228,0.12499110598826368
0.12024408,0.12584183759999998,0.12472484053119165,0.12488336892795458
0.030993367155334982,0.031272045132049175,0.031212063729006548,0.03124050162850283
0.122813231370061,0.12599685649192105,0.12536863096823045,0.12507718241682708
0.24979195377683977,0.24855896735903488,0.24901922385990924,0.24874281227727132
0.030427767743030326,0.031456998074258696,0.031245105580370816,0.031228359519911226
0.1271810197437679,0.1250010791551724,0.12497403768470607,0.12508011599659027
0.11037491562904887,0.10979656500095404,0.10944525314606834,0.1094019121152595
0.12092370317944226,0.12389705373551353,0.12397100003071114,0.12428656146803342
0.49861754126925123,0.49683138856406206,0.49812402452492116,0.4976503678131082
0.21199938337992916,0.22017452979090477,0.21864697946286682,0.21874818149696118
0.2554234,0.24996920880000006,0.2495584476231838,0.24995194208428453
0.02939502137706078,0.03128137249852327,0.03124191273120145,0.03129789939373522
0.02766271103420305,0.027763635453795146,0.027410837996376183,0.027348372509994407
0.03093963179575575,0.031123602661868095,0.031246775053548146,0.031255265403088095
0.2193216365160001,0.21954943510286593,0.2187356360194502,0.21866576608104935
0.10661590534505604,0.10630398327275588,0.10540928435339385,0.10547989120018356
0.24961092000000001,0.24809086400000002,0.25029955742613175,0.24994264797818322
0.031133729935545296,0.031307670737168725,0.03125078248390324,0.03126249619737863
0.030434937606218515,0.031196820961895192,0.03127631211217311,0.03124500813080156
0.062252550874380204,0.06240925345701222,0.06263292594387822,0.06250557812931594
0.12498366739200004,0.12489825309599997,0.1251795182147079,0.12493245030689197
0.25551,0.252495576,0.2509956650758664,0.2500604913524258
0.06335380015858313,0.06251122593348887,0.06257407183545216,0.06250755410120044
0.12870272083199996,0.12363319964000001,0.1251153531258115,0.12504830230833214
0.1259994735147265,0.12539288711603477,0.12479086497163407,0.12498118717273601
0.05519402812711462,0.05488430850105654,0.05476020966264287,0.0547051444582094
0.12473811999999998,0.12668578587571377,0.12523693362296565,0.12472100100095682
0.12363717061015225,0.12357405939854876,0.12380131549291723,0.12373379161043499
0.4461428334745299,0.4379008527035782,0.43799899266039477,0.4377146785815976
0.4935521863686411,0.5002491945205896,0.4976368557455091,0.49742041767628775
0.03100050648600675,0.031142910809956525,0.031220894997506854,0.031250573675043435
0.030633374066586956,0.031560630372197924,0.031251780169446366,0.031212280145621486
0.12210005487999999,0.12478181802416001,0.12459200822157776,0.1248302456936298
0.12729514207633397,0.12430704918362467,0.12409559262872705,0.12430011894791711
0.8751940651358608,0.8745079580635114,0.8749069825815494,0.8750019049512775
0.9889292751457119,0.990294922076141,0.9899528550272088,0.9900074668978189
0.49262048535907077,0.49138039015524315,0.4940355198377148,0.4949539553603832
0.12668000854426203,0.12463605347776067,0.12480510858208406,0.12500846702974414
0.25016934448308487,0.24821094948070502,0.24825344539518324,0.2487259294768241
0.7658809701530049,0.76564991516849,0.7655944148538457,0.765596452450089
0.11992159999999999,0.12482496879999999,0.12446454501826537,0.12508092917783456
0.9831844044918283,0.9853725251671142,0.984849813049887,0.9850601908676614
0.24763974643653225,0.24515422275083731,0.2462601676547947,0.24617195278143486
0.062157106979389795,0.06227919701385491,0.06246782563945762,0.06249226926133117
0.12376738393213242,0.12415793775101806,0.12455030341345137,0.12431081175848953
0.20710018867826951,0.21125244015336062,0.21138862606343395,0.2109984533150164
0.5129725027941632,0.5017985871497195,0.49726523767201697,0.4972408830144671
0.02979197871218083,0.031043670933232546,0.031136356155383432,0.031273317965848195
0.05393977237462115,0.05460507550308836,0.05470018297368206,0.05470732670671748
0.13028652235623986,0.126212625795218,0.1248555961637054,0.12495981414186301
0.434318868756076,0.4368122599780113,0.43770870611162355,0.43740325364703597
0.49246826467161614,0.4963429333366979,0.4982744735207555,0.4976940929144701
0.12544013070691373,0.1255863708116334,0.12476568584047593,0.12495159552308845
0.13098468,0.12468881440000001,0.1252405496236482,0.12514486769532415
0.24715943234399998,0.24814030300400003,0.2493956190469095,0.2487478813831453
0.494,0.49973999999999996,0.49905078675695574,0.4996152696582949
0.48221231271477577,0.4984470075490232,0.4974929050017272,0.4974832590301153
0.0615214472998193,0.06227188418199337,0.06216321287154972,0.062222052123482335
0.250494,0.2502187488,0.25042186505580005,0.2500101632125535
0.4971290642741357,0.49872477484676364,0.4981935715411087,0.49785240571606176
0.25826468,0.248760832,0.24833296790851644,0.24967096134801328
0.030958716320063615,0.031473427622549795,0.03145733160013721,0.031296742472090876
0.12575112,0.12355224480000002,0.12514489288886202,0.12503743867059655
0.12831599999999999,0.125986904,0.12522371008742017,0.12482512363586654
0.4847872098707878,0.4992163209456925,0.49866419488894054,0.4999500417644243
0.06144944928394798,0.06219662655462478,0.06216673553942714,0.062200825549091794
0.9894878343526016,0.9898370584170442,0.9900383211188899,0.9899843751771605
0.9951977683987251,0.99494466036312,0.9949320341584725,0.994969713759559
0.2522916,0.25053023680000003,0.2490107946885669,0.24990778179092066
0.10986719733157237,0.10891343623173799,0.10928604397847595,0.1092970095966565
0.125517118496,0.12474260705984001,0.12446306970919309,0.12501486226752137
0.06471314311616018,0.06209581243029919,0.062318579202584184,0.06250851282942581
0.24039048000000002,0.24968979360000002,0.2509586975841878,0.24994112463173326
0.03185656256451861,0.031346724215578554,0.031180624578055413,0.031249546313713034
0.06479927954262851,0.06181264781643485,0.06217563907481088,0.0619478161706612
0.06258960291355561,0.06299877696041262,0.06201548713110707,0.06217930818430677
0.06009751896,0.061816225430399996,0.06235879616841309,0.0625407707583181
0.24996812688000003,0.25097594593377603,0.2494412755162466,0.24898121351303393
0.4844602956987313,0.49713976659684167,0.4953934324872608,0.4947271088718138
0.030947639541726777,0.03141495386620067,0.031224374968027373,0.0312655233814841
0.21537460748227263,0.21687270982725537,0.21664494537632692,0.21666237468777505
0.8702332238033267,0.870954406544532,0.870551618104964,0.870631844465816
0.42432875858386,0.435859912733803,0.4340220374868134,0.435120211441843
0.063307046987568,0.06267905226418782,0.0621233152577734,0.06243656162333691
0.21673656007189293,0.2188572010356425,0.21903744467726458,0.21871287827749633
0.12579647647200004,0.12550152199478395,0.12433015740227374,0.12491798979336449
0.12499637472,0.12390252985433599,0.12471517731238586,0.12489150736698522
0.25667264000000006,0.248232444,0.2502147376919021,0.25003088629847203
0.2449248,0.2520832028,0.2503744667756681,0.24987871295377098
0.062406204643297325,0.0623972202290944,0.06241126987499116,0.062499387434472455
0.12414758227142024,0.12431927477696539,0.12444240197297864,0.12439295561840365
0.9903854335521414,0.9903995232646529,0.9899737959142254,0.990300570031742
0.05878704141922706,0.05808145815202122,0.05865916547672808,0.058568775343040815
0.25409664,0.2487575376,0.25022140598763926,0.24989637524384536
0.06231034955691426,0.06117770511509802,0.061810219174406995,0.06183834713985383
0.02692300781355827,0.02721499527909979,0.027317338711167097,0.027350158939662837
0.11658216000000002,0.12416634,0.1253475745002163,0.1251046130687102
0.06292772935608591,0.06274215442482174,0.06260359756020084,0.0624921378105359
0.24856352,0.24903642720000002,0.24886580752190632,0.24974492946106858
0.05487851699862213,0.055116063860164814,0.054759676959812736,0.054727559713583035
0.06378257716490242,0.06265943539897241,0.062493844481008996,0.0625808311560304
0.12397342204800003,0.12546076155356803,0.12539521236883505,0.12506164524176214
0.24930024000000003,0.2500987556,0.25045199513468425,0.2501924795764184
0.24979808000000006,0.24870000000000006,0.24905948711890524,0.24967655422239335
0.12624847942077885,0.12630522318309617,0.1255024155986971,0.12504730500752656
0.994,0.99483912751688,0.9948793694567543,0.9949963357657847
0.12997138944,0.12604104677118402,0.12483931764721598,0.12492010439470977
0.48555208,0.4934800735999999,0.4972924451477481,0.49791971504405846
0.2461592261219034,0.2483070971025408,0.24814299769090975,0.24755502684358804
0.061833540352064106,0.06236506903704554,0.06252548681761132,0.06250147896311432
0.03131256040523942,0.03115462859024618,0.03124279433198723,0.031243740247644668
0.0631680557897963,0.06259728274373533,0.06266658465572714,0.06246313969908168
0.06562298540000001,0.06274775292416,0.06212647983153129,0.062427610143020104
0.24009744000000002,0.2484592032,0.2504008766049669,0.24994743558304783
0.22058453398567668,0.21919041675879924,0.217719883879055,0.21867408100723756
0.060438742013427096,0.06235924073471373,0.06234553375475994,0.06250623032123384
0.1197383292064,0.12346220120092019,0.12504029378218978,0.12497642112321848
0.12242899838399998,0.12400791515280003,0.1246780050889084,0.12490469596812924
0.10991154551805106,0.1092096928889005,0.10947965123976937,0.10934054366716013
0.011819250049555198,0.011689818114083397,0.011757520709777647,0.011727082671956136
0.2519577599999999,0.2524451792,0.25078067313496477,0.24995821899188658
0.1263208445004319,0.12566789597345907,0.12516963726071978,0.12514027363154356
0.12602870119480902,0.12407390754731189,0.12427581741795274,0.12439466604499952
0.06320598114679515,0.06278363411046942,0.06245747624815188,0.06255342937239751
0.5016,0.5037274983460042,0.5009450433025986,0.49999434677478344
0.12300769418301559,0.12474713737226623,0.12463802672319821,0.12484040974113113
0.49756975560699845,0.49755581736367466,0.4978191654835962,0.4976002729231674
0.1214286130119497,0.12347536293605482,0.12466635708590301,0.12432275883847661
0.50040770767861,0.49768719893709856,0.4963515190365113,0.49748150138906855
0.5044,0.5024858319119999,0.500422545734316,0.49990879691786694
0.49720061126904164,0.4988433976676119,0.4971256061052973,0.49748527244663204
0.25180224,0.24963974519999999,0.24954655297212303,0.25019420164109846
0.4958817258104814,0.49267870413982023,0.4938358394065629,0.4949266819281561
0.031725701168832006,0.03152927625761628,0.03125512951770226,0.03123950208252883
0.06307637561866816,0.0621316012302627,0.06199083778198959,0.06188652366152942
0.4993860604301503,0.496823574642592,0.4977361229989217,0.4976682907429178
0.0628852645251503,0.06217878787720496,0.062202372575788166,0.06217196990647446
0.12386269536514573,0.12409842124286613,0.12491992169482564,0.12494315228085934
0.029639423289943564,0.030915891613426692,0.031336917900776515,0.03128656989708078
0.2500660402684358,0.24763586554775885,0.24776171554156246,0.2475255977062264
0.24733464000000005,0.24885834120000003,0.2502203759941044,0.24976247951650016
0.06269053684033327,0.06277156121498446,0.062458811144795484,0.06250226910038825
0.24746706521524636,0.2483878448886024,0.24754326006118332,0.24741341237579223
0.12494960000000001,0.12331056,0.1252459243685096,0.12510898644997986
0.060927089715593595,0.06211273522313067,0.06245380437301917,0.06245678123322932
0.061913440679999994,0.06158137588898399,0.0623676887636882,0.06254402456426482
0.252833593001184,0.25006490256673697,0.2497269273564292,0.24995132486859165
0.029976642457247998,0.031185336570724313,0.031413803260518604,0.03130669892583048
0.24571823999999998,0.25029632640000005,0.2501672623514567,0.24990617005993457
0.03144321074927306,0.03145329859126971,0.03132467265051328,0.03123654526812285
0.25171798948075375,0.24991322891513995,0.24892346087351677,0.2489135524365184
0.2506294858718116,0.25040978351169385,0.24984181506951778,0.2499969556952489
0.43906829798453156,0.4360187441319981,0.4373706824630308,0.4373002996460145
0.13286592583199996,0.12595484458678396,0.12491062520901117,0.12499597461555731
0.015251080779921721,0.015529684685133532,0.015526341003409988,0.015545469250373829
0.24988480000000002,0.253029106,0.25149565136025165,0.24985496934823107
0.017092427767960577,0.017574060066063844,0.017635652435767656,0.017592365246624563
0.11917281579312962,0.12386149298040018,0.12495925306791296,0.12434208914683426
0.24341853420244663,0.24915335624237453,0.24927598935187417,0.24879575084849503
0.12376265014306408,0.12404312538442995,0.12458505436940417,0.1250045002372678
0.24912060496010913,0.24958518885286063,0.24879772017301696,0.24865343756419508
0.5006036569200105,0.4986085466313136,0.49717730985530545,0.4976888936359491
0.01526536663883917,0.01572319772827568,0.015597977594919378,0.01563826135325666
0.127630428416,0.124809954057216,0.12485330297579011,0.1249054211665775
0.12603383088935102,0.12546181274474216,0.12494018321641423,0.12502953930672728
0.43163568373613903,0.434453592882765,0.4366056578769009,0.43746884633506006
0.131126484544,0.12519374700912003,0.12529385935749798,0.12490626568906461
0.12315659999999999,0.12398023759999999,0.12447829534718831,0.12501144687979676
0.8705208968701926,0.8706747826825084,0.8705329999075789,0.8705493966473565
0.49804092462066113,0.49371980488333805,0.49481961977493566,0.4952233525634382
0.06056508857235201,0.06256273575766379,0.06258683918857989,0.06245686623327248
0.06194896223382299,0.0621921175174067,0.062353616529434094,0.062170562053033465
0.12665598501600003,0.12608777549916003,0.12498157385330243,0.12494939477322968
0.25400576,0.24879090159999995,0.2497112114917712,0.24985620226792926
0.2495288188030579,0.2485953750710624,0.24902835170333024,0.24874831232761765
0.12322412385021998,0.12376397817363108,0.1240937820129979,0.12443707184092917
0.12543060096,0.12650812727942404,0.12472921485651838,0.1248644007256133
0.03126301860340299,0.031350947169518,0.031250163137819705,0.0312717083177433
0.12398632000000001,0.1252450188,0.12540109671479965,0.1249461411872233
0.25794216,0.25494639393275353,0.25078200393557964,0.24988902664733653
0.011736507552222976,0.011683714043331546,0.01174980109346788,0.011733044176588334
0.10951777705170013,0.10893184640606,0.10938356528576113,0.10935947787244114
0.12606061857871478,0.12410639065586176,0.12490867208782004,0.12500069416122495
0.2495753422442419,0.24930222805127097,0.24909034836682797,0.24874353422458997
0.0652294784,0.06283616680035199,0.06292240330232121,0.06252330588679385
0.12412364623824158,0.12432556907345055,0.12443457195825704,0.1244056692433823
0.1226174532,0.12575040055968004,0.12483415814473219,0.12504939193730566
0.030695268268883823,0.03110663878471306,0.031286683824034614,0.03127783553633483
0.061602309216000004,0.06366158744668801,0.06254351480829269,0.062452546880186935
0.2187999191030703,0.2199709605442651,0.21825404238723117,0.21864577144303995
0.2479409467920352,0.24791165255389075,0.2473634012656155,0.247502924627208
0.4385674144594202,0.43988034523609837,0.43741035881389134,0.43725291962079027
0.1249178363108198,0.1253672670607998,0.12490747539984992,0.12500029670660012
0.2512524151439139,0.2476682003837294,0.24784818505727096,0.2475911119902725
0.24759356952989903,0.24729513303506767,0.24801481788991664,0.2488694199423177
0.24971903999999992,0.2521834528,0.2510555397006886,0.250077824287235
0.05954067367771523,0.0627332026783888,0.062421166832450685,0.06249210965642065
0.0599813549791607,0.062317517062015236,0.06243604788680938,0.06249294574641101
0.01886308410753076,0.018260384308608248,0.018510144022538918,0.018523503476981704
0.1273006519453256,0.12453298604234543,0.12532424545061555,0.12506909128185786
0.2574540180000559,0.25154520084995113,0.24909544981039292,0.24878457167245552
0.128006965383648,0.12382527600681685,0.1251131397757765,0.12505310183791782
0.9836653720862473,0.9853893040660443,0.9850032024408735,0.9850321238860446
0.12759073357702744,0.12457151462154553,0.12500102402486615,0.12505495720707704
0.0639481910953616,0.0629539336022258,0.06239731565798702,0.06247309122645276
0.10063668568810763,0.10168955024131189,0.10156526875362215,0.10152371196143793
0.255021,0.248522158,0.24996318577371776,0.25004762528422136
0.24635165747062576,0.2485942872361969,0.249812888628902,0.24901819232881808
0.5014489863887808,0.49468544573568,0.49452186474730425,0.49463746287833077
0.4923810429885898,0.4911253413005768,0.4907466054955455,0.4902489457782628
0.500808439667377,0.5003798584483566,0.4983740425409213,0.49754013126552843
0.06377475587852177,0.062032509339248976,0.06253717403777645,0.0625036086135783
0.24540820000000002,0.2475260604,0.24948810066532098,0.2499353358696221
0.13054282397351427,0.12372434628515608,0.1246937066374838,0.1244950323466475
0.12275313189238529,0.12469546795443698,0.12489655784831175,0.12495577007623024
0.25488920000000004,0.24946574400000002,0.2503695360643138,0.250198217480936
0.49845122292760763,0.49867037628677235,0.49868481171784257,0.49793249381962085
0.020599750941738486,0.021212906319997234,0.021466646330664703,0.021472059271400338
0.12664377057227982,0.12587282438978104,0.12505340644146468,0.12492891307532167
0.8674866432730723,0.8664081358112818,0.8663878872684339,0.8662487271546262
0.030290567569930017,0.03114332270086489,0.03125693391260014,0.0312550867375717
0.03206644828420413,0.031399652325676916,0.03122488646654608,0.031319391746536786
0.12078146385079983,0.12600589680443003,0.12524812795975981,0.12505043130328902
0.250173,0.24979963039999994,0.25023122240751766,0.2501199692052229
0.244836023806137,0.24962726943924857,0.24986536660619654,0.24997958375510887
0.24554876131009923,0.2496665428435768,0.24938384195278804,0.24888689961658875
0.12629638559999998,0.12467980483891203,0.12449636840696,0.12498865411699939
0.12505741407334992,0.12475747523624128,0.12498486831129665,0.12502749940169938
0.49019999999999997,0.49860824050120156,0.4992860217701734,0.5003031002222761
0.029884751866093313,0.03115107519132435,0.03125398159315568,0.031232570707671888
0.24372572655168862,0.24720969218448285,0.24724525216797505,0.2475541668181963
0.12354607630131093,0.12453658136867272,0.12477786677168526,0.12495195160979579
0.12424668672,0.12471882231164798,0.1247907373070409,0.1248148248110779
0.7608164138242445,0.7620584243228973,0.7616032828749532,0.7619362862818714
0.49658527624294685,0.4981479694611184,0.5002813684186272,0.500217912829629
0.062455489617914535,0.06197316287214523,0.06207817531700195,0.06217932734621484
0.03177921400052758,0.031142849447681784,0.03122344307963135,0.03124076332693354
0.030691494489920458,0.031260777058570624,0.03129707502309177,0.031233612048190217
0.505078779322481,0.49483938707705666,0.49365374092241554,0.49514237971901115
0.06240187715942181,0.06251192589177976,0.06227404766346182,0.062162908447093254
0.4971314050413488,0.4960391073738902,0.49761816540262166,0.4975455204026146
0.48214061818630727,0.496752889478889,0.49614999050024383,0.4974701104152833
0.12412425304945819,0.12432710557757069,0.1244345838364904,0.1244056816329978
0.05972131315542961,0.06100867826696055,0.06066103440339979,0.060522702700718294
0.5029737167183745,0.49424069173566765,0.4928524987242793,0.4927462066327069
0.015538259469357964,0.015539239117085903,0.015544528615011629,0.015552467206776232
0.06021817520000001,0.06333304995359999,0.06258931160903577,0.06253902477878907
0.061005319504163415,0.061889973463522416,0.06220924114758153,0.062144305532772705
0.12722060266253896,0.12545142455948793,0.12494500013506488,0.12440787714039368
0.06248289352432547,0.06311473696056681,0.06252022305693196,0.06251966046997555
0.24891211515863818,0.24849710427448662,0.2486328319739152,0.24880578132704612
0.4377664910100507,0.43882026283433034,0.4373602850255987,0.43743856706401946
0.12276036724000002,0.12453713809584002,0.12478906120572518,0.12482182064633097
0.24577165210204466,0.24958234057694356,0.24857863281015075,0.24864631325069456
0.2513362652313611,0.24693971468581405,0.24858810788436597,0.2485788933663559
0.483636441198409,0.4897401464041229,0.49275630668738285,0.4925809830001907
0.2434243213627492,0.24696358851925923,0.248630214455095,0.24856095987196486
0.5068,0.503487646803411,0.5009560848440825,0.4999984943078695
0.49378815324936454,0.498085678900968,0.49732533522710515,0.4974861393210368
0.5043876245020164,0.4972970695288397,0.4969188404105442,0.4971292012994274
0.240002,0.24922370873708402,0.2497685397087324,0.24991210004822922
0.24693484961492101,0.24826574756069397,0.24894566911641938,0.2486539711657725
0.49760072752864726,0.4909956183239749,0.4926207645966746,0.4925700562681784
0.9896035981423325,0.9902384106250908,0.9900276244941618,0.9899992849146152
0.2420945993276586,0.24850734686258977,0.24687890933920148,0.24740915402316793
0.06403069802741197,0.06242915385934355,0.06240015237317679,0.06249275379495784
0.12649574276007783,0.12514197637893476,0.12496905664713673,0.12494967326352063
0.06301509955595426,0.062279264644286896,0.06249082971033335,0.06250748799575791
0.1255728145222995,0.12498568640963814,0.12499294429336216,0.12499700025630207
0.12186764,0.12607657919999998,0.12457331425647149,0.12491567252081476
0.059571812352,0.061841071596736,0.06241851235210312,0.06238177319375756
0.4964,0.499048456143328,0.5006572808533132,0.5001935505315379
0.24131328,0.2479407092,0.2500771909601964,0.24984817130962553
0.9948025751300538,0.9951033789271302,0.9949075906514899,0.9949625096602829
0.24965337534519885,0.24812954738749324,0.24635369595764542,0.24742097304534152
0.06086104376965979,0.062216838070820374,0.06250804140224156,0.062450358738131234
0.5117866915793002,0.5013284107872311,0.5000775042353761,0.499902101509242
0.060293432664403734,0.06254353122378035,0.062444269760041735,0.06243513537418934
0.250937,0.24952195328025495,0.2504524713352556,0.24982775870380108
0.21232016368211473,0.20988648772581173,0.2107859366228657,0.21072370322702363
0.12306073311999999,0.12488914461196797,0.1250066328159433,0.1250025546776326
0.23851856000000002,0.24907708280000002,0.24960899003492232,0.24984920431902444
0.11114193852365127,0.10872529613295798,0.10947146516004258,0.10938406095330187
0.12521594624000001,0.124916579847072,0.12498987518047926,0.12504114635145686
0.04613690667455889,0.046554932345995906,0.04656954869561488,0.04664311403257084
0.12316799085587768,0.12385812834295631,0.12453260287204333,0.12496824415159212
0.12411352002412,0.12445477114734865,0.12485367691185235,0.1250632711118269
0.12469479325703528,0.12457654745760485,0.12514946248316575,0.12501366987457202
0.24582556000000003,0.24952806000000002,0.2495964554809244,0.24977803375086347
0.12486565864298614,0.12457983479442127,0.12442306031906655,0.12429530122098024
0.12406234268342944,0.12333366826587451,0.12372167295298445,0.12372283183127242
0.24282968161599996,0.2497957851503546,0.2504634484004943,0.24999463988368065
0.511585169049946,0.5016473429578351,0.5002356467818598,0.500106702574535
0.22050935853599443,0.21952676918061836,0.2185579178185575,0.21873820471018363
0.0136303434083935,0.013891397285281175,0.013640327907870236,0.013680337642428805
0.12337046455836978,0.12413296373150091,0.12511518362108506,0.12496372480897934
0.12258871535874778,0.12475764607267494,0.12514099384255536,0.1250114051179007
0.12823582186879692,0.1255068577248837,0.12515747195265103,0.12499586856882887
0.24821370334276452,0.24628365016724765,0.24771337268494376,0.2476100054064351
0.247742333676163,0.24836534440520744,0.24751447621091663,0.24741173265497882
0.06153699009499915,0.0617718236214741,0.06257121590266491,0.06248452491425429
0.11895306159341638,0.12375859547338888,0.12507718120087002,0.12501080846864798
0.10948150519820331,0.10932506900952539,0.10947148358557074,0.10938140982520028
0.03182055262848001,0.03189319156411613,0.031222687323879166,0.031211585899497123
0.12619776000000002,0.12469825920000001,0.12566849631854235,0.12491514765800037
0.127342007639856,0.12581906351392433,0.1247433240581196,0.12514798903715807
0.12450048,0.12447000000000003,0.12508030580481627,0.12504956687584273
0.0629379870307038,0.06200052081482161,0.06224697216724952,0.06253760835466846
0.12253713576000003,0.12438135049956,0.1254352300887833,0.125058949364532
0.061975942300589934,0.062328345376134804,0.06264625031630179,0.06256935005040941
0.48877834326378355,0.4951806170496,0.4951016468704605,0.4952807255822051
0.1265932141768418,0.12577570697143622,0.124998903425962,0.12499794492470229
0.03037557593126854,0.03149871666419585,0.0311135287959696,0.031223509134837412
0.06070310448,0.06262017221299125,0.06250488355872427,0.06256960297975958
0.12164084832,0.12382150652006398,0.1249369969471892,0.12511620318378924
0.1260731946091694,0.12514948200077103,0.12508790916643586,0.12497982389587235
0.05511212272569718,0.05458163087014023,0.054687047678385683,0.0546899214600074
0.2511145658910573,0.25026796676062807,0.2489909235645263,0.2486945879322488
0.1247656903153516,0.12433800600031568,0.12449566672305484,0.12438447739851163
0.12645489551884165,0.12574223005478313,0.12506529292275753,0.12503075403168792
0.0616671489598004,0.061860487682659046,0.06243227801058594,0.06248959934716736
0.11718693972527529,0.11234683964548792,0.11146870348984075,0.11136905405899816
0.02704864638107663,0.027351646842290776,0.027299862522584557,0.02733873074109353
0.24657349109565255,0.2460524320625582,0.2467798241665912,0.24762158737724568
0.2514477030875484,0.2488280919031301,0.2484616396884351,0.24870528378971243
0.12398413288382634,0.12492193785899537,0.1243893903620887,0.12441764300159625
0.12169341118627343,0.124303270986984,0.12374490091925396,0.12378270974901756
0.2485596182328207,0.24975880104252762,0.24885035019405802,0.24872531819860935
0.03189862879352094,0.03160385361065211,0.03136427812071783,0.03122886691363404
0.06577759968584415,0.06223198233642864,0.06259178265162738,0.06253752931825263
0.2516679704789527,0.2488261006965245,0.24903085729020336,0.2487730457227891
0.24927935999999998,0.2501176428,0.2505681657870709,0.25022261236509286
0.06378913083965591,0.06262280895190175,0.06258406073317355,0.06252458779611836
0.24904456000000003,0.2516488416,0.2507205367543421,0.24996869219021292
0.4426925003067117,0.4371727705194811,0.4370948132322705,0.43722338575009756
0.1226939204,0.12388185991372802,0.12531441645831648,0.12487554200447266
0.24979173295615562,0.24859910936890478,0.24901273147806513,0.24875025002132603
0.9890302355460723,0.9901649581174294,0.9898724583860172,0.9899804003851258
0.24930048,0.2500735548,0.24947486430204147,0.25019042283985266
0.24600960772889605,0.24965308685251844,0.24922484949560844,0.24889821932428302
0.12988944,0.1252824064,0.12491872388875967,0.12497572703002642
0.25035485236444877,0.2467104829523656,0.24691686646899674,0.24726063636509657
0.49900000000000005,0.4989079394470782,0.49879758396337165,0.49955233961266515
0.12579364262929102,0.12469911839315553,0.12447655630907811,0.12459776212423862
0.030904563135682177,0.031377177275876994,0.03127224159878748,0.03123690746425652
0.5028890564356066,0.49315651670123534,0.49540355045930373,0.4950957106664121
0.49434757213952,0.49739224457641257,0.49664651893624423,0.4974209570122143
0.21372376097987908,0.21871088343716136,0.21919709669186646,0.21870329949092554
0.06576815719600004,0.06250234144591703,0.06229984747974123,0.06250153511776115
0.06211226509503864,0.062379936893809856,0.06252557011203945,0.06250024559005977
0.25643900000000003,0.2502096216,0.24931153006376977,0.24980868521453464
1.0,0.999925703138182,0.9999231588306771,0.9999248931003163
0.24414332693372756,0.24899766801383913,0.24935911366993932,0.2486552646779268
0.24738524096000009,0.24793666827335997,0.24889012814635533,0.24884191810801076
0.061957101300656174,0.06275311274771105,0.06245520193170055,0.06246490167838515
0.24373697707447578,0.24911707057511243,0.24928349802855138,0.24881232427548403
0.49849632,0.49876541,0.4981886173191278,0.4979969304588663
0.4430716769698477,0.43627668243382095,0.43769823453812506,0.43758501836619546
0.25210216,0.2501059516150331,0.24958938791203938,0.24986644307950318
0.49636491594341103,0.49729243505044374,0.49821535352962665,0.497091928918007
0.01561234162976832,0.0155316346823391,0.015597003241365365,0.015631469062576425
0.10798540728611104,0.10921540131974762,0.1092804596456809,0.10935474146704371
0.12526434556368515,0.1232757094684031,0.12347365762504563,0.12367117717144319
0.25043798672627904,0.25082366491068153,0.25003394185928884,0.24990320281859515
0.12460887575285308,0.12489975592036565,0.1250599121372137,0.12497241239694827
0.2534318224560594,0.24913518171589547,0.2486533805070647,0.24872093879580118
0.030319074933033048,0.031114731107738852,0.031285692252443924,0.031241652677260767
0.031065246524857103,0.03130769399422496,0.03140834880831995,0.031284499856369066
0.12358755480407291,0.1259926758192164,0.12496621572274344,0.12502431387088758
0.9836125345694762,0.9852452598797883,0.9848580389678063,0.9850458032852148
0.24856980150544677,0.2486342583678505,0.24851977027791108,0.24866356050775235
0.24210912000000004,0.24997907880000003,0.24959828358883993,0.24990755722411
0.06222321798417787,0.06218876113624003,0.06216492549309653,0.062167577612549485
0.06233159939484491,0.0626700832195031,0.06260106802054526,0.06251738660908424
0.47901694319924426,0.49437930490379206,0.4936964944616423,0.49496911483358563
0.32695504000000003,0.331341888,0.3317715438286208,0.33308939238725727
0.12885104,0.12468383720000001,0.12542295965463443,0.12499638740943726
0.2436,0.24785414653824003,0.2505882862728055,0.25012181095471575
0.4970253482113478,0.49878684620015606,0.4981690634786978,0.4978605291152119
0.12727643071679604,0.12527251358983255,0.1250048762021026,0.12492541438489839
0.50896112,0.49415689599999996,0.4978999859119186,0.4974049931800872
0.066046708728,0.06262241171648,0.06236646809386076,0.062455324928664215
0.06142305784682545,0.06240951495190314,0.0627137980435236,0.06256389149083776
0.9951977454708524,0.9949574687879716,0.9949572214170479,0.9949949036629118
0.2510642315567328,0.24912877868523808,0.24877737741304878,0.2488160559004873
0.2430597025026813,0.24890273130334065,0.24772494679078239,0.24720391526093966
0.8703615072853441,0.8705415757925481,0.870460742038612,0.8705954180193792
0.24758271999999998,0.24719769360000002,0.24934417619766983,0.24980354299493363
0.03462321176195129,0.03528306868699363,0.03525711883406012,0.035181676371575085
0.11034286644612598,0.11101258707662913,0.11133809324225832,0.11128425088629702
0.48198816,0.49687360240000006,0.49622181870402515,0.4974492382417337
0.1222624815182399,0.1240175913135675,0.12492706323253308,0.12499230490342982
0.013892812636946642,0.013831443020126857,0.013712594116000032,0.01368330919422978
0.2448094,0.2479339368,0.24964497301847297,0.25005378046409876
0.4893688518341891,0.4932613733582984,0.49518021861072936,0.49505138587502884
0.038020589136898625,0.038840538697847406,0.03886731897346545,0.0390678745364078
0.4988,0.5004872756244496,0.4998815911675513,0.500174196693567
0.1085739353395745,0.11041234222471409,0.1092830745961335,0.10926534148790615
0.443134701456,0.4377748515699841,0.43710166919030025,0.4375321217746265
0.9946329116940192,0.9949993407167496,0.994975661685437,0.9949499706833105
0.03242966004140668,0.03142861412034159,0.03130843409206669,0.031243535205399072
0.06247117775865644,0.06233082352079366,0.06232416149289797,0.06250822051213928
0.50944572,0.50047767,0.49851892288824273,0.4981377380378085
0.12441870976000001,0.12452052287769601,0.1248937877828723,0.1249417247624962
0.060193266327039974,0.06198375208462583,0.062158411759759814,0.06253831897697332
0.12759552000000002,0.1243244148,0.12470449787744793,0.12479761103795856
0.24876048,0.24937433279999996,0.24918500056092885,0.24982854544752386
0.12389086499760427,0.12506538461029815,0.12459606271775037,0.12500570279216625
0.1254949422292486,0.12552537515719409,0.12470691030291774,0.12449799348864217
0.06106876162466399,0.06253781620867759,0.06249537557730282,0.06243933482954098
0.506,0.5032678037906999,0.5013870108139513,0.49989643592453814
0.12276831099890874,0.1238695135104508,0.12356792222268763,0.1237024675035959
0.25104413889661076,0.2491146040542919,0.2487752153028563,0.24881494282268224
0.12259477790400003,0.124298998932144,0.12442143325047605,0.12484636850136686
0.49447356907152645,0.4974811319213426,0.4966469482222384,0.4974328549709084
0.49093596,0.4968433,0.497294589998518,0.4975473233156612
0.12356421561286997,0.12369069590411245,0.12498289929321568,0.12438253510490112
0.2509706770769338,0.2496481269814504,0.24933999765352496,0.24859341792579107
0.2474463436740368,0.24745085006921977,0.24726727002901466,0.2474167510937536
0.24879468000000002,0.24903086799999996,0.24972699879404095,0.2500480542211634
0.06378810273473703,0.06252071053338915,0.06260249902774771,0.06251458344847663
0.060569811336673336,0.060937349128710405,0.060676619771406544,0.06052055025938434
0.12618410956799997,0.12587026882124797,0.12513537737081626,0.12489767794564699
0.24180788318034302,0.24699220871680053,0.24809650005315098,0.24881682937005722
0.24961092000000001,0.2480849034130471,0.25029967580308593,0.24994271003337024
0.0629936210794054,0.06255026164262834,0.062298314206077676,0.06242763895367024
0.253599582976,0.249027431813472,0.24960555371025522,0.24885723755800976
0.0612898523431817,0.06063937424546473,0.060250730902274195,0.06033972907556128
0.5041738957684243,0.4996158159683379,0.4978317349865301,0.49716930115151053
0.246372,0.24843542097315038,0.25020538737295533,0.25014064510298667
0.24303658385982888,0.2469862563549021,0.24728071383088732,0.24747186206274696
0.5100592913575798,0.4961784431618111,0.49178391030779117,0.49242067477478374
0.12465,0.125086688,0.12477566817871505,0.12489100036952978
0.869840700301452,0.8706619342508707,0.8703961557353649,0.8705844077770818
0.12342190791999998,0.12589110128173597,0.12490353452866018,0.1250608963479384
0.12043885967154752,0.1244274378524556,0.12463902391012983,0.12440405814908052
0.2510669237437914,0.24878660436140138,0.24841409130211017,0.24870481022531965
0.2465746611563266,0.24785948685193054,0.2485651204835602,0.24875361757428327
0.3272,0.33320000000000005,0.3342552695082151,0.33455246404747463
0.1246116017111916,0.12375482662225588,0.12441573276813375,0.12435221258772758
0.1274382,0.12547537520000002,0.12509451049297113,0.1250368860779031
0.24789482116054404,0.25193229261082384,0.24983739175694117,0.24880445687925323
0.12594094550400003,0.126106101738872,0.12500604917943384,0.12500776730100796
0.43721349761098016,0.4388228961104063,0.43724692679954874,0.43756450619702664
0.24581087999999998,0.24977438400000002,0.24989105174550155,0.24997552935979242
0.2547084,0.2515996016,0.25034658567205126,0.24998163804991946
0.26038207999999996,0.2494986624,0.25062079369083834,0.2498655181771078
0.062384665122486894,0.06249842019662985,0.06231342709026632,0.06221711066071569
0.4929854145045023,0.5016362805993013,0.4998458198502221,0.5000727240299033
0.2545173866630598,0.25055360107636226,0.2488378863991651,0.24873872974510103
0.991904177346374,0.99254029519079,0.9925316789343606,0.9924754827378978
0.49402860537098814,0.49743632821099554,0.4985996658976275,0.49749745843713916
0.032103551183051006,0.03144528445393288,0.031223765988148904,0.031245850486861456
0.06451636128,0.06312509943104001,0.062325781590407366,0.06244676836111458
0.49245171818571687,0.49979689989035386,0.4979471574736287,0.4970614021463462
0.9884624941108611,0.9901797561725755,0.9899565457075705,0.9899994908253132
0.06470354701105507,0.0628410195847497,0.06256137524665516,0.0625358346968639
0.031000640945575277,0.03135072219286572,0.03120072294991068,0.03124793107140466
0.0305613713705992,0.03093669381877599,0.03105353184685722,0.031092336835559748
0.059519194799999994,0.061870952068607994,0.06247049797196267,0.062494022643254495
0.12353523577337257,0.12466236770889375,0.12500101558482637,0.12497519204020635
0.031489341745394424,0.0312527369776195,0.031141968116779273,0.031230895211077664
0.4979730741901001,0.5013357341731711,0.5008353227610489,0.5000168526529701
0.24629631999999999,0.24927031200000002,0.24996469664082702,0.24975980272594925
0.4962147096274736,0.49764780322050606,0.494524611016743,0.49496792461638545
0.5118,0.5013272542688543,0.5000772758136386,0.499902081032485
0.06609124720800003,0.06288301960819201,0.06249547549569374,0.062446916103907756
0.12764880504016743,0.12520978264253452,0.1245446815316109,0.12446860296048082
0.12637048119999994,0.12461733737256,0.1248332812109915,0.12503583853959874
0.9890013719251433,0.9901541657819775,0.9898720048854095,0.9899808356009717
0.2567386515675767,0.24811937571290987,0.24893397339263695,0.24877129660715913
0.5001779850503406,0.496612204428278,0.49776263491971445,0.4976906597080379
0.24949612000000002,0.25061309439999996,0.24916639513361818,0.24983558822549543
0.12325315570989634,0.12408684769720281,0.12367037037347255,0.12367937213095832
0.502,0.49862721885952005,0.5003377385516169,0.4998563947506164
0.24925824000000002,0.2480256430024675,0.24991710818923007,0.2497819310969367
0.015671014538618182,0.015717554354218326,0.01565403820418567,0.015635603409062653
0.1267078995046651,0.12473820809888046,0.12468249132619005,0.12440674881837685
0.03079149338905358,0.030590797724788295,0.030292122788399923,0.030212088477223353
0.10996489135518524,0.10899851274034437,0.1093603167534687,0.10935750790544534
0.24525427397927357,0.2488398171539629,0.24805256491872946,0.24752945523895392
0.06447971662745539,0.06270114810178765,0.06279173754039417,0.06252595940847953
0.25003936573612573,0.2474287168225817,0.24716571117369276,0.24757714821288046
0.12338096897158364,0.12488081401857394,0.12491165073108855,0.1249996040927474
0.01614068728797183,0.01555481989089595,0.015593714016834386,0.015623058293127944
0.048312906040581596,0.05029465908808141,0.05074361757259374,0.050785090627739914
0.12103460795211655,0.1241653480926739,0.12409428043325041,0.12434829679976002
0.12421321865996382,0.12426993038127337,0.1251245079310069,0.12497481803416413
0.054516164556054035,0.0547757086600546,0.05461902896792709,0.05470512371277367
0.2554234,0.24983872599999998,0.2500949118765897,0.25008088878150586
0.5087352073994148,0.4972523252678025,0.4972133441277992,0.4974873700005488
0.2418,0.24847397852442793,0.24991159112066438,0.2502067526361985
0.994769714552545,0.9949804207631522,0.9949452204504335,0.9949507389149838
0.06202559407664365,0.06310649241969589,0.062468387556103316,0.06243531494262961
0.12728050736464078,0.12464467095309488,0.1246833779211274,0.12437834525689538
0.25191672000000004,0.2522810368,0.2504359410430253,0.24978253860051972
0.06408777340800001,0.06270981818777599,0.06255058069723712,0.0623920557333434
0.0607217008443564,0.062157823162320776,0.06213412251796708,0.06225395856171127
0.8664454496098263,0.86655497468627,0.8661844402896256,0.866307961913834
0.24437435999999998,0.2476754,0.24889152536798625,0.2487696850054406
0.8717678820370053,0.8708676473843857,0.8705951459729119,0.870669556539402
0.05951657606400001,0.061741328052096006,0.06257413673774068,0.06245214498425954
0.06076230611864577,0.061726266290637294,0.06197048524826718,0.062214532381972644
0.43150687539248106,0.4375132590406733,0.4365248059856241,0.4376894171844958
0.25140192,0.24928044,0.24979304375468683,0.2497431647697355
0.49920000000000003,0.5013480622173121,0.5003643619134513,0.49978960592473565
0.059786388256032226,0.06239352229925068,0.06260064590654434,0.062484655257594716
0.12601328825328445,0.12457002357964908,0.12448435344952387,0.12439358941660966
0.058397779104,0.062257607650512005,0.06241641535172971,0.06255375676132527
0.12116998713600001,0.125404340835072,0.12497057546852725,0.12512319143989806
0.25935168000000003,0.25004902240000004,0.24985075399463458,0.25009924128651023
0.12827038929974396,0.12381992859275458,0.12482028238652097,0.12494312255751724
0.060910395378143946,0.06232814614454889,0.06232278206563518,0.06244263522123523
0.06123439120171037,0.06168734672580326,0.06234055108165764,0.06252776498602046
0.25126919999999997,0.24915484920000003,0.24975737945130988,0.2500953590201038
0.9841187673641842,0.9854613225408386,0.98490479441449,0.9850407753068761
0.2592846,0.25081062719999997,0.2502128916548553,0.24998059277796147
0.491491183996036,0.49787348643140994,0.4978228063572873,0.49755514029964715
0.11023236797650257,0.10902512167296259,0.10930185773320789,0.10929320923337939
0.016894860818549948,0.016576130745621184,0.016556402880460026,0.01656778479133139
0.49613203824683755,0.4924581022332918,0.49139560343517436,0.49226212138966857
0.486850737084341,0.4962449871326887,0.4977412668074853,0.497170233020054
0.062468839135059226,0.062296907290715034,0.0624102591586218,0.062482574322238506
0.25249256,0.24799341600000005,0.2501231021514614,0.2499532133393899
0.12148987483073338,0.12307763377898466,0.12374821185822835,0.12437962664773275
0.2514930027941046,0.25108291124086296,0.25084619660734697,0.25020448259913625
0.062066283683704364,0.06279924254467625,0.06244543600354356,0.062487734997074294
0.12394662151199999,0.1255753430314,0.12522930313443595,0.1250907910875251
0.2473963061158864,0.2480958447341821,0.24755490921207332,0.24763714339852172
0.24167907385897314,0.24862310990179962,0.2485599105598368,0.24871280382633723
0.0619543216071567,0.062012627830257676,0.06190460888303874,0.06181374842147273
0.12414682962762899,0.12472669181685042,0.12496163326004284,0.12497096286508322
0.24375744000000002,0.24974980239999997,0.24931422474740164,0.24997212791250517
0.4893300025691059,0.4968135981604121,0.49504469476361485,0.4953078506085184
0.5029909401399948,0.49422988759632874,0.49767278072852783,0.4972324343059015
0.0609862738657669,0.061637597589388006,0.06186459971162843,0.061865223616121484
0.12878852,0.126544704,0.12529594588051224,0.12507906126848828
0.5039217536060111,0.4958199193370376,0.49813470420780165,0.49764213935633855
0.12795406064329656,0.12571937322971224,0.1251064433691657,0.12495447412031323
0.1287574123486683,0.12507762540659437,0.12511030936620288,0.12499141452114003
0.24995851075348235,0.2502628001139117,0.2508382913354615,0.2500487536049681
0.05929224,0.06266890559999999,0.06282048255138345,0.062496975957244745
0.242154,0.2507565776,0.25043772833390254,0.24992790463552111
0.2215850325104786,0.21886273550589894,0.2189836720912101,0.21877157165551026
0.062427625420541824,0.06241383645214392,0.062247579460892155,0.062206385319244877
0.12489904,0.12656852159999998,0.1254925350617529,0.12495022340981832
0.06530636,0.06295056,0.06260386351304155,0.06253469308193593
0.021329801808000003,0.020825580076032003,0.020670081093509412,0.02057866747831108
0.503131140432671,0.500800223377282,0.4983705132422611,0.49772431815111695
0.028448957749370146,0.029673773128950507,0.030386313287832915,0.03027044517045671
0.2482,0.2494,0.2504608370913967,0.2501757639889377
0.25633528,0.2529887648,0.2497363028180888,0.2499131977411784
0.06575312396800001,0.062591364731168,0.0623915946781813,0.06238981210915355
0.05997405036,0.06070933449820801,0.06210090068303704,0.06244173076463981
0.22271053206250746,0.2194735552972149,0.21838602832671344,0.21867697696597962
0.9832872119918166,0.9854969352170597,0.9849994462196349,0.9850066971793485
0.10984503387453562,0.10806804974383605,0.10929222932739768,0.10950240600171172
0.24086732300009395,0.2471961807811193,0.24799865683157335,0.24751564682738839
0.12825448544418525,0.12441106010679685,0.12494143153792558,0.12497318263354001
0.24980844165902605,0.2507304053218028,0.24893489170053673,0.248889019596136
0.064711968976,0.06270208556544,0.06244791432831506,0.06219827388786624
0.06406465257561601,0.06276700633551872,0.0625003824330671,0.06246814463930657
0.12097458139922408,0.12416743224784066,0.12514673104112797,0.12507234930905511
0.12326524063913476,0.12498958935233069,0.12492512831336117,0.12502324342337048
0.25009951999999996,0.24969962760000003,0.24970724174692985,0.2500892444592916
0.24881096361839472,0.24969952403511597,0.24914086766907378,0.24871552953444906
0.499,0.4973277071081418,0.4999904821179986,0.5001065668496257
0.44267315814571845,0.43694969311785625,0.4371402972980637,0.4374589458032364
0.24482508000000006,0.2499996636,0.24982632074226285,0.24996744771186932
0.2490198071531599,0.24959327377041765,0.24879456575733358,0.24865627182551314
0.2511100966071211,0.24917095517816443,0.24875064213318276,0.2488561124039485
0.24789395746194456,0.24909146767433266,0.2498310699812246,0.24999993228664433
0.12253562385548314,0.125198533970824,0.12346394438367914,0.12376965865467406
0.061503959999999996,0.061601800000000005,0.06235314198012472,0.06248595468181382
0.12430805197603728,0.1247652397040038,0.12423818714693208,0.12385666156483163
0.12324709491411082,0.12421945599234675,0.1244479304989418,0.12437633390581097
0.24621022640534715,0.24892230902040366,0.24896186546313384,0.2487981258101503
0.1268172140643848,0.1252666949505901,0.12500724486966755,0.12502920922619418
0.06073341073989121,0.06178293819006387,0.06222140305312094,0.06252773288187727
0.9846405237757577,0.985368745860749,0.9849999781842125,0.9850607084287696
0.06090249023055611,0.06206620809134726,0.062097711609102504,0.06216237853124666
0.013226126508797464,0.0133252991255293,0.013299730667652818,0.013267130865986937
0.12821528919322933,0.1256187157715709,0.1248999198350499,0.12504344316902258
0.9938626386803083,0.99509953617007,0.994997820531907,0.9949595931355494
0.25291889458702127,0.2504698248893747,0.2482869122251393,0.2485748551229781
0.5087872109294743,0.5030877367772532,0.5000727223145085,0.500137210649689
0.2504838330495883,0.24763723012449507,0.24775193759814804,0.24752725232297443
0.2498231190202433,0.24397559322968104,0.24806049512471307,0.24881318953444498
0.06336848893681797,0.06235088620648428,0.062310780295100794,0.06247331331407265
0.25451064,0.24897101680000003,0.2500573949034422,0.2499058470543488
0.20212069486975912,0.2028136889310697,0.2032650447904823,0.20305310988485076
0.4850404794067485,0.49061197162093634,0.4921004930906017,0.49282470789171917
0.12543169091876133,0.12417379777830682,0.12509713358569186,0.1250686848036984
0.12348475310476974,0.12486853181604163,0.12494332742956732,0.12494086140025429
0.44104608542400003,0.4354134177200641,0.43641981746690994,0.4372926533285034
0.2466828,0.24790386240000004,0.24967358145477184,0.25001372899596613
0.9945132609705254,0.9950065116724618,0.9948822339416749,0.9949652714922544
0.12351414076289537,0.12429046951631824,0.12371138270164359,0.12367184043701493
0.12413560667200002,0.12430276896102398,0.12466105103867554,0.12491801879642887
0.12147621457981016,0.12532872407007042,0.12442815352047143,0.12436901274661402
0.031059000962374246,0.03144895802693194,0.031327543252807184,0.031226812771477867
0.47930680000000003,0.49546012680000007,0.4973746690494143,0.4972691013453683
0.49155457573035805,0.49601723896993977,0.4950268613502481,0.4950175093257121
0.24137208,0.24989241193625475,0.24985817107770011,0.25000537964332337
0.12471449606421822,0.1255847847551109,0.12548185879241452,0.1250870634045294
0.25420468,0.25166211560000007,0.25010239630770026,0.24981263477236762
0.030441557255999997,0.03173715159552,0.031449323160317226,0.031280442802266745
0.12385899886670292,0.12539986441010278,0.12511040454400849,0.12496700214539944
0.12470832458041653,0.1242670224508471,0.12465364801889411,0.1250539004347709
0.25573364000000004,0.25134300159999995,0.249502695820229,0.2496636731950293
0.12758842952265745,0.1259691145323314,0.12500508870632027,0.1249966229848341
0.49760000000000004,0.5010878976753209,0.49946849272399046,0.49988198085562363
0.9947612050934086,0.9949818342113725,0.9949579481057685,0.9949632637799901
0.0410142225175124,0.04103480609345937,0.041249735526324625,0.04127060583599123
0.061798978590078574,0.06199819615720188,0.06226420655947284,0.06216429205945332
0.24449023896547564,0.24823679405506133,0.2485622752811823,0.2487264015624646
0.11110156629074969,0.10865938263987326,0.10857956540262707,0.1085430630743413
0.4963189536269176,0.4951221325474499,0.496345422233989,0.49777083097751085
0.2456,0.25042,0.2501191405049828,0.2500901651787574
0.24914707210451364,0.2486130015949886,0.2486363621177979,0.24983790895879898
0.12165653355548373,0.122788868652079,0.12364510691923783,0.12373969502149244
0.06227641457774609,0.06209356480739938,0.0625535301880055,0.06251616123230513
0.12671213909263063,0.12516794083610167,0.12534359328866626,0.12505737292868688
0.022478816626400146,0.023677243999987916,0.023447295280350125,0.023421375376908166
0.49794180258558096,0.4921982347444709,0.49183249047411415,0.4924988962678925
0.116424,0.12238248000000002,0.12426679651359303,0.12515750539322418
0.9944250413703865,0.9951230794692932,0.9949378639133394,0.9949665548978928
0.10754576352468274,0.10982598743794238,0.10947031811804432,0.1094049830355777
0.015117234644882554,0.01560882992394335,0.015633521415626253,0.015624692442675845
0.06031422661873109,0.06299896662055243,0.062358062228130715,0.06248238354876871
0.05965622166400001,0.061491514903392004,0.0623416204570712,0.06253945814048323
0.5038794559287575,0.4969254318057544,0.4976433758233935,0.49766950348079003
0.996,0.99466,0.9947720239629442,0.9949467626274726
0.06274975999999999,0.060814504,0.06231206612378819,0.06254694458331014
0.1268568,0.12472902079999999,0.12548506372701074,0.12512559154286113
0.123480760608,0.12480346312959996,0.12477462009189286,0.12493128325189296
0.05998790353515203,0.062344102244454726,0.06258533745595637,0.062482290042625205
0.06183627232263301,0.06180215209810662,0.061861248891918,0.06185709965282222
0.06554621736,0.063385419620136,0.06240145156015974,0.06242373061181995
0.490330440300323,0.4953345138759823,0.4959703080904371,0.4952375236103909
0.8656098594144235,0.8702525832514686,0.8708116780291119,0.8707117270188635
0.12592218700723035,0.12376842097884776,0.12432830188316532,0.12427357951766842
0.12462968237948345,0.12364112472425795,0.12458897832662531,0.12503922620839908
0.03198079585756303,0.03104026882113238,0.031307520338257365,0.031262915039242216
0.1253059560539823,0.12510123794768574,0.1250719042186098,0.12505419273905963
0.242528965728,0.24986801095675995,0.2485105293074306,0.2488105542118633
0.06158671154151293,0.062215778034915285,0.0624037335788868,0.06250559413421418
0.12852644687999998,0.126207782309368,0.12467873709435422,0.12474098747055061
0.11286231096207934,0.10896611850002477,0.10721562542170847,0.1073171006900074
0.49865090402324713,0.4999003858282026,0.4970818355580843,0.49775257310750065
0.12554408830939712,0.12453768807416793,0.125166258498225,0.1250157697982594
0.03150472714895999,0.03131259106952102,0.031457445325127946,0.03125117049940399
0.12322585536046349,0.12421382244385971,0.1244468466808473,0.12437022940866464
0.12596663112598322,0.12440104494619199,0.12434846803491663,0.12436526969814676
0.49939999999999996,0.49872791388036036,0.49983751885974104,0.5000458831729724
0.12342021984953833,0.1260297782807956,0.12519405927395427,0.12504239049821264
0.2444901951968576,0.24823669633975848,0.24856225391180312,0.24872660111991124
0.12460871509928183,0.1252023090636576,0.12511276165858348,0.12496780899550691
0.9890228649851894,0.9901780000093915,0.9898721349057449,0.9899805999582643
0.12306093283018053,0.12492520800640734,0.12440676876553532,0.12440968223690163
0.06221661065070991,0.06201984875566091,0.06248729892640707,0.06248898660332131
0.061496192601042284,0.06283430905594134,0.062497751405369645,0.0625546082872751
0.5016,0.5017873305536,0.49954941438844014,0.5000457468297861
0.030475237912381683,0.030902589244362046,0.031233708307104,0.03128621484517446
0.2501075399973634,0.25090906490935977,0.2494209477552118,0.24898814596667998
0.12499031999999999,0.12430522000000001,0.12433210374573844,0.12491410998001108
0.25016404,0.25068035999999994,0.2495043996346711,0.25005573141162346
0.05810397687707871,0.06148947828089571,0.06232757259798652,0.06228946418069123
0.13126410547200001,0.12634344155980798,0.12451365710603239,0.1249062719979841
0.10923594727519897,0.10933737188949602,0.1094285787065914,0.10939013035843213
0.06315270807452697,0.06268751731328803,0.0625198168709586,0.06254384324918422
0.12539064000000003,0.12508054440000002,0.12489609062044985,0.12498053649173864
0.061156278412992,0.061038678573955674,0.06207768721344935,0.06215822619643443
0.06000587994253255,0.06282985231460456,0.06248075496629741,0.062491690440119284
0.2180792370161002,0.2189840439678628,0.21853715821459707,0.21865020751034495
0.24659040000000004,0.2500637360378081,0.2498108038472239,0.25018281317313046
0.49395271398604607,0.49506182087077477,0.49627810188479127,0.49499791357989803
0.10881784851140211,0.1089520162949081,0.10877371128430999,0.1088579928575003
0.4388157680145746,0.43999048565966753,0.43763192216567826,0.43756834424568586
0.49090390423006186,0.49701795962474044,0.49729873819394727,0.4974261663529739
0.0626930379159453,0.06232340094517071,0.062606192122667,0.06250721255032528
0.2146483462479923,0.21919492663200663,0.21924918325538081,0.21861615151789582
0.217912272672,0.22227214763654402,0.219319659285293,0.21864547778918159
0.4903934536560773,0.49508641211047827,0.49629009964132054,0.497116459611562
0.1228934135954527,0.1229610532567458,0.12314775295689666,0.12310738969392959
0.062284351156573055,0.062261490058683436,0.06255748214465638,0.06251522884196428
0.12607371152827582,0.12478900923292108,0.1247356107941556,0.12491033025992165
0.24794316000000008,0.249885216,0.25109055268034486,0.2503766467683028
0.06399800655545386,0.06292672400437983,0.062513197378251,0.06254389561539686
0.4988,0.5020080230428646,0.5004661158385667,0.5004122479103705
0.246764,0.24780459000000002,0.24875985924460914,0.25006325474222907
0.25210080000000007,0.24778703259806986,0.24930284676784098,0.2500387930573719
0.25381299999999996,0.24955020239999992,0.25005332406580977,0.2498740007960996
0.12687571189773605,0.12479915752808285,0.12494413537370049,0.12500129035697805
0.502385110007089,0.5007679052800263,0.5005153509879362,0.49988381506101526
0.1265830883288206,0.12470214369198383,0.12505237259959487,0.1250617374050335
0.8649642209346883,0.866858896559965,0.8661881656179214,0.8662725322386774
0.5095317751839287,0.49415822530400244,0.4949565881900626,0.49500688771142654
0.49730340398792006,0.4937818383924631,0.49483033242801483,0.49518931830449947
0.4908529449599999,0.4926859106040001,0.4944291772995784,0.49507919752847074
0.1262888,0.1250149584,0.12470920006340008,0.12491035129265829
0.4880726790664551,0.49860853215809425,0.49838463165838487,0.49775670523451965
0.43584943885331606,0.43845433005931045,0.4384089654689249,0.4370104612688808
0.24883408808311508,0.25157566519145386,0.2492556613721402,0.2487357665571194
0.12572596805176256,0.12485952612083133,0.12527460153585496,0.12503972488962856
0.2515672335316159,0.25083711162226,0.24951692025834743,0.2486599321413774
0.2407387035881018,0.24598246045680303,0.24613522142817115,0.24624473148768064
0.0613504817558006,0.06261551260685325,0.062476492517134025,0.06247226903417368
0.24721008554093143,0.24764214902579496,0.2488863211189945,0.24894845176322944
0.12325,0.122957184,0.12463877837930953,0.12494404335968294
0.24769057536942685,0.24451149292677649,0.24788295826239048,0.248635267496171
0.24079830390032447,0.2470139837590262,0.24825927276299922,0.2485974627605658
0.030161675550307705,0.03131752473725426,0.031306072593479985,0.0312739376961579
0.125268128832,0.12505334589367198,0.12486044028004906,0.12512221738914037
0.49381904,0.49563931040000003,0.4977935630999253,0.4977697698843975
0.13270110391999998,0.126412226650112,0.12500627397725678,0.12493034375308298
0.5034,0.5010280864220021,0.4996813452138497,0.5001816653888225
0.4859233765779208,0.496033504230208,0.4957115149337096,0.49491355100281853
0.024187143436478098,0.023131131822325325,0.02342377588852986,0.023437264772184628
0.06247127927033304,0.0623559168476115,0.06255850305850563,0.0625106419435256
0.5158,0.5042955194307149,0.49979779103575833,0.4997320944898152
0.01616600980354022,0.015644991404172047,0.015592364048317084,0.015622935242905343
0.12746739104000002,0.12451281545865599,0.12482186281824399,0.12495439193804228
0.020971369128921835,0.019692752322585463,0.019627518022110508,0.019533764141704123
0.015642967404352632,0.015546534629014524,0.01564226059393068,0.015619884196506376
0.06313954283274242,0.06289906533536156,0.06250075862054959,0.06252270950066427
0.1213259572995696,0.12288796307514063,0.12431331756349413,0.12426538444699521
0.12502355185171393,0.12461900469954412,0.12498133421826262,0.12495991130897138
0.2215289681675031,0.2177907403489667,0.21755086016288405,0.2176448280662409
0.0630786393670229,0.06235102442340625,0.06211650308249529,0.06215335758360336
0.49296708574513814,0.49565922412782126,0.49284394441083984,0.4928811155031146
0.25081479529180567,0.2513615047744619,0.24926316020990866,0.24826460083296198
0.24849384,0.2493008937108587,0.24991270053950154,0.2501361890872953
0.12375966528438177,0.12498138314775667,0.1246845332422566,0.12506451584050154
0.12542580870169073,0.12594048061422905,0.12490994577176168,0.12491232494810958
0.503,0.49868758715328615,0.4997845130164501,0.5001803589179407
0.054389129115846264,0.05497388711710082,0.05446223084081812,0.05465810375029483
0.12068304,0.1252434456,0.1252555839084096,0.12484281953746067
0.24407065188923394,0.2491584630413629,0.24934533527839703,0.2488660434767644
0.12285545171232194,0.12547396495085067,0.125275691738947,0.12506593438823482
0.8587514186898446,0.8617452839368103,0.862062579960712,0.8619753058359085
0.03183439663024393,0.03106947258632414,0.03123892310369398,0.031249618310109504
0.06131036692294803,0.060729276079324546,0.06063769604270845,0.06058017187764051
0.25350496,0.2494797804,0.25003755025329844,0.2503556701107079
0.25786047999999995,0.252837612,0.2512274774546817,0.2500584808457663
0.06193725900172131,0.06310125492755572,0.062445056622382464,0.06251412485106686
0.5078034015613789,0.4992475871478051,0.4984772624115231,0.49790748958198083
0.24600816000000003,0.24639243200000005,0.24920843741554946,0.24983358903631406
0.12369376582339375,0.12421448873782504,0.12387886485431893,0.1236901295268589
0.2525,0.248828712,0.2502144860492428,0.2498609609097125
0.12714624,0.12471396119999999,0.1251452392312735,0.12494653176430985
0.12634315824214795,0.12461300228417829,0.12410955370060783,0.12440900356839447
0.49929264,0.4991913311999999,0.49720737076072974,0.49770210056614667
0.12473693295999995,0.12590148673599996,0.125040735445254,0.12497617055417656
0.12335643058116358,0.12408058028934157,0.1250702053206961,0.12505002567499793
0.24291609614498694,0.24950066209546307,0.24870333304322859,0.24860910188421936
0.5077859639702238,0.5008474225034046,0.49912126001834495,0.4999129454825654
0.21948583019243068,0.22258546164744403,0.21995975415478508,0.22115908179497215
0.12006864000000002,0.12414093840000001,0.12539830852344155,0.1250102455733743
0.4923904642839057,0.49767082172891963,0.49666556019573976,0.49728232623894003
0.12222631317455263,0.1254703175567772,0.12496670370606416,0.1250176449299345
0.22075299550065564,0.2194282111327089,0.21974747387438998,0.21898390870805545
0.25440912,0.24955006560000004,0.2501736382888741,0.24999208234980538
0.48919911439776753,0.4933870158203954,0.4952645524742663,0.49504196364344166
0.06278000905833968,0.062395983978302864,0.06242172339329412,0.06249045100136651
0.25299456,0.2486616932,0.24990104815760444,0.24986233353779047
0.2501408187157018,0.24986973878033109,0.24978351696953946,0.2499094404708483
0.25017503999999996,0.24761436480000001,0.24920744235218642,0.2496509974813132
0.2497664,0.24729701920000005,0.24938945358550493,0.24993246867594984
0.993,0.9951744910336,0.9949638726596545,0.9948943783387962
0.1329685488887424,0.12326371119911575,0.1238932915649434,0.12373085356676528
0.5041846570697014,0.4997278896376961,0.49889123744481395,0.49971814026296896
0.24900083999999997,0.2514109272,0.25061269854341167,0.24990517006650376
0.03216099936,0.030422958001919995,0.031033820663914774,0.031292022977242
0.12383722656000001,0.126016723651584,0.12500798964736715,0.12502893153640723
0.503666141628624,0.49712326574384397,0.49645177675128443,0.4972081621620339
0.12589330041557806,0.1252274239635915,0.1251285141451168,0.12489438522762028
0.8733907215827448,0.8746003051476005,0.8750197579249388,0.8749651284729772
0.5028763428390757,0.49522644095400004,0.4973216531424423,0.4978855156048348
0.9954,0.9954759574786546,0.9949473630368616,0.9950354310929359
0.062639182592,0.0617296907136,0.06262854846070022,0.0626027487267133
0.060835628865278664,0.06237560257574537,0.06253767777260894,0.06248244252792302
0.24409743182575747,0.2456414806917927,0.2488336205546562,0.24875367025174827
0.24144031999999999,0.2490248040287506,0.25049202966557305,0.24998625520227355
0.0636276207630496,0.062944672068871,0.06261991416151962,0.06253080200647798
0.4943481554363586,0.49802005789183346,0.49689630157264963,0.4974362179826966
0.12491065247999998,0.12435425903308803,0.12466110947793921,0.12505374183375295
0.25390792000000006,0.249669784,0.25063091014364225,0.24982945416826874
0.06433213548978077,0.06299956688768472,0.06245042199759506,0.0624386393881598
0.031939350912,0.030827697179136,0.031237770969078055,0.031217346058446466
0.124443,0.1272083352,0.12563010316689904,0.12502588968209177
0.030842661748146122,0.03126076592726795,0.031236839717659275,0.03125078525582484
0.06196941950879763,0.0626112369154989,0.0627059179561366,0.0625226840252374
0.0315233828603033,0.03139941190949909,0.031240672275525523,0.0312608507434352
0.125536427744,0.12535203308076798,0.12521197298223963,0.12508873155373634
0.2521274661634294,0.24889165027049304,0.24726272584558667,0.24742978618049852
0.01539850869649792,0.015603654406380289,0.015622860098328133,0.015629729131070844
0.1251270409835328,0.12477285627850941,0.12494380455142373,0.12493471591619774
0.24503807999999994,0.24980778239999998,0.25097434403885627,0.2499903573419041
0.12072975999999999,0.1250345512,0.12513797980412025,0.12498156517214927
0.2483424068891629,0.24968309988814297,0.2486033514270261,0.2487593034170334
0.12306213041836653,0.12389842464983168,0.1251086987948227,0.12494677780085639
0.06250548199465164,0.06279781705625502,0.06242415150785579,0.06253304338252624
0.06459137591690346,0.06282417923473177,0.06216878781984359,0.06216903688954075
0.4902392,0.49588674059689636,0.49856275068450256,0.49712452029530685
0.25104742014375286,0.24997108184859818,0.24761476563925988,0.24755860379823752
0.12499353612000003,0.12458189639603201,0.12471517090668506,0.12485646623792407
0.12382237583215061,0.12430312679240992,0.12471670112375229,0.12495480035953688
0.12199467688824553,0.12539158985482776,0.12493678070647361,0.12497018266436748
0.015969412378421304,0.01559398684894657,0.01567926188009478,0.015632906239170054
0.994346817879213,0.9950813467205915,0.9949939530656676,0.9949605462338059
0.50626472,0.49972917599999994,0.49766000429108503,0.4976949122772624
0.43811656417359335,0.4374376832393749,0.4363007144890824,0.43750952646369173
0.49044997014707586,0.4926635094888526,0.4945144076484499,0.49507738171983956
0.12546121728000004,0.125724963898912,0.12491541019751456,0.12512448454771988
0.5013335219200001,0.49527996952761605,0.4943085759061164,0.49479556617703757
0.12592085424287966,0.12539363257235606,0.12513447275892828,0.12498985846403608
0.42814062801940195,0.4377678491565884,0.438460590342404,0.4373248578592904
0.994346817879213,0.9950813467205915,0.9949929849076486,0.9949603553383771
0.9909156976033081,0.9915361028966898,0.9911216574149232,0.99125092525099
0.06072809875928252,0.06212673363218862,0.06250209640714098,0.062494316917766204
0.12605347095567138,0.12561372226842107,0.12495739369302458,0.1250702436175096
0.12178735013955347,0.12377807528423758,0.12489744180810293,0.12496566544779072
0.504211534365984,0.4960792394650134,0.49438797275693974,0.4947400951501059
0.12419278326199569,0.12569551698306725,0.12481128665091339,0.12497232652018092
0.12537926591416304,0.125279521017024,0.12521589692224008,0.12498766018661002
0.030958166521105106,0.03119762442297108,0.031224755815749117,0.03123497030705375
0.06086625562511271,0.06225285731394652,0.06234567269905414,0.06249417116555406
0.12487585785479674,0.12479864748858262,0.12503838452324395,0.12497606811675409
0.25134715855883094,0.24851667054301996,0.24720706879228238,0.2474590228664824
0.24107776000000003,0.25152920799999995,0.25014189275820375,0.250142145374853
0.06255828233706234,0.06213673316323328,0.06254868760319586,0.062497419207673655
0.9790565935560932,0.9805331388405772,0.9804665215244177,0.9804124375636817
0.24839472000000004,0.25173184800000004,0.2500705326453757,0.2502248165266876
0.4962058121268466,0.4965545774181795,0.497678107779748,0.49751162872034804
0.0630898896134336,0.062117046369527515,0.0627319463939943,0.062483121666413476
0.0629480795869094,0.0625274356051575,0.06270191471292999,0.06254441649867241
0.24837050069655864,0.24666257736050332,0.24630807237120736,0.246278006464862
0.030528668342427807,0.03117842690387167,0.0312803763951989,0.031260957731687314
0.5005493478028616,0.5032860608540776,0.49895781956291,0.49763904483896537
0.060170580065400145,0.0626173654775175,0.06244440251131704,0.062474544131708866
0.12463651143999996,0.125661668809344,0.1249013706341763,0.12489682110893942
0.123770030592,0.125223863217408,0.1255039213969142,0.12510789261261832
0.061148658256880435,0.06219996696382153,0.06204798808555488,0.06215786750263373
0.06138314837323752,0.0625135047183483,0.062430131838452904,0.062497282620648485
0.4885780414900806,0.49518288610979166,0.4962754165293283,0.4956132034097676
0.26050672,0.25014860640000003,0.2495717694796613,0.250039198702989
1.0,0.9999510893425975,0.9999498962955599,0.9999496242513839
0.24917563999999998,0.25154912640000004,0.24940710769373758,0.2499637350872149
0.12320963081154901,0.12396970290672246,0.12430298187598394,0.1244010418028809
0.06099781229247998,0.062360688676557405,0.062194500230477845,0.062469511858555836
0.25234494950410347,0.2509552610736935,0.24875914455356893,0.2487689663212397
0.12436068880431828,0.12537183427044707,0.1249666537289758,0.12506027077717397
0.2519542299589564,0.24971240514336546,0.24865596644135735,0.24887533508650705
0.06080214150919642,0.06247438624202867,0.06252651015218083,0.06253793224960409
0.507,0.5015678751513432,0.4989341081484871,0.5003108230411456
0.12078068,0.12366856200000001,0.12515689757820878,0.1247482890514498
0.12308251648,0.125485526170752,0.12477970890931753,0.1249284407712846
0.031442930752,0.031521848346144,0.0314107017810426,0.031268520420173494
0.06355491756034336,0.06318483820953402,0.06247829015711741,0.0625484237403272
0.12277897541934153,0.12443228950286613,0.12487612636015995,0.12503422431308164
0.2488670213933788,0.24804535991473875,0.24659195063196948,0.246402829115995
0.4984,0.5009877911868036,0.50014560169149,0.5000990221482334
0.24650339999999998,0.2505693048,0.2491566175772555,0.25005611388622645
0.062024444637094396,0.062461471287198006,0.0623531344899487,0.06250333000168
0.24874960000000002,0.24996911040000003,0.2505761028612971,0.24999804225862274
0.24590719999999996,0.2511008004,0.25029084592050627,0.25001578352277426
0.9889950781336253,0.9901779843089002,0.9898979882861847,0.9900057647503085
0.49600558502626557,0.4975445180787376,0.49837079369161463,0.4976024143952964
0.4915854138650823,0.49778797702457117,0.4995924437375306,0.49988311425172627
0.1211680768216738,0.12435791531970568,0.12471971677934193,0.12496783050849768
0.06385245165600001,0.061876819549584,0.06243319671159626,0.06243499161680046
0.03214615267286303,0.03131903202689331,0.031316747099980016,0.03124650734041934
0.25413664,0.24978906399999998,0.2496418962590666,0.2500235582165411
0.12658604447668492,0.12527237882127812,0.12485130064732738,0.12499042797944852
0.013760195731326641,0.013570221575023415,0.013736937896712435,0.013738121964508215
0.06415261113844832,0.06279671617959551,0.06222672529950182,0.06243219068222807
0.24364244000000002,0.24981103239999997,0.2504449586660043,0.2500279689981883
0.4916,0.5019479399983593,0.4996365410145408,0.4998356131574832
0.061783376441638074,0.06233916817955296,0.0618204081176123,0.06184659682428076
0.8704227846396165,0.8708410405045719,0.8705834777831959,0.8706177034266454
0.06112410073678732,0.06188996201524468,0.06214844844300928,0.06217217010787028
0.1302376,0.12395176320000001,0.12450290398595595,0.12514395212184878
0.03242461721871966,0.03156829008375055,0.031233504205210028,0.03122234973793494
0.5034230977092348,0.4963638722838602,0.49819539643381283,0.49790008329217733
0.061222994448,0.062120254497167994,0.06240710369024402,0.0625171329712848
0.2538104400000001,0.2501369671393273,0.24968405862654228,0.25017401335743117
0.4255753847098374,0.43415851687279117,0.43536640057293935,0.4353388919429089
0.053434004605854915,0.05419903316100535,0.054809882968851024,0.05474248971967255
0.24588432000000005,0.25035828,0.2500725727139975,0.2501917963854509
0.2447145745353653,0.24879940076847368,0.24846755510040425,0.2487561254295764
0.252479221664,0.24865904595240187,0.2499366685103105,0.25003445302305
0.5033710312560752,0.5035144075551224,0.4968896487039031,0.4973611391072839
0.4955871128306001,0.4967285171230087,0.500556552044679,0.4998549238177927
0.12261945995233153,0.12486331129511713,0.12478568478754061,0.12507076601277387
0.12576713318399999,0.12620367975240002,0.1252399162390433,0.1251869888259966
0.4931535986880895,0.49587984725142975,0.4967418871373954,0.49736927769391237
0.030312940168149078,0.030880116896244644,0.031070107033032597,0.03128769871113769
0.06343157270104346,0.06259204875135604,0.06249046567025831,0.06250306049872918
0.03077821894084666,0.031128078682817736,0.03121141964392567,0.031240262289050653
0.03106594940558989,0.03179569096896636,0.031198874157540978,0.03121403381745421
0.24684957897600004,0.24940768502867194,0.24974315835727284,0.248678554209225
0.06250537381612219,0.06222672177033783,0.06227472216691109,0.06253010035992179
0.24916251889738092,0.24958235963088715,0.248789993757924,0.24865374023156978
0.030141638340095995,0.031272705957072745,0.03131461908501111,0.031216773935001697
0.24512279999999997,0.24880849199999996,0.2489973548969408,0.2501338064798254
0.49818483426176946,0.500747864978558,0.4996727941450019,0.49981281106716646
0.06358180000000001,0.062587842,0.06301049762925177,0.06248709440931104
0.1258919888699904,0.12628347906100923,0.12559803265687122,0.125039110027253
0.24575987999999999,0.2544983804,0.2506191915288259,0.2501608381557144
0.5006,0.500965874768704,0.5007111487252531,0.5003262665784106
0.11832480000000001,0.12311400170880005,0.12494141916936266,0.12505714755694441
0.47702134771696364,0.49435704741164244,0.49805334208242336,0.497532528894555
0.2457110021917618,0.2477998971797556,0.2478832839168279,0.24741606410725395
0.1210793225828331,0.12372780952728962,0.12490047887343848,0.12503892846588285
0.23952472814570264,0.24541117389989903,0.24849012055326763,0.24870971866718253
0.5016361574575473,0.49526823016318633,0.4943717017651976,0.4947815812689445
0.12486767380505572,0.12507735936173603,0.12501918276733875,0.12491646745851871
0.24383168,0.248062418,0.24976938605427695,0.24971120470861818
0.26183688000000005,0.2513819028,0.2499144776919946,0.24997869873831208
0.21355028753465113,0.21550607193062749,0.2151318696259199,0.21489351164511336
0.4955080006225146,0.49643570358917993,0.49499078893060233,0.49513579310383316
0.244029721221329,0.24643810694016166,0.24750354086723655,0.24751271800039992
0.12295536000000004,0.12479080653504002,0.1253342504545783,0.12512233301227316
0.06323748869224054,0.06271241240798313,0.0625517596926701,0.062489191620870216
0.2408165952367205,0.24593875495978712,0.2461486005802866,0.24624062861680587
0.9896274252185555,0.9906568725726052,0.9905379060628435,0.9905562071912588
0.24930271582574465,0.24970331786947852,0.24889862844815147,0.24887463269526247
0.9846189738039655,0.985738817786652,0.9850121815516234,0.9850996457685547
0.12442344416240016,0.12574227824487824,0.12535764183346151,0.12511178121338706
0.25431560000000003,0.2486611232,0.2508595634618716,0.2502576018682674
0.8742076988769242,0.8749448908986699,0.8749163769775274,0.874930872476727
0.12984408000000003,0.12410613160000002,0.12450567772343202,0.12480498519506296
0.06258353679183329,0.06254313394297466,0.06249701148568811,0.06242289138932345
0.12369161457545404,0.12469927028370087,0.12452865742270046,0.1244235291721039
0.06169770824502754,0.062045459044618334,0.06217647432281493,0.06253121721546467
0.24621444000000003,0.248831148,0.24973732674106902,0.25016407900690835
0.2444881956376137,0.2504274628210601,0.2477625638230583,0.24862491074231924
0.24560114220865115,0.249124815530239,0.24823256427169227,0.24862359146652474
0.06109081312298759,0.06262937821620543,0.06262781006114614,0.06250182793781386
0.25381343999999995,0.2494500816,0.25007892380459734,0.25025633897897764
0.43570620928767045,0.43843994539236913,0.4370576843975809,0.4373911007712386
0.25177408000000007,0.2492860520000001,0.2497106708143716,0.25006334060483587
0.062341727423999994,0.061732785536831994,0.062420912098306885,0.06250747336415312
0.24394721248783025,0.24631170376619896,0.2471675540887922,0.24753212663649668
0.24242736449927882,0.24587373172705482,0.24720347410784935,0.24748715781041475
0.4986142501624358,0.49952700809458733,0.4968365632912204,0.49734618673758907
