5K,50K,500K,5M
0.2454144,0.25038315846406334,0.24965670959037045,0.2499150134645677
0.24699604000000003,0.25134929440000003,0.24946894207200004,0.24994054428479998
0.12539707287137822,0.1255893804798976,0.12526565182784638,0.12503313336464558
0.4964513286526047,0.4943077054904991,0.4956379177784961,0.49514747432207185
0.49920798138030337,0.5012442372071456,0.49841840311836316,0.4975410988437615
0.010092616937191441,0.0101258267206036,0.010243622973296049,0.010239543367544594
0.1252304499150369,0.1233467035634379,0.12380606015164838,0.1235833295790512
0.06352165933926399,0.06302144761258831,0.06253316055094227,0.06257300706739453
0.24892579574760576,0.24941208240580964,0.24994922780210813,0.25002034686483127
0.06253050039808,0.06250554602299768,0.06264486497887699,0.062475825999936056
0.2509632197932974,0.2502668162776525,0.2489884377143394,0.2486918962870458
0.24848415010873698,0.2500239044304373,0.24871679854238044,0.24866684654775356
0.49319999999999997,0.49650000000000005,0.49900961640178804,0.49995582920038417
0.1235038882490956,0.1237193119196443,0.12432720513613348,0.1243458623717416
0.24551296000000003,0.2508903952,0.250350084864,0.25009185146791996
0.1300981985692461,0.12628058791909352,0.12499252630051984,0.12497387872856518
0.25137714021484936,0.25060421960429496,0.2490035357105956,0.24880610739700504
0.06195954719650497,0.06255164961484318,0.06263485782946805,0.06254618606392598
0.12444469447518276,0.12432726825813029,0.12479896322413397,0.12497250256180163
0.015519239275466095,0.015708495037527453,0.015615857269197031,0.01562896717347163
0.25086600000000003,0.2518414255999999,0.250683433728,0.25028047732815994
0.4256110691893276,0.4310628651253705,0.43368460284887267,0.43324742112902054
0.43482673569651653,0.4337011756686799,0.43300480776670514,0.4332172523407202
0.4933668220567609,0.49657992314235105,0.4951316036864755,0.4948532133393144
0.030952279866804794,0.0306407932052464,0.031020830342688425,0.03110706121308205
0.4908,0.4974080490755914,0.5005735766122411,0.5001177014850108
0.06061255153902007,0.06192858784080665,0.06210284823011159,0.06245579453059526
0.5100962706644196,0.4978984379090979,0.49546960627587616,0.4950955673411223
0.4927854204215389,0.5004479132982642,0.5005033964418103,0.5000496127316898
0.1225305744608265,0.1244637118425943,0.12495711806303678,0.12499296257902444
0.1260893932164489,0.12446800769509507,0.1243516906821616,0.1243849977564219
0.1281289476226432,0.12465821204100493,0.12468092748158005,0.12435072845271558
0.251894,0.2502400092,0.24977604096,0.24982952576400003
0.25159379012182126,0.24879049227445063,0.24902805513366533,0.2487725270490811
0.26162696,0.251440774,0.24985482654399999,0.24994629703143997
0.1281515471999999,0.12485915300966402,0.12487835092920709,0.12491017909894794
0.12273462109436321,0.12425722349976727,0.12428662400901698,0.12437850233872222
0.25039980000000006,0.25115131760000003,0.25097289002800005,0.25039385270528
0.1174892820733632,0.1241333794767564,0.12455014833321543,0.12437356143819983
0.03109404254691415,0.03103655558454456,0.031212638641374524,0.03125806249527315
0.06082692544315061,0.061910171236032464,0.06236265215506378,0.06253437768468982
0.4974675072106458,0.49656639720147266,0.49464158432880573,0.49518192284457707
0.12782111999999998,0.1253774088,0.12540836619999998,0.1250369365486
0.4955201135156978,0.49619038160255996,0.49571623384933683,0.49536381187848577
0.9792872317309066,0.9807240538568459,0.9799902049694611,0.9801301627910426
0.0323729509408716,0.031250547274179336,0.031213048126517994,0.031227504386211625
0.12703805005490176,0.12504728177710417,0.12495772976003185,0.12504195847390878
0.49284811512994214,0.4950857048490216,0.49704792672659615,0.4975739658947964
0.12515831439999994,0.12526422630400005,0.12510044162790634,0.12499984852561899
0.12730191103425068,0.12501483431528412,0.12484787635545687,0.12509612851300414
0.25610696,0.2506393692,0.24995295598399997,0.25018873375008
0.2376,0.2455138889069076,0.25079773103583497,0.24988189027475977
0.12598000143517255,0.12511702781178446,0.12478872717434268,0.1250025915644807
0.12024408,0.12584183759999998,0.124747552628,0.12490940570024
0.030993367155334982,0.031272045132049175,0.0312154968870962,0.03124148473528433
0.122813231370061,0.12599685649192105,0.12536812906600392,0.12507304146133955
0.24979195377683977,0.24855896735903488,0.24901912837597978,0.24874012371552662
0.030427767743030326,0.031456998074258696,0.031248548936480994,0.031224692357898595
0.1271810197437679,0.1250010791551724,0.12497847697156382,0.12507342757269155
0.11037491562904887,0.10979656500095404,0.10944481002501376,0.10940069643689611
0.12092370317944226,0.12389705373551353,0.12399593316070365,0.12428902358311637
0.49861754126925123,0.49683138856406206,0.4981145203591451,0.49763366567185374
0.21199938337992916,0.22017452979090477,0.2186487294028188,0.21874172036301015
0.2554234,0.24996920880000006,0.24956100868,0.24995660079456003
0.02939502137706078,0.03128137249852327,0.031242724591081884,0.03129610103424296
0.02766271103420305,0.027763635453795146,0.027413861353380784,0.027348304349906455
0.03093963179575575,0.031123602661868095,0.031246775260316068,0.03125579344261095
0.2193216365160001,0.21954943510286593,0.2187443845883219,0.21870448298625497
0.10661590534505604,0.10630398327275588,0.10540974705174956,0.10547372913865702
0.24961092000000001,0.24809086400000002,0.25029956550047944,0.2499495609873963
0.031133729935545296,0.031307670737168725,0.03125101535835161,0.03126208874596052
0.030434937606218515,0.031196820961895192,0.03127635263718292,0.03124217886821821
0.062252550874380204,0.06240925345701222,0.06263857122429496,0.062503167569229
0.12498366739200004,0.12489825309599997,0.12518256336441955,0.12492850834303784
0.25551,0.252495576,0.251030674016,0.25005078769663996
0.06335380015858313,0.06251122593348887,0.06257407494460149,0.0625087218298532
0.12870272083199996,0.12363319964000001,0.1251209019505328,0.12506499976733382
0.1259994735147265,0.12539288711603477,0.12479312155628217,0.12497452480480932
0.05519402812711462,0.05488430850105654,0.054758865194734954,0.05470656976332349
0.12473811999999998,0.12668578587571377,0.12523768779962494,0.12473467909356795
0.12363717061015225,0.12357405939854876,0.12380124194091537,0.12372809546599536
0.4461428334745299,0.4379008527035782,0.4380567064062754,0.43773860797053127
0.4935521863686411,0.5002491945205896,0.4976925715158179,0.4974596622253732
0.03100050648600675,0.031142910809956525,0.03122206272726013,0.031247600202195885
0.030633374066586956,0.031560630372197924,0.03125476041195862,0.0312162215145876
0.12210005487999999,0.12478181802416001,0.12459429847611114,0.12483259001325082
0.12729514207633397,0.12430704918362467,0.1241059835883808,0.12431384362309637
0.8751940651358608,0.8745079580635114,0.8749069841879804,0.8750058709552407
0.9889292751457119,0.990294922076141,0.9899521261352835,0.9900065426702147
0.49262048535907077,0.49138039015524315,0.49404345221715995,0.4949622658028372
0.12668000854426203,0.12463605347776067,0.12480376667122059,0.12501581812468038
0.25016934448308487,0.24821094948070502,0.24827435689741942,0.24869118784503408
0.7658809701530049,0.76564991516849,0.765594415537403,0.7655866091295928
0.11992159999999999,0.12482496879999999,0.124481961244,0.12508951335600002
0.9831844044918283,0.9853725251671142,0.9848490679292973,0.98505997705046
0.24763974643653225,0.24515422275083731,0.24625965861734112,0.24618668520564416
0.062157106979389795,0.06227919701385491,0.06246935981487982,0.06249199988312805
0.12376738393213242,0.12415793775101806,0.12454606764627853,0.12431621730695236
0.20710018867826951,0.21125244015336062,0.21138920508712403,0.21099213801976946
0.5129725027941632,0.5017985871497195,0.4973219413292344,0.4972183564843884
0.02979197871218083,0.031043670933232546,0.031136184840145548,0.031273085871286695
0.05393977237462115,0.05460507550308836,0.054703467189964834,0.05470831996624828
0.13028652235623986,0.126212625795218,0.12485459332145496,0.1249488469279853
0.434318868756076,0.4368122599780113,0.43775072379239366,0.4373796629290788
0.49246826467161614,0.4963429333366979,0.49826512508915394,0.49770597949209866
0.12544013070691373,0.1255863708116334,0.1247756816913015,0.12493847707659271
0.13098468,0.12468881440000001,0.12525432611999998,0.12512967775380002
0.24715943234399998,0.24814030300400003,0.24941596465886784,0.24873241228392245
0.494,0.49973999999999996,0.4990511361662612,0.4996291383210497
0.48221231271477577,0.4984470075490232,0.4974802720586134,0.497493690308284
0.0615214472998193,0.06227188418199337,0.06216321388665929,0.06222142823804464
0.250494,0.2502187488,0.25042799134,0.25000859971296
0.4971290642741357,0.49872477484676364,0.4982403240277525,0.4978315858594633
0.25826468,0.248760832,0.248383121312,0.24968160098856
0.030958716320063615,0.031473427622549795,0.03146148381073838,0.03129674851999674
0.12575112,0.12355224480000002,0.125135991992,0.12503671589928
0.12831599999999999,0.125986904,0.125241435016,0.12482052302608
0.4847872098707878,0.4992163209456925,0.49866495963877117,0.4999938870034512
0.06144944928394798,0.06219662655462478,0.06216669312139741,0.06220077210889444
0.9894878343526016,0.9898370584170442,0.9900377059520347,0.9899838609120474
0.9951977683987251,0.99494466036312,0.9949319191467987,0.9949698834734637
0.2522916,0.25053023680000003,0.24901285224,0.24992430172360003
0.10986719733157237,0.10891343623173799,0.10928805293721058,0.10929850190400812
0.125517118496,0.12474260705984001,0.12449795442602976,0.12504057373801056
0.06471314311616018,0.06209581243029919,0.062311848591592396,0.06250516568657834
0.24039048000000002,0.24968979360000002,0.25096992876,0.2499521868592
0.03185656256451861,0.031346724215578554,0.031184367921338853,0.03124837656314675
0.06479927954262851,0.06181264781643485,0.06218562034847372,0.06196198819675146
0.06258960291355561,0.06299877696041262,0.06201549320684649,0.06218277913249879
0.06009751896,0.061816225430399996,0.062361162076019765,0.06252994697414928
0.24996812688000003,0.25097594593377603,0.2494607798437401,0.24899951108068036
0.4844602956987313,0.49713976659684167,0.4954086888243501,0.4947283006190012
0.030947639541726777,0.03141495386620067,0.03122674676272196,0.0312666628368142
0.21537460748227263,0.21687270982725537,0.21664715159928816,0.21666880843149072
0.8702332238033267,0.870954406544532,0.870551512993605,0.870637636896401
0.42432875858386,0.435859912733803,0.43402650664439857,0.4351256536331443
0.063307046987568,0.06267905226418782,0.06213004547334368,0.062433198907724544
0.21673656007189293,0.2188572010356425,0.21903745737467972,0.21871149054493694
0.12579647647200004,0.12550152199478395,0.1243307533023004,0.12492549335310564
0.12499637472,0.12390252985433599,0.12473361902709866,0.12489482661253434
0.25667264000000006,0.248232444,0.25024900956,0.2500333995474
0.2449248,0.2520832028,0.250401536784,0.2498768138966
0.062406204643297325,0.0623972202290944,0.06241211856451296,0.06249680071512583
0.12414758227142024,0.12431927477696539,0.12444243213707806,0.12439396891148498
0.9903854335521414,0.9903995232646529,0.990046517325493,0.990209387864751
0.05878704141922706,0.05808145815202122,0.058659152795175244,0.058569188751346625
0.25409664,0.2487575376,0.25022186816,0.24986830464360005
0.06231034955691426,0.06117770511509802,0.06181243292718464,0.0618284891984363
0.02692300781355827,0.02721499527909979,0.027317448168018767,0.02734765009873695
0.11658216000000002,0.12416634,0.12536989011199998,0.1250994095076
0.06292772935608591,0.06274215442482174,0.0626018445019629,0.06249135621488706
0.24856352,0.24903642720000002,0.248919106208,0.24976305602016
0.05487851699862213,0.055116063860164814,0.05476689146628215,0.05473368399944968
0.06378257716490242,0.06265943539897241,0.062498702815294176,0.06257788103941835
0.12397342204800003,0.12546076155356803,0.12539848735101597,0.12505914371389062
0.24930024000000003,0.2500987556,0.250473153504,0.25018240657019997
0.24979808000000006,0.24870000000000006,0.24909449136,0.2496886969408
0.12624847942077885,0.12630522318309617,0.1255046271238206,0.12505191285005432
0.994,0.99483912751688,0.994827749081432,0.9949423677650958
0.12997138944,0.12604104677118402,0.12483957592490948,0.1249254538497185
0.48555208,0.4934800735999999,0.49735945917999996,0.4978661727190799
0.2461592261219034,0.2483070971025408,0.2481961144128748,0.24754047220393194
0.061833540352064106,0.06236506903704554,0.06252547824786285,0.06250051289585162
0.03131256040523942,0.03115462859024618,0.03123903149598492,0.031246090756547728
0.0631680557897963,0.06259728274373533,0.06266407236876474,0.06246367694848361
0.06562298540000001,0.06274775292416,0.06214127258491685,0.062427098848234795
0.24009744000000002,0.2484592032,0.25041674748,0.2499560855176
0.22058453398567668,0.21919041675879924,0.21771988845463106,0.21867055245918973
0.060438742013427096,0.06235924073471373,0.06234553264828179,0.06250448400693245
0.1197383292064,0.12346220120092019,0.12504729370719253,0.12497497925620397
0.12242899838399998,0.12400791515280003,0.1246785995739714,0.12489527341954991
0.10991154551805106,0.1092096928889005,0.10947883102042992,0.10934129807511896
0.011819250049555198,0.011689818114083397,0.011757457058385726,0.011727263788249294
0.2519577599999999,0.2524451792,0.25078543729600006,0.24996419618368002
0.1263208445004319,0.12566789597345907,0.1251706506833029,0.12514333770602604
0.12602870119480902,0.12407390754731189,0.12429549267424858,0.12440524822695585
0.06320598114679515,0.06278363411046942,0.06246570731715052,0.06255020149248208
0.5016,0.5037274983460042,0.5009310118703006,0.5000252473239871
0.12300769418301559,0.12474713737226623,0.1246370036020577,0.1248387966800184
0.49756975560699845,0.49755581736367466,0.4978273522857984,0.49760583356893373
0.1214286130119497,0.12347536293605482,0.12466728109294524,0.12433237039685423
0.50040770767861,0.49768719893709856,0.49635343005845917,0.4974814317905396
0.5044,0.5024858319119999,0.5004231944833181,0.4999084468057581
0.49720061126904164,0.4988433976676119,0.4971200853864507,0.4975058138044525
0.25180224,0.24963974519999999,0.24953905491199999,0.25018128183888005
0.4958817258104814,0.49267870413982023,0.4939169464841536,0.49493303327741306
0.031725701168832006,0.03152927625761628,0.03125694279472273,0.03123756248822759
0.06307637561866816,0.0621316012302627,0.06198972881727123,0.06188008010660466
0.4993860604301503,0.496823574642592,0.49773389252216094,0.49762981479787227
0.0628852645251503,0.06217878787720496,0.06220232759457735,0.06217201147559328
0.12386269536514573,0.12409842124286613,0.12492034657098257,0.12493876662468995
0.029639423289943564,0.030915891613426692,0.03133460249700626,0.0312806481288208
0.2500660402684358,0.24763586554775885,0.24776172624234136,0.2475280860483185
0.24733464000000005,0.24885834120000003,0.25024052079200004,0.24978983282047998
0.06269053684033327,0.06277156121498446,0.06246043347148145,0.06250672630149147
0.24746706521524636,0.2483878448886024,0.24754309843114963,0.24741360926532838
0.12494960000000001,0.12331056,0.125247437072,0.12511177781256003
0.060927089715593595,0.06211273522313067,0.06246923856850679,0.06245235132302664
0.061913440679999994,0.06158137588898399,0.06236183694899984,0.06254919541682435
0.252833593001184,0.25006490256673697,0.2497269279573175,0.24995681976339149
0.029976642457247998,0.031185336570724313,0.03141361197907695,0.0313066502772807
0.24571823999999998,0.25029632640000005,0.2501869214,0.24992129568819998
0.03144321074927306,0.03145329859126971,0.03132517972459757,0.031238462731285194
0.25171798948075375,0.24991322891513995,0.24892393810704858,0.24888971304162005
0.2506294858718116,0.25040978351169385,0.24984181574632722,0.2499964761347805
0.43906829798453156,0.4360187441319981,0.4373721671864326,0.43730714497809026
0.13286592583199996,0.12595484458678396,0.12490138276981344,0.12499739984382018
0.015251080779921721,0.015529684685133532,0.015526338601692382,0.015545772494737774
0.24988480000000002,0.253029106,0.25153733577599996,0.24985871706048
0.017092427767960577,0.017574060066063844,0.017637575229454448,0.01759018985604926
0.11917281579312962,0.12386149298040018,0.12495315150339545,0.12432725592997682
0.24341853420244663,0.24915335624237453,0.24929348095151535,0.24880598659996764
0.12376265014306408,0.12404312538442995,0.12458327004953035,0.12499740596129763
0.24912060496010913,0.24958518885286063,0.24879752253681797,0.24865336700514215
0.5006036569200105,0.4986085466313136,0.4972131047887764,0.49764560633846744
0.01526536663883917,0.01572319772827568,0.015597759444808557,0.01563700073087612
0.127630428416,0.124809954057216,0.12486345366923726,0.12491465021601796
0.12603383088935102,0.12546181274474216,0.12494638327420851,0.1250315238222358
0.43163568373613903,0.434453592882765,0.4365976250134964,0.4374502863126902
0.131126484544,0.12519374700912003,0.1253003228892198,0.12489617274870154
0.12315659999999999,0.12398023759999999,0.124498977692,0.12499599780088001
0.8705208968701926,0.8706747826825084,0.8705330213263468,0.8705591802216629
0.49804092462066113,0.49371980488333805,0.4948657661526087,0.4952852727172283
0.06056508857235201,0.06256273575766379,0.06258835792233028,0.062452159825838224
0.06194896223382299,0.0621921175174067,0.06235359200186036,0.06217077812949918
0.12665598501600003,0.12608777549916003,0.12499186215734333,0.12495225574264984
0.25400576,0.24879090159999995,0.249711031992,0.24985701392036
0.2495288188030579,0.2485953750710624,0.24902809025373157,0.24874578526560323
0.12322412385021998,0.12376397817363108,0.12409212339067635,0.12444053494560092
0.12543060096,0.12650812727942404,0.12472162541632151,0.1248692222680141
0.03126301860340299,0.031350947169518,0.03125228812977745,0.03126986618149438
0.12398632000000001,0.1252450188,0.125404223952,0.12493490680560002
0.25794216,0.25494639393275353,0.2507807162382597,0.24987538652343086
0.011736507552222976,0.011683714043331546,0.01174998147771183,0.011733584574209092
0.10951777705170013,0.10893184640606,0.10938355813760536,0.10935985308402651
0.12606061857871478,0.12410639065586176,0.12491068477799024,0.12500405595971537
0.2495753422442419,0.24930222805127097,0.24907878494644495,0.24873271379790884
0.0652294784,0.06283616680035199,0.06292286670948767,0.06252598744764123
0.12412364623824158,0.12432556907345055,0.12443449366832299,0.12439571778553056
0.1226174532,0.12575040055968004,0.12484589715268071,0.125047163858941
0.030695268268883823,0.03110663878471306,0.031287626296916594,0.03127729517401994
0.061602309216000004,0.06366158744668801,0.06255602267195136,0.06245292471634761
0.2187999191030703,0.2199709605442651,0.21827892297770804,0.21866940046057978
0.2479409467920352,0.24791165255389075,0.24736316964901844,0.24750237591167296
0.4385674144594202,0.43988034523609837,0.43745324092593274,0.43734702325089386
0.1249178363108198,0.1253672670607998,0.12488523014850145,0.1250029492413463
0.2512524151439139,0.2476682003837294,0.24784802268846606,0.24758217653167613
0.24759356952989903,0.24729513303506767,0.24802413014644992,0.24884540272083203
0.24971903999999992,0.2521834528,0.2510580944480001,0.25008577011264005
0.05954067367771523,0.0627332026783888,0.06242166813733892,0.0624900651085959
0.0599813549791607,0.062317517062015236,0.062436044711074126,0.06248958631564176
0.01886308410753076,0.018260384308608248,0.018510378996276153,0.0185250274037067
0.1273006519453256,0.12453298604234543,0.12532296549694638,0.12506455658921317
0.2574540180000559,0.25154520084995113,0.24909688710130404,0.24878198479395466
0.128006965383648,0.12382527600681685,0.12512788583833706,0.12504869710565386
0.9836653720862473,0.9853893040660443,0.9850029741280687,0.9850318015484256
0.12759073357702744,0.12457151462154553,0.12500128567254928,0.12505567579077273
0.0639481910953616,0.0629539336022258,0.06239731597199711,0.06247442216827439
0.10063668568810763,0.10168955024131189,0.10156572046218611,0.10151640281071579
0.255021,0.248522158,0.250009982144,0.25010747955103996
0.24635165747062576,0.2485942872361969,0.24983484237469555,0.2490028026240221
0.5014489863887808,0.49468544573568,0.494530580772905,0.4946616319968155
0.4923810429885898,0.4911253413005768,0.49073027702457944,0.4902402614801693
0.500808439667377,0.5003798584483566,0.4983871414769349,0.49756938948406154
0.06377475587852177,0.062032509339248976,0.06253153968071504,0.06250366301395967
0.24540820000000002,0.2475260604,0.249512098268,0.24991710687192004
0.13054282397351427,0.12372434628515608,0.1247216498688397,0.12451514119611852
0.12275313189238529,0.12469546795443698,0.12489057169790901,0.12494896750184749
0.25488920000000004,0.24946574400000002,0.250399058712,0.25021704379424003
0.49845122292760763,0.49867037628677235,0.498701127252381,0.49793908291320305
0.020599750941738486,0.021212906319997234,0.0214664824312397,0.0214738066257969
0.12664377057227982,0.12587282438978104,0.12506566876419664,0.1249565552461912
0.8674866432730723,0.8664081358112818,0.866387071088787,0.8662543414476055
0.030290567569930017,0.03114332270086489,0.03126037003517965,0.03125138682814719
0.03206644828420413,0.031399652325676916,0.031229448336181603,0.03131922218592059
0.12078146385079983,0.12600589680443003,0.12528146051760605,0.12504392612548731
0.250173,0.24979963039999994,0.250224973896,0.25011217089119997
0.244836023806137,0.24962726943924857,0.24986536555590025,0.24997286851047773
0.24554876131009923,0.2496665428435768,0.2493353931879428,0.24887102615682705
0.12629638559999998,0.12467980483891203,0.12448944211943519,0.12501053445837704
0.12505741407334992,0.12475747523624128,0.1249876129412002,0.1250280419592657
0.49019999999999997,0.49860824050120156,0.4992894341902534,0.5002930771525087
0.029884751866093313,0.03115107519132435,0.03126081263015993,0.031235653253601163
0.24372572655168862,0.24720969218448285,0.2472678921529861,0.24753813515313372
0.12354607630131093,0.12453658136867272,0.1247755660340265,0.12494677204284581
0.12424668672,0.12471882231164798,0.12480069573743464,0.12481728120237597
0.7608164138242445,0.7620584243228973,0.7616414283386547,0.7618181837582481
0.49658527624294685,0.4981479694611184,0.5002834024499606,0.5002224083844231
0.062455489617914535,0.06197316287214523,0.062083163783817966,0.06218358358820759
0.03177921400052758,0.031142849447681784,0.031223254784817887,0.031239213383247946
0.030691494489920458,0.031260777058570624,0.03129617286584302,0.03122901541283882
0.505078779322481,0.49483938707705666,0.4936536792229327,0.495174549228808
0.06240187715942181,0.06251192589177976,0.06227481954039673,0.062159862208744095
0.4971314050413488,0.4960391073738902,0.49760960755604006,0.49756731869818305
0.48214061818630727,0.496752889478889,0.49615055397261526,0.49751372347014056
0.12412425304945819,0.12432710557757069,0.12443447968826613,0.124395717491115
0.05972131315542961,0.06100867826696055,0.060668953933701586,0.06052030676904459
0.5029737167183745,0.49424069173566765,0.49289865434515445,0.49277612106610724
0.015538259469357964,0.015539239117085903,0.01554453305730514,0.015551661589285776
0.06021817520000001,0.06333304995359999,0.06259574354842101,0.06253015011969433
0.061005319504163415,0.061889973463522416,0.0622079917080309,0.06214497108508438
0.12722060266253896,0.12545142455948793,0.12494675348011816,0.12441673847233936
0.06248289352432547,0.06311473696056681,0.06253459609662868,0.06251227065699898
0.24891211515863818,0.24849710427448662,0.24863238720260453,0.2488036912446404
0.4377664910100507,0.43882026283433034,0.4373680346646573,0.4374187644561329
0.12276036724000002,0.12453713809584002,0.1247954939598978,0.12481727850628609
0.24577165210204466,0.24958234057694356,0.24857999483838503,0.2486535196170791
0.2513362652313611,0.24693971468581405,0.24858797173139752,0.24857977282942167
0.483636441198409,0.4897401464041229,0.4927524036220308,0.4925880634510333
0.2434243213627492,0.24696358851925923,0.2486251713859399,0.24856799842431904
0.5068,0.503487646803411,0.5009652662977603,0.5000191342373004
0.49378815324936454,0.498085678900968,0.4973306078152835,0.4974845095682234
0.5043876245020164,0.4972970695288397,0.49692771102940947,0.4971539399062783
0.240002,0.24922370873708402,0.24984446506382574,0.24994279611618772
0.24693484961492101,0.24826574756069397,0.24894539504254862,0.24865827736220866
0.49760072752864726,0.4909956183239749,0.4926105628681212,0.49266132545714986
0.9896035981423325,0.9902384106250908,0.9900276496071906,0.9899995528835132
0.2420945993276586,0.24850734686258977,0.24687883987766998,0.24741473132051098
0.06403069802741197,0.06242915385934355,0.0624001388006236,0.06249281810067571
0.12649574276007783,0.12514197637893476,0.12496742180985719,0.12495285333348727
0.06301509955595426,0.062279264644286896,0.06249045062019481,0.06250660127938733
0.1255728145222995,0.12498568640963814,0.12500043698914198,0.12497785981256501
0.12186764,0.12607657919999998,0.12457572336000002,0.12490881448320001
0.059571812352,0.061841071596736,0.06242662941639802,0.06238926052275595
0.4964,0.499048456143328,0.5006637987862315,0.5001756124456302
0.24131328,0.2479407092,0.250069695764,0.24984936931936
0.9948025751300538,0.9951033789271302,0.9949072162714744,0.9949623456525621
0.24965337534519885,0.24812954738749324,0.24635350011757923,0.24741657292446895
0.06086104376965979,0.062216838070820374,0.06250196553881891,0.06245708236734953
0.5117866915793002,0.5013284107872311,0.5001235082207046,0.49993189830146795
0.060293432664403734,0.06254353122378035,0.06245113303335581,0.062428931775214046
0.250937,0.24952195328025495,0.2504734983157743,0.24984501731603162
0.21232016368211473,0.20988648772581173,0.2107862184393494,0.2107403506231909
0.12306073311999999,0.12488914461196797,0.12500679773454051,0.12499424008861597
0.23851856000000002,0.24907708280000002,0.24963511709600003,0.24982132629367998
0.11114193852365127,0.10872529613295798,0.10947759156159613,0.10939077606662148
0.12521594624000001,0.124916579847072,0.12501533331480258,0.12505894263983103
0.04613690667455889,0.046554932345995906,0.04657677077238375,0.046641474870466014
0.12316799085587768,0.12385812834295631,0.12453038665098556,0.12496605508463414
0.12411352002412,0.12445477114734865,0.12485342095387636,0.12506216538150297
0.12469479325703528,0.12457654745760485,0.125137951661423,0.12501525716994083
0.24582556000000003,0.24952806000000002,0.24961512661600002,0.249776150008
0.12486565864298614,0.12457983479442127,0.12442441648775793,0.12429617328776016
0.12406234268342944,0.12333366826587451,0.12372158546032293,0.12372557997213682
0.24282968161599996,0.2497957851503546,0.2504634241516598,0.24998813805072823
0.511585169049946,0.5016473429578351,0.5001556275823564,0.5001329943863322
0.22050935853599443,0.21952676918061836,0.2185579022239193,0.2187395027207123
0.0136303434083935,0.013891397285281175,0.013639400819745956,0.013680042710318169
0.12337046455836978,0.12413296373150091,0.12511501390903995,0.12496250188494026
0.12258871535874778,0.12475764607267494,0.1251399002444136,0.1250107728956652
0.12823582186879692,0.1255068577248837,0.12515597282398594,0.12501175679174537
0.24821370334276452,0.24628365016724765,0.2477128036503755,0.24761696890409582
0.247742333676163,0.24836534440520744,0.24751398657630475,0.247411610223886
0.06153699009499915,0.0617718236214741,0.06257075889452213,0.06249459973206764
0.11895306159341638,0.12375859547338888,0.12508417992281112,0.12501006242455845
0.10948150519820331,0.10932506900952539,0.1094714792484668,0.10937748059417061
0.03182055262848001,0.03189319156411613,0.03122456077083585,0.03121156535921725
0.12619776000000002,0.12469825920000001,0.12565042547199998,0.12490181886016002
0.127342007639856,0.12581906351392433,0.12474426082452608,0.12513730751072658
0.12450048,0.12447000000000003,0.125089003984,0.12505988777152
0.0629379870307038,0.06200052081482161,0.06225557585294219,0.06253310751243632
0.12253713576000003,0.12438135049956,0.12543181035794332,0.12505902024155913
0.061975942300589934,0.062328345376134804,0.06264625241599325,0.06256674629211915
0.48877834326378355,0.4951806170496,0.4950965118342517,0.49527688611098075
0.1265932141768418,0.12577570697143622,0.12499382285907576,0.12499269140338992
0.03037557593126854,0.03149871666419585,0.031112477377355542,0.031226129034294774
0.06070310448,0.06262017221299125,0.06250925871500593,0.06256382299293664
0.12164084832,0.12382150652006398,0.12495849329263536,0.12511304832354928
0.1260731946091694,0.12514948200077103,0.12506564947984158,0.12498219253283709
0.05511212272569718,0.05458163087014023,0.05468703895001182,0.05468941299387535
0.2511145658910573,0.25026796676062807,0.24899083833035202,0.24869106890886344
0.1247656903153516,0.12433800600031568,0.12449563068152682,0.12438105859658212
0.12645489551884165,0.12574223005478313,0.1250692641271974,0.1250274550818674
0.0616671489598004,0.061860487682659046,0.06243104343888149,0.062489696530476084
0.11718693972527529,0.11234683964548792,0.1114712163715669,0.11136812006616818
0.02704864638107663,0.027351646842290776,0.027299863318517796,0.02733735110905913
0.24657349109565255,0.2460524320625582,0.2467887066323611,0.24759734293885016
0.2514477030875484,0.2488280919031301,0.24846140957264773,0.24871072521552956
0.12398413288382634,0.12492193785899537,0.12437256123834475,0.12440448503637704
0.12169341118627343,0.124303270986984,0.12374416117780704,0.12378178906788811
0.2485596182328207,0.24975880104252762,0.24887374427577566,0.24872056274920562
0.03189862879352094,0.03160385361065211,0.03136665829470496,0.031230013922620144
0.06577759968584415,0.06223198233642864,0.06259416235811459,0.06253671586553947
0.2516679704789527,0.2488261006965245,0.24903082965505918,0.2487755470026241
0.24927935999999998,0.2501176428,0.25057820448400003,0.2501980885736
0.06378913083965591,0.06262280895190175,0.06258406264723931,0.06252684710140798
0.24904456000000003,0.2516488416,0.25071293728000005,0.24995946103800004
0.4426925003067117,0.4371727705194811,0.437103119729689,0.43721987601856216
0.1226939204,0.12388185991372802,0.12532739376853694,0.12489777587259068
0.24979173295615562,0.24859910936890478,0.2490126930891648,0.24874738930370247
0.9890302355460723,0.9901649581174294,0.9898725692902993,0.9899804848895504
0.24930048,0.2500735548,0.249500860872,0.25016411722656
0.24600960772889605,0.24965308685251844,0.24926583737365643,0.2488731592477016
0.12988944,0.1252824064,0.12492696384000002,0.12500037482264
0.25035485236444877,0.2467104829523656,0.24694732789266635,0.24729741469629227
0.49900000000000005,0.4989079394470782,0.4987812070105582,0.4995458619647595
0.12579364262929102,0.12469911839315553,0.12450210968245172,0.12459634200805102
0.030904563135682177,0.031377177275876994,0.03127935485141649,0.031233714041217726
0.5028890564356066,0.49315651670123534,0.4953588702579821,0.49511783212106153
0.49434757213952,0.49739224457641257,0.49672607240733313,0.49741309733115835
0.21372376097987908,0.21871088343716136,0.21922734551924544,0.21874377358159153
0.06576815719600004,0.06250234144591703,0.062306690092061835,0.06250682316830605
0.06211226509503864,0.062379936893809856,0.06252556872003644,0.06250084805127512
0.25643900000000003,0.2502096216,0.24931543573599999,0.24980362417295998
1.0,0.999925703138182,0.9999231563769904,0.9999248901098965
0.24414332693372756,0.24899766801383913,0.249383055521106,0.24867739084784798
0.24738524096000009,0.24793666827335997,0.24886254180079656,0.2488073558667744
0.061957101300656174,0.06275311274771105,0.062456577728980424,0.06246890160876879
0.24373697707447578,0.24911707057511243,0.2492835641850087,0.24880577193102618
0.49849632,0.49876541,0.498259243572,0.49795419101120003
0.4430716769698477,0.43627668243382095,0.4376623388604914,0.4376290629319649
0.25210216,0.2501059516150331,0.24967676814898385,0.2498876893746445
0.49636491594341103,0.49729243505044374,0.49815140085796783,0.4971084669724546
0.01561234162976832,0.0155316346823391,0.015597719985629307,0.01563029886775017
0.10798540728611104,0.10921540131974762,0.10928046096515955,0.10934850433369135
0.12526434556368515,0.1232757094684031,0.12347509158332381,0.12367323912397175
0.25043798672627904,0.25082366491068153,0.25003393471729435,0.2499031651849759
0.12460887575285308,0.12489975592036565,0.12506766304106415,0.12495835001719909
0.2534318224560594,0.24913518171589547,0.24865315643134522,0.24872647081147012
0.030319074933033048,0.031114731107738852,0.03128519834552408,0.03124106327582771
0.031065246524857103,0.03130769399422496,0.031411738990601366,0.031283180904290206
0.12358755480407291,0.1259926758192164,0.12493896930322108,0.12502579641905145
0.9836125345694762,0.9852452598797883,0.9848559029648969,0.9850451837731296
0.24856980150544677,0.2486342583678505,0.2485197368184758,0.24866124721109398
0.24210912000000004,0.24997907880000003,0.24960301548,0.24989199862236003
0.06222321798417787,0.06218876113624003,0.06216493997738403,0.062168284390865955
0.06233159939484491,0.0626700832195031,0.06260106704759158,0.06251586630788898
0.47901694319924426,0.49437930490379206,0.49369693010077503,0.4950130014110419
0.32695504000000003,0.331341888,0.33182072122,0.3330872340768
0.12885104,0.12468383720000001,0.12543027820799998,0.12498792361272001
0.2436,0.24785414653824003,0.25058578062631537,0.2501505130157251
0.4970253482113478,0.49878684620015606,0.4982155312438823,0.497839432160072
0.12727643071679604,0.12527251358983255,0.12500690076826246,0.1249281642724718
0.50896112,0.49415689599999996,0.49789711444,0.4974647019012
0.066046708728,0.06262241171648,0.0623770072523319,0.06245420127371923
0.06142305784682545,0.06240951495190314,0.06271036906230251,0.06255890827281703
0.9951977454708524,0.9949574687879716,0.9949570623594287,0.99499467180437
0.2510642315567328,0.24912877868523808,0.24877731677116696,0.24882251194301483
0.2430597025026813,0.24890273130334065,0.2477371880781518,0.24721069756677932
0.8703615072853441,0.8705415757925481,0.8704605581695924,0.8706028506715977
0.24758271999999998,0.24719769360000002,0.24937510440000002,0.24980119749643998
0.03462321176195129,0.03528306868699363,0.035257573209605556,0.03517689475738594
0.11034286644612598,0.11101258707662913,0.11133744171997421,0.11128699055739191
0.48198816,0.49687360240000006,0.4962613797,0.4975443059652
0.1222624815182399,0.1240175913135675,0.124929813930131,0.12498891858661344
0.013892812636946642,0.013831443020126857,0.013711783143826303,0.013683819474010029
0.2448094,0.2479339368,0.24969394309200002,0.25007049703144
0.4893688518341891,0.4932613733582984,0.49515541574355265,0.49505189332007665
0.038020589136898625,0.038840538697847406,0.038872917511047794,0.03906842737519906
0.4988,0.5004872756244496,0.4998832870498948,0.5001544692235069
0.1085739353395745,0.11041234222471409,0.10929509327085511,0.10925352439179403
0.443134701456,0.4377748515699841,0.4371384250787643,0.4375870699349089
0.9946329116940192,0.9949993407167496,0.9949752883721676,0.9949499980191899
0.03242966004140668,0.03142861412034159,0.031308772773493546,0.031243120452297223
0.06247117775865644,0.06233082352079366,0.06232653069943079,0.0625021461975098
0.50944572,0.50047767,0.49854580875599996,0.4981303104008
0.12441870976000001,0.12452052287769601,0.12490777153339679,0.12495548882584194
0.060193266327039974,0.06198375208462583,0.062160879340885204,0.06253534618545713
0.12759552000000002,0.1243244148,0.124719058464,0.12482150960400001
0.24876048,0.24937433279999996,0.24922129659199999,0.24984431550024
0.12389086499760427,0.12506538461029815,0.12459880815340872,0.12500535848863478
0.1254949422292486,0.12552537515719409,0.12472676108231862,0.12450001923408488
0.06106876162466399,0.06253781620867759,0.0624966482770562,0.06243433240013478
0.506,0.5032678037906999,0.50139314031196,0.4998884533395805
0.12276831099890874,0.1238695135104508,0.12356655931685012,0.12370614328874203
0.25104413889661076,0.2491146040542919,0.24877522395122267,0.2488214727474851
0.12259477790400003,0.124298998932144,0.12443122168835904,0.12485086619027126
0.49447356907152645,0.4974811319213426,0.4967265090940946,0.49742524823424167
0.49093596,0.4968433,0.49734458928,0.497559744636
0.12356421561286997,0.12369069590411245,0.124960389942891,0.12438538229237212
0.2509706770769338,0.2496481269814504,0.24936169279386394,0.24861322169324448
0.2474463436740368,0.24745085006921977,0.24726678824012308,0.24741427851826517
0.24879468000000002,0.24903086799999996,0.24972905628,0.25004910115056
0.06378810273473703,0.06252071053338915,0.06261071566035313,0.06251676720537797
0.060569811336673336,0.060937349128710405,0.060676856809887526,0.060518381274039974
0.12618410956799997,0.12587026882124797,0.12513512021016676,0.12488398474293301
0.24180788318034302,0.24699220871680053,0.24809630381887704,0.24881813106180087
0.24961092000000001,0.2480849034130471,0.25029968403407044,0.24994962397880752
0.0629936210794054,0.06255026164262834,0.062298440719385575,0.06242955100603364
0.253599582976,0.249027431813472,0.24964498230923074,0.24883663414690277
0.0612898523431817,0.06063937424546473,0.060255131122195243,0.060339037359859043
0.5041738957684243,0.4996158159683379,0.4978829866249103,0.4971929790718472
0.246372,0.24843542097315038,0.250219761968537,0.2501107949044159
0.24303658385982888,0.2469862563549021,0.24728033692008022,0.24747182151999697
0.5100592913575798,0.4961784431618111,0.4917847091712482,0.492417943104863
0.12465,0.125086688,0.12482283009600001,0.12490046944227999
0.869840700301452,0.8706619342508707,0.8703960255839954,0.8705875069791585
0.12342190791999998,0.12589110128173597,0.12490455094380244,0.12506525854463416
0.12043885967154752,0.1244274378524556,0.124636607914342,0.1243932241049505
0.2510669237437914,0.24878660436140138,0.24841398351187055,0.24870586715865406
0.2465746611563266,0.24785948685193054,0.24856512600816089,0.24875579207065213
0.3272,0.33320000000000005,0.334278,0.3345304
0.1246116017111916,0.12375482662225588,0.12441508476332318,0.12435425769503287
0.1274382,0.12547537520000002,0.125107019856,0.12504759316119998
0.24789482116054404,0.25193229261082384,0.24981718359498428,0.24884230029061846
0.12594094550400003,0.126106101738872,0.12500254803326852,0.12501950205737808
0.43721349761098016,0.4388228961104063,0.4372493019164838,0.43756871406468884
0.24581087999999998,0.24977438400000002,0.24992602272,0.24999820740439999
0.2547084,0.2515996016,0.250359113752,0.24995700015156
0.26038207999999996,0.2494986624,0.25061890568,0.24982810617120002
0.062384665122486894,0.06249842019662985,0.06232002160277574,0.06222111868244283
0.4929854145045023,0.5016362805993013,0.4998312321372981,0.5000464281451744
0.2545173866630598,0.25055360107636226,0.2488377532624953,0.24873088872210303
0.991904177346374,0.99254029519079,0.9925310685977138,0.9924755089162999
0.49402860537098814,0.49743632821099554,0.49859744636316655,0.4974967683032636
0.032103551183051006,0.03144528445393288,0.031223859301206195,0.031245165170591005
0.06451636128,0.06312509943104001,0.06232402551194726,0.06244570851682896
0.49245171818571687,0.49979689989035386,0.49800308470074756,0.49708642085603005
0.9884624941108611,0.9901797561725755,0.9899559706509344,0.9899993693985663
0.06470354701105507,0.0628410195847497,0.06254486777342029,0.06253817241166201
0.031000640945575277,0.03135072219286572,0.03120078419717019,0.031246541137936328
0.0305613713705992,0.03093669381877599,0.031053662352448025,0.031090136533528264
0.059519194799999994,0.061870952068607994,0.06247374270448177,0.062493894006552135
0.12353523577337257,0.12466236770889375,0.1250037553894909,0.12496863867657645
0.031489341745394424,0.0312527369776195,0.031142439482862317,0.031233477531528202
0.4979730741901001,0.5013357341731711,0.5008407647712861,0.5000024983682847
0.24629631999999999,0.24927031200000002,0.25002267904,0.24980871719119999
0.4962147096274736,0.49764780322050606,0.49456338072327066,0.49492032765495236
0.5118,0.5013272542688543,0.5001232809464092,0.4999318748003459
0.06609124720800003,0.06288301960819201,0.06249309784898931,0.062450782332884106
0.12764880504016743,0.12520978264253452,0.12455674585260834,0.12447791054920818
0.12637048119999994,0.12461733737256,0.12483191628869224,0.1250326878329565
0.9890013719251433,0.9901541657819775,0.9898717505834145,0.9899805515415832
0.2567386515675767,0.24811937571290987,0.24896415029490632,0.2487550824591078
0.5001779850503406,0.496612204428278,0.49778905542575486,0.4977088966561855
0.24949612000000002,0.25061309439999996,0.24918736249600001,0.24983639571852
0.12325315570989634,0.12408684769720281,0.12367168529227789,0.12367150146325963
0.502,0.49862721885952005,0.5003477751244224,0.4999241829251599
0.24925824000000002,0.2480256430024675,0.24991659392200485,0.24977169159293106
0.015671014538618182,0.015717554354218326,0.015655102186173192,0.015633246897671614
0.1267078995046651,0.12473820809888046,0.12468939053487373,0.12441549361708756
0.03079149338905358,0.030590797724788295,0.030291409716260823,0.03021099740979049
0.10996489135518524,0.10899851274034437,0.10936031367897914,0.1093535590130092
0.24525427397927357,0.2488398171539629,0.24812156094729884,0.247451526379593
0.06447971662745539,0.06270114810178765,0.06279286642685965,0.0625234773321508
0.25003936573612573,0.2474287168225817,0.247178138731007,0.2475874525957925
0.12338096897158364,0.12488081401857394,0.12491164444941792,0.1250034098705049
0.01614068728797183,0.01555481989089595,0.01559392714944904,0.0156222444787898
0.048312906040581596,0.05029465908808141,0.050743752322626796,0.05078250318069285
0.12103460795211655,0.1241653480926739,0.12411412185951524,0.12434302066514245
0.12421321865996382,0.12426993038127337,0.12512436256435241,0.12497614464676413
0.054516164556054035,0.0547757086600546,0.05461902946653769,0.054704539178774714
0.2554234,0.24983872599999998,0.250140949656,0.25015850876384
0.5087352073994148,0.4972523252678025,0.49721180217196853,0.4975142064557664
0.2418,0.24847397852442793,0.2499135899932254,0.250239319278305
0.994769714552545,0.9949804207631522,0.9949454444741107,0.994950827082648
0.06202559407664365,0.06310649241969589,0.06246420451072159,0.06243481095066111
0.12728050736464078,0.12464467095309488,0.12467861460838447,0.12437877875419263
0.25191672000000004,0.2522810368,0.2504748716,0.2497813456488
0.06408777340800001,0.06270981818777599,0.06254810338020479,0.06240051997206004
0.0607217008443564,0.062157823162320776,0.062134866663810476,0.06225917049330974
0.8664454496098263,0.86655497468627,0.866184918885477,0.8663075911985636
0.24437435999999998,0.2476754,0.24891903480000002,0.24876156541463998
0.8717678820370053,0.8708676473843857,0.8705389407132851,0.8706184187477165
0.05951657606400001,0.061741328052096006,0.06258152153301351,0.06245708608095854
0.06076230611864577,0.061726266290637294,0.06197281576743399,0.062206830596214534
0.43150687539248106,0.4375132590406733,0.4365396674904207,0.43767278840955637
0.25140192,0.24928044,0.249847023048,0.2497412602862
0.49920000000000003,0.5013480622173121,0.5003714696140487,0.49976187615834816
0.059786388256032226,0.06239352229925068,0.06260928990521313,0.06249460713504528
0.12601328825328445,0.12457002357964908,0.12448435553185516,0.12440116858292381
0.058397779104,0.062257607650512005,0.06243077497107773,0.06254828064282729
0.12116998713600001,0.125404340835072,0.12497694477833914,0.12511048560955892
0.25935168000000003,0.25004902240000004,0.2498749946,0.2500723990638
0.12827038929974396,0.12381992859275458,0.12482577703080744,0.12495005132638623
0.060910395378143946,0.06232814614454889,0.062323028228830145,0.06244740892146965
0.06123439120171037,0.06168734672580326,0.0623494151187156,0.06251677271212329
0.25126919999999997,0.24915484920000003,0.249759404736,0.25009845858104
0.9841187673641842,0.9854613225408386,0.9849054187752477,0.9850406434294164
0.2592846,0.25081062719999997,0.25028594192000003,0.24994389620832
0.491491183996036,0.49787348643140994,0.49781598976806735,0.49754636419520665
0.11023236797650257,0.10902512167296259,0.10930082225183811,0.10929032146653128
0.016894860818549948,0.016576130745621184,0.016556095355753694,0.016567475153168698
0.49613203824683755,0.4924581022332918,0.49140316127743583,0.4922454915832422
0.486850737084341,0.4962449871326887,0.49777104855604803,0.4972368462971066
0.062468839135059226,0.062296907290715034,0.06241877273619868,0.06247391002217926
0.25249256,0.24799341600000005,0.250119720636,0.24998447031384
0.12148987483073338,0.12307763377898466,0.12374647558887408,0.12437496526635157
0.2514930027941046,0.25108291124086296,0.25089425855238495,0.25020934431849096
0.062066283683704364,0.06279924254467625,0.06244799033785248,0.062485687932369416
0.12394662151199999,0.1255753430314,0.1252345545716608,0.12508479060247382
0.2473963061158864,0.2480958447341821,0.24755443584190448,0.2476506144081153
0.24167907385897314,0.24862310990179962,0.24858949324130736,0.2486799256188847
0.0619543216071567,0.062012627830257676,0.06190455705577724,0.06181037130802702
0.12414682962762899,0.12472669181685042,0.12496222289798278,0.12496549705168468
0.24375744000000002,0.24974980239999997,0.24931308384,0.2499871991526
0.4893300025691059,0.4968135981604121,0.4951101453741032,0.49534237101129985
0.5029909401399948,0.49422988759632874,0.4976409058519117,0.4972728817775659
0.0609862738657669,0.061637597589388006,0.061865148441870264,0.06185968273358576
0.12878852,0.126544704,0.12527589888000001,0.12507600898871998
0.5039217536060111,0.4958199193370376,0.4981533909719485,0.4975729219092278
0.12795406064329656,0.12571937322971224,0.12511944254881247,0.12496374091395265
0.1287574123486683,0.12507762540659437,0.1251208252504837,0.12500205548089635
0.24995851075348235,0.2502628001139117,0.2508382967880712,0.25003694240668883
0.05929224,0.06266890559999999,0.06282186371999998,0.062494435214800005
0.242154,0.2507565776,0.2504581828680001,0.24996994716876003
0.2215850325104786,0.21886273550589894,0.2189836698571436,0.21877284646762313
0.062427625420541824,0.06241383645214392,0.062256397122703984,0.06220179042702214
0.12489904,0.12656852159999998,0.12550935447599998,0.12495612186643999
0.06530636,0.06295056,0.06260386348800001,0.06252900304716
0.021329801808000003,0.020825580076032003,0.020672520163078446,0.020578141189044403
0.503131140432671,0.500800223377282,0.49836867167080434,0.4977365747393031
0.028448957749370146,0.029673773128950507,0.030384987804609596,0.03026881974538246
0.2482,0.2494,0.25046183820767776,0.2501737663158166
0.25633528,0.2529887648,0.24974782536,0.24991330751064
0.06575312396800001,0.062591364731168,0.06238885617244896,0.06240077639133986
0.05997405036,0.06070933449820801,0.062103254272356,0.06245101225492572
0.22271053206250746,0.2194735552972149,0.2183870655285807,0.21865593513994686
0.9832872119918166,0.9854969352170597,0.9850759197642166,0.9851057453436187
0.10984503387453562,0.10806804974383605,0.10928848914859973,0.10950275841174867
0.24086732300009395,0.2471961807811193,0.2479982119814264,0.24750945836250035
0.12825448544418525,0.12441106010679685,0.12495567255905368,0.1249586701702425
0.24980844165902605,0.2507304053218028,0.2489348868984237,0.248875153792789
0.064711968976,0.06270208556544,0.0624579233647446,0.0622097859873117
0.06406465257561601,0.06276700633551872,0.06251572980957616,0.06246409407281997
0.12097458139922408,0.12416743224784066,0.12514579694221126,0.12506533518837562
0.12326524063913476,0.12498958935233069,0.1249237740186557,0.12502112507932983
0.25009951999999996,0.24969962760000003,0.24970177520399997,0.25008760561104004
0.24881096361839472,0.24969952403511597,0.2491427992502275,0.24872973466958112
0.499,0.4973277071081418,0.5000694769266212,0.5001470828120816
0.44267315814571845,0.43694969311785625,0.4371462375634565,0.4374685898753279
0.24482508000000006,0.2499996636,0.24982902861600004,0.24997320023423997
0.2490198071531599,0.24959327377041765,0.24879462772703448,0.2486562264635002
0.2511100966071211,0.24917095517816443,0.248768987104281,0.2488398500132363
0.24789395746194456,0.24909146767433266,0.24983106500865426,0.25000214103099255
0.12253562385548314,0.125198533970824,0.12347022287105236,0.12377832507071228
0.061503959999999996,0.061601800000000005,0.06235551140800001,0.062492262056
0.12430805197603728,0.1247652397040038,0.12426537731483367,0.12383178897695592
0.12324709491411082,0.12421945599234675,0.12444792817253932,0.1243738173598143
0.24621022640534715,0.24892230902040366,0.2489617588650585,0.24878881356354499
0.1268172140643848,0.1252666949505901,0.1250064771198709,0.12502905565742764
0.06073341073989121,0.06178293819006387,0.062231908641895144,0.0625279099816781
0.9846405237757577,0.985368745860749,0.9849984499294935,0.9850598026901429
0.06090249023055611,0.06206620809134726,0.06209767323523577,0.06216013944282593
0.013226126508797464,0.0133252991255293,0.013300546603235387,0.01326676916222218
0.12821528919322933,0.1256187157715709,0.12491066464714755,0.12504101549077287
0.9938626386803083,0.99509953617007,0.9949977892722746,0.9949594795129713
0.25291889458702127,0.2504698248893747,0.2482912679750945,0.24857873864611194
0.5087872109294743,0.5030877367772532,0.5000733972165708,0.5001368736336578
0.2504838330495883,0.24763723012449507,0.2477518975242304,0.24752958874152772
0.2498231190202433,0.24397559322968104,0.24806988943753186,0.24878335524639617
0.06336848893681797,0.06235088620648428,0.062310785336309044,0.062473933395553946
0.25451064,0.24897101680000003,0.25006796136000004,0.24990009709775998
0.20212069486975912,0.2028136889310697,0.20326601002421135,0.203057786473972
0.4850404794067485,0.49061197162093634,0.4921413867505692,0.4928202049190101
0.12543169091876133,0.12417379777830682,0.12512365984312457,0.1250755781066916
0.12348475310476974,0.12486853181604163,0.12494802375518688,0.12494494659805704
0.44104608542400003,0.4354134177200641,0.4364242724503022,0.43728673455733824
0.2466828,0.24790386240000004,0.24966882333599996,0.25002479786928
0.9945132609705254,0.9950065116724618,0.9948821361917964,0.9949646677082871
0.12351414076289537,0.12429046951631824,0.12368937370470988,0.12367304241647578
0.12413560667200002,0.12430276896102398,0.12467026928724523,0.12492093364475579
0.12147621457981016,0.12532872407007042,0.1244306220523586,0.12438375200033763
0.031059000962374246,0.03144895802693194,0.0313274785794009,0.031227139681803854
0.47930680000000003,0.49546012680000007,0.49732715953600004,0.49726607344832
0.49155457573035805,0.49601723896993977,0.4950191639577676,0.49500539167105695
0.24137208,0.24989241193625475,0.24985612220287393,0.24998421128328852
0.12471449606421822,0.1255847847551109,0.12548057470131174,0.1250891507622195
0.25420468,0.25166211560000007,0.250126026104,0.24983052006264
0.030441557255999997,0.03173715159552,0.03145441819710961,0.031280769353408226
0.12385899886670292,0.12539986441010278,0.12511240383994723,0.12498962240825709
0.12470832458041653,0.1242670224508471,0.12465458554295795,0.1250525852397445
0.25573364000000004,0.25134300159999995,0.24952909864,0.24964931576747998
0.12758842952265745,0.1259691145323314,0.1250059326118713,0.12500000930920607
0.49760000000000004,0.5010878976753209,0.4994654226882613,0.49987821705116253
0.9947612050934086,0.9949818342113725,0.9949577574118683,0.9949633495895291
0.0410142225175124,0.04103480609345937,0.04125221078952892,0.041272635596101497
0.061798978590078574,0.06199819615720188,0.062264150431142896,0.0621634741012385
0.24449023896547564,0.24823679405506133,0.24856210269920015,0.24872645139607277
0.11110156629074969,0.10865938263987326,0.1085798025067338,0.10855152138557778
0.4963189536269176,0.4951221325474499,0.49639592778521374,0.49775167654553765
0.2456,0.25042,0.2501536541058924,0.25013072334976505
0.24914707210451364,0.2486130015949886,0.24865752799051977,0.24986291365207214
0.12165653355548373,0.122788868652079,0.12365196341362204,0.12374192786980244
0.06227641457774609,0.06209356480739938,0.06255634022640097,0.06250987187942146
0.12671213909263063,0.12516794083610167,0.12533282563851783,0.1250628060804862
0.022478816626400146,0.023677243999987916,0.023450280706826383,0.023424175086424026
0.49794180258558096,0.4921982347444709,0.49185914023305394,0.4924091825402256
0.116424,0.12238248000000002,0.12428300772,0.12517802281248
0.9944250413703865,0.9951230794692932,0.9949383481693738,0.994965819339159
0.10754576352468274,0.10982598743794238,0.10948189713504727,0.10940855855224654
0.015117234644882554,0.01560882992394335,0.01563338442176548,0.01562452262930633
0.06031422661873109,0.06299896662055243,0.06235682191763801,0.06249044174693806
0.05965622166400001,0.061491514903392004,0.06236125901650848,0.06254570226090932
0.5038794559287575,0.4969254318057544,0.49764480833875546,0.4976538829524816
0.996,0.99466,0.9949014047487506,0.994966350287552
0.06274975999999999,0.060814504,0.062317549704000004,0.06254235538479999
0.1268568,0.12472902079999999,0.12550290688799998,0.12512042570992002
0.123480760608,0.12480346312959996,0.12478510609183409,0.12494225394284673
0.05998790353515203,0.062344102244454726,0.06259397139706457,0.06249390653232387
0.06183627232263301,0.06180215209810662,0.06186128911659121,0.06185637166235245
0.06554621736,0.063385419620136,0.062412513420612103,0.062434744457630295
0.490330440300323,0.4953345138759823,0.4960129662462216,0.49527360215167726
0.8656098594144235,0.8702525832514686,0.8708114682049921,0.8707057264227861
0.12592218700723035,0.12376842097884776,0.12433292016762912,0.12427084541829074
0.12462968237948345,0.12364112472425795,0.1246017149095733,0.12503476448833128
0.03198079585756303,0.03104026882113238,0.03131121148038458,0.03126137907143694
0.1253059560539823,0.12510123794768574,0.12507462145064702,0.12505032642264238
0.242528965728,0.24986801095675995,0.24853044676642375,0.24886241341816423
0.06158671154151293,0.062215778034915285,0.062403733542750375,0.0625047669247931
0.12852644687999998,0.126207782309368,0.12470144452560013,0.12476594814979144
0.11286231096207934,0.10896611850002477,0.10722456679487463,0.10733754599234903
0.49865090402324713,0.4999003858282026,0.4971276420747739,0.4977202875161253
0.12554408830939712,0.12453768807416793,0.12516404102493742,0.12501985748226474
0.03150472714895999,0.03131259106952102,0.03146235192385673,0.031244598320846632
0.12322585536046349,0.12421382244385971,0.12444685250848692,0.12437383482305536
0.12596663112598322,0.12440104494619199,0.12435739978404804,0.12435504785798729
0.49939999999999996,0.49872791388036036,0.4998191804566243,0.5000592490909671
0.12342021984953833,0.1260297782807956,0.12519534310891398,0.12504023912452816
0.2444901951968576,0.24823669633975848,0.2485620991247001,0.24872645115973344
0.12460871509928183,0.1252023090636576,0.12511230621830519,0.12497290501428547
0.9890228649851894,0.9901780000093915,0.9898719408014607,0.9899805450185271
0.12306093283018053,0.12492520800640734,0.12440663623170622,0.12440418360252235
0.06221661065070991,0.06201984875566091,0.06249079832359085,0.062490316922519794
0.061496192601042284,0.06283430905594134,0.06250562405848405,0.06256636411600383
0.5016,0.5017873305536,0.49958737505604167,0.5000647430367618
0.030475237912381683,0.030902589244362046,0.031242957998755788,0.031288815882088705
0.2501075399973634,0.25090906490935977,0.24942086506956218,0.24898074171764684
0.12499031999999999,0.12430522000000001,0.124336592992,0.12492647310192
0.25016404,0.25068035999999994,0.2495065086,0.2500574032634
0.05810397687707871,0.06148947828089571,0.06232316723012571,0.06228391899332758
0.13126410547200001,0.12634344155980798,0.12451462324845734,0.12490372335724685
0.10923594727519897,0.10933737188949602,0.10942857886368026,0.10939159555134037
0.06315270807452697,0.06268751731328803,0.0625204141790325,0.06254556932671822
0.12539064000000003,0.12508054440000002,0.12489527614000001,0.12496410257424001
0.061156278412992,0.061038678573955674,0.06207355986025034,0.06215508359835676
0.06000587994253255,0.06282985231460456,0.0624807524783806,0.06249145856849019
0.2180792370161002,0.2189840439678628,0.21853938532662553,0.2186621843733386
0.24659040000000004,0.2500637360378081,0.24981153744154724,0.25017691690065313
0.49395271398604607,0.49506182087077477,0.49624238594465747,0.49498327080342674
0.10881784851140211,0.1089520162949081,0.10878288042962751,0.10885152146172979
0.4388157680145746,0.43999048565966753,0.4376301387099349,0.43757376859296376
0.49090390423006186,0.49701795962474044,0.49729834129575684,0.4974395186435065
0.0626930379159453,0.06232340094517071,0.0626068724011189,0.06250184957553287
0.2146483462479923,0.21919492663200663,0.21923866865084748,0.21858050521427005
0.217912272672,0.22227214763654402,0.21933062526825725,0.2186595566856769
0.4903934536560773,0.49508641211047827,0.4963237539973204,0.4970894077174544
0.1228934135954527,0.1229610532567458,0.12314797083429087,0.12311010593939024
0.062284351156573055,0.062261490058683436,0.06254730323150062,0.0625201977409066
0.12607371152827582,0.12478900923292108,0.12474983499726507,0.12490349665421603
0.24794316000000008,0.249885216,0.25110774414,0.25037323809472
0.06399800655545386,0.06292672400437983,0.06251448662733403,0.0625454104236514
0.4988,0.5020080230428646,0.50051515139696,0.5004294255453023
0.246764,0.24780459000000002,0.248832133272,0.25008100646496
0.25210080000000007,0.24778703259806986,0.24932803590744118,0.2500313204006174
0.25381299999999996,0.24955020239999992,0.25004869879999997,0.24986598468624
0.12687571189773605,0.12479915752808285,0.12496237398118885,0.12500332225504693
0.502385110007089,0.5007679052800263,0.5006333933412216,0.4998814169731738
0.1265830883288206,0.12470214369198383,0.12505058748365086,0.12506991083739796
0.8649642209346883,0.866858896559965,0.866188267671639,0.8662781188381388
0.5095317751839287,0.49415822530400244,0.4949682273422649,0.49499660172635684
0.49730340398792006,0.4937818383924631,0.49490805363861123,0.49528180813321737
0.4908529449599999,0.4926859106040001,0.4944287585387176,0.49507976499863104
0.1262888,0.1250149584,0.12471096095999999,0.12491974184712001
0.4880726790664551,0.49860853215809425,0.4983831766421695,0.49777276539007503
0.43584943885331606,0.43845433005931045,0.43840569504003507,0.437040958445955
0.24883408808311508,0.25157566519145386,0.24929002737600917,0.24877014796283578
0.12572596805176256,0.12485952612083133,0.12527733729833754,0.12504034549470983
0.2515672335316159,0.25083711162226,0.24952530787433663,0.24867967167022031
0.2407387035881018,0.24598246045680303,0.2461350083101071,0.24623828341587417
0.0613504817558006,0.06261551260685325,0.062476491106524125,0.06247057841950964
0.24721008554093143,0.24764214902579496,0.2488860215266009,0.24895313636491767
0.12325,0.122957184,0.124644586296,0.1249564009744
0.24769057536942685,0.24451149292677649,0.24788584241803263,0.24865595559718026
0.24079830390032447,0.2470139837590262,0.24826069736908934,0.24861895268462017
0.030161675550307705,0.03131752473725426,0.031307924240908294,0.031273855057789034
0.125268128832,0.12505334589367198,0.12489912969027597,0.12511470924707577
0.49381904,0.49563931040000003,0.497816533024,0.497711414472
0.13270110391999998,0.126412226650112,0.1250205294760146,0.12492971317079872
0.5034,0.5010280864220021,0.499717323809166,0.5001384497874323
0.4859233765779208,0.496033504230208,0.49582373841932686,0.49484747128658546
0.024187143436478098,0.023131131822325325,0.02342508745682151,0.023438313483131846
0.06247127927033304,0.0623559168476115,0.06255274818951155,0.06251460793776854
0.5158,0.5042955194307149,0.49985477441360004,0.49970949291727923
0.01616600980354022,0.015644991404172047,0.015592364905965578,0.015623554229829657
0.12746739104000002,0.12451281545865599,0.1248315980006738,0.12496518370361168
0.020971369128921835,0.019692752322585463,0.019628069122282068,0.019532462276040167
0.015642967404352632,0.015546534629014524,0.01564273009240345,0.015617474208123141
0.06313954283274242,0.06289906533536156,0.062498592824202746,0.0625212929131896
0.1213259572995696,0.12288796307514063,0.1243311239846663,0.12427094975782525
0.12502355185171393,0.12461900469954412,0.12498269183391394,0.12495360695634607
0.2215289681675031,0.2177907403489667,0.21755078042498066,0.21764653853050006
0.0630786393670229,0.06235102442340625,0.06211130261599929,0.06216130135215324
0.49296708574513814,0.49565922412782126,0.49286099343770834,0.49289396073844227
0.25081479529180567,0.2513615047744619,0.24926615036106156,0.24829111054396374
0.24849384,0.2493008937108587,0.2499135588726058,0.2501194998337695
0.12375966528438177,0.12498138314775667,0.12468279690087936,0.12506140447170855
0.12542580870169073,0.12594048061422905,0.12493393082748822,0.12492253323545771
0.503,0.49868758715328615,0.49986350536382607,0.5002737676719212
0.054389129115846264,0.05497388711710082,0.05446370089719999,0.05465744454862446
0.12068304,0.1252434456,0.1252909116,0.12483928058448002
0.24407065188923394,0.2491584630413629,0.24937261555705098,0.2489012781938466
0.12285545171232194,0.12547396495085067,0.12530546781148494,0.125066078936999
0.8587514186898446,0.8617452839368103,0.8620637808149996,0.8619583101199885
0.03183439663024393,0.03106947258632414,0.031238923426952617,0.031249512401654432
0.06131036692294803,0.060729276079324546,0.060641824061482774,0.06057923270792719
0.25350496,0.2494797804,0.250017585588,0.25042307713872003
0.25786047999999995,0.252837612,0.251267712264,0.25007330134064
0.06193725900172131,0.06310125492755572,0.062431444185317375,0.06251359127474439
0.5078034015613789,0.4992475871478051,0.4984344666335862,0.4979207749245673
0.24600816000000003,0.24639243200000005,0.249247457448,0.24978876417647997
0.12369376582339375,0.12421448873782504,0.12388120904947585,0.12368933389420837
0.2525,0.248828712,0.250176938304,0.2498799027816
0.12714624,0.12471396119999999,0.12517100792,0.12494585538083999
0.12634315824214795,0.12461300228417829,0.12411010350868229,0.12441234224108871
0.49929264,0.4991913311999999,0.497138853304,0.49764886470656
0.12473693295999995,0.12590148673599996,0.12503998457167073,0.1249723760642393
0.12335643058116358,0.12408058028934157,0.12509671543200482,0.12505407054419682
0.24291609614498694,0.24950066209546307,0.2487524698592331,0.24862528439058354
0.5077859639702238,0.5008474225034046,0.4991195921164977,0.4999110359081604
0.21948583019243068,0.22258546164744403,0.21993687244340518,0.2211591551005103
0.12006864000000002,0.12414093840000001,0.125411282064,0.12498824849616001
0.4923904642839057,0.49767082172891963,0.4967100627866684,0.4972699175620051
0.12222631317455263,0.1254703175567772,0.12496695348182348,0.12500600440082998
0.22075299550065564,0.2194282111327089,0.2197250782807953,0.2189764201360027
0.25440912,0.24955006560000004,0.250176020976,0.24999515650908
0.48919911439776753,0.4933870158203954,0.4952787678148543,0.4950947398894182
0.06278000905833968,0.062395983978302864,0.06242257142118285,0.06249134289371596
0.25299456,0.2486616932,0.249936526488,0.2498205621712
0.2501408187157018,0.24986973878033109,0.24978352519258157,0.249907138517649
0.25017503999999996,0.24761436480000001,0.249237927896,0.2497013766104
0.2497664,0.24729701920000005,0.24938774410800005,0.24994187869520004
0.993,0.9951744910336,0.9950336885837348,0.9949614891851989
0.1329685488887424,0.12326371119911575,0.12391762047228044,0.12375218312120174
0.5041846570697014,0.4997278896376961,0.4988992041875853,0.4997012580375059
0.24900083999999997,0.2514109272,0.250652273004,0.24991928368128002
0.03216099936,0.030422958001919995,0.031038413195229438,0.031296486191581055
0.12383722656000001,0.126016723651584,0.12502624898175083,0.12503295714074125
0.503666141628624,0.49712326574384397,0.49651509516205905,0.4972060342149031
0.12589330041557806,0.1252274239635915,0.12511250921598138,0.1248968523760638
0.8733907215827448,0.8746003051476005,0.8750197524501434,0.8749660976442687
0.5028763428390757,0.49522644095400004,0.49731308306247646,0.4979061215655406
0.9954,0.9954759574786546,0.9949929451058022,0.994999753836659
0.062639182592,0.0617296907136,0.0626308059625609,0.06260687055358166
0.060835628865278664,0.06237560257574537,0.0625376837556479,0.062481623476925124
0.24409743182575747,0.2456414806917927,0.2488335165834817,0.24875697745534414
0.24144031999999999,0.2490248040287506,0.25055109128307934,0.2500214079218894
0.0636276207630496,0.062944672068871,0.06262013037755175,0.06253408288776435
0.4943481554363586,0.49802005789183346,0.49691445962304154,0.4974441410286008
0.12491065247999998,0.12435425903308803,0.12465935770057318,0.1250546092967555
0.25390792000000006,0.249669784,0.25062515150400005,0.24984252410400004
0.06433213548978077,0.06299956688768472,0.06245541475438484,0.062442366074967774
0.031939350912,0.030827697179136,0.031239746781857425,0.031221305640894818
0.124443,0.1272083352,0.12563709836400003,0.12502794091900002
0.030842661748146122,0.03126076592726795,0.031236568670214702,0.03125096746703596
0.06196941950879763,0.0626112369154989,0.06270591562599911,0.06252166011341133
0.0315233828603033,0.03139941190949909,0.03124354637830508,0.03125616315461577
0.125536427744,0.12535203308076798,0.1252099421901619,0.12509160162440996
0.2521274661634294,0.24889165027049304,0.24724322891953618,0.2474340267611318
0.01539850869649792,0.015603654406380289,0.015622859847910904,0.015628193147157597
0.1251270409835328,0.12477285627850941,0.12494260669734839,0.12493024781271703
0.24503807999999994,0.24980778239999998,0.250976898752,0.24999129037344003
0.12072975999999999,0.1250345512,0.125147033696,0.12498632494264
0.2483424068891629,0.24968309988814297,0.24860322987852934,0.24876683055509355
0.12306213041836653,0.12389842464983168,0.12510919653547198,0.12495149325797103
0.06250548199465164,0.06279781705625502,0.062428646925418434,0.06253609864350053
0.06459137591690346,0.06282417923473177,0.06216905537445451,0.0621664999977199
0.4902392,0.49588674059689636,0.49855278298162714,0.4971429326350185
0.25104742014375286,0.24997108184859818,0.24761428991316284,0.2475622597032394
0.12499353612000003,0.12458189639603201,0.12473937113807346,0.12482780092959893
0.12382237583215061,0.12430312679240992,0.12472218716820936,0.12494550891306205
0.12199467688824553,0.12539158985482776,0.12495077088535314,0.12498001991914987
0.015969412378421304,0.01559398684894657,0.015679102336701552,0.015633465201245856
0.994346817879213,0.9950813467205915,0.9949937668977656,0.994960683887127
0.50626472,0.49972917599999994,0.497769357156,0.49765582138992004
0.43811656417359335,0.4374376832393749,0.4363093711147878,0.43749786245606576
0.49044997014707586,0.4926635094888526,0.4945139488349302,0.49507812306301846
0.12546121728000004,0.125724963898912,0.12490942497446475,0.12514674590154723
0.5013335219200001,0.49527996952761605,0.4942980972186759,0.49481163987411564
0.12592085424287966,0.12539363257235606,0.12513463555335042,0.12498972059915206
0.42814062801940195,0.4377678491565884,0.4384787530739969,0.4373462250724377
0.994346817879213,0.9950813467205915,0.9949928114969651,0.9949604865573054
0.9909156976033081,0.9915361028966898,0.9911213147522357,0.9912501566179042
0.06072809875928252,0.06212673363218862,0.06250175588166798,0.06249042870903348
0.12605347095567138,0.12561372226842107,0.12496413607632721,0.1250688023732805
0.12178735013955347,0.12377807528423758,0.12489727467199134,0.12496685554508792
0.504211534365984,0.4960792394650134,0.49442171908551186,0.4947700838245957
0.12419278326199569,0.12569551698306725,0.12481854421879134,0.12496460098484237
0.12537926591416304,0.125279521017024,0.12521606896073778,0.12498429318082162
0.030958166521105106,0.03119762442297108,0.031224757294099705,0.031233943645348594
0.06086625562511271,0.06225285731394652,0.06234566995737192,0.06249449946778579
0.12487585785479674,0.12479864748858262,0.12503838502103748,0.12497601389225252
0.25134715855883094,0.24851667054301996,0.24723390461334105,0.24744599529118094
0.24107776000000003,0.25152920799999995,0.25009278492,0.25013371259039996
0.06255828233706234,0.06213673316323328,0.06254894021115877,0.062492924933085406
0.9790565935560932,0.9805331388405772,0.980464230311148,0.9804116906068682
0.24839472000000004,0.25173184800000004,0.25006287508799996,0.25023568842168
0.4962058121268466,0.4965545774181795,0.4976732679364553,0.49751257971843194
0.0630898896134336,0.062117046369527515,0.0627509751718589,0.062492138297091514
0.0629480795869094,0.0625274356051575,0.06269651203621461,0.06254955408510798
0.24837050069655864,0.24666257736050332,0.246307986685217,0.24628114802156675
0.030528668342427807,0.03117842690387167,0.031283442744997045,0.03125635951806288
0.5005493478028616,0.5032860608540776,0.4989858134186384,0.4976038912572204
0.060170580065400145,0.0626173654775175,0.06244577230825477,0.06247512965747535
0.12463651143999996,0.125661668809344,0.12491511006324124,0.1249068536432587
0.123770030592,0.125223863217408,0.12552101217373773,0.12512874241400743
0.061148658256880435,0.06219996696382153,0.062049143710954,0.06215597030502363
0.06138314837323752,0.0625135047183483,0.06243013350519377,0.06249548118647912
0.4885780414900806,0.49518288610979166,0.49628400505712295,0.49563243200641555
0.26050672,0.25014860640000003,0.24960589309200001,0.25002430866512
1.0,0.9999510893425975,0.9999498906327399,0.9999496259570815
0.24917563999999998,0.25154912640000004,0.24937617408,0.24996863600567998
0.12320963081154901,0.12396970290672246,0.12430052157164889,0.12440233191400128
0.06099781229247998,0.062360688676557405,0.06219860952834779,0.06247539792381256
0.25234494950410347,0.2509552610736935,0.24875909293222206,0.24876534440088185
0.12436068880431828,0.12537183427044707,0.12496486999615126,0.12506390546484036
0.2519542299589564,0.24971240514336546,0.24865596057612643,0.24887391322253222
0.06080214150919642,0.06247438624202867,0.06252537780859073,0.06254460082450537
0.507,0.5015678751513432,0.4989392026990265,0.5003120427149064
0.12078068,0.12366856200000001,0.125156628888,0.12474986799000001
0.12308251648,0.125485526170752,0.12477817986686926,0.12493844224418832
0.031442930752,0.031521848346144,0.031417358670218304,0.03126484866308732
0.06355491756034336,0.06318483820953402,0.06247904091888579,0.06254983231301009
0.12277897541934153,0.12443228950286613,0.12488080915881825,0.12503426894198325
0.2488670213933788,0.24804535991473875,0.24661259353026402,0.24636382641484822
0.4984,0.5009877911868036,0.500159587650746,0.5001644239427862
0.24650339999999998,0.2505693048,0.24914768958400002,0.25007054046836
0.062024444637094396,0.062461471287198006,0.06235232451387796,0.06250314722477211
0.24874960000000002,0.24996911040000003,0.250584668184,0.2499925916642
0.24590719999999996,0.2511008004,0.250285027864,0.25002179884308
0.9889950781336253,0.9901779843089002,0.9898967776043484,0.990005461827256
0.49600558502626557,0.4975445180787376,0.49841578229746253,0.4976055903525546
0.4915854138650823,0.49778797702457117,0.4996654175024143,0.49985061774016
0.1211680768216738,0.12435791531970568,0.12471373397261652,0.12496139210032804
0.06385245165600001,0.061876819549584,0.062435957734920014,0.062440559785153116
0.03214615267286303,0.03131903202689331,0.031319565549562736,0.03124781551175043
0.25413664,0.24978906399999998,0.24964207152,0.25002978038179996
0.12658604447668492,0.12527237882127812,0.1248650368423537,0.12500030962140538
0.013760195731326641,0.013570221575023415,0.013737591991120035,0.013737599075573932
0.06415261113844832,0.06279671617959551,0.062233697832510926,0.0624388377229532
0.24364244000000002,0.24981103239999997,0.250460170796,0.25002350055224
0.4916,0.5019479399983593,0.4996196002883166,0.49986390782760537
0.061783376441638074,0.06233916817955296,0.06182590732189977,0.06183333366556683
0.8704227846396165,0.8708410405045719,0.8705839193282918,0.8706239184746006
0.06112410073678732,0.06188996201524468,0.06214841962837716,0.06217051533824662
0.1302376,0.12395176320000001,0.12451786067200002,0.1251627478824
0.03242461721871966,0.03156829008375055,0.0312355675796732,0.031222431478595103
0.5034230977092348,0.4963638722838602,0.4981790611020686,0.49796415517601655
0.061222994448,0.062120254497167994,0.06240900329396591,0.06251672611366133
0.2538104400000001,0.2501369671393273,0.2496996629217382,0.2501603885586687
0.4255753847098374,0.43415851687279117,0.4354212474041214,0.4352829143573494
0.053434004605854915,0.05419903316100535,0.05481006458544383,0.054742251539577055
0.24588432000000005,0.25035828,0.250079802096,0.250191134592
0.2447145745353653,0.24879940076847368,0.24845982093975186,0.24875151630048153
0.252479221664,0.24865904595240187,0.24993664061491583,0.2500432976805552
0.5033710312560752,0.5035144075551224,0.49700493134618906,0.497344503254173
0.4955871128306001,0.4967285171230087,0.5005554974307421,0.4998599001019127
0.12261945995233153,0.12486331129511713,0.12477971349000119,0.12508495899259223
0.12576713318399999,0.12620367975240002,0.12523197962863683,0.12520395205083984
0.4931535986880895,0.49587984725142975,0.49675392180739775,0.49739697873411154
0.030312940168149078,0.030880116896244644,0.03107079657739225,0.031284698860424266
0.06343157270104346,0.06259204875135604,0.06249046483538199,0.06250360323375972
0.03077821894084666,0.031128078682817736,0.031213169855029244,0.031243643742409493
0.03106594940558989,0.03179569096896636,0.03120704946248062,0.031216677893710607
0.24684957897600004,0.24940768502867194,0.24974775326290483,0.24871981791037817
0.06250537381612219,0.06222672177033783,0.06227708918966356,0.06252391333855108
0.24916251889738092,0.24958235963088715,0.24878993974226896,0.24865364396399953
0.030141638340095995,0.031272705957072745,0.03130980902304485,0.031214151541691233
0.24512279999999997,0.24880849199999996,0.249056690432,0.25011540694912
0.49818483426176946,0.500747864978558,0.4996751840137998,0.4998514542771057
0.06358180000000001,0.062587842,0.063012009888,0.06248672397
0.1258919888699904,0.12628347906100923,0.12559965521744446,0.12503563775648277
0.24575987999999999,0.2544983804,0.25067881301600003,0.25014121906128
0.5006,0.500965874768704,0.5007611858343307,0.5002096392425188
0.11832480000000001,0.12311400170880005,0.12495941884279595,0.12506797020778088
0.47702134771696364,0.49435704741164244,0.4980809808571371,0.4975250323365252
0.2457110021917618,0.2477998971797556,0.24790065794768423,0.24741786822338263
0.1210793225828331,0.12372780952728962,0.12489945572299782,0.12504118733033187
0.23952472814570264,0.24541117389989903,0.24849993452504043,0.24870509115219824
0.5016361574575473,0.49526823016318633,0.4943604379378857,0.4947978609307767
0.12486767380505572,0.12507735936173603,0.12501474199655477,0.1249252560444384
0.24383168,0.248062418,0.24980502614399996,0.24973955551704
0.26183688000000005,0.2513819028,0.24995897035200002,0.2499856984988
0.21355028753465113,0.21550607193062749,0.21513753475901576,0.21489970297928943
0.4955080006225146,0.49643570358917993,0.49505723275936664,0.49512727779825105
0.244029721221329,0.24643810694016166,0.24749835135883258,0.2475079756239446
0.12295536000000004,0.12479080653504002,0.1253234863578172,0.12511611170700787
0.06323748869224054,0.06271241240798313,0.06253761685566961,0.06249766824484607
0.2408165952367205,0.24593875495978712,0.24614801786625215,0.24623382393618412
0.9896274252185555,0.9906568725726052,0.9905779823253148,0.9905704616227534
0.24930271582574465,0.24970331786947852,0.24889856045804482,0.24887233749889565
0.9846189738039655,0.985738817786652,0.9850568864410676,0.9850655371734605
0.12442344416240016,0.12574227824487824,0.12535636815736356,0.12511589168283455
0.25431560000000003,0.2486611232,0.25087662297600005,0.2502276825204
0.8742076988769242,0.8749448908986699,0.8749163746938783,0.8749369342676898
0.12984408000000003,0.12410613160000002,0.12451069198400001,0.12481030821552001
0.06258353679183329,0.06254313394297466,0.06249785956578778,0.062423382098016726
0.12369161457545404,0.12469927028370087,0.12452912247980737,0.12442827658663806
0.06169770824502754,0.062045459044618334,0.062189063065819256,0.06253428581534536
0.24621444000000003,0.248831148,0.24972406029999997,0.25016922147148
0.2444881956376137,0.2504274628210601,0.24776703098480204,0.24862038382686152
0.24560114220865115,0.249124815530239,0.24823251022861156,0.24864131657813632
0.06109081312298759,0.06262937821620543,0.06262779423689602,0.06249909905918241
0.25381343999999995,0.2494500816,0.25007874512000006,0.25028446366991997
0.43570620928767045,0.43843994539236913,0.43705499680863125,0.43738359254589054
0.25177408000000007,0.2492860520000001,0.24970371062000002,0.25005158678656003
0.062341727423999994,0.061732785536831994,0.06242373104140455,0.06251557935855928
0.24394721248783025,0.24631170376619896,0.24716796193980994,0.24753263361676525
0.24242736449927882,0.24587373172705482,0.2472355290695324,0.2474792076963645
0.4986142501624358,0.49952700809458733,0.49683889245892576,0.4973335751197208
