5K,50K,500K,5M
0.9708305641643993,0.9682311909882727,0.9678951442852616,0.9682447353571548
0.058143097546799125,0.05455182366765678,0.05347639130534841,0.053754491153297765
0.08730982360134656,0.09119414502821739,0.09123689576568153,0.09129244269097093
0.024670832163096786,0.025522737626474595,0.02613607560916592,0.02564204516804705
0.04098854551131088,0.04270094231852393,0.04244323345502466,0.04218210067196765
0.8450938891625226,0.8378843294380731,0.8372274355920255,0.8378786187423142
0.03016686165402602,0.03317245722789352,0.032997825698119015,0.03307723675759905
0.01791647808394133,0.01708794333392361,0.01753552388840174,0.017620815986141302
0.08199749377760225,0.08150076640512449,0.08249973014760814,0.08227504084953059
0.019600373505810804,0.018940375042677725,0.019973648099381684,0.020518122815525976
0.1405183905152241,0.14153358596122856,0.14211575951631691,0.1424317300522633
0.01731302756923884,0.018936359613320533,0.01881210759340684,0.018793387636234817
0.10607549825133612,0.10881643633353157,0.10812027560082407,0.10814740355942223
0.166288748693356,0.16446114531068476,0.16484162853379705,0.16497529425731333
0.016763148382799624,0.01847390131630339,0.01899066542125634,0.018978008502094017
0.7478530437446633,0.7484470901754227,0.7492124112470689,0.7504823403415232
0.04551126668197728,0.049931635059947584,0.04977586827878384,0.04939564454314337
0.045717144236040216,0.047673990914622114,0.04743371218755052,0.04761840074451344
0.11408631858068267,0.11560272622680405,0.11688378408455298,0.11671992862894444
0.7920786920702982,0.781837337940602,0.7803095921584139,0.7799204808101283
0.8581234437234032,0.8558662550474523,0.8560561999088864,0.8561741917146999
0.6008,0.59968,0.6007943246507733,0.600094155173036
0.28438183061255184,0.28402082581714616,0.2852912963816512,0.28582698730601114
0.8027657702115514,0.7946167979384566,0.7964339794860528,0.7974171471383279
0.10337101462645118,0.10608065814790753,0.10660005956457833,0.10650861461955584
0.0566653084630752,0.05650379547242935,0.05473802810120569,0.05485641585424927
0.0909556004278739,0.08940277857755663,0.08971085940450771,0.08903072505168143
0.01122652983102382,0.009642443076490636,0.010039809855657115,0.010110157911862845
0.050826401099288876,0.053455896756785436,0.054341189854822974,0.05421695495978206
0.858729579657359,0.8547567148230866,0.8545947102317616,0.8548816226659322
0.06139274557186294,0.06222836778475051,0.062497005348646606,0.06188160816993618
0.8447325774178566,0.8384405206530184,0.8377077376037543,0.8376165011344374
0.8610789150482324,0.8581438275490543,0.8585761178725864,0.8592204203266869
0.9016,0.89844,0.8993644533859155,0.8997089395592616
0.014271771722365526,0.015084636970037296,0.015354583500581713,0.015349731643349912
0.08444775673656715,0.08232839423359667,0.08164780709044339,0.0817137166805173
0.23939362957696936,0.25187562951156695,0.25249138153260997,0.2524430362157653
0.020090191052014386,0.02106597926285256,0.020956681605398188,0.02079324446535389
0.0472,0.04878,0.050205397535229575,0.050123800990407925
0.025042958013525025,0.027033016073648622,0.026918789000148803,0.026979037091681833
0.9501228992186098,0.941225033091471,0.9406830045146373,0.9402206247136203
0.0440309611953215,0.04825614013207939,0.047105253910061075,0.047043017759774125
0.09319934091055938,0.09287729665548933,0.09368698799515435,0.09330868041179662
0.953595559245213,0.9498558394814375,0.9499330901790729,0.9497300287657305
0.013816582368978956,0.01295115951121831,0.012685930626139746,0.012649650175023402
0.061710308660911414,0.06345222035570877,0.06252365345652096,0.06238083845602536
0.008360138912300117,0.01001790150744808,0.010037329707283474,0.010052127856522148
0.047702097453748926,0.04617212063188729,0.04621873082517086,0.046026765157252784
0.8271044109033283,0.8279623236002731,0.8289987381844557,0.8294603359830293
0.011566561394650723,0.011959138166368169,0.011937237298870328,0.011822757974840396
0.9867402466086863,0.9873449546500305,0.9875796447781492,0.9874787024472527
0.031475524478011364,0.02992826213029789,0.029810404148084342,0.030202045924720942
0.011647778896139592,0.012845486334344385,0.013239037113735185,0.01339787048784331
0.01068531275480191,0.011669579591924979,0.011468540664487187,0.011433873103194955
0.15539628067951927,0.15737468241323085,0.15723711838089247,0.15780396554511447
0.029201357894608454,0.028897701119705514,0.029701266131420077,0.029415215430907908
0.026593301626470334,0.027548810538359326,0.027912768976609426,0.027714771212570814
0.025480619673287176,0.025520078801559827,0.025146458062443894,0.025074926898248518
0.8,0.80148,0.7993236389603697,0.7996851243476885
0.7955180430711177,0.7881062033857782,0.7880774445859717,0.7870607129703763
0.05867637032250239,0.058234090579027474,0.05715810930395315,0.057137010381942355
0.7861893408877918,0.7804068248406887,0.7831318833145576,0.784321948617359
0.969046696601823,0.9644162948624089,0.9633915682980422,0.963204425400705
0.009331915587366733,0.011713466957240225,0.012283190183912171,0.012080264975818716
0.05473060761555583,0.058184564574923846,0.05681445227869374,0.05705627713343619
0.04997343241985053,0.05329137699743112,0.05428217285616062,0.05412124428900932
0.7868847249767095,0.7726633885347648,0.7709922644392125,0.7705932539408202
0.9184231156567423,0.9144625583331603,0.9150180917719504,0.9154158900298677
0.8510940640140563,0.8550904542078308,0.8519851651103004,0.849622982960415
0.8572314113136184,0.8546136167740978,0.8533809165751265,0.8539168875424359
0.8432051309150551,0.8364487985681162,0.8379652769719538,0.838578122534997
0.7747901624232209,0.7701460022050228,0.7632461300271768,0.7641318150250226
0.7296779572074787,0.7253413786700009,0.7257497360714784,0.726442158184596
0.9090536425956504,0.9081617154371538,0.9056535294752208,0.9061606564072499
0.9706221420843774,0.9733626220962147,0.9733954813723283,0.9735238300780623
0.11972903221026648,0.12212973208659014,0.12201500198601045,0.12198169897325468
0.04758033181088786,0.052701150163170084,0.053161514286723374,0.05320543524234169
0.024213909753021182,0.02255014035007562,0.022547049386000186,0.022667057167675853
0.1241928179795085,0.12643351161597405,0.1280167015328085,0.1269035892817262
0.1019946037281566,0.09454668728892751,0.09351477460333191,0.09378136076986815
0.8965489647167127,0.8904069333947948,0.8901499638036915,0.8905743813617593
0.01705202825491949,0.015800155103031514,0.014951303026090448,0.014643034544517474
0.037949615426086554,0.0359268882431742,0.036118677321905414,0.03576705973546594
0.012313561019055112,0.012981929266198853,0.013046826228257794,0.013068537802289741
0.027799639165067936,0.029647882959688086,0.02935558811521052,0.029274805475097806
0.01849513857288143,0.021513051405814224,0.02164809559299968,0.021595712305953207
0.016000867605134424,0.017792513178963517,0.017902890302761022,0.01788873534827046
0.01485255504350211,0.0160277091067435,0.015624691451395533,0.015318874499437637
0.9035604932947056,0.9014333511955221,0.9006110484910176,0.900840810555762
0.015788487011187034,0.017466116309242715,0.017974744959434723,0.017959475833024954
0.043994741032173115,0.048600714522766486,0.050346739861328704,0.05022874628880758
0.5650810134154249,0.5740265277071434,0.5719474542720445,0.571760342722008
0.026228631751489647,0.025913364636804215,0.025490568215220416,0.02534509901103311
0.9395926861373207,0.9380019088261595,0.9396460076565444,0.9401239242426592
0.02590477897439609,0.025023825152499086,0.026138264857177657,0.02597137098294716
0.89395256,0.8862445824,0.886827420750579,0.8867137147436532
0.9523889983703369,0.9505315591611112,0.9508300229044104,0.9511522473796823
0.047936969746004934,0.049259046626767826,0.04861748750089751,0.04865157945216166
0.013475634213674792,0.014576312374584144,0.0143460043770232,0.014255210639110368
0.047577926889091064,0.0507100371752793,0.051372901455594346,0.05149925980578458
0.016181442490715185,0.01665547378322737,0.017421142358361456,0.017242018978199682
0.025461145938062032,0.02831602025385562,0.028110967435374116,0.02812228910587936
0.8682452442720255,0.8631783150405048,0.8635716772375781,0.863824114786307
0.01318427210204502,0.010942480885511557,0.010723547320566237,0.01069593792610179
0.011924724566632688,0.012569651005655286,0.012369506661151735,0.012344556615165533
0.010359766249624243,0.011007167778656471,0.010841021231963571,0.010722968502624861
0.7790590999146174,0.7689506615377644,0.7678644083764466,0.7682067907290594
0.0215103239232807,0.022780040646828273,0.02160093897517411,0.021467501362680805
0.012740838865409684,0.02030108533951071,0.017294658181979426,0.015637812075885466
0.9579106241870227,0.958719729071278,0.9599653967380377,0.9602418357068933
0.12106629725525643,0.11907150176362277,0.1174678591896974,0.11757559954594526
0.013862981922713943,0.014919827675613501,0.014571220388845308,0.014277591445479248
0.01874956410230095,0.021920887179782536,0.020992404660278696,0.020072287815037525
0.01227088843309287,0.011796087433991263,0.011921472918361745,0.011747920197595043
0.2840982657339674,0.28433017703627145,0.28412616515325667,0.28433197044019776
0.012927284503218105,0.013560184791505373,0.014197287664741149,0.01385988205682738
0.030607160152591753,0.024772273754145712,0.024186330295725457,0.024333478282331983
0.013925815792651187,0.01472672367678154,0.014015637234130353,0.013840762247811543
0.06682901663640356,0.07173720567646456,0.07289028918557285,0.07298982821477966
0.06600675099306717,0.06858942970407901,0.06751309144551915,0.06768363569159147
0.4527194083343202,0.4517121479606533,0.45240326405027337,0.4530038086992001
0.022154248756062467,0.02250722031761398,0.022276236077540063,0.022313526363049497
0.014746480820728762,0.00792061849000373,0.01186065527318839,0.011345438068030386
0.018591147926241596,0.017878205934313284,0.01740694475537957,0.017621280760388023
0.8722691535724054,0.8684910315762848,0.8680882167748006,0.8677344037723719
0.8244957769642655,0.814819669430963,0.8173894636470014,0.8177868389896168
0.09500000000000001,0.09632000000000002,0.09586750745554311,0.09554778561823353
0.8911620774877447,0.8937117042951948,0.8934540666010531,0.8931646719662633
0.04209279467797705,0.04055416813969153,0.04126167643494672,0.041270557633135745
0.059366846167329825,0.059067114000700964,0.05894380564611031,0.05847114255934158
0.9046024380387632,0.9012617954304819,0.9018861972044789,0.90238797296092
0.04744835675986708,0.046775099952696256,0.04593622095791657,0.04607356515093193
0.023266184381567398,0.023306477869603374,0.023416113372923403,0.023297540479306492
0.021519544981523985,0.01879975444414248,0.01946854996437303,0.01936888804468957
0.02107529761633292,0.02200701936937125,0.02186553617858618,0.021688639716160082
0.028837552406357044,0.029633792404049092,0.030397145639899176,0.03008754302667786
0.010320492025006069,0.010829361711304884,0.01028400693622352,0.010291525328853308
0.030437946138292538,0.03157509209818644,0.03232416476106896,0.03207936918780238
0.9161682544608196,0.9135409363538931,0.9130639937149156,0.913173991611303
0.845737645526477,0.8469775546510278,0.8436227209305215,0.8410102456408001
0.9498346051215916,0.9463314085555158,0.9444783539610381,0.9446074768083421
0.09319934091055938,0.09287729665548933,0.09368829952904811,0.0933096508430342
0.013192981473956759,0.012776866107233456,0.012670152016849647,0.012576904086791262
0.03181901019405569,0.028661594660034366,0.029628450921509727,0.02935015492490902
0.009569481273937416,0.010202444500068568,0.010010497681798104,0.010054828271143556
0.09091945904094083,0.09428305266878717,0.09382995921303698,0.09327605910840647
0.02597289074666423,0.027961010510990793,0.028256902293186385,0.028726784166234295
0.018221003660142024,0.021079064550188976,0.0215620567281381,0.021715400701225716
0.06301200012913391,0.06274226473256737,0.061775067001788475,0.06166714504650019
0.986581650769407,0.9873581536794199,0.9874267175619504,0.9875480046061146
0.9726791135825111,0.970249324163842,0.9692201512549459,0.9693483898116064
0.01753148127682666,0.015467273078987268,0.015086672037043336,0.014710933057856897
0.01967908770283961,0.020001001413935755,0.01967244367858117,0.01931142637147246
0.012311439490866863,0.012757584156619765,0.012515393323743603,0.01232192629631544
0.09969570856863146,0.0945072965937419,0.09568519725663031,0.09582967935826431
0.012404509156855741,0.013633522725239608,0.013602460542629041,0.01352940016823889
0.022481444843609543,0.022127316129707756,0.02295281374270673,0.02294245460093175
0.13320380645595145,0.13458000806461984,0.1355072595318608,0.13457259677064626
0.021013877258083957,0.019334179664553794,0.01754694954405539,0.017444130302908388
0.0496,0.05126,0.05014959880320957,0.04988696509428509
0.010092484852138237,0.011182882254405306,0.011539613804294793,0.011585494094785244
0.7380263353740443,0.7362234241722371,0.7336436178214235,0.7333347229145611
0.0481047130876489,0.04352549443641386,0.04385364950819894,0.04360472635905871
0.05120697175510004,0.053201984819475724,0.05395069205665201,0.05408952449517858
0.03200243892386679,0.03156623816079444,0.030305725618921857,0.0303975363624935
0.05031979681024584,0.051252111453405365,0.05063887447588065,0.05060598133612728
0.8698225823129032,0.8662211415333618,0.8671087366827089,0.8677865241766928
0.00860063986253515,0.010700495079742236,0.010234413838343441,0.01020838919044546
0.015916940997226698,0.014768866444682647,0.014856878200323628,0.014807140593354055
0.7093302761219383,0.7087777222719297,0.7065831381026746,0.7048035382236245
0.9769894080442896,0.9772066882742343,0.9761292772419728,0.9762481670255082
0.9880744199656486,0.9876156142831181,0.9875029452119736,0.9876229256335471
0.8993763425090048,0.8963885972342677,0.894666755104556,0.8951893985477376
0.022812410883040393,0.024480508107649655,0.02524254267650959,0.02535075987055162
0.037612534208726775,0.03913609888187989,0.03909056054978492,0.039278639560421234
0.2861589672985289,0.28498939701468895,0.2826639499882969,0.28282972575760373
0.9563255863421339,0.9515822843280447,0.9529515554362353,0.9523466009889536
0.9177281821715421,0.9142491148801811,0.9150400846250748,0.9153711405628429
0.05708316771791344,0.05690586244143893,0.05720552380668881,0.05727969025735221
0.9241156490425858,0.9225636084444802,0.9221415536656009,0.9224578811280509
0.04651448853642656,0.04862677764881586,0.049481320523499885,0.0495154100892653
0.1620121198881918,0.16555372134584473,0.16404298006804807,0.16390772679972906
0.1200609320200345,0.12115583935597594,0.12178810712061058,0.12099442829353155
0.022116212558511577,0.024841032260991217,0.02459121657964793,0.0243443051510248
0.7898559555319032,0.7825066528894469,0.7854219638919041,0.7852579604082836
0.13750822836239857,0.13640466330748888,0.13522502665430733,0.13586073202206705
0.05512159406867807,0.0556789572744536,0.05572378601207768,0.05584437214372105
0.9687077756419219,0.9680179141608752,0.9685740120959645,0.9691308015084189
0.14304687369504834,0.14138057590020794,0.14038260977740952,0.13980792275980153
0.02145946242274242,0.02361549698757515,0.023640726196594165,0.02352323014122659
0.0073960673223445305,0.0102404318523509,0.009628981906928487,0.010113588134829
0.022789485877929526,0.023121304291005812,0.023587967916309426,0.023487718459157238
0.02081154481694323,0.021424079270170593,0.0217600069623461,0.021739569669158017
0.024132656918513858,0.02350697086094641,0.023555954919251533,0.023297611323952434
0.9424997754689826,0.9266888247150578,0.9296589732431825,0.9301124547863048
0.1022380270019887,0.10605977737579421,0.10544090666654213,0.10514454506506192
0.14700369558386583,0.149658640229902,0.15019942044920517,0.150684544618359
0.02187194195308514,0.02235738727055333,0.021726678902131084,0.021591643865619882
0.04156706213356963,0.047026703882727706,0.047054811075131785,0.04723785021778842
0.01939482126518729,0.01938563280751609,0.019504484780892863,0.019218782166977946
0.03313514013266174,0.0354560675518255,0.035588936813088286,0.03542096331841798
0.017799771626111807,0.017945969552180148,0.017268681203794302,0.0172078554900881
0.8124235295715689,0.8183876333017689,0.8149733973425689,0.8157198002831645
0.017527035888477982,0.02131257630007783,0.021751884253535036,0.021711596786083504
0.03902928339255376,0.04028641143978802,0.04014997146969946,0.039978034411084315
0.04904903509695952,0.04777476967239641,0.04849167995047844,0.04857252316790294
0.08648674780245544,0.08862111758963526,0.08757283490215692,0.08731836841368706
0.15538305326825028,0.15175778127550837,0.15296366902001235,0.15250861052261036
0.3754415497182749,0.3776318446332544,0.37652416556193136,0.37648559649252605
0.01981617852044316,0.022183954005542923,0.02172942253090958,0.02168963609417819
0.05516200369247547,0.05699912432193836,0.05667150682915779,0.0567773567828497
0.1378326104888954,0.1396848300746396,0.14036205607942673,0.1407404022459204
0.2725184457890303,0.2652054058707882,0.2675881377725698,0.2681907613640655
0.02670155301782107,0.029763908413566034,0.030276534968470332,0.03003793920975114
0.3982458295674092,0.40186212229034124,0.40057271070112366,0.4005327544163114
0.8573802476264503,0.849381195661099,0.8493563416616463,0.8498474271936788
0.03488589649605556,0.03375152981756601,0.03502613167127137,0.034802090491426296
0.08004529053702311,0.08884307458562171,0.08686702351615108,0.08678377985269106
0.031771689465230415,0.032733661660385674,0.03299421897064081,0.03273950354340224
0.9024614715932102,0.8997825943342248,0.9005194283003981,0.9008323997173059
0.03190193552750794,0.03376414112018028,0.033602234510487404,0.033278950019433054
0.03419301544408688,0.031891967407863916,0.03068048592180035,0.03052897825902613
0.009593617869019083,0.013264184300641624,0.013247850787345725,0.013392294176163133
0.0319856165756821,0.035902182058431154,0.035692987233035364,0.03569692253747011
0.00984760795544838,0.011041306945174096,0.010872346482723906,0.010808272983798125
0.021786805642966832,0.02292119777532064,0.022492733277998857,0.02273616558549791
0.01683493804042022,0.014863594896132684,0.014486806331936677,0.014120799256345474
0.9089965580625031,0.9028726466443382,0.9028327913417656,0.9035391580112412
0.0328990029614374,0.03846817503721289,0.03994300435223204,0.039235805336627814
0.11927144429244106,0.11617319051223578,0.11170781921577662,0.11163051806215296
0.02562422869311534,0.027960491075143642,0.02797072126654304,0.02787947047071443
0.09501180000000001,0.09334792320000002,0.09559969298466009,0.09501356235875531
0.0554422029077048,0.05823558412488099,0.05743362758399471,0.05753188849276029
0.8669571649817234,0.862181651969054,0.8625290735375164,0.8630410489811592
0.10530270919612122,0.10482581602697574,0.10481128865038176,0.10490386997060207
0.07165998042138534,0.07245422446503261,0.07524671032384365,0.0745070302749148
0.1526297231875791,0.15387615138389912,0.15260632022486117,0.15259287444974942
0.041348118456389846,0.04474221761710645,0.04386254407531508,0.043604383359091725
0.03685106322618317,0.04198454181053708,0.041917553046444914,0.041272812780365147
0.015963026452833318,0.015023792102485752,0.014750630986218824,0.01456012907961091
0.24905560420214337,0.247552354127216,0.24870415900931742,0.24906452449067193
0.05537413071072662,0.05671713367678199,0.05592436395017409,0.055818162492126885
0.8714376600343536,0.8611018298058108,0.860537646986922,0.8605418507752216
0.01107486798589996,0.011321556724054816,0.010938709148656167,0.010796166319082796
0.01197001582033743,0.012194356437786179,0.012066447239193326,0.012047286654679917
0.08866650039701167,0.09563891404399308,0.096093025977349,0.09608831543953371
0.04700925164064258,0.05132242754070146,0.052921097252015846,0.05283670576187866
0.021368170018015217,0.0223385231817758,0.022900804969976034,0.023013818265585767
0.9702387965471694,0.9695021734840658,0.9699043570223358,0.9700466822936152
0.06200034899198439,0.06275045154157642,0.06308287217777057,0.06245699368112746
0.01398375049642256,0.01369205006071584,0.013657133075257429,0.013465611292660665
0.0204,0.01998,0.02002451818565426,0.0200332600997803
0.038268160582172854,0.03821609738181799,0.038738481086522905,0.038459763854960693
0.01140898547297135,0.010463993817285236,0.011172156425821035,0.011014499007345383
0.04749280514104611,0.04783979144563721,0.04768623425591509,0.04747616156193002
0.1543255809228647,0.15426009210230215,0.1584416744005105,0.15728855410833487
0.4398016073257706,0.43780454985758993,0.43846521833647384,0.438136452957769
0.0217425337147885,0.020860945638468877,0.021019007017477265,0.021067055029950564
0.25021667978767465,0.2536009971974948,0.2581791479699695,0.2585268032969359
0.011454439648308366,0.011921976324610728,0.011359461609058286,0.01134463529744049
0.11521542979265065,0.11678222671664214,0.118077594127956,0.1179028647612929
0.17444967654050184,0.17175168008059874,0.17349932929873543,0.17363815720645914
0.1126839079290586,0.11555558524093675,0.11532269765239812,0.11541553777875185
0.059366846167329825,0.059067114000700964,0.0589508788678904,0.05847641681841943
0.039412694552654476,0.03915585134238755,0.039127622309400444,0.03879780347700718
0.05069675945378253,0.05203346045390199,0.05225711273521008,0.05248459599880181
0.028162744494092187,0.029324675309039764,0.0303706669666054,0.030036057619783223
0.024912249123402952,0.026566437129747367,0.025473834975389617,0.025276333661655395
0.27324599082461587,0.27033701801260557,0.2722669285068606,0.2724161740770483
0.04595595364857661,0.04910086965092253,0.049653547805838756,0.049947211450480124
0.9896,0.9897800000000001,0.9898862831224797,0.9899066044994147
0.07809795240727871,0.07784627961678602,0.07758026044075358,0.07740078421539666
0.04945666669779318,0.05025678174819898,0.04958630339158834,0.04961620337414689
0.03618921639495183,0.03797981009101869,0.03732975214780966,0.03710864472820404
0.06254598590685505,0.0644381600857938,0.06506682244959051,0.06533516996465238
0.01790972517280399,0.01982880853330273,0.01986863099023339,0.01964189767923952
0.012525793902361087,0.012855698497895736,0.012998414608774015,0.01276098508167983
0.011792318644035602,0.012189669459395966,0.011962189182448114,0.011782468795538447
0.012026994670527709,0.012302975961347195,0.012020311776989246,0.011891164932131378
0.06267744556736275,0.06410098647702608,0.06470637326114526,0.06428099719153221
0.019311339932159013,0.02002330005684086,0.01964932962763038,0.019710701902806084
0.836664628240283,0.8299111286157873,0.8291989267481343,0.8293575463620576
0.010201047704448076,0.012912064310149013,0.012935748498358827,0.01293747684218743
0.013170220668661867,0.012776431497466084,0.012746965959128217,0.012602055736942947
0.02591617930334558,0.026313025078072524,0.02623019472578718,0.026328338369020786
0.8102295178925778,0.8010702015425899,0.8031944240204546,0.804029722009099
0.9406331538326699,0.940932885999299,0.9411032456579659,0.9415499484125943
0.03678087065542927,0.037856023437518115,0.038127740199705815,0.03778838654526062
0.9193837898397171,0.9217254033739409,0.9211450590982007,0.9216090233013087
0.038291880955215164,0.037999952428183936,0.03813786590404179,0.03747456435223038
0.911729549330723,0.9140435214602071,0.9152658896843117,0.9160290769083701
0.02164495428683911,0.020794521661228423,0.019458176668409575,0.019248428183325787
0.03588730704949328,0.03552208997812341,0.035085992773084565,0.03476623026957747
0.04001363883290521,0.038825578668227737,0.03966849057192502,0.03949106099456038
0.018637096651966008,0.018001913391888186,0.018990042082492675,0.01951738624978866
0.011740305554147137,0.012070685499816502,0.0120774224082186,0.01196646827338991
0.051655049006054145,0.05268511638136661,0.05260637421509761,0.05283066768305674
0.019513806312717867,0.021206488031046657,0.022098001630810767,0.022248601579931197
0.012324582211907896,0.0141409644240477,0.014669412584125711,0.014697016053633069
0.012322706336847254,0.012631600572319157,0.012330552312831065,0.012191308060332343
0.08525177742451391,0.09535266845257882,0.0938568022227955,0.0939233809928779
0.021250134444383964,0.02218976250307316,0.021787421616666913,0.022054521716424285
0.023250845067799075,0.02163695152178523,0.02164271575704124,0.02176760962855197
0.8528837181241787,0.8501044653484363,0.849132852595352,0.8495468239885329
0.018399100256467852,0.019612006296079437,0.019633765109830382,0.019713994742093805
0.07830653062176238,0.08241218555607532,0.08236866909984793,0.08207629927498908
0.0206624,0.020285941200000004,0.01914747807496166,0.018929707104570166
0.011966647746687348,0.012241399710035355,0.011970735134130949,0.011839642028098257
0.025847520836203015,0.02520376700424229,0.0249737482039085,0.024854357975110476
0.120254113496616,0.11992390751672445,0.11993139956397403,0.1199782451042324
0.027318992384283303,0.028899729836976154,0.028717323993166646,0.02883550547893328
0.05793462697130097,0.0606358261408916,0.059687802541755125,0.05977867767076649
0.02213799109302431,0.020076236091604676,0.01936349044487943,0.019177161720871846
0.9878710841200015,0.9857737590511793,0.98630178515408,0.9864216323888431
0.034384415950539565,0.04179177983323969,0.04238691688818602,0.042784280049633604
0.04305011638091518,0.0453922263319494,0.046864883375139436,0.04681820826041037
0.5835495640466938,0.5811205142290564,0.58087339901212,0.5814988707554668
0.11610434200940428,0.11422491842513081,0.11420158201077696,0.11371449724498017
0.019808188349720195,0.019900293433546122,0.020195457663050337,0.020008196650144725
0.02398602791619652,0.02430897382090402,0.024694143826966247,0.024718484882127884
0.9916,0.9903799999999999,0.9898279798643419,0.9899427954786595
0.7647080699133307,0.7543683448001066,0.753219511422202,0.7535492330516651
0.08444775673656715,0.08232839423359667,0.08165597255705163,0.08171175551954617
0.019135807906855484,0.01940089116033791,0.01897301857020726,0.018829415486776403
0.8719462658626748,0.8743371915315351,0.8749431383330674,0.8750125316594604
0.016752721861845184,0.016643821149716714,0.016385432332205196,0.01644438701448134
0.042070979170508144,0.04755897477571153,0.04597297671406571,0.04578978792262588
0.04201942803676285,0.04169275837353583,0.040548288749255576,0.040532887465131555
0.037945831412915625,0.034884243873190134,0.034049992318506764,0.03369446789710015
0.05273073366742605,0.0584765199850467,0.058434205311370814,0.05787829477790844
0.0315282404755327,0.03132532659282519,0.0312689753176283,0.03093208688741133
0.049662204882633516,0.05543460774106796,0.05543931632666863,0.055046168925385414
0.01693530450313664,0.016133031979863398,0.015609213467560624,0.015579062041369803
0.011006789916593278,0.012712257036300663,0.012869188930432474,0.012829108768878425
0.11635365335677297,0.11352230419305445,0.11286127081755755,0.11364593353486724
0.018209657256996872,0.017785606972829385,0.017826902250645055,0.017841070317276414
0.05006229300419894,0.05336740307935242,0.05435741164649902,0.05419036094579617
0.08389765854490201,0.08196083966040887,0.08227922090837096,0.08260593023152372
0.00897824587555184,0.010449966746872557,0.01039431183062363,0.010490566564314829
0.1282397903125481,0.1344386301833188,0.13150798539701977,0.13296025294021152
0.05526053793222057,0.058634446270302294,0.057527167549829374,0.05747357986068529
0.04353599501145169,0.03982701072931849,0.03859525872682991,0.03850517634085813
0.8636190467034796,0.8552424551051387,0.8555855769567958,0.8561859792763982
0.7993005016846892,0.7858816029905805,0.7877097364632742,0.7867805570134009
0.03522164278497558,0.03356300300238608,0.034238258031646235,0.03425976744051115
0.01074523263452221,0.012635527621023261,0.012144370969022471,0.012045270133112951
0.13158286880366996,0.1301748412551706,0.128796292233898,0.12950631526010523
0.9360167972811619,0.9318908461185393,0.9311745962782689,0.9313873593456719
0.012418462705130747,0.01450244186254428,0.014445246970877327,0.014244493795196812
0.037654991162390204,0.04133927359384197,0.040293888988333,0.03987065813443697
0.01947494913496872,0.01969626898663262,0.019394221712598764,0.019211528562435968
0.8408960946011662,0.8389768486020626,0.8387516012501102,0.8387715569146416
0.034632910809840656,0.03265812793317107,0.03307370931338595,0.032916859418848525
0.059390866938261476,0.06295291945580521,0.06267880158010718,0.06244067945443675
0.12241529614338223,0.11602894311670627,0.11502691170035959,0.11521728909168821
0.8483447157999503,0.8415855207532998,0.8422264980041902,0.8430529430808724
0.1015151968602117,0.10734226601099328,0.10769052309266099,0.10728288673706594
0.13846584881387713,0.1435738559150269,0.14334260119135353,0.14302565997969546
0.038170416121358255,0.041297683727193994,0.04044306975073897,0.04017617589682623
0.06202748516205505,0.06869951358646767,0.06974343244788539,0.0698063544734851
0.01566586439704735,0.0144933874169055,0.014194670916526106,0.014213722883321525
0.04423973982226219,0.047288333380537055,0.045177242517578486,0.04460327780546855
0.06466605425816718,0.06460587674074228,0.0653277094351817,0.06553214282050455
0.03149389030046361,0.02886188383174224,0.028793183004485624,0.028539394708893745
0.7839688186821209,0.7739686723263675,0.7735008159029246,0.7743887349110435
0.0134523408446556,0.012897493046533426,0.01312998663423395,0.012864296102282518
0.985926449118769,0.9867491912381591,0.9868715444071832,0.9869586276217361
0.014307374668665513,0.014673309831122553,0.014548555303031084,0.01474023014017136
0.024923138233272277,0.026696956900602573,0.025808787597063426,0.025240490503852013
0.8282864589857033,0.8255992591585356,0.8179343111643638,0.8187140153115073
0.06043618539465768,0.061902610100409004,0.06338596649953591,0.06326916748633879
0.014391330567842727,0.015444385363089992,0.014836831745192628,0.014597321017516691
0.018850270160248598,0.017327423929092763,0.015623277574292497,0.01548685960089637
0.025430801389811953,0.027602536269980906,0.026764456887772417,0.026311732339512388
0.012877216619267927,0.013315145168516118,0.013354678723184321,0.013234341078183255
0.9462712135442075,0.9460854437398739,0.945438096559492,0.9458071733429726
0.028474131115578796,0.02708362612047386,0.027200559349793815,0.027043432975684102
0.8636547584589944,0.8598532366197545,0.8596464113800134,0.859576851274159
0.1061980601582955,0.09958150044913734,0.10095988970985627,0.1013014025620626
0.04952593555458182,0.05200882384619644,0.05237743770626993,0.05219205134676331
0.010552744815759602,0.011316360094174667,0.011315574065988017,0.011211107873089633
0.01227088843309287,0.011796087433991263,0.011920590800364436,0.011747983674782993
0.035724573804242404,0.03646192880213853,0.036062774849884315,0.0356044678355803
0.02375585738835547,0.025627365247123668,0.02543513300038727,0.025506225968789875
0.1132491690292799,0.11396229592771294,0.11172920877073024,0.11180052771595474
0.9750812581784627,0.9776686645415675,0.9769335680778055,0.9770630773185089
0.040095286982249206,0.04202518161759808,0.04108372731569788,0.04081200362083428
0.4731312734491602,0.47217499266508745,0.47158644712068726,0.4721720369075753
0.9568157529752647,0.9563927715891488,0.9568077502032778,0.9569990521147604
0.10947028096849444,0.11311232536338536,0.11251599496847238,0.11249325394084489
0.9530899345135067,0.951749111081511,0.9502810397522246,0.9504766819815774
0.8469629793320042,0.8371298692004283,0.8402262165566361,0.8387781839686405
0.02408358486427361,0.027133270319903945,0.027247234770559757,0.02724772888874962
0.9366902996538359,0.9369866740901631,0.9354267284174957,0.9359541318631267
0.05462418593744207,0.05768132173117905,0.05866045521832524,0.05871670103920369
0.4380165228197382,0.43763024869545314,0.4361014319490469,0.4364868734205472
0.724857724420172,0.7061376201065505,0.7047893058568093,0.7054091357913947
0.8977619729980113,0.8939402226242058,0.894586241868383,0.894837260366246
0.1870997375717278,0.19630125398217477,0.19428978856721152,0.1933912835880399
0.1832001986755602,0.17674529119972548,0.18024553963804207,0.17955973870982853
0.7331229484156592,0.7192887404215372,0.720982281147443,0.7200992230666465
0.04359312238026951,0.04338973754033318,0.04336685006112795,0.04317178599074167
0.019301218801785355,0.01808804174379093,0.01697239258805657,0.016831327335981368
0.04262786921759915,0.04736380406753201,0.046085057943956995,0.04651183029697406
0.013682794349524697,0.01481456941962655,0.014438555917275612,0.01415296049922024
0.06610060366517174,0.07030246819809635,0.07124702960214487,0.07139578284052543
0.04236643597235385,0.03398349139782084,0.032201115397756046,0.03235494704415697
0.028469037060884057,0.028285471960925335,0.029129430280032398,0.02903124062039639
0.028162744494092187,0.029324675309039764,0.030369695153367158,0.030035078450348755
0.09188769524415745,0.0916500692270613,0.09245919242078676,0.09209591672946504
0.03689501220730511,0.033972480344229096,0.03360757779482545,0.03356388871168468
0.18757647042843106,0.18161236669823105,0.18505594029152905,0.18432326931743637
0.038431053895878274,0.0409113989522616,0.040393279421780906,0.04008553504726056
0.08843545882734373,0.09147806813199465,0.0909417342601486,0.09041100208541723
0.7317957016962879,0.720702642132909,0.7208954326791556,0.7205143082075721
0.8627623929304967,0.8614108444127089,0.862554582505834,0.8633757524209547
0.01664466697322455,0.01646830084496328,0.017509678817583904,0.017638714937328718
0.9878710841200015,0.9857737590511793,0.9862189422658723,0.9864506335966524
0.04171016937103912,0.04557941926286342,0.04542032289559789,0.04508563271844222
0.7423286415226957,0.7391759229144813,0.7438974178288783,0.7455544822934173
0.0190020406323576,0.018900013085392575,0.020047786665523235,0.02019236941676569
0.028750404282946913,0.030437804218004048,0.03087217657712972,0.03046312689644173
0.9121579564348318,0.9108033203520565,0.9106391716636909,0.910960764189989
0.8256642513573654,0.8186553082139358,0.8179854097320124,0.8186719881943245
0.019032845854478717,0.01823098679468578,0.017651791996575964,0.017655142371496787
0.011970433493681251,0.01398794513843349,0.013478242061903543,0.0133616585846916
0.06088225818817161,0.06264904669498288,0.061739328937356584,0.061606153643358245
0.9623306658039281,0.9625146489357507,0.9626917436976634,0.9629724063084861
0.7138707415224522,0.7085805938101257,0.7093021688915074,0.7086936565655294
0.011906112697197154,0.014580163333100268,0.013986313527139005,0.0139649897288265
0.690614335836554,0.6870381901728351,0.6879201644305551,0.6897388908876999
0.8674072640742913,0.8647099502091391,0.8656601079878162,0.8663119518811314
0.7683110544778727,0.7578895751572151,0.7605990882457325,0.7615959307099995
0.9213391393136124,0.914289528642842,0.9150005544158863,0.9151204510120622
0.04820208558341112,0.051489497596076204,0.050561898780220195,0.050742250224334165
0.9318246964459519,0.9286889067004074,0.9281418263493126,0.9283802042379291
0.14707365859379734,0.14432441801186421,0.1436669742530258,0.14426087213088204
0.9247680534746644,0.9255568577037626,0.9261699433366233,0.9269924586573463
0.05000372013101831,0.05029904348746516,0.049771098266431474,0.04972515535137171
0.9411813387344484,0.9453390598558855,0.9459303364737044,0.9463202511502976
0.0392083172416949,0.04095886984674241,0.040568441515656965,0.040716634437858175
0.012486132112211066,0.013705341213403239,0.013972105602451596,0.013791782091787047
0.019278925747752106,0.02028013289462139,0.019053602172775037,0.019153186766988507
0.2982,0.2983,0.2994531396192901,0.2999612545181282
0.017147241068967013,0.018211614405643218,0.01831561189988252,0.018103349808568762
0.7080727951157286,0.691148080099853,0.6891153824235362,0.6892302363203823
0.04655351750751781,0.04976256343420361,0.05076635003263345,0.050486029172574255
0.2918252007162296,0.2994274418013837,0.3000877690832494,0.29918127411313616
0.4299684691888389,0.43009397938226884,0.4327619870958871,0.4331333826658666
0.06036894375327884,0.06127680084550457,0.06047443985728623,0.06036381954993001
0.10730965164679984,0.11050331825320286,0.10945300258850334,0.1096326013221749
0.061482804920453014,0.0649465345448249,0.0654929237855051,0.06561188019834341
0.018658155334831155,0.01735409473943788,0.01700755708385227,0.016788608282596637
0.01722751028892246,0.01856436287500807,0.017897681227692943,0.01805009530691994
0.033346794775051224,0.036347885064883845,0.03694034133029792,0.03709550722290008
0.01056259924796244,0.010419259798645372,0.010410368796753427,0.01019343364452326
0.059390866938261476,0.06295291945580521,0.0626810579522818,0.06242557055763422
0.024743053665392686,0.02629852365811525,0.026176882150437838,0.02587291770565379
0.3277435796776718,0.33864093703072345,0.3349238984107538,0.33569375442080746
0.020071092997369668,0.019930252872711603,0.020132158920577504,0.020000458109305178
0.19610619576071206,0.19608691871705708,0.19615638087462764,0.19592531265763025
0.03776114173174123,0.037878473584525924,0.03760270566588311,0.03778252880965845
0.018342899974422944,0.018140673033668956,0.017101864915148823,0.016913335899324762
0.9084042326306625,0.904164416739075,0.9039609885370041,0.9038708061517098
0.7254774178962925,0.7226061123266361,0.7223967759176577,0.719526044808987
0.06216663793776847,0.06555223721670728,0.06616420420454766,0.06628164723289638
0.8783775977587909,0.8747147335466348,0.8760282072402632,0.8768891246286884
0.07059137986765504,0.0753588644176489,0.07729956238899459,0.07743196470508976
0.9902,0.99168,0.9907087804516294,0.9907542008864193
0.9090805409590592,0.9057169473312129,0.9061138611657744,0.9067589393437604
0.05330515779162967,0.053460241405931405,0.053786709721129596,0.053327158739259625
0.21484218208417585,0.2102678749980771,0.20901098903800638,0.20883626225350913
0.05838389159675643,0.061760625714032555,0.06281979466162062,0.06287246799753128
0.8346809956389086,0.8294233421575044,0.829025168529441,0.8289426034122799
0.0804043984873064,0.08898111451110138,0.0892004326984533,0.08908967301321111
0.01631610093567007,0.019017652006819624,0.018189828292154972,0.017908782180750833
0.06641516179144824,0.0702848870705225,0.07126566867477743,0.07139426276308661
0.045366841844915726,0.04704537737490662,0.04684815184284953,0.046609238139397526
0.016738071443074046,0.01587948651695188,0.01690457485271064,0.016149603474425213
0.5321914654558407,0.5369331889757292,0.5345600582886469,0.5343144531187638
0.024553549574551085,0.024532841214054975,0.024615981480673052,0.024502288024319325
0.9757345591448335,0.9749149240649033,0.974665270659449,0.974668816066787
0.0211510180272286,0.024268085740943437,0.024871174413915276,0.024602783025239605
0.05137801931969585,0.052700386231624104,0.05291263450330586,0.05314883920392601
0.2772295707102509,0.2815968365470646,0.2822651629240557,0.2824002492720903
0.8690416758810556,0.8708360957125796,0.8719152477948261,0.872682839442881
0.01523763753711889,0.014341442428155935,0.01424705234766307,0.014246170371172656
0.9818823200000001,0.9803771619999999,0.9797848822667915,0.980099828031578
0.03543382769885126,0.03635082478216553,0.036598273095376825,0.0366920751848549
0.016822656726340802,0.018237840098841076,0.01765724077571657,0.01728310294855961
0.06789296656388794,0.07510253204813193,0.07271055946389608,0.07298953712223617
0.8148890179271081,0.8014565409112302,0.8014177018760394,0.8019027345054978
0.05898019732371365,0.06045871465487285,0.05992759407706536,0.05986500461249607
0.03047384637460636,0.028976644734975274,0.02767091702100539,0.027517196042983687
0.058298907721700856,0.06467794798416183,0.06443431570396867,0.06452799269417678
0.9850057665696665,0.985299879123222,0.9847264244809814,0.9847357384569071
0.04559230650273334,0.04785733053896348,0.047457506281824775,0.0476499250479859
0.06163572594377768,0.0616165420181669,0.06048029820927531,0.06036452588722336
0.9708305641643993,0.9682311909882727,0.9680093561871245,0.9682722334854447
0.1157291443600303,0.12204483964228793,0.11909924127507358,0.12021726089663066
0.010661797548992718,0.013659598173877567,0.013313617922521661,0.013188005540495141
0.9126908301462543,0.9059968367985487,0.906488512344872,0.9063980554482384
0.2322504406336093,0.22922322159557018,0.23217241516960957,0.23188939776518291
0.028755568136139022,0.031025134562020128,0.030820967189344597,0.030770652581458936
0.020240683461144996,0.021411770985725713,0.020926323316086674,0.02050786356989235
0.01938025409330783,0.01955322284291681,0.019897373722116272,0.019850714038731662
0.033102422313090844,0.03351990388898643,0.03356002998715637,0.03318677515747802
0.018894263554876358,0.01852733342033557,0.019190078113782816,0.019314818540384433
0.04090437623721956,0.04020724750904597,0.04106738720079577,0.04090511432461214
0.035913769116307934,0.04320171456503902,0.04288360921643539,0.04296499139304805
0.09830218334141966,0.10106988717679187,0.10020219037660857,0.10042936392637299
0.013107279464893675,0.014607200730912033,0.014438981109642252,0.014236495216048303
0.019896373559255456,0.01900995028385583,0.018644326393511927,0.018409403897509183
0.7931097836834963,0.7838849783210674,0.7834552606209442,0.7839761803083489
0.04009604041890961,0.041119114254339645,0.04144036197770179,0.041071779179914863
0.009198131404315545,0.010480099776525772,0.010300444446244483,0.01021709987501287
0.018121199411022734,0.020098665374398014,0.019812318842703167,0.019833902143200934
0.017417287845737,0.021362783349638485,0.020787409915833544,0.020802957114966627
0.012796197628055882,0.012286557376066515,0.012271498759401908,0.012235265935973134
0.00860063986253515,0.010700495079742236,0.010234045422287055,0.010208558648858728
0.9392716049990958,0.9352044174472128,0.9343271994299069,0.9343246273447499
0.5926162272154826,0.5821315509821113,0.5820114154418394,0.5826860139050264
0.9392716049990958,0.9352044174472128,0.9342935627088993,0.9342472665033792
0.8926903483532,0.8894966817467972,0.8905408678717246,0.8903677933448496
0.8974413435758813,0.8951199498117561,0.895769469921034,0.8966518227707302
0.813757526363243,0.8078403287301328,0.8080688784881553,0.8084297192912268
0.010703253637789456,0.01211653579259055,0.01173023955425093,0.011794548173195083
0.08029327966831136,0.0801927060119464,0.0776122845418361,0.07730320556449949
0.03503159662784418,0.03586183106589373,0.036860157164500466,0.036327934430927133
0.15240774050469372,0.15340792759189922,0.15221193817724527,0.15220934380542617
0.017525131624339618,0.020445913839953554,0.02000404931548434,0.019942596898768067
0.864907626484284,0.8586723765680218,0.8592603735604263,0.8599782114514575
0.8532672902080358,0.8445727666574543,0.8466775837252711,0.8477462505463508
0.0463368581897984,0.04467625954510526,0.04476283266354136,0.04457810089154703
0.4806253972836313,0.47975822310296284,0.4815368885857787,0.4814416713898804
0.02287390037867213,0.02412368354343125,0.02403990098513111,0.02426837274691057
0.1937472060641221,0.19043344649161947,0.18769362757647667,0.18802496521505768
0.012765676457253454,0.010868606090522237,0.010972787079805714,0.010994828293350923
0.027702294637936657,0.029203320865092416,0.029734086464196157,0.029934043210608437
0.13948743667385774,0.1452999843703909,0.14496858377776123,0.145465542859677
0.024568765595328487,0.026558545815999302,0.02766733814791959,0.027785468544082672
0.013009660850785152,0.012608566171977106,0.012506081231834502,0.012413735476581611
0.8442880617050509,0.8496035071090831,0.846371078172609,0.8465232521533068
0.9342356033036888,0.9379860756880904,0.9379347284391183,0.9384241645668464
0.14141893871839076,0.14975291608352265,0.15251552370346733,0.15110334310057497
0.0477504,0.050018544,0.0494344166118664,0.049742428338119
0.020440691236030154,0.022039181943284917,0.022909482557665888,0.02286285317692771
0.005952592524484533,0.015778479337002698,0.01627362656550681,0.016537221517292575
0.08396831837865602,0.07499352355956719,0.07681499625258201,0.07641917868769428
0.022389531114378823,0.019732110524824303,0.019530912897646663,0.01927501522232583
0.7959159301562403,0.7977615504536433,0.7956574699854948,0.7959675274795215
0.7250475959941709,0.7222247580312667,0.7248021495945218,0.7245882596530764
0.04602126775905371,0.0509173697588487,0.04992332503695061,0.05014851696051817
0.0359690724735885,0.040162977789354966,0.038971398110704804,0.0391823642442673
0.11258819246931576,0.11414158579026207,0.11542620307645513,0.11527174858965512
0.6072,0.59942,0.5990983598821189,0.5995100988507585
0.09033642661567737,0.08304468248084192,0.08210313118187888,0.08218203398581886
0.9430164680076282,0.9447983394630902,0.9450420703416894,0.9454221366150357
0.8991893735062028,0.8963334218264404,0.896963240693968,0.8974517868682206
0.9572778594076984,0.9529527655851965,0.9524895224206562,0.9527120734667849
0.9869335076700007,0.9832495589492402,0.9839808572784976,0.9841068456220634
0.019821785352799985,0.022417842363752678,0.02166035722338629,0.021220605550702036
0.1745691661184772,0.1810916146127742,0.18310218654326255,0.18348260627380678
0.049,0.05044,0.050264110895638855,0.0501559963231777
0.026423473792488123,0.027270475216501337,0.027984424091325913,0.027637779296562876
0.03905017967455941,0.04265705804207442,0.04248056298841587,0.04221283915062
0.06633282510728648,0.0655778681301082,0.06461077178358318,0.06451940277146048
0.058383891596756436,0.061760625714032555,0.06282318637871637,0.06289157197203012
0.9771971746487164,0.9773883321065006,0.9774847453184392,0.977721772695855
0.04762508747120602,0.04772735138500339,0.047679850448640516,0.04773545738862001
0.04315936490230308,0.04462475294266298,0.04433404015589656,0.044110897073859075
0.8157896514090045,0.8123265633936341,0.8133859428128307,0.8145006523118656
0.25275454671829606,0.2467993366600538,0.23903899298307463,0.23999518984783527
0.020579530135502046,0.020420309350920467,0.019899059697701935,0.020049437290247676
0.028491223397399686,0.03077614570456259,0.029839734756795622,0.029355283890463522
0.02025020851514171,0.019789131791248065,0.019577438351968117,0.019355253091960654
0.013603121014114098,0.014852366479810836,0.014456383696469673,0.01424354634488211
0.009559621466508987,0.010940548481251179,0.011083740864931257,0.010911673439200548
0.08623389943873176,0.08920308990826346,0.08877772245416142,0.08828052743662665
0.02613022579133963,0.025423694444246008,0.025487665897573338,0.02519729483624536
0.0165976833779539,0.01794029318863797,0.017827904324743658,0.017911803568026817
0.018218415378243244,0.01958188089412862,0.019159741718833712,0.019037252246971594
0.7909478453536714,0.7813927424598247,0.7807500723632719,0.7803984841752428
0.010918280400219112,0.012351222843736975,0.011971347547010567,0.012035896690664733
0.010738002119401867,0.010846417514850184,0.011062444763983798,0.01100153643357925
0.017052028254919492,0.015800155103031514,0.014951272991739345,0.014645998662961218
0.02265894771258882,0.020411464816791715,0.020412857990106427,0.020042163196513193
0.10566931598729143,0.10699971312159495,0.10798667652866126,0.10789839233527303
0.316544589385896,0.31993989149712165,0.3166436756184242,0.31668058287952183
0.9248678573862094,0.9242274029006993,0.9250341037494607,0.9252573679744098
0.01318427210204502,0.010942480885511557,0.010723118389739474,0.010696558299978079
0.012019438985245106,0.011831256961152779,0.011874212910334761,0.011723814934726386
0.017057670111233023,0.017126776045426482,0.016811096416736813,0.016838251552752394
0.017259820408935846,0.017171647942963907,0.017853998654667205,0.0174808683868786
0.07644667477338943,0.07539122952814595,0.07571239587655322,0.07533429342445094
0.025267370417183344,0.029173909666939977,0.02892009517420914,0.028785933994522322
0.6342146693815779,0.632409635495303,0.6284375397388349,0.6265277611516948
0.8120832280145767,0.8114738913425551,0.8095413534475024,0.8104621223401729
0.06160939772098052,0.062056233981176497,0.06281930079841352,0.06286024002249405
0.021157184352727395,0.020355005430528872,0.0196215300197212,0.019592150581156122
0.011161864516813235,0.010609438090507758,0.010636399965694324,0.010485812540646972
0.025104793519405564,0.026435306360406138,0.02717471484771442,0.026873508792929882
0.783545994122143,0.7684757270488791,0.769122384127523,0.7692806673818585
0.1652390644912661,0.16063352167062472,0.16010925707464863,0.16047628113768245
0.012263857523784562,0.012911517367272142,0.01212250556109884,0.012050739043530167
0.8708597033132862,0.8645416431773787,0.863691293596684,0.8639956006212461
0.9964453474306482,0.9969114941636895,0.9967129354615724,0.9967851240097887
0.13973840510382113,0.1408446295827511,0.14113718493046157,0.1407309410099244
0.05838389159675643,0.061760625714032555,0.06282243307188912,0.06287403979241935
0.011510089067799408,0.011055877621084394,0.011169272797493461,0.011013461911336432
0.4413592766813302,0.43414388169146967,0.4351407483818035,0.43572234032758106
0.05080520759364049,0.05053282837611854,0.05081915785592307,0.05104812280846495
0.0443369867730958,0.04136813150053026,0.041980718390707016,0.04173817664185412
0.22879429833702836,0.23178015656535614,0.2300388599984261,0.23014448921544844
0.019764041159849467,0.01926884677663344,0.01870052097318292,0.018505358637057406
0.009426197438854275,0.010349361627493494,0.010320171447874017,0.010229136314517679
0.9988117097185484,0.9991598748633108,0.9989448688041029,0.9989626271112214
0.7547245120054322,0.752040744979868,0.7531190341588805,0.7547139137882611
0.021321406103498575,0.020845829399259712,0.020538086074779936,0.020622116616853134
0.7767047804726709,0.7700315400234269,0.769081672455888,0.7701237890022037
0.012783091215609063,0.013072072371500253,0.012769343267940988,0.012627906146129863
0.10790287529194564,0.10548315081615924,0.10531792402999052,0.10575182854769283
0.7815800339554883,0.7821122741314901,0.7796922150842279,0.7777828687276329
0.018227512002985828,0.02103848530775621,0.02003885078753454,0.02000810769639081
0.7052782758895958,0.6946227418323255,0.6938822599080948,0.6943647934662828
0.0524,0.05206,0.050045701434147105,0.050032878372101845
0.01984795332592363,0.02066020630513802,0.020261769293681217,0.020504768290207875
0.08340587591170615,0.09050030693444751,0.08785423468887078,0.0884836141581153
0.922322501830917,0.923281734673722,0.9223713445972116,0.9226720387109728
0.17893984203323526,0.1808934351636572,0.18025600525913751,0.17965286724440488
0.008806104134943446,0.010256702336361466,0.01263670031120744,0.01260044881666317
0.012527834495351277,0.012965960242408115,0.013026073503774237,0.012915549118105265
0.01953086841700168,0.019402201049553286,0.019697665213973037,0.019483929497573715
0.033430466725301866,0.036072767260297206,0.0359117005448759,0.03567581309977339
0.8590836104886664,0.8515486451102912,0.8530035629913243,0.853028277243995
0.045607156562323885,0.04521633244767956,0.045816951870895885,0.04553856901432455
0.9090805409590592,0.9057169473312129,0.9062264164075957,0.9066595517283548
0.04277122486706799,0.04237895773087847,0.04401478240917944,0.04363403366103388
0.017462388078572297,0.018512900675353758,0.018539477182604184,0.018288069977168354
0.03912167249116063,0.043133893568465705,0.04119833592615248,0.041585014428052215
0.023380800302245083,0.0268631082320068,0.026839904444653798,0.026386004726208646
0.9271736050746165,0.9264714671727471,0.9253489018330127,0.9256815950239675
0.8911620774877447,0.8937117042951948,0.8934433456668588,0.8931962888511197
0.03149190882936879,0.03538833204551839,0.034577147883381384,0.034658854234886405
0.012582142227892178,0.011055282410919803,0.011098457024777684,0.011098818478657266
0.02090253346997249,0.017827742391549786,0.017507650825509227,0.01748513180381219
0.14544710469994035,0.14162306601184432,0.14283689700124963,0.14272203598758645
0.9360167972811619,0.9318908461185393,0.9311745962782689,0.9313873593456719
0.6711010698561023,0.6692349864573064,0.6656416062370606,0.6658340367809276
0.7980999655260499,0.7934804394199949,0.7911776069786038,0.7923669024491817
0.6118039084380809,0.6025950096320154,0.6014731848703917,0.6016435292293756
0.6630645269347795,0.6609645181283241,0.6603726883493127,0.6611306014255944
0.9606746671783131,0.9608564453897961,0.9613948500947275,0.961810091720641
0.015011800156848483,0.012874283168852921,0.012658418314811164,0.012831523811956163
0.07644667477338943,0.07539122952814595,0.07572223899985958,0.0753443587060738
0.020705855394522885,0.018058937557204804,0.017812019991997406,0.018052076773524384
0.934,0.93658,0.9344817376802549,0.9350078002021658
0.02749321823794984,0.029656350729662696,0.030686183733007927,0.03082040774169919
0.16340833219881923,0.15882811433455524,0.15848943790243278,0.15883716872684703
0.02203677596133943,0.02297120687019322,0.02272271439581965,0.022790756678591612
0.8122137911702466,0.8078499115944036,0.8064016575181292,0.8064125729543081
0.011603442996572007,0.011831340136829875,0.011569446031378413,0.011447488356687435
0.03446279579733492,0.0340865806939449,0.0344797916230249,0.03405988718234722
0.009831268297764236,0.011573613368454706,0.01110395630429309,0.010940293538464286
0.04019943725580792,0.04213952047274453,0.04118191389794759,0.04090929573217019
0.19610619576071206,0.19608691871705708,0.1961583423638998,0.195927585404439
0.021056800903348584,0.019569011308127448,0.019548836554354528,0.01967311391483558
0.03581979993673409,0.035615535118446354,0.0347127292032516,0.034670800689483826
0.04090437623721956,0.04020724750904597,0.04106607314690155,0.040905408845794196
0.8477324671430424,0.8402887399549347,0.8394353037978141,0.8397580186696376
0.0790574640822549,0.08088760263234336,0.08062438038953536,0.08045145148156664
0.1533747123916932,0.1523861345016446,0.1529431787764411,0.1531541691258071
0.011247082957387465,0.011171363693034947,0.011361492713810425,0.011351094889180284
0.01787940766579759,0.018055958858646578,0.01847452388805311,0.01820153530203495
0.9257736112477023,0.9247859516989418,0.9243776966564821,0.9247225920643157
0.0635331801659692,0.06722725739698422,0.0681363056475824,0.06828660076481437
0.014365739658248165,0.01265282135067231,0.010387230959294287,0.009453206175745103
0.009810663000736675,0.011088673729298679,0.01091685566410145,0.010910675004976042
0.8195472775498444,0.8099602487861598,0.8110010039368811,0.8116252521478803
0.04457999875136569,0.04443432073744805,0.04478513900614609,0.04402681960933556
0.7846305670042724,0.7864291570695782,0.7857418694240079,0.7860689829202527
0.7923099501005169,0.7894387581022619,0.788971533966288,0.7899340466339183
0.03403392198067754,0.03881927558226484,0.0387438365948134,0.03816356463662653
0.3212066304194813,0.3237117318652943,0.32653100598006635,0.32683021576642995
0.0419303752281753,0.0475141182319354,0.04744407699424787,0.04757950430218305
0.013835006096900823,0.01225774249932564,0.011815289475233241,0.011838907610528734
0.2094565559774391,0.2105046603139715,0.2124052151524259,0.2128442081854741
0.15803979753932795,0.1554268340861425,0.15227927898215118,0.15197917286024537
0.9797100743739071,0.9804926583323127,0.9807397106970749,0.9808793188016964
0.11618985095372615,0.1135844434462564,0.11397461054826549,0.11368584000523142
0.14113166429698912,0.1399414011234724,0.14244214877360117,0.143299079206717
0.8746211348779199,0.8735596474963444,0.8744498000393363,0.8752233482739721
0.013788135025119727,0.01504390892127088,0.014641404283857311,0.014423273730279055
0.014274953236433725,0.015380157574343226,0.01499014850937858,0.014709702029952136
0.020523512465238265,0.021754207252832173,0.02131124203698657,0.021502059250183992
0.7101455278777878,0.7092838664603723,0.7110410675862476,0.7119046678319291
0.04073244367689497,0.0456691381822009,0.04464383206618339,0.04486352811900711
0.039209227775017175,0.04328254352674323,0.042175096183507156,0.04257472161843584
0.044663509188824585,0.04734647676968491,0.047402475375466144,0.047634228435921376
0.1509399578594619,0.1605035319612208,0.16320523429204675,0.1617460573433577
0.058031667429703934,0.06116343104030784,0.05999020335071969,0.060053341253983254
0.008814522116102022,0.009766411136354163,0.009943478585238075,0.009949420865856734
0.9667574160925403,0.9674983401457508,0.9679633665090057,0.9683871564841237
0.055065285177943644,0.05894567116444346,0.05898687010878701,0.058911403630278796
0.0323048301137196,0.032238376644380805,0.031005466502094032,0.030522569100928897
0.9345937087956384,0.9332144195018552,0.9326628297652468,0.9329934506752682
0.9879645696648126,0.9875780229063669,0.9869688785183965,0.9869549306841927
0.8180118016259641,0.8145732415274632,0.8143036206767007,0.8153482038128376
0.7971244754709713,0.7959722274063482,0.7982353117306777,0.7981269961344303
0.6973331508602022,0.7040639253634334,0.7070378824722939,0.7081526555970485
0.1150348367978301,0.11546296688054423,0.11457078419320064,0.11390192791062832
0.015266115495666862,0.015442819761400368,0.014671995785725698,0.014399133938645958
0.013619682405846009,0.015142043207818298,0.014975320073223858,0.014766243302383165
0.7453061792528114,0.7377453732765785,0.7389310317354361,0.7395540848592629
0.014893555019621064,0.017733083071800007,0.017617719728986812,0.01740453806048602
0.027637846707410867,0.029658160008009932,0.03076674004268381,0.030865248040689176
0.02827586718291589,0.030179536214806575,0.030045033414540526,0.030014483622660234
0.019797696493101678,0.019941625691674073,0.020338127777104063,0.02005391244986342
0.04095896679646315,0.04048548367119228,0.04119003733180869,0.04066917033550965
0.010969430568976958,0.010985227086646529,0.010934411221298358,0.010802346277355669
0.05107999309363743,0.0533680765041418,0.05423781125387716,0.054287952699382545
0.05577698249751114,0.05760022896605885,0.05811369929290936,0.058392923311063535
0.06715269199833333,0.07413225165387352,0.07174423270567198,0.07203914478498144
0.012989307323198127,0.012484154537018793,0.012404374898228775,0.012399138545025822
0.04460974901050959,0.04730099146655806,0.047353619525206565,0.04758672395375585
0.01913155261538462,0.017679578579174352,0.01784239231985798,0.01792038320302175
0.015713645681249756,0.017229340587422606,0.01772701451219409,0.017718898813118337
0.02437464096640461,0.025642872018342314,0.025389173599613787,0.02729786965221248
0.019298274080666863,0.018890207532437427,0.019116424483296868,0.018845211325222624
0.09838366273891347,0.10413561659585184,0.10642006075777603,0.10591844026488556
0.7375886975415937,0.7257087635848144,0.7285268849917158,0.7302118505523659
0.056743258193609994,0.05890469459454424,0.05968586343746802,0.059781303505206274
0.8753716277410489,0.8727372598199963,0.872432382695872,0.8725149318683295
0.2980828834212658,0.29731420969519406,0.299799890146337,0.2998432590125822
0.01255303694666788,0.015410478592926725,0.014782228753096288,0.01475443004648478
0.008891247508474058,0.00922249632766509,0.010277553046855193,0.010334604327453291
0.04404849147135726,0.049786468054502715,0.04981715672701406,0.04998421440327343
0.01913893001855922,0.01824892496598923,0.01779816988908113,0.018010329909613106
0.0169985416682851,0.020180013840880053,0.02000752524902323,0.02011516494271189
0.01210177387071066,0.01244215037530666,0.012264707942518346,0.01222121779187775
0.19729294291153146,0.20121471137266927,0.19893331322230856,0.19917422379646074
0.019935401509043695,0.021745935818396518,0.021526528033235848,0.021406225463686448
0.057362228069194554,0.05076519818404288,0.049727260425471834,0.04969704685096553
0.9456465462793011,0.9448063797070252,0.9457444198058982,0.9459116370004909
0.5738211567772307,0.5750139435249111,0.5668833141693731,0.5678323443712582
0.02590477897439609,0.025023825152499086,0.02614056513489842,0.025969314099319143
0.8618625907993419,0.8531833408939439,0.8536307931775194,0.8546206307107371
0.836664628240283,0.8299111286157873,0.829238727341404,0.829426054501568
0.11029918273619893,0.11167859966908646,0.1127991150882815,0.11263570425924684
0.9624874041851601,0.9653180697139023,0.964718227638196,0.9649447901880082
0.03830684991412796,0.03924573092230055,0.0392712684215725,0.03942409697425044
0.04675686850387645,0.050792799509297916,0.04940063748402054,0.049166346986776154
0.011297454593352026,0.012805854134584037,0.012761245055038051,0.012868311655855324
0.8340546204898882,0.8292837582700407,0.8286242199088341,0.8293947066514024
0.008029067282651046,0.010926406278339802,0.011285327509879341,0.011293096510170058
0.05134416,0.0497243656,0.04978166010298825,0.04955928317700784
0.010610147260931067,0.010566122052633195,0.010704723875026172,0.010530034709558982
0.007806878745967175,0.010715343005767396,0.010704897611347028,0.010827027449849334
0.1416497256350233,0.1408975564585242,0.14136334533268574,0.14161644528337525
0.0363262277200091,0.03754793284792187,0.03719755445320066,0.03744317065284744
0.017052028254919492,0.015800155103031514,0.014950734777187885,0.014646774913647681
0.06296375248967738,0.0632125184746744,0.06230137936316359,0.062108288848309996
0.5707349961036047,0.5772862070365219,0.5746601574170389,0.5741938182414594
0.019172876969379537,0.02047203434248151,0.02013190172267254,0.01999614165612345
0.01675037599072013,0.01618627405184946,0.016885504526338403,0.016806345457815588
0.2650719672742984,0.26013781168150885,0.25975742152448994,0.2603730468776387
0.04209279467797705,0.04055416813969153,0.04126217143692476,0.04126905541906521
0.02868524295877684,0.03192012223082177,0.03089930566540332,0.030791324021849746
0.8928009310128818,0.8870725969041842,0.8869594577622238,0.8873104316656731
0.02431261965231263,0.025270227637095435,0.024707303188277328,0.024533398438069835
0.3652608110707149,0.34936587179757744,0.3492555538421241,0.35063147027571184
0.024213909753021182,0.02255014035007562,0.022546959198524143,0.02266629552393694
0.017685926618181694,0.0165461334301954,0.01597686041397102,0.01604572537733773
0.12275111240105557,0.1201391654331371,0.11870684393050324,0.11872655003601353
0.029135593862151418,0.029471592373458554,0.028878546315046025,0.02869896358825041
0.021404651621709535,0.022661360215314424,0.02213508033606685,0.021705532524416024
0.0929614333869602,0.09587343098853325,0.09581236402305805,0.09578001055633467
0.055757118951157654,0.059927170204522776,0.06023859018564217,0.060418060944711735
0.8392515171836785,0.832981611868912,0.832839049979197,0.8338219940396451
0.04613892554580499,0.04651749491557778,0.046760753112910024,0.0462555703994154
0.04945870718042197,0.053698700744464894,0.05233404020532961,0.05206224987836693
0.8544933156345021,0.8456985843575368,0.8458442621220136,0.8464024102651012
0.414815917948736,0.4112930594483079,0.41441972035223035,0.4145948947354879
0.0220477448259629,0.021413053165455623,0.020893128616035702,0.020969118241224376
0.02054340821360503,0.02079908006601667,0.021270396191897967,0.021195403576314775
0.9077812251172032,0.9054560686265503,0.9062774026307502,0.9063623275911055
0.013996844698651366,0.014671103476221645,0.01366305449454416,0.01356008681178718
0.04882437275584221,0.051999700589324876,0.05060298636398494,0.0507910582717059
0.9506388492010687,0.9512436713732493,0.951070548498982,0.9511008288875556
0.012569889598419474,0.015463117715674747,0.014693880618321921,0.014654523445223177
0.8709436962732847,0.8716947234743184,0.8730087580949861,0.8740236739504055
0.018914020029434847,0.02003021358663606,0.020040892159735455,0.019761545169161142
0.02271940550086566,0.024994788384208808,0.025385649263253457,0.02545704515796957
0.016179187131383943,0.019415155652763767,0.019280602569739007,0.019039822234542363
0.8499095219559001,0.8481081255909395,0.8500693447828582,0.8509922296923931
0.2678666489327855,0.269783294519422,0.27181079954011944,0.27175497115779834
0.03488254495666294,0.03696964593914908,0.03626176024367359,0.03642403768166327
0.010867963201852017,0.010862075527331407,0.010325376539789152,0.010185477155881927
0.039482345473372045,0.04614159369212542,0.04524304181764007,0.04512495572651821
0.8543560284860644,0.8455317081682534,0.8457327939008051,0.8457551154540376
0.012358519231852652,0.011641213346875715,0.011750888381837061,0.011601026677862395
0.051117746928678626,0.046370111722450535,0.04671402654944274,0.04648051272467675
0.9102019043462903,0.9054898833542866,0.9079402603763539,0.9081155774663726
0.9896,0.9897800000000001,0.9899141408497323,0.9899105829003036
0.9913418609468548,0.9916859369490932,0.9919889623654071,0.9920568983681503
0.017729653620433376,0.02150910219273572,0.022004292679401686,0.02197262501126361
0.05366063660356834,0.054130413238224505,0.05302286391898842,0.05246884247113734
0.08396831837865602,0.07499352355956719,0.0768220634159835,0.07642805927584849
0.016596627937782656,0.014506240002095687,0.015317477989015173,0.015253206986535555
0.07644667477338943,0.07539122952814595,0.0757064909474072,0.0753290049422448
0.9963176113262482,0.9960641722969747,0.9961986991104542,0.9961248015436667
0.03154053603461684,0.03606690055332267,0.036082392695641015,0.036157266006973894
0.020340069553014428,0.021523162922604602,0.022160687392875873,0.022365045045097263
0.020145288468531187,0.01956501723429339,0.019950569467686308,0.01978690077792425
0.0945218319938944,0.09239412840910102,0.09267230756459588,0.09193751848905755
0.04048057091127567,0.042498696718754475,0.043062903354978144,0.04298188426191385
0.027150493668279575,0.029118389325302925,0.029310257638061474,0.029330003749601756
0.2969843768496215,0.30209902776373715,0.2974606671541106,0.29763865469728384
0.020305258300521323,0.020090468465670207,0.021260755649257383,0.020992488002961232
0.056055976155657675,0.057350903253665715,0.057291818169814206,0.057336667755682816
0.014991381544200365,0.015689800046045865,0.015678653827228686,0.015610270448123737
0.9302222868498702,0.928613178539958,0.9280093898558185,0.9280362767343064
0.9749630741763193,0.9692616138108066,0.9704632578714194,0.9706784681322181
0.013860257077676501,0.01306267336390596,0.012982727426860106,0.012905078568261365
0.017052028254919492,0.015800155103031514,0.014951482307886699,0.014646558152199276
0.01383141295686496,0.011646027351877,0.011002671828275011,0.010852374862536589
0.02613022579133963,0.025423694444246008,0.025485983809184664,0.02519502217806486
0.04057199794895427,0.04276840666780878,0.04355654023407376,0.043334815231749445
0.0961064619189746,0.09327275959955607,0.09347128509599473,0.09367943169342462
0.8068930482437168,0.8014255654896714,0.8018618648448769,0.8024776484604296
0.10551551600989108,0.11232911616522503,0.11092380615768338,0.11165775073740307
0.8500312882598735,0.84570583330447,0.8463360475092775,0.8466336521607595
0.04544176696822492,0.049292129883719525,0.047983217898711086,0.04778336264743326
0.01569987886502154,0.016358481906631462,0.016625563901116348,0.016488047163567457
0.8569211078993528,0.856539849604677,0.8572940950281833,0.8580326276871596
0.8831555854253459,0.8811286477893527,0.8798823365503345,0.880081915085966
0.021771034904163083,0.021759459238412455,0.022568418681205998,0.02235513221235288
0.010664278705430982,0.010970900639755072,0.011017043189079334,0.010923306025424212
0.015408987030161627,0.010412558504104568,0.010470462710571464,0.010154097438297262
0.013448373120564436,0.013901394922970716,0.013857438197486997,0.01361834272433802
0.02156298936901024,0.018947328553503125,0.018693198389990354,0.01894653214067207
0.06329048046000897,0.06660005786523995,0.06681688066495223,0.06711869666259263
0.09522496739057472,0.0898335701199237,0.09046376528905069,0.09077478945548745
0.9078937842674387,0.9032928052597259,0.9050303183461577,0.9053918283217994
0.14890593598594373,0.14490954579216916,0.14800980234505307,0.15037879147880395
0.07263614028045347,0.07343829341575539,0.07296838417299027,0.07279046248689736
0.12161507247069979,0.12127340283102943,0.12207695273365439,0.1223578395448383
0.9974970874752895,0.9946764134464701,0.9948784691361627,0.9946803297444647
0.009617244521701956,0.010706580850674203,0.011020078562188784,0.011067577614283047
0.050852529919992576,0.04878345928870475,0.0486496945343487,0.048719606054304164
0.0187200209007593,0.01916547997328437,0.02020535232263757,0.0202648623591648
0.033362392407256934,0.03464306431734197,0.03440646784100426,0.0339249137043865
0.9081639414162317,0.9059786577275364,0.9066733032537067,0.906845236205757
0.8610948927829191,0.856237978582792,0.8578444494636684,0.8582857441652366
0.058143097546799125,0.05455182366765678,0.053478744134807396,0.053756727510987465
0.895186097520393,0.899328797583894,0.8927914776968582,0.8888375846427099
0.8249183884721261,0.8105007596144485,0.8085942101508277,0.8089502468439781
0.3321253026424662,0.34302370498087115,0.3392075930141548,0.3399609006171931
0.9213391393136124,0.914289528642842,0.9150481324574314,0.9150593241997684
0.04367441365786611,0.04841771567195531,0.04714631609414839,0.0475770688124091
0.9469287537775504,0.9465917320795324,0.9460439791387953,0.9464765529101091
0.009885513767605441,0.012376959228635147,0.012133223153780978,0.011948483102089916
0.7924301952107559,0.7889909319026185,0.7888848164966091,0.7891928343196316
0.01832010985620007,0.02105197504763279,0.02153773772905762,0.02168635263922965
0.0332127917489537,0.03454056095387693,0.03419734685324801,0.0342998561366778
0.005972939789229694,0.013610622038112516,0.014987439735811212,0.014490657835234328
0.02208590766854649,0.024196694787399883,0.02368768557197901,0.02370496932195835
0.7571240272320698,0.7505493376190606,0.7493364056574853,0.7498644846344673
0.01694230117626907,0.017691730751084652,0.0175762256741654,0.017439212956814734
0.027869219107451333,0.02496174910026799,0.02453383109818612,0.024632664410015402
0.010296635157938805,0.011432803763136832,0.011463351066331269,0.011375727000050106
0.09796993786099292,0.10354225883324648,0.10399549364428563,0.1036265907200848
0.051701764827655344,0.05581263813787098,0.05484773354090271,0.05501107850312695
0.9508080901897835,0.948570772412388,0.9497668062462237,0.9497401250179972
0.9470174715285831,0.9447884071557551,0.9460470616586867,0.9464630376018288
0.09760748381760627,0.10264563531181242,0.10130557035503965,0.10909130439635263
0.034498926533332565,0.03547053522010738,0.03625211391885555,0.036005035588455234
0.05559698082527924,0.05526004801380446,0.054981911842807873,0.054505104152732825
0.04114626670135711,0.041227183139595516,0.04074533203442461,0.040963827022469416
0.5022853050899405,0.49830788768881407,0.4992559162302983,0.49967930754761075
0.021030946497743567,0.02065539529367359,0.01955828001207332,0.02151916734268524
0.04792499530513317,0.04668202918350353,0.0472915235118464,0.04738562064710743
0.8117718041816155,0.8054662790175541,0.8073210085597433,0.8084453428126529
0.06344662758402086,0.06335681831904609,0.06240948044046088,0.06242414650259934
0.060095965390441944,0.05946353441389618,0.06097638162794606,0.06107517496448502
0.015845794433410672,0.016292458818015835,0.015391927997449756,0.015246055374831959
0.01841516813767137,0.01925168630875313,0.01885541582047761,0.018853774525766163
0.9606746671783131,0.9608564453897961,0.9613948500947275,0.961810091720641
0.017459087577422556,0.01834884439520324,0.018005071233799082,0.018191067094412466
0.05040936458904452,0.05378989209749692,0.05301304551160857,0.05317596463202334
0.8780787209595105,0.8802707613801742,0.8795071964950048,0.8801040138185198
0.037868192104965455,0.03718309765284798,0.03796184511870179,0.037825964052109175
0.714712634032,0.7110760471070975,0.7063568936336975,0.7077569783417528
0.9222422345939784,0.9223748076103352,0.9219005556958637,0.921665419994072
0.045715032099155034,0.04729389749417713,0.04672913835913544,0.04666207020987821
0.1088379225122553,0.10628829570480525,0.10655814605171597,0.10680445878368047
0.11486936867730335,0.11827221151490465,0.11700308182833234,0.11624725834994848
0.9640568300009492,0.9680652361860993,0.9668358424726674,0.967093237606633
0.039846381636823844,0.040957143512242764,0.041201371136702705,0.041316232957663665
0.02648904035246621,0.023118603443030798,0.022778340998615098,0.0226196630593312
0.14507527883040083,0.1464371635668176,0.1459558506332422,0.145402924332178
0.02920224392444341,0.03150996151495597,0.030490399996779435,0.030268145369911934
0.6459817909374714,0.6266397237249414,0.6276096188937863,0.6279687226881498
0.03089362421245176,0.03187449281277966,0.03159796828623781,0.03125025324671938
0.021444641560855425,0.022805090229442774,0.022552519472866073,0.022311363169544095
0.015251351312325035,0.013666706937088356,0.01451905281304935,0.014580922530583407
0.028904343340272812,0.03114794678929579,0.03129894237770739,0.03126291538957887
0.028635353312443844,0.0309351717662583,0.030007405048262794,0.02952072939785064
0.13821944121176674,0.14431594889118626,0.1451612381574892,0.14567052740774084
0.0672167096426003,0.0678886802854264,0.06829813996453668,0.06801495512577126
0.04209511896683683,0.04443269772023343,0.0440994648274065,0.04441491297749563
0.0214894036846777,0.01869253200200179,0.01841962566789645,0.018265775299167612
0.9087234146062011,0.9057092347229749,0.904614192265315,0.9050846266529685
0.044192447469102406,0.048465558679974895,0.04726117195340052,0.04719551755213354
0.04185122191281246,0.03897538137876303,0.037667058813760305,0.0374211330844026
0.8764130608638107,0.8734710848345372,0.8733346935339772,0.8734845648414962
0.8860285943534005,0.8857973637453831,0.8858417836219147,0.8862336807096451
0.9484713856169756,0.9451882453443136,0.9453818088587699,0.9456130461825334
0.014225723116507914,0.014830978350672834,0.0149755349238294,0.014709607170473716
0.020682507112128747,0.019841226756708564,0.019432522416954437,0.01949453204216019
0.018061187031315956,0.01691507412685501,0.01684401793125224,0.017091232581368743
0.8731081254174659,0.8662628755805989,0.8649817992263215,0.8653530492363528
0.1055570267767909,0.10673651261056324,0.10497425598903484,0.10519514287682735
0.030026045053085263,0.03022088436637868,0.030055313675283964,0.03020448897889526
0.9244698791824584,0.9189872316465599,0.9196303508481539,0.9193448759681773
0.01890251350473276,0.017592654383856054,0.017252725842519696,0.01702816654487226
0.0648573157466797,0.06612564240365573,0.06520736188173512,0.06507454215079142
0.867754223582618,0.8635825282619234,0.863307959791002,0.8635544991409557
0.10951284042059643,0.11396358735928752,0.11444651631604513,0.11393686481450033
0.8624522404500284,0.8584668882220129,0.8589527047279071,0.8592138574060415
0.025746294356700103,0.03783090176391693,0.03545324370042005,0.03487723078412178
0.012611285768999583,0.0132296311117419,0.012589437628033547,0.01257581761891975
0.016208529614110255,0.016333861704940153,0.015500968092168598,0.015217158586258963
0.020386216017471225,0.02163250425224771,0.0211497375587529,0.020747050868622125
0.9871969286068756,0.9859023887378098,0.9859058255336532,0.9860152081038739
0.9963176113262482,0.9960457457765935,0.9961963160737399,0.9963055206445169
0.033739407381978496,0.036125592402838407,0.03746325239094386,0.03728765341380598
0.9141132384317693,0.9096517765175959,0.9111616745586413,0.9114144320458097
0.020366075742067842,0.019363819773672047,0.01907619625048155,0.018993905936184073
0.5022853050899405,0.49830788768881407,0.4992559162302983,0.49967930754761075
0.024294199568056826,0.024814780886341443,0.025082552819624005,0.025077513874618415
0.7850187190902481,0.778483842919807,0.7753968312022552,0.7760245588960714
0.01745512854851929,0.018417662779904625,0.018067429696608066,0.018013361159663434
0.025004165565442403,0.027649018187641813,0.028067086808323996,0.028132284304456745
0.01614455442427018,0.019832451508288874,0.019063458391683732,0.018932000028645354
0.7534077246288923,0.746809145230362,0.7470976555362389,0.747746438326977
0.9746166142837739,0.974701771524123,0.9750812517931752,0.975083095714691
0.05781399687935688,0.057043204247137776,0.056235680263934176,0.05611893153609804
0.03583101793019483,0.036584138026217336,0.03620042768851773,0.03574228823773343
0.820213484385397,0.817827760859538,0.8185205117676891,0.8192692970121976
0.11592787198976796,0.11386132905316582,0.11299213144487108,0.11300378559344353
0.9969063350792857,0.9967114175665436,0.9965062789836249,0.9968369746695539
0.011177815979608288,0.011708333339219033,0.011413182011031704,0.011106889412545224
0.8655903106814301,0.8592319625490783,0.8580279544355196,0.8585787482408885
0.030735144127099268,0.03246989607411796,0.03242554222048771,0.032407765075606144
0.029,0.02936,0.02978779570311797,0.029797774956541494
0.019898847979194025,0.01912985442064232,0.017977868395062265,0.018008149696334515
0.1487956759218668,0.1513926795634963,0.1500974915445651,0.15006186428177032
0.09826555769545312,0.09647588299496132,0.09623791543582817,0.09593854161475023
0.9764532048902225,0.9767755058162635,0.9768660034862058,0.9771385442653217
0.07524166543806862,0.06910660112790139,0.06831341113334058,0.06828364574696327
0.014098956185286012,0.015815759299653388,0.01549838082266769,0.015402409722791449
0.9507712991854473,0.9476442078687557,0.9456269028090665,0.9459431598478353
0.8905279273199382,0.8925065842964387,0.8926862609301565,0.8936449871485451
0.045890849881055476,0.0441194356187628,0.04476025847838552,0.04453012328714246
0.03598545673468068,0.03538543727726909,0.036142285427145114,0.03599726681689822
0.0272084126237634,0.027176376850649664,0.027882364601518668,0.02760903790467786
0.9734998213798095,0.9748903172445834,0.9751011515935258,0.9752209710934582
0.8555349634990427,0.84865649302129,0.8478986749773226,0.8482210992719306
0.26235982920677464,0.2627601760817855,0.2637743090139598,0.2644109554815059
0.04005702963121952,0.03572201027050477,0.036285220610445215,0.03638290496092389
0.11708293215040318,0.12315471007470677,0.12297669708722067,0.12297719777535995
0.7549223576271923,0.749781161741539,0.7525162131836198,0.752858498937846
0.029723058159921076,0.031535827276222735,0.03209259060681531,0.0322801231618378
0.021232253846168073,0.022471139086099278,0.0212942783371044,0.021169951115094825
0.09827439064652821,0.0965046241098786,0.09757233867428187,0.09709683669113268
0.01523921004894454,0.017742148772726635,0.017165385506618436,0.017068304356670436
0.7487272974830965,0.7450188185509927,0.7382005999365936,0.7393967138143467
0.8387296613332568,0.8359955078697942,0.834295959889701,0.8349077076731936
0.9068006590894405,0.9071227033445107,0.9062395777334162,0.9067612791017378
0.20843295332240608,0.2054791555524173,0.20434097687544703,0.20323974532170389
0.016423640427210777,0.01776132982881102,0.017660394014216416,0.01778782225110115
0.9483512054000773,0.9500520601935671,0.9490360808601609,0.949631854754127
0.012176107117315626,0.011874873663690251,0.012044750361935625,0.012062997266629391
0.01223439131864658,0.0120361954113564,0.012621092980674816,0.012675279173930453
0.021394002508270005,0.023148831705633404,0.022646027121815498,0.022699090300786644
0.0152879782782682,0.014068567652452409,0.013308203870443437,0.013040448790370866
0.010022956791899159,0.011327100362706625,0.01125384080987755,0.011250702260321885
0.02805450362127248,0.029308659494372197,0.030028465805869334,0.02945142398733319
0.036386314262608986,0.0381976292878053,0.03773431950628183,0.03782606207891334
0.9023949851648138,0.8996857812462948,0.9005130604528635,0.9007044125607272
0.9762609629710458,0.9782514989574699,0.9775439369207669,0.9776580536636723
0.021616957046830126,0.021907125489360253,0.02209958786318078,0.021643214021390574
0.03663501999827309,0.03605019763528946,0.03685602886859642,0.036698467247936406
0.013190017970666986,0.01327713837864074,0.013508293764245873,0.013249821645846045
0.032918469083350596,0.03391770709032086,0.03280109941115666,0.03257214031634507
0.07546564632063929,0.08029944917873275,0.07942925404565146,0.07941939990452294
0.8738708682670884,0.8737043187619472,0.8711616602663811,0.8676926835837238
0.8532340407696004,0.8538029788707264,0.8552901985980306,0.8545739828683017
0.9028,0.89368,0.8951444039350347,0.8949885995439818
