5K,50K,500K,5M
0.9708305641643993,0.9682311909882727,0.967925485404995,0.9682828838359524
0.058143097546799125,0.05455182366765678,0.05347852466662898,0.05375389499613157
0.08730982360134656,0.09119414502821739,0.09123215725488802,0.0912807787546245
0.024670832163096786,0.025522737626474595,0.02613252956973023,0.025641754183399364
0.04098854551131088,0.04270094231852393,0.04243906294669529,0.042182435395585534
0.8450938891625226,0.8378843294380731,0.8372318672681546,0.8378741473031868
0.03016686165402602,0.03317245722789352,0.03299828032846838,0.03307590334286699
0.01791647808394133,0.01708794333392361,0.017535607521905763,0.017621210587189535
0.08199749377760225,0.08150076640512449,0.08249761913237136,0.08227952426055733
0.019600373505810804,0.018940375042677725,0.019971284097438678,0.02051799580399778
0.1405183905152241,0.14153358596122856,0.14211666999921496,0.14241364599749157
0.01731302756923884,0.018936359613320533,0.018811589773402984,0.01879317558494551
0.10607549825133612,0.10881643633353157,0.10812032763162682,0.1081483361766605
0.166288748693356,0.16446114531068476,0.1648417757472027,0.1649666697103976
0.016763148382799624,0.01847390131630339,0.01898986360200041,0.018979918566509345
0.7478530437446633,0.7484470901754227,0.7492184999230346,0.7504704824770565
0.04551126668197728,0.049931635059947584,0.04977527698872047,0.04939445318508005
0.045717144236040216,0.047673990914622114,0.04742634713068596,0.04761411753215352
0.11408631858068267,0.11560272622680405,0.11688343683738882,0.11672161888203701
0.7920786920702982,0.781837337940602,0.780308464390524,0.7799076047659768
0.8581234437234032,0.8558662550474523,0.8560546610561943,0.8561686043886211
0.6008,0.59968,0.600878,0.6001364
0.28438183061255184,0.28402082581714616,0.2853556868812029,0.2858250749724715
0.8027657702115514,0.7946167979384566,0.7964333874413092,0.7974149220158995
0.10337101462645118,0.10608065814790753,0.10659971395196768,0.10650703198416253
0.0566653084630752,0.05650379547242935,0.05473884352329569,0.05485883522111538
0.0909556004278739,0.08940277857755663,0.08970626567457601,0.08903259318566299
0.01122652983102382,0.009642443076490636,0.010039278456081045,0.01010970017824681
0.050826401099288876,0.053455896756785436,0.054343776212316855,0.05421706275768545
0.858729579657359,0.8547567148230866,0.8545877336503792,0.8548811848041974
0.06139274557186294,0.06222836778475051,0.062491480570628144,0.06187860255316021
0.8447325774178566,0.8384405206530184,0.8377151220533325,0.8376148361231096
0.8610789150482324,0.8581438275490543,0.8585811865084164,0.859224406881373
0.9016,0.89844,0.899446,0.899771
0.014271771722365526,0.015084636970037296,0.015354528939562725,0.01534880642791555
0.08444775673656715,0.08232839423359667,0.08165565215048727,0.08171589528724
0.23939362957696936,0.25187562951156695,0.2525102012645201,0.252439866809502
0.020090191052014386,0.02106597926285256,0.02095747712017982,0.02079650206618788
0.0472,0.04878,0.050206,0.0501266
0.025042958013525025,0.027033016073648622,0.026919746889640942,0.026982381706764598
0.9501228992186098,0.941225033091471,0.9406836372458144,0.940214174391002
0.0440309611953215,0.04825614013207939,0.04710133028025238,0.0470395795706701
0.09319934091055938,0.09287729665548933,0.09368515434220823,0.09331470748835399
0.953595559245213,0.9498558394814375,0.9499727628189776,0.949681251565635
0.013816582368978956,0.01295115951121831,0.012686620507319786,0.012648957599788796
0.061710308660911414,0.06345222035570877,0.06251405786563165,0.06239140395989292
0.008360138912300117,0.01001790150744808,0.010037538909207543,0.010053722215395217
0.047702097453748926,0.04617212063188729,0.04622183273676686,0.046031459426598344
0.8271044109033283,0.8279623236002731,0.8290114062032968,0.8295278284279628
0.011566561394650723,0.011959138166368169,0.011936120642838955,0.011821634798181633
0.9867402466086863,0.9873449546500305,0.9875073081090036,0.9875575937883054
0.031475524478011364,0.02992826213029789,0.029813685121049375,0.03020115000418922
0.011647778896139592,0.012845486334344385,0.013239311020197521,0.013398542603473318
0.01068531275480191,0.011669579591924979,0.011469299636554088,0.011433907837662904
0.15539628067951927,0.15737468241323085,0.15722395330125816,0.15782117379673147
0.029201357894608454,0.028897701119705514,0.029698173416494007,0.029412340971049524
0.026593301626470334,0.027548810538359326,0.027910357872405648,0.027714131528124665
0.025480619673287176,0.025520078801559827,0.025146753192021885,0.025073394020277306
0.8,0.80148,0.799368,0.7996758
0.7955180430711177,0.7881062033857782,0.7881555097106144,0.7870766977008237
0.05867637032250239,0.058234090579027474,0.05715921343724197,0.05714189522542937
0.7861893408877918,0.7804068248406887,0.7831299687226281,0.7843260421263506
0.969046696601823,0.9644162948624089,0.9633924126188768,0.9632030515695544
0.009331915587366733,0.011713466957240225,0.012282940106736811,0.012080294809644017
0.05473060761555583,0.058184564574923846,0.056815387249250046,0.0570602111739648
0.04997343241985053,0.05329137699743112,0.05427940008618312,0.05410972851023103
0.7868847249767095,0.7726633885347648,0.7710061314829489,0.7706012527248106
0.9184231156567423,0.9144625583331603,0.9150134535542849,0.9154030598327688
0.8510940640140563,0.8550904542078308,0.8519974313481276,0.8496255840585228
0.8572314113136184,0.8546136167740978,0.8533892098085478,0.853923945831324
0.8432051309150551,0.8364487985681162,0.837976312082616,0.8385783758548431
0.7747901624232209,0.7701460022050228,0.7632458494699755,0.7641145222766962
0.7296779572074787,0.7253413786700009,0.7257449458488824,0.7264392951927148
0.9090536425956504,0.9081617154371538,0.9056246814731175,0.9060819389923186
0.9706221420843774,0.9733626220962147,0.9733628790649979,0.9734281342338311
0.11972903221026648,0.12212973208659014,0.12200772165022741,0.12198602581346178
0.04758033181088786,0.052701150163170084,0.05315622654753061,0.05320354172510962
0.024213909753021182,0.02255014035007562,0.022546615684903258,0.02266589955334723
0.1241928179795085,0.12643351161597405,0.1279974717971088,0.12690611176620914
0.1019946037281566,0.09454668728892751,0.09350980422831057,0.09378003100953711
0.8965489647167127,0.8904069333947948,0.8900758593043954,0.8905004651028001
0.01705202825491949,0.015800155103031514,0.014949990188339523,0.01464252895497875
0.037949615426086554,0.0359268882431742,0.03612056422415265,0.03577129737731282
0.012313561019055112,0.012981929266198853,0.013046823324902564,0.013068379344741364
0.027799639165067936,0.029647882959688086,0.02935494161268529,0.029276031669861348
0.01849513857288143,0.021513051405814224,0.02164610137226831,0.021595922162281813
0.016000867605134424,0.017792513178963517,0.01790053937383723,0.017890357148151296
0.01485255504350211,0.0160277091067435,0.015624651159614597,0.015316593730939902
0.9035604932947056,0.9014333511955221,0.9006189903649854,0.900839056580965
0.015788487011187034,0.017466116309242715,0.017974313712944914,0.017959674016850072
0.043994741032173115,0.048600714522766486,0.050344756491472964,0.05023390647180891
0.5650810134154249,0.5740265277071434,0.5719640610786242,0.5717803258429016
0.026228631751489647,0.025913364636804215,0.025488613740684504,0.025343678339608666
0.9395926861373207,0.9380019088261595,0.9396457308850321,0.940123762190399
0.02590477897439609,0.025023825152499086,0.026135889111216358,0.025971060164205615
0.89395256,0.8862445824,0.8868600060240001,0.8866662988629599
0.9523889983703369,0.9505315591611112,0.9507756233934048,0.9511943631028927
0.047936969746004934,0.049259046626767826,0.048616959887001765,0.04865917200453047
0.013475634213674792,0.014576312374584144,0.014344859212870978,0.014255009345139468
0.047577926889091064,0.0507100371752793,0.05137782695731286,0.05149873022315847
0.016181442490715185,0.01665547378322737,0.017420974098826304,0.017243126138753
0.025461145938062032,0.02831602025385562,0.028111550902083133,0.028121538944508664
0.8682452442720255,0.8631783150405048,0.8635804696255729,0.8637470595897538
0.01318427210204502,0.010942480885511557,0.0107220881879212,0.010697021445580218
0.011924724566632688,0.012569651005655286,0.012368705064256878,0.012342678446101561
0.010359766249624243,0.011007167778656471,0.010841563641454593,0.010725001978721567
0.7790590999146174,0.7689506615377644,0.7678679074354505,0.7682000837388031
0.0215103239232807,0.022780040646828273,0.021600451174708605,0.021470755667710284
0.012740838865409684,0.02030108533951071,0.017295315413329404,0.01563824917292301
0.9579106241870227,0.958719729071278,0.9599686366455458,0.9602403238114868
0.12106629725525643,0.11907150176362277,0.11746157329037146,0.11758593179659574
0.013862981922713943,0.014919827675613501,0.014571205521585617,0.014275475204071087
0.01874956410230095,0.021920887179782536,0.020992485249130253,0.020070033672760997
0.01227088843309287,0.011796087433991263,0.011919676233921235,0.011747007225797074
0.2840982657339674,0.28433017703627145,0.28413848683397297,0.28433176341966054
0.012927284503218105,0.013560184791505373,0.01419638270049184,0.013860731232565893
0.030607160152591753,0.024772273754145712,0.024186522408150404,0.024333206594365237
0.013925815792651187,0.01472672367678154,0.014016321373186688,0.01383921377988123
0.06682901663640356,0.07173720567646456,0.07288519408151237,0.0729785774444968
0.06600675099306717,0.06858942970407901,0.06750774380122998,0.06769788266771486
0.4527194083343202,0.4517121479606533,0.4523746759179828,0.45299892699566496
0.022154248756062467,0.02250722031761398,0.0222763264111261,0.02231120643403397
0.014746480820728762,0.00792061849000373,0.011861583582237822,0.011346071091006923
0.018591147926241596,0.017878205934313284,0.01740608861172237,0.017621352681062862
0.8722691535724054,0.8684910315762848,0.8680541387938615,0.8677001450924955
0.8244957769642655,0.814819669430963,0.8173944833132197,0.8177802352818246
0.09500000000000001,0.09632000000000002,0.09587,0.0955548
0.8911620774877447,0.8937117042951948,0.8934414121684775,0.8931898855485685
0.04209279467797705,0.04055416813969153,0.04125779802496533,0.041269630944262926
0.059366846167329825,0.059067114000700964,0.058945579825400045,0.0584801806928781
0.9046024380387632,0.9012617954304819,0.9018902599186988,0.9023869040619851
0.04744835675986708,0.046775099952696256,0.04593365534725686,0.046083532316982014
0.023266184381567398,0.023306477869603374,0.02341468495294157,0.02329999375547267
0.021519544981523985,0.01879975444414248,0.019467851073287672,0.01936910520425271
0.02107529761633292,0.02200701936937125,0.02186316702526154,0.021686943344939785
0.028837552406357044,0.029633792404049092,0.030394638822470618,0.030083485688093166
0.010320492025006069,0.010829361711304884,0.010283429235588787,0.01029056088723879
0.030437946138292538,0.03157509209818644,0.032322808959007146,0.032077858429095524
0.9161682544608196,0.9135409363538931,0.9130687729642195,0.9131628626229858
0.845737645526477,0.8469775546510278,0.8436348401681933,0.8410123098435008
0.9498346051215916,0.9463314085555158,0.9444781415137414,0.9446073498994241
0.09319934091055938,0.09287729665548933,0.09368515434220823,0.09331470748835399
0.013192981473956759,0.012776866107233456,0.012669595441512697,0.012578282654220648
0.03181901019405569,0.028661594660034366,0.029626380436220977,0.02935396752504151
0.009569481273937416,0.010202444500068568,0.010010304836038118,0.010054067791558093
0.09091945904094083,0.09428305266878717,0.09382718989706196,0.09328093410065716
0.02597289074666423,0.027961010510990793,0.02825288807208334,0.028732383606446952
0.018221003660142024,0.021079064550188976,0.021561766284408104,0.02171511124292406
0.06301200012913391,0.06274226473256737,0.06177156416395802,0.06166582653092269
0.986581650769407,0.9873581536794199,0.9874275878990909,0.9875476372811742
0.9726791135825111,0.970249324163842,0.9692192755337138,0.9692837837289404
0.01753148127682666,0.015467273078987268,0.015087079899027635,0.014710698647906834
0.01967908770283961,0.020001001413935755,0.01967350657814803,0.01931074101609546
0.012311439490866863,0.012757584156619765,0.012513926383990927,0.012324183270483008
0.09969570856863146,0.0945072965937419,0.09568704693800167,0.09582360707730778
0.012404509156855741,0.013633522725239608,0.013601743301587765,0.013530110056006578
0.022481444843609543,0.022127316129707756,0.022950720254548754,0.022945643748762536
0.13320380645595145,0.13458000806461984,0.1355027273078954,0.13457151403598877
0.021013877258083957,0.019334179664553794,0.017544744569682115,0.0174438258369077
0.0496,0.05126,0.05015,0.0498854
0.010092484852138237,0.011182882254405306,0.01153897562681832,0.011586428788362163
0.7380263353740443,0.7362234241722371,0.7336490563894809,0.73334067012542
0.0481047130876489,0.04352549443641386,0.04385244696730451,0.04360991852396585
0.05120697175510004,0.053201984819475724,0.05394699078802257,0.05408602927080746
0.03200243892386679,0.03156623816079444,0.03030574262991116,0.030398062929907932
0.05031979681024584,0.051252111453405365,0.05063420081683278,0.05060700031725928
0.8698225823129032,0.8662211415333618,0.8670347438968181,0.8677240383202298
0.00860063986253515,0.010700495079742236,0.010234067910228734,0.010208947009575338
0.015916940997226698,0.014768866444682647,0.014855950838611697,0.01481027214535051
0.7093302761219383,0.7087777222719297,0.7065899037643463,0.7048145220380191
0.9769894080442896,0.9772066882742343,0.9761304384832071,0.9762452164528741
0.9880744199656486,0.9876156142831181,0.9875032985152099,0.9876227770140452
0.8993763425090048,0.8963885972342677,0.8946661948897937,0.895189813419259
0.022812410883040393,0.024480508107649655,0.025244164628491432,0.02534838986281368
0.037612534208726775,0.03913609888187989,0.0390885801653721,0.03928024763459631
0.2861589672985289,0.28498939701468895,0.28266757516376034,0.28284629154044777
0.9563255863421339,0.9515822843280447,0.9528569891563248,0.9524238508686438
0.9177281821715421,0.9142491148801811,0.915059867946941,0.9153994250276811
0.05708316771791344,0.05690586244143893,0.05720612116047049,0.0572803561487917
0.9241156490425858,0.9225636084444802,0.9222041270467445,0.9224210178953983
0.04651448853642656,0.04862677764881586,0.049476105107785634,0.049510550038587196
0.1620121198881918,0.16555372134584473,0.1640410738091164,0.1639387383161988
0.1200609320200345,0.12115583935597594,0.12178970323276841,0.12101064373957748
0.022116212558511577,0.024841032260991217,0.024589438690144808,0.024348387705728343
0.7898559555319032,0.7825066528894469,0.7854315111436182,0.7852726640408364
0.13750822836239857,0.13640466330748888,0.13521894778607346,0.1358640058271753
0.05512159406867807,0.0556789572744536,0.05572064891518691,0.0558531189682491
0.9687077756419219,0.9680179141608752,0.9687403589462718,0.9691411728846331
0.14304687369504834,0.14138057590020794,0.14038210976895713,0.13981955702755963
0.02145946242274242,0.02361549698757515,0.02364136862818464,0.023524793976166296
0.0073960673223445305,0.0102404318523509,0.009628837603273085,0.010114283859513906
0.022789485877929526,0.023121304291005812,0.023587025416988566,0.02349058666729969
0.02081154481694323,0.021424079270170593,0.021759466006275104,0.021741126466287345
0.024132656918513858,0.02350697086094641,0.0235556095990102,0.023296775710443796
0.9424997754689826,0.9266888247150578,0.9296639237927034,0.930219356762476
0.1022380270019887,0.10605977737579421,0.10544754631763831,0.10515276968691831
0.14700369558386583,0.149658640229902,0.15019708693973985,0.15066712221838147
0.02187194195308514,0.02235738727055333,0.021727057340573334,0.02159269398539645
0.04156706213356963,0.047026703882727706,0.04705314584249301,0.047243011243864055
0.01939482126518729,0.01938563280751609,0.019503815135570073,0.01921715585570041
0.03313514013266174,0.0354560675518255,0.035584652672438384,0.03542021494389554
0.017799771626111807,0.017945969552180148,0.017268486368944493,0.0172070274240604
0.8124235295715689,0.8183876333017689,0.8149481140208339,0.8156916664293627
0.017527035888477982,0.02131257630007783,0.021751566217821993,0.021709742824843146
0.03902928339255376,0.04028641143978802,0.0401475617726287,0.03997773619134114
0.04904903509695952,0.04777476967239641,0.048491393760758256,0.048572988875642834
0.08648674780245544,0.08862111758963526,0.08757142730565001,0.08732892676774796
0.15538305326825028,0.15175778127550837,0.1529635605371858,0.15250604164583947
0.3754415497182749,0.3776318446332544,0.37652936475789445,0.3764742764315605
0.01981617852044316,0.022183954005542923,0.021724836529867106,0.021689131886539967
0.05516200369247547,0.05699912432193836,0.05666922209137538,0.05678491640130069
0.1378326104888954,0.1396848300746396,0.14036176913630896,0.1407374663839517
0.2725184457890303,0.2652054058707882,0.2675854906990136,0.268201841761634
0.02670155301782107,0.029763908413566034,0.030275397636987923,0.030042788817047868
0.3982458295674092,0.40186212229034124,0.40057331046234856,0.4005195755647678
0.8573802476264503,0.849381195661099,0.8493652843433569,0.8498421951238455
0.03488589649605556,0.03375152981756601,0.035026066472235176,0.03480102094132273
0.08004529053702311,0.08884307458562171,0.08686576270722376,0.08678272653703688
0.031771689465230415,0.032733661660385674,0.03299358037808016,0.03274308701443103
0.9024614715932102,0.8997825943342248,0.9004110767545609,0.900814852326443
0.03190193552750794,0.03376414112018028,0.03359728268171911,0.03328008226140595
0.03419301544408688,0.031891967407863916,0.030677611740235665,0.03053100322959904
0.009593617869019083,0.013264184300641624,0.013247069327858789,0.013393182811226746
0.0319856165756821,0.035902182058431154,0.03569346436262592,0.03569643702320594
0.00984760795544838,0.011041306945174096,0.010873377704574845,0.010809856066045833
0.021786805642966832,0.02292119777532064,0.022491462589168836,0.022737219645203352
0.01683493804042022,0.014863594896132684,0.014487183795557579,0.014120584888743256
0.9089965580625031,0.9028726466443382,0.9028824122942786,0.9034404720402673
0.0328990029614374,0.03846817503721289,0.039945983464206546,0.039236085486994976
0.11927144429244106,0.11617319051223578,0.11171302358345797,0.1116284444366552
0.02562422869311534,0.027960491075143642,0.02796793560720457,0.027874596378965916
0.09501180000000001,0.09334792320000002,0.09560946095999999,0.09501826367880001
0.0554422029077048,0.05823558412488099,0.05743183868533629,0.057535566335348315
0.8669571649817234,0.862181651969054,0.8624720886742612,0.8631287505490882
0.10530270919612122,0.10482581602697574,0.10481321479245753,0.10490212048661024
0.07165998042138534,0.07245422446503261,0.07524560646087336,0.07450486638466683
0.1526297231875791,0.15387615138389912,0.15260233656351982,0.15259897741905862
0.041348118456389846,0.04474221761710645,0.04385862079874494,0.04360415674201009
0.03685106322618317,0.04198454181053708,0.04191738596643917,0.04126698749474744
0.015963026452833318,0.015023792102485752,0.01475081148611136,0.014560484206694422
0.24905560420214337,0.247552354127216,0.24873371138342856,0.24905599963112773
0.05537413071072662,0.05671713367678199,0.055916913760172576,0.05582540672198504
0.8714376600343536,0.8611018298058108,0.8605383576601395,0.8605438890511914
0.01107486798589996,0.011321556724054816,0.010938706237523188,0.010796367900019947
0.01197001582033743,0.012194356437786179,0.01206808485546246,0.012049176276813173
0.08866650039701167,0.09563891404399308,0.09608478220281573,0.09609512593293448
0.04700925164064258,0.05132242754070146,0.05291843747682422,0.05283897605723785
0.021368170018015217,0.0223385231817758,0.02290041165619428,0.02301388967306151
0.9702387965471694,0.9695021734840658,0.9699053174517206,0.9700436990875335
0.06200034899198439,0.06275045154157642,0.06307759760759794,0.06245602095812225
0.01398375049642256,0.01369205006071584,0.013657308825412233,0.013466251397321487
0.0204,0.01998,0.020026,0.0200332
0.038268160582172854,0.03821609738181799,0.038737768071545095,0.03845900207906632
0.01140898547297135,0.010463993817285236,0.011171474020585964,0.011013344639111347
0.04749280514104611,0.04783979144563721,0.047689449417558705,0.04747472784271916
0.1543255809228647,0.15426009210230215,0.15845177770822136,0.15729061405717043
0.4398016073257706,0.43780454985758993,0.4384627310475211,0.4381406304989439
0.0217425337147885,0.020860945638468877,0.021020851488939264,0.021067233654609045
0.25021667978767465,0.2536009971974948,0.25817937950267567,0.258530287599386
0.011454439648308366,0.011921976324610728,0.011358791751300437,0.011343640479790609
0.11521542979265065,0.11678222671664214,0.11808459332064643,0.11790002967867537
0.17444967654050184,0.17175168008059874,0.17348729407185753,0.17363642985059238
0.1126839079290586,0.11555558524093675,0.11532179785920327,0.11541752134737793
0.059366846167329825,0.059067114000700964,0.058945579825400045,0.0584801806928781
0.039412694552654476,0.03915585134238755,0.03912391753217303,0.03879495585217239
0.05069675945378253,0.05203346045390199,0.05225429562757015,0.05248771332779496
0.028162744494092187,0.029324675309039764,0.030366401999179955,0.030038731109318498
0.024912249123402952,0.026566437129747367,0.025473491469683158,0.025276060442843622
0.27324599082461587,0.27033701801260557,0.2722573490668615,0.2724017883012518
0.04595595364857661,0.04910086965092253,0.04965590508346061,0.049947424484091965
0.9896,0.9897800000000001,0.9899020000000001,0.9899572000000001
0.07809795240727871,0.07784627961678602,0.07757947044283965,0.07740510172046855
0.04945666669779318,0.05025678174819898,0.049585634487159774,0.04961799919873731
0.03618921639495183,0.03797981009101869,0.037326946420378364,0.03710692236391612
0.06254598590685505,0.0644381600857938,0.06506481006240805,0.06533960321423314
0.01790972517280399,0.01982880853330273,0.019867668536543388,0.01964183704410109
0.012525793902361087,0.012855698497895736,0.012996647529829021,0.012761182632482737
0.011792318644035602,0.012189669459395966,0.011961560807158305,0.011782980914283802
0.012026994670527709,0.012302975961347195,0.012019890445976665,0.011890653055387203
0.06267744556736275,0.06410098647702608,0.06470476202009155,0.06427185535039409
0.019311339932159013,0.02002330005684086,0.01964867902614979,0.019711778524339654
0.836664628240283,0.8299111286157873,0.8292454331707068,0.8294187358254262
0.010201047704448076,0.012912064310149013,0.012934508730338534,0.012936303759936695
0.013170220668661867,0.012776431497466084,0.012746806225346163,0.01260149516399538
0.02591617930334558,0.026313025078072524,0.026230536933219004,0.02632809181815641
0.8102295178925778,0.8010702015425899,0.8031367650281354,0.8040665521827859
0.9406331538326699,0.940932885999299,0.9410544201746,0.9415198193071217
0.03678087065542927,0.037856023437518115,0.03812728503485382,0.037791026120437256
0.9193837898397171,0.9217254033739409,0.9211490613063598,0.9216071175768847
0.038291880955215164,0.037999952428183936,0.03813704220538201,0.03747695222733401
0.911729549330723,0.9140435214602071,0.9152664871691146,0.9160269989340847
0.02164495428683911,0.020794521661228423,0.01945621402661399,0.01924774447848181
0.03588730704949328,0.03552208997812341,0.03508539593714052,0.034769579585360005
0.04001363883290521,0.038825578668227737,0.03966860392043939,0.03949408575056708
0.018637096651966008,0.018001913391888186,0.018989044408312946,0.019517371538960646
0.011740305554147137,0.012070685499816502,0.012076254412767523,0.011965318447150052
0.051655049006054145,0.05268511638136661,0.052606311179947574,0.052828363576381765
0.019513806312717867,0.021206488031046657,0.02209635276429263,0.022251097877576717
0.012324582211907896,0.0141409644240477,0.01466883991518386,0.014697642375517662
0.012322706336847254,0.012631600572319157,0.012329974438424134,0.012191257747372081
0.08525177742451391,0.09535266845257882,0.09385326674944892,0.09391689287128097
0.021250134444383964,0.02218976250307316,0.021788671904000547,0.02205422462283662
0.023250845067799075,0.02163695152178523,0.02164100358981114,0.021766577027608997
0.8528837181241787,0.8501044653484363,0.8491428186376097,0.8495385763805527
0.018399100256467852,0.019612006296079437,0.019633597250040064,0.019715007593737878
0.07830653062176238,0.08241218555607532,0.08236971197974692,0.08208846575620433
0.0206624,0.020285941200000004,0.01914774368,0.018930302549759997
0.011966647746687348,0.012241399710035355,0.011970214845268222,0.01183961603175492
0.025847520836203015,0.02520376700424229,0.02497280330978914,0.024854686216355924
0.120254113496616,0.11992390751672445,0.11992988871856117,0.1199808836815388
0.027318992384283303,0.028899729836976154,0.028716141127997544,0.028832256617831693
0.05793462697130097,0.0606358261408916,0.05968934099657237,0.05979292778824891
0.02213799109302431,0.020076236091604676,0.019364222359263897,0.019177487474445018
0.9878710841200015,0.9857737590511793,0.9863022361863631,0.9864208611129178
0.034384415950539565,0.04179177983323969,0.042383477163107204,0.04278658678919176
0.04305011638091518,0.0453922263319494,0.04686039827010282,0.04681305941795212
0.5835495640466938,0.5811205142290564,0.58087028158921,0.5814914877189902
0.11610434200940428,0.11422491842513081,0.1141996309295302,0.11371477945417312
0.019808188349720195,0.019900293433546122,0.020195415774546182,0.020008977751931323
0.02398602791619652,0.02430897382090402,0.024696249790796213,0.024718933853759176
0.9916,0.9903799999999999,0.98984,0.9899844
0.7647080699133307,0.7543683448001066,0.7532241293491212,0.7535270543057537
0.08444775673656715,0.08232839423359667,0.08165565215048727,0.08171589528724
0.019135807906855484,0.01940089116033791,0.01897267454156091,0.01882775094535312
0.8719462658626748,0.8743371915315351,0.8749465024348828,0.8750102741521661
0.016752721861845184,0.016643821149716714,0.016385201337556665,0.016444611017057516
0.042070979170508144,0.04755897477571153,0.045969484356616915,0.04579229152834343
0.04201942803676285,0.04169275837353583,0.0405416051573547,0.040532858241985416
0.037945831412915625,0.034884243873190134,0.03404708821418167,0.033690014653725384
0.05273073366742605,0.0584765199850467,0.05843523774061469,0.05787709715224962
0.0315282404755327,0.03132532659282519,0.031268657616669186,0.030934432714129993
0.049662204882633516,0.05543460774106796,0.055439262157951176,0.05504457476460519
0.01693530450313664,0.016133031979863398,0.015608983425080035,0.015576910670007688
0.011006789916593278,0.012712257036300663,0.012868968103700295,0.012831999469834562
0.11635365335677297,0.11352230419305445,0.11285606781133281,0.11364546353128684
0.018209657256996872,0.017785606972829385,0.017828397685404142,0.017840902843764054
0.05006229300419894,0.05336740307935242,0.05435463748106584,0.054178831065595415
0.08389765854490201,0.08196083966040887,0.08228189553375116,0.08260992895237379
0.00897824587555184,0.010449966746872557,0.010393452892389247,0.010489969953491147
0.1282397903125481,0.1344386301833188,0.13150020526835338,0.13296900652044735
0.05526053793222057,0.058634446270302294,0.057527640205392604,0.057476948374259276
0.04353599501145169,0.03982701072931849,0.038596125035452726,0.03850563731274161
0.8636190467034796,0.8552424551051387,0.8555966095702214,0.8561894702249638
0.7993005016846892,0.7858816029905805,0.7876909055414446,0.7868024854669492
0.03522164278497558,0.03356300300238608,0.034236462184417914,0.034260968561048114
0.01074523263452221,0.012635527621023261,0.012144053971559616,0.012045902225230453
0.13158286880366996,0.1301748412551706,0.12879032371276544,0.12950692534311561
0.9360167972811619,0.9318908461185393,0.9311781262556482,0.9314019104514806
0.012418462705130747,0.01450244186254428,0.014445063128868174,0.01424770133737922
0.037654991162390204,0.04133927359384197,0.04029373711990402,0.039870451445782336
0.01947494913496872,0.01969626898663262,0.019393575229614015,0.019210101326264082
0.8408960946011662,0.8389768486020626,0.8387556229315986,0.83875833883453
0.034632910809840656,0.03265812793317107,0.03307137979748524,0.03291860302055646
0.059390866938261476,0.06295291945580521,0.06267632640964885,0.06243329920543807
0.12241529614338223,0.11602894311670627,0.11502439319229348,0.11521870092392955
0.8483447157999503,0.8415855207532998,0.8422361727171777,0.8430494986366065
0.1015151968602117,0.10734226601099328,0.10769000373885641,0.10730037051071743
0.13846584881387713,0.1435738559150269,0.14334244959022613,0.14302428746905052
0.038170416121358255,0.041297683727193994,0.04044113495058739,0.04017498284329532
0.06202748516205505,0.06869951358646767,0.06973856402176379,0.06981642946726266
0.01566586439704735,0.0144933874169055,0.01419471880262897,0.014213507864555228
0.04423973982226219,0.047288333380537055,0.045176024624812176,0.04460416542098716
0.06466605425816718,0.06460587674074228,0.06532027492159728,0.06552861572897342
0.03149389030046361,0.02886188383174224,0.02879311712879534,0.02854152920267749
0.7839688186821209,0.7739686723263675,0.773501038241512,0.7743953921263912
0.0134523408446556,0.012897493046533426,0.013130021024787076,0.012864793029217792
0.985926449118769,0.9867491912381591,0.9868725975670098,0.9869587162403503
0.014307374668665513,0.014673309831122553,0.014549071747951095,0.014740239749715748
0.024923138233272277,0.026696956900602573,0.02580560949416475,0.025241261888261174
0.8282864589857033,0.8255992591585356,0.8179160634462276,0.8186819816997885
0.06043618539465768,0.061902610100409004,0.06338609394590725,0.06327195915722897
0.014391330567842727,0.015444385363089992,0.014836515377520006,0.014597858573633058
0.018850270160248598,0.017327423929092763,0.015621587412650326,0.015486012292459012
0.025430801389811953,0.027602536269980906,0.02676588261485535,0.026310751074793692
0.012877216619267927,0.013315145168516118,0.013353473475832427,0.013233710701360708
0.9462712135442075,0.9460854437398739,0.9454353867863362,0.9457374846514313
0.028474131115578796,0.02708362612047386,0.02720003439328546,0.027042520656730778
0.8636547584589944,0.8598532366197545,0.8596539371961794,0.8595633452346718
0.1061980601582955,0.09958150044913734,0.10096020122659587,0.10130811010188043
0.04952593555458182,0.05200882384619644,0.052375886086402736,0.052188738469281556
0.010552744815759602,0.011316360094174667,0.011315089086070226,0.011211773098304734
0.01227088843309287,0.011796087433991263,0.011919676233921235,0.011747007225797074
0.035724573804242404,0.03646192880213853,0.03606284619848051,0.035609111041109344
0.02375585738835547,0.025627365247123668,0.025434779163895856,0.025507816924868934
0.1132491690292799,0.11396229592771294,0.1117315566691504,0.11179571761649243
0.9750812581784627,0.9776686645415675,0.9769356381664581,0.9770630121624512
0.040095286982249206,0.04202518161759808,0.04108105160290464,0.040812899162273306
0.4731312734491602,0.47217499266508745,0.47164971830727664,0.4721871581277911
0.9568157529752647,0.9563927715891488,0.9568094895700148,0.9569932639053583
0.10947028096849444,0.11311232536338536,0.11251616620494823,0.11249378543924884
0.9530899345135067,0.951749111081511,0.95028193539465,0.9504730518401782
0.8469629793320042,0.8371298692004283,0.8402904611678461,0.8388014112911969
0.02408358486427361,0.027133270319903945,0.027246136380330913,0.02724549801795045
0.9366902996538359,0.9369866740901631,0.9354279784804821,0.9359500607562272
0.05462418593744207,0.05768132173117905,0.058655551492953824,0.05871540714798258
0.4380165228197382,0.43763024869545314,0.43610298343022097,0.43647432288734794
0.724857724420172,0.7061376201065505,0.704805440451142,0.7053990933647859
0.8977619729980113,0.8939402226242058,0.8945524536823618,0.8948472303130819
0.1870997375717278,0.19630125398217477,0.1942838108757318,0.19338692442353117
0.1832001986755602,0.17674529119972548,0.1802415846846751,0.17954527470808557
0.7331229484156592,0.7192887404215372,0.7209986418896828,0.7200934933604014
0.04359312238026951,0.04338973754033318,0.043367853487596,0.04317175215604824
0.019301218801785355,0.01808804174379093,0.016970831111689247,0.0168299730313704
0.04262786921759915,0.04736380406753201,0.046081824944879515,0.046510905279643466
0.013682794349524697,0.01481456941962655,0.0144385502865118,0.014150578750342884
0.06610060366517174,0.07030246819809635,0.07124190353745895,0.07139639327283309
0.04236643597235385,0.03398349139782084,0.032200189076016024,0.03235228608893659
0.028469037060884057,0.028285471960925335,0.029126883762674277,0.0290329332582637
0.028162744494092187,0.029324675309039764,0.030366401999179955,0.030038731109318498
0.09188769524415745,0.0916500692270613,0.09245763339552272,0.09210190748794024
0.03689501220730511,0.033972480344229096,0.03360363629194366,0.03356189217494951
0.18757647042843106,0.18161236669823105,0.18505188597916605,0.1843083335706373
0.038431053895878274,0.0409113989522616,0.04039099544463974,0.04008409053301221
0.08843545882734373,0.09147806813199465,0.09093912101739458,0.09041569675485492
0.7317957016962879,0.720702642132909,0.7209145635920357,0.7204982769593175
0.8627623929304967,0.8614108444127089,0.8625681810687347,0.8633772629583142
0.01664466697322455,0.01646830084496328,0.017509083953479464,0.017639885935220596
0.9878710841200015,0.9857737590511793,0.9863022361863631,0.9864208611129178
0.04171016937103912,0.04557941926286342,0.045419475139110495,0.04508455050949734
0.7423286415226957,0.7391759229144813,0.7439114524451594,0.7455529212522598
0.0190020406323576,0.018900013085392575,0.02004597848139282,0.020192384691411557
0.028750404282946913,0.030437804218004048,0.030872226221684368,0.030462968122352357
0.9121579564348318,0.9108033203520565,0.9106463432367123,0.9109572127528597
0.8256642513573654,0.8186553082139358,0.817997010367251,0.8186752545570396
0.019032845854478717,0.01823098679468578,0.017651041490769865,0.01765651237599731
0.011970433493681251,0.01398794513843349,0.01347779831693704,0.013362410796785143
0.06088225818817161,0.06264904669498288,0.06173148620278585,0.061614797604114084
0.9623306658039281,0.9625146489357507,0.9626926257143553,0.9629702420504941
0.7138707415224522,0.7085805938101257,0.7092570224538358,0.7087950253298627
0.011906112697197154,0.014580163333100268,0.013986192952220674,0.013964830244489697
0.690614335836554,0.6870381901728351,0.6879432325768996,0.689726909692979
0.8674072640742913,0.8647099502091391,0.8656633929057944,0.8662952881160882
0.7683110544778727,0.7578895751572151,0.760605977638967,0.7615999750369105
0.9213391393136124,0.914289528642842,0.9150507015668832,0.915058570097528
0.04820208558341112,0.051489497596076204,0.050560785087236576,0.05074447244784225
0.9318246964459519,0.9286889067004074,0.9281482723997718,0.9283813289538146
0.14707365859379734,0.14432441801186421,0.14367761072172505,0.1442594684672769
0.9247680534746644,0.9255568577037626,0.9261724702400305,0.9269930134353955
0.05000372013101831,0.05029904348746516,0.049767901234049824,0.04973026778064869
0.9411813387344484,0.9453390598558855,0.945929497154768,0.9463169063156425
0.0392083172416949,0.04095886984674241,0.04056831114772397,0.040714195430504876
0.012486132112211066,0.013705341213403239,0.013970278710305086,0.013790670775338684
0.019278925747752106,0.02028013289462139,0.019054211556923713,0.01915440086169124
0.2982,0.2983,0.299534,0.2999224
0.017147241068967013,0.018211614405643218,0.018316081553258767,0.01810403293663386
0.7080727951157286,0.691148080099853,0.6891198974855126,0.6892199308966477
0.04655351750751781,0.04976256343420361,0.05076448497684765,0.050492252880030945
0.2918252007162296,0.2994274418013837,0.30009252556090027,0.29918840891150944
0.4299684691888389,0.43009397938226884,0.4327673700111845,0.4331444707456869
0.06036894375327884,0.06127680084550457,0.060475317815276174,0.06035775844291277
0.10730965164679984,0.11050331825320286,0.10945569977577196,0.10962006931033402
0.061482804920453014,0.0649465345448249,0.06549338953658504,0.06561181361246433
0.018658155334831155,0.01735409473943788,0.01700741653448669,0.016786850538748697
0.01722751028892246,0.01856436287500807,0.017898793263592783,0.01805117019373196
0.033346794775051224,0.036347885064883845,0.036937815596011114,0.03709248086265176
0.01056259924796244,0.010419259798645372,0.010409877933886737,0.010192463577734352
0.059390866938261476,0.06295291945580521,0.06267632640964885,0.06243329920543807
0.024743053665392686,0.02629852365811525,0.026176209389434477,0.02587582433107121
0.3277435796776718,0.33864093703072345,0.3349232705481885,0.3356914167507889
0.020071092997369668,0.019930252872711603,0.02013218415941294,0.01999710854556325
0.19610619576071206,0.19608691871705708,0.19614786718701577,0.19594427001422793
0.03776114173174123,0.037878473584525924,0.03760102771958008,0.03778141052858416
0.018342899974422944,0.018140673033668956,0.017101544875059542,0.01691282072230186
0.9084042326306625,0.904164416739075,0.9039650923385895,0.9038610007067865
0.7254774178962925,0.7226061123266361,0.7223974855221478,0.7194999982488303
0.06216663793776847,0.06555223721670728,0.0661612209003532,0.06627931256935027
0.8783775977587909,0.8747147335466348,0.8760279177883101,0.8769056931419391
0.07059137986765504,0.0753588644176489,0.07729604911625498,0.07743515495977238
0.9902,0.99168,0.990708,0.9907547999999999
0.9090805409590592,0.9057169473312129,0.906172810102938,0.9067190658993429
0.05330515779162967,0.053460241405931405,0.05378285933263494,0.05332363419294293
0.21484218208417585,0.2102678749980771,0.209015255397971,0.2088286277802073
0.05838389159675643,0.061760625714032555,0.06281666186423898,0.062875045443718
0.8346809956389086,0.8294233421575044,0.8289083813424704,0.8289783945688396
0.0804043984873064,0.08898111451110138,0.08919954159092315,0.08909103662355487
0.01631610093567007,0.019017652006819624,0.01818993488309139,0.017908629498728755
0.06641516179144824,0.0702848870705225,0.07126196273968531,0.0713915805696035
0.045366841844915726,0.04704537737490662,0.046842555740277785,0.046613966667444585
0.016738071443074046,0.01587948651695188,0.016901608322704417,0.01614890977153514
0.5321914654558407,0.5369331889757292,0.534574220643064,0.5343243225742378
0.024553549574551085,0.024532841214054975,0.02461456884583259,0.02450506765147123
0.9757345591448335,0.9749149240649033,0.9745045186803948,0.974588052013952
0.0211510180272286,0.024268085740943437,0.024870830226832723,0.024600400733766795
0.05137801931969585,0.052700386231624104,0.052915350801436487,0.05314901496169987
0.2772295707102509,0.2815968365470646,0.2822551834759418,0.2824008405124225
0.8690416758810556,0.8708360957125796,0.8719183525832148,0.8726698009865983
0.01523763753711889,0.014341442428155935,0.014246013774471326,0.0142474146926848
0.9818823200000001,0.9803771619999999,0.9797713475200001,0.9800895059220001
0.03543382769885126,0.03635082478216553,0.03659613346517525,0.03669520378123111
0.016822656726340802,0.018237840098841076,0.0176555090638055,0.01728054274659286
0.06789296656388794,0.07510253204813193,0.07270191993772351,0.07299535398573023
0.8148890179271081,0.8014565409112302,0.8014287933290588,0.8018985657610758
0.05898019732371365,0.06045871465487285,0.059928940148358215,0.059857777711995484
0.03047384637460636,0.028976644734975274,0.027668223325523572,0.02751635673256761
0.058298907721700856,0.06467794798416183,0.0644237580910949,0.06451562447772499
0.9850057665696665,0.985299879123222,0.9847262931389651,0.984735753760309
0.04559230650273334,0.04785733053896348,0.04745298553146973,0.04765454335051754
0.06163572594377768,0.0616165420181669,0.06047527595611007,0.06036642484501668
0.9708305641643993,0.9682311909882727,0.967925485404995,0.9682828838359524
0.1157291443600303,0.12204483964228793,0.11909213320755714,0.12022232716174423
0.010661797548992718,0.013659598173877567,0.013313479225763997,0.013188901165255845
0.9126908301462543,0.9059968367985487,0.9064926407952083,0.9063950947443096
0.2322504406336093,0.22922322159557018,0.2321727464395157,0.23188225956784453
0.028755568136139022,0.031025134562020128,0.030822052782297493,0.03077313736650235
0.020240683461144996,0.021411770985725713,0.020925281476375693,0.02050617739765023
0.01938025409330783,0.01955322284291681,0.019896661554747813,0.019849865008298936
0.033102422313090844,0.03351990388898643,0.033559981775233054,0.033183709053843734
0.018894263554876358,0.01852733342033557,0.019190456509356094,0.019316929923207878
0.04090437623721956,0.04020724750904597,0.04106395381031697,0.04090426984414349
0.035913769116307934,0.04320171456503902,0.04288386525116465,0.04296905450426918
0.09830218334141966,0.10106988717679187,0.100199880678351,0.10041892439247595
0.013107279464893675,0.014607200730912033,0.014439241179888708,0.014236754574140996
0.019896373559255456,0.01900995028385583,0.018644445583324114,0.018408845332587884
0.7931097836834963,0.7838849783210674,0.7834405493285024,0.7840020778220802
0.04009604041890961,0.041119114254339645,0.04143702915004781,0.041073020059882
0.009198131404315545,0.010480099776525772,0.01029968025755444,0.0102169863575817
0.018121199411022734,0.020098665374398014,0.01981231839051286,0.019834742566503968
0.017417287845737,0.021362783349638485,0.02078700671211939,0.020804825595067487
0.012796197628055882,0.012286557376066515,0.012271836263212037,0.012235835492401764
0.00860063986253515,0.010700495079742236,0.010234067910228734,0.010208947009575338
0.9392716049990958,0.9352044174472128,0.9343010476820209,0.9342575258998357
0.5926162272154826,0.5821315509821113,0.5820132272399783,0.5826703779372937
0.9392716049990958,0.9352044174472128,0.9343010476820209,0.9342575258998357
0.8926903483532,0.8894966817467972,0.8905443002242281,0.890379930689666
0.8974413435758813,0.8951199498117561,0.8957669060817448,0.8966508901799037
0.813757526363243,0.8078403287301328,0.8080665207960716,0.8084119472096244
0.010703253637789456,0.01211653579259055,0.011730313179746524,0.011793901361730896
0.08029327966831136,0.0801927060119464,0.07761140476044574,0.07729805851220654
0.03503159662784418,0.03586183106589373,0.03685794183019156,0.03633215362839875
0.15240774050469372,0.15340792759189922,0.1522081341976583,0.15221517211217142
0.017525131624339618,0.020445913839953554,0.020002328981980406,0.019942189963103867
0.864907626484284,0.8586723765680218,0.859274471393691,0.8599762195739125
0.8532672902080358,0.8445727666574543,0.8466688939211764,0.8477533255180323
0.0463368581897984,0.04467625954510526,0.04476504756008873,0.044581947183422
0.4806253972836313,0.47975822310296284,0.48153731218155327,0.4814476393144849
0.02287390037867213,0.02412368354343125,0.02404006145479274,0.024268733182848248
0.1937472060641221,0.19043344649161947,0.18770480998843572,0.1879935439540701
0.012765676457253454,0.010868606090522237,0.010972651885822771,0.010994941166129325
0.027702294637936657,0.029203320865092416,0.029734468358779888,0.029933285651648798
0.13948743667385774,0.1452999843703909,0.14495939680932676,0.145460726093932
0.024568765595328487,0.026558545815999302,0.027664807714953304,0.02778053099782355
0.013009660850785152,0.012608566171977106,0.012503754461454918,0.012414825636644642
0.8442880617050509,0.8496035071090831,0.8463732539459955,0.8465218447716233
0.9342356033036888,0.9379860756880904,0.9379343050714003,0.938421105113539
0.14141893871839076,0.14975291608352265,0.15250278843787968,0.15110335897776678
0.0477504,0.050018544,0.0494385686,0.049747952767240006
0.020440691236030154,0.022039181943284917,0.02290856598408032,0.022863494931165153
0.005952592524484533,0.015778479337002698,0.016272981465321572,0.01653759436799748
0.08396831837865602,0.07499352355956719,0.07681976195549613,0.07642192597893882
0.022389531114378823,0.019732110524824303,0.019531857074355594,0.0192744688214297
0.7959159301562403,0.7977615504536433,0.795663924674687,0.7959413158451849
0.7250475959941709,0.7222247580312667,0.7248087676774903,0.7245815877898195
0.04602126775905371,0.0509173697588487,0.0499232301135646,0.050147009372079034
0.0359690724735885,0.040162977789354966,0.03897148744715247,0.0391805134843911
0.11258819246931576,0.11414158579026207,0.11542599873854353,0.11527309110171179
0.6072,0.59942,0.599086,0.5995882
0.09033642661567737,0.08304468248084192,0.0820975726597619,0.08218235265130103
0.9430164680076282,0.9447983394630902,0.9450400051434216,0.9454704444853261
0.8991893735062028,0.8963334218264404,0.896962964533419,0.8974397405015394
0.9572778594076984,0.9529527655851965,0.9524915692353088,0.952591215145968
0.9869335076700007,0.9832495589492402,0.9839415031758009,0.9840396293093943
0.019821785352799985,0.022417842363752678,0.02166138466399846,0.02122119945721209
0.1745691661184772,0.1810916146127742,0.18309395636416853,0.18349856947595497
0.049,0.05044,0.050262,0.0501504
0.026423473792488123,0.027270475216501337,0.027986291467149926,0.027637163767309524
0.03905017967455941,0.04265705804207442,0.042480881807602185,0.04221358897139922
0.06633282510728648,0.0655778681301082,0.0646139401263461,0.06452292653301833
0.058383891596756436,0.061760625714032555,0.06281666186423898,0.06287504544371801
0.9771971746487164,0.9773883321065006,0.9774856777896185,0.977718932012799
0.04762508747120602,0.04772735138500339,0.047676404349681165,0.0477435629832636
0.04315936490230308,0.04462475294266298,0.04432951135206642,0.044111898562505164
0.8157896514090045,0.8123265633936341,0.8133992222703146,0.8144857542005197
0.25275454671829606,0.2467993366600538,0.2390402335232495,0.23998550272104788
0.020579530135502046,0.020420309350920467,0.01989810150573394,0.020048973066647876
0.028491223397399686,0.03077614570456259,0.029839845284060664,0.02935531884951087
0.02025020851514171,0.019789131791248065,0.019575804207890006,0.01935822640772398
0.013603121014114098,0.014852366479810836,0.0144553174110838,0.014242011631876115
0.009559621466508987,0.010940548481251179,0.011082809832310081,0.010913176101164492
0.08623389943873176,0.08920308990826346,0.08878253725635794,0.0882865423197334
0.02613022579133963,0.025423694444246008,0.025485205804558837,0.02519493977137274
0.0165976833779539,0.01794029318863797,0.017824256356506186,0.017910050416270074
0.018218415378243244,0.01958188089412862,0.019159431878057766,0.019040041284797502
0.7909478453536714,0.7813927424598247,0.7807576042322208,0.7803846008754135
0.010918280400219112,0.012351222843736975,0.011971409704784861,0.012035903714376512
0.010738002119401867,0.010846417514850184,0.011062773350681652,0.011001806782333846
0.017052028254919492,0.015800155103031514,0.014949990188339523,0.014642528954978752
0.02265894771258882,0.020411464816791715,0.020413392580836152,0.02004385794416802
0.10566931598729143,0.10699971312159495,0.10798669397259132,0.10790067211654358
0.316544589385896,0.31993989149712165,0.31664791820571586,0.3166712070742779
0.9248678573862094,0.9242274029006993,0.925036230731193,0.9252541810094022
0.01318427210204502,0.010942480885511557,0.0107220881879212,0.010697021445580218
0.012019438985245106,0.011831256961152779,0.011873204746273425,0.011724041516814542
0.017057670111233023,0.017126776045426482,0.016810379232090198,0.0168390640467802
0.017259820408935846,0.017171647942963907,0.0178539474632208,0.017480679043409
0.07644667477338943,0.07539122952814595,0.0757143662227545,0.07533909896802751
0.025267370417183344,0.029173909666939977,0.0289187485959063,0.02878923962998562
0.6342146693815779,0.632409635495303,0.6284613545809139,0.6265350999817346
0.8120832280145767,0.8114738913425551,0.8095665679976741,0.8104904702592568
0.06160939772098052,0.062056233981176497,0.06280665533809543,0.06286831652237228
0.021157184352727395,0.020355005430528872,0.019623084634738403,0.019588644209028304
0.011161864516813235,0.010609438090507758,0.010637363221640696,0.010486351736351204
0.025104793519405564,0.026435306360406138,0.02717207443720565,0.02687249335551114
0.783545994122143,0.7684757270488791,0.769055300249791,0.769348463662339
0.1652390644912661,0.16063352167062472,0.16011175048013607,0.16047038634687277
0.012263857523784562,0.012911517367272142,0.012122236675153043,0.012049653770239633
0.8708597033132862,0.8645416431773787,0.8636690109824133,0.8639393958809881
0.9964453474306482,0.9969114941636895,0.9967689126172228,0.996781520802084
0.13973840510382113,0.1408446295827511,0.14116111440368517,0.14070737424533897
0.05838389159675643,0.061760625714032555,0.06281666186423898,0.062875045443718
0.011510089067799408,0.011055877621084394,0.011167811692825104,0.011013335896307477
0.4413592766813302,0.43414388169146967,0.4351448647174815,0.43571846804535574
0.05080520759364049,0.05053282837611854,0.05081346822450799,0.05104462500557896
0.0443369867730958,0.04136813150053026,0.04198063772101798,0.04173595038936195
0.22879429833702836,0.23178015656535614,0.2300395508623496,0.23014530902224842
0.019764041159849467,0.01926884677663344,0.018701995513848785,0.01850449888363204
0.009426197438854275,0.010349361627493494,0.010319561611767607,0.010229890191560788
0.9988117097185484,0.9991598748633108,0.9990048648645288,0.9989485475254156
0.7547245120054322,0.752040744979868,0.7531288753671644,0.7547009659299846
0.021321406103498575,0.020845829399259712,0.020536899277349197,0.020621720648657464
0.7767047804726709,0.7700315400234269,0.7691024291179894,0.7701152126790195
0.012783091215609063,0.013072072371500253,0.012769020098419607,0.012628161286591845
0.10790287529194564,0.10548315081615924,0.10531687567904532,0.10575288286933263
0.7815800339554883,0.7821122741314901,0.779708505296658,0.777783641434783
0.018227512002985828,0.02103848530775621,0.020036248427564348,0.020006901983530317
0.7052782758895958,0.6946227418323255,0.6938799538142152,0.6943661939895596
0.0524,0.05206,0.050044,0.050037
0.01984795332592363,0.02066020630513802,0.020262948453858592,0.020504473311215687
0.08340587591170615,0.09050030693444751,0.08785345070734848,0.08848765202716369
0.922322501830917,0.923281734673722,0.922374423336933,0.9226656953701045
0.17893984203323526,0.1808934351636572,0.18025593520014555,0.17964854297608662
0.008806104134943446,0.010256702336361466,0.012637367230461586,0.012602148030067567
0.012527834495351277,0.012965960242408115,0.013025514813552252,0.012914670623482425
0.01953086841700168,0.019402201049553286,0.019698547128637927,0.019485073700138824
0.033430466725301866,0.036072767260297206,0.03591227653660451,0.03567522766240068
0.8590836104886664,0.8515486451102912,0.853006742545632,0.8530212690660364
0.045607156562323885,0.04521633244767956,0.04581551400534047,0.04554450042909757
0.9090805409590592,0.9057169473312129,0.906172810102938,0.9067190658993429
0.04277122486706799,0.04237895773087847,0.04401595087432053,0.04363352524114659
0.017462388078572297,0.018512900675353758,0.018539574879182605,0.01828859135754158
0.03912167249116063,0.043133893568465705,0.041203232143149304,0.04158776142857419
0.023380800302245083,0.0268631082320068,0.026839171900384793,0.026385108690382412
0.9271736050746165,0.9264714671727471,0.9253506303018674,0.92568044889821
0.8911620774877447,0.8937117042951948,0.8934414121684775,0.8931898855485685
0.03149190882936879,0.03538833204551839,0.03458024945577057,0.0346557102923756
0.012582142227892178,0.011055282410919803,0.011099428119827106,0.011099667689757592
0.02090253346997249,0.017827742391549786,0.0175072093494086,0.01748381549789586
0.14544710469994035,0.14162306601184432,0.14283662318142776,0.14272472616880877
0.9360167972811619,0.9318908461185393,0.9311781262556482,0.9314019104514806
0.6711010698561023,0.6692349864573064,0.6656527430960869,0.6658411983494962
0.7980999655260499,0.7934804394199949,0.7911257886465661,0.7924506848251684
0.6118039084380809,0.6025950096320154,0.6014835832713342,0.6016418515419928
0.6630645269347795,0.6609645181283241,0.6603818788978442,0.6611237588718943
0.9606746671783131,0.9608564453897961,0.9613958130435688,0.9618131395145119
0.015011800156848483,0.012874283168852921,0.012659168684554379,0.012832701627173829
0.07644667477338943,0.07539122952814595,0.0757143662227545,0.07533909896802751
0.020705855394522885,0.018058937557204804,0.01781223161762651,0.018052089348528724
0.934,0.93658,0.934476,0.9350982
0.02749321823794984,0.029656350729662696,0.030686544972888117,0.030818170177764448
0.16340833219881923,0.15882811433455524,0.15847660654680773,0.15883679918567792
0.02203677596133943,0.02297120687019322,0.022722722808876487,0.02279083344712691
0.8122137911702466,0.8078499115944036,0.8064119563864266,0.806405922035057
0.011603442996572007,0.011831340136829875,0.011569675728547398,0.011447276823093343
0.03446279579733492,0.0340865806939449,0.0344792398972639,0.03405862286550076
0.009831268297764236,0.011573613368454706,0.011103250383742744,0.010941880230057429
0.04019943725580792,0.04213952047274453,0.04118062095192995,0.04090967018868916
0.19610619576071206,0.19608691871705708,0.19614786718701577,0.19594427001422793
0.021056800903348584,0.019569011308127448,0.019548671791136184,0.019672542157343757
0.03581979993673409,0.035615535118446354,0.03471067922372868,0.03466980253139699
0.04090437623721956,0.04020724750904597,0.04106395381031697,0.04090426984414349
0.8477324671430424,0.8402887399549347,0.8394462435875562,0.8397806732051698
0.0790574640822549,0.08088760263234336,0.08062920197928541,0.0804597551305176
0.1533747123916932,0.1523861345016446,0.15293940700944247,0.15314933240256726
0.011247082957387465,0.011171363693034947,0.011361040124009895,0.011352774286528708
0.01787940766579759,0.018055958858646578,0.01847425862132464,0.0182017933611941
0.9257736112477023,0.9247859516989418,0.9243810364965264,0.9247174382277527
0.0635331801659692,0.06722725739698422,0.06813207557187946,0.06827897835675824
0.014365739658248165,0.01265282135067231,0.010386277929869606,0.009452980219426812
0.009810663000736675,0.011088673729298679,0.010916997146001091,0.010911480557448826
0.8195472775498444,0.8099602487861598,0.811009791949039,0.8116103688014293
0.04457999875136569,0.04443432073744805,0.044782734072997904,0.0440241700244085
0.7846305670042724,0.7864291570695782,0.7857508424314211,0.7860494425096111
0.7923099501005169,0.7894387581022619,0.7889918867288136,0.7899250397554227
0.03403392198067754,0.03881927558226484,0.038743637654275645,0.03815796983976831
0.3212066304194813,0.3237117318652943,0.32653106451797903,0.3268460452828843
0.0419303752281753,0.0475141182319354,0.04744262288352482,0.04758518047225673
0.013835006096900823,0.01225774249932564,0.011815293953279613,0.011838457487846128
0.2094565559774391,0.2105046603139715,0.21240647062141993,0.2128388464093097
0.15803979753932795,0.1554268340861425,0.15227983397769043,0.15197911966794497
0.9797100743739071,0.9804926583323127,0.9807393837841625,0.9808787149506598
0.11618985095372615,0.1135844434462564,0.11396936344257852,0.11368632370144706
0.14113166429698912,0.1399414011234724,0.14244201090531738,0.14329942172058444
0.8746211348779199,0.8735596474963444,0.8744207556069682,0.8751565615407413
0.013788135025119727,0.01504390892127088,0.014638996540482984,0.01442209894829581
0.014274953236433725,0.015380157574343226,0.014989217615159938,0.014710665582229249
0.020523512465238265,0.021754207252832173,0.021309663872957216,0.021503310953692487
0.7101455278777878,0.7092838664603723,0.7110450829457625,0.7118929485072301
0.04073244367689497,0.0456691381822009,0.044643801508132144,0.044861532380652755
0.039209227775017175,0.04328254352674323,0.04217189602418385,0.04257338527915629
0.044663509188824585,0.04734647676968491,0.04739644330587935,0.047635719758340245
0.1509399578594619,0.1605035319612208,0.16319109069204754,0.16174413646555383
0.058031667429703934,0.06116343104030784,0.059986982187895825,0.06006243190304517
0.008814522116102022,0.009766411136354163,0.009942847432278763,0.009950228925654284
0.9667574160925403,0.9674983401457508,0.9679626852877738,0.9683830567631388
0.055065285177943644,0.05894567116444346,0.058983002312259204,0.05891331263981592
0.0323048301137196,0.032238376644380805,0.031003827803708233,0.030523222838288063
0.9345937087956384,0.9332144195018552,0.9326666222985611,0.9329922387728589
0.9879645696648126,0.9875780229063669,0.9869687464867267,0.9869547381200549
0.8180118016259641,0.8145732415274632,0.8143105079978387,0.8153475941631068
0.7971244754709713,0.7959722274063482,0.7982259251530679,0.7981902381262438
0.6973331508602022,0.7040639253634334,0.7070425362978334,0.7081453333147325
0.1150348367978301,0.11546296688054423,0.11456747947912353,0.11390462322193752
0.015266115495666862,0.015442819761400368,0.014671946001720436,0.01439936749510295
0.013619682405846009,0.015142043207818298,0.014975589678335689,0.01476649867741677
0.7453061792528114,0.7377453732765785,0.738948090017655,0.7395798995458381
0.014893555019621064,0.017733083071800007,0.017617906178990995,0.0174034715042538
0.027637846707410867,0.029658160008009932,0.030766837862494085,0.030862642431465068
0.02827586718291589,0.030179536214806575,0.030045568428210115,0.030015545709093892
0.019797696493101678,0.019941625691674073,0.020337596206989945,0.02005392962393452
0.04095896679646315,0.04048548367119228,0.04118417283449361,0.04066586492951035
0.010969430568976958,0.010985227086646529,0.010932916346367878,0.010802187289364022
0.05107999309363743,0.0533680765041418,0.05423274239732142,0.05428232004725161
0.05577698249751114,0.05760022896605885,0.058106901392795555,0.058392154525475
0.06715269199833333,0.07413225165387352,0.07173971837220339,0.07203988513499994
0.012989307323198127,0.012484154537018793,0.01240357565250163,0.012399652426312415
0.04460974901050959,0.04730099146655806,0.04734758899133872,0.047585719413544225
0.01913155261538462,0.017679578579174352,0.017842592571222338,0.01792066061761934
0.015713645681249756,0.017229340587422606,0.017726412168890673,0.017719562289854926
0.02437464096640461,0.025642872018342314,0.02538850793606884,0.027297796144668436
0.019298274080666863,0.018890207532437427,0.01911566849623371,0.018844911658223874
0.09838366273891347,0.10413561659585184,0.1064017245025953,0.10591676091649246
0.7375886975415937,0.7257087635848144,0.7285452472851334,0.73021020411657
0.056743258193609994,0.05890469459454424,0.05969130804594872,0.05978475659964185
0.8753716277410489,0.8727372598199963,0.8724345408317011,0.8725053969488799
0.2980828834212658,0.29731420969519406,0.29978870960508913,0.2998218289053086
0.01255303694666788,0.015410478592926725,0.014780892984346226,0.014754824184251066
0.008891247508474058,0.00922249632766509,0.010277936386401799,0.010336477578537302
0.04404849147135726,0.049786468054502715,0.04981549571057204,0.04999013503032665
0.01913893001855922,0.01824892496598923,0.017797911952547027,0.0180097749550862
0.0169985416682851,0.020180013840880053,0.02000404129672161,0.020112986398043497
0.01210177387071066,0.01244215037530666,0.012261999119549335,0.012225238104084027
0.19729294291153146,0.20121471137266927,0.19893427370724545,0.19916409926096734
0.019935401509043695,0.021745935818396518,0.021524879738804823,0.021404872914789375
0.057362228069194554,0.05076519818404288,0.04972658549495699,0.0497036026915665
0.9456465462793011,0.9448063797070252,0.9458246934711261,0.9459856907116565
0.5738211567772307,0.5750139435249111,0.566930807160292,0.567875160155229
0.02590477897439609,0.025023825152499086,0.026135889111216358,0.025971060164205615
0.8618625907993419,0.8531833408939439,0.8536771132965556,0.8545287019484237
0.836664628240283,0.8299111286157873,0.8292454331707068,0.8294187358254262
0.11029918273619893,0.11167859966908646,0.11279871883604028,0.11263686177559241
0.9624874041851601,0.9653180697139023,0.9647194883855541,0.9649421275320759
0.03830684991412796,0.03924573092230055,0.03927141981971376,0.03942778012041765
0.04675686850387645,0.050792799509297916,0.04939668878944547,0.049161945010503035
0.011297454593352026,0.012805854134584037,0.012761207931659751,0.012869832017455876
0.8340546204898882,0.8292837582700407,0.8286737889270824,0.8293525632075994
0.008029067282651046,0.010926406278339802,0.011284702626868393,0.011292738684777507
0.05134416,0.0497243656,0.049783852368,0.049563700355599996
0.010610147260931067,0.010566122052633195,0.010703909007758425,0.010530979968724005
0.007806878745967175,0.010715343005767396,0.010704513222507206,0.010827208995758284
0.1416497256350233,0.1408975564585242,0.14135969673723864,0.1416111996918029
0.0363262277200091,0.03754793284792187,0.03719764235664764,0.037442364711174306
0.017052028254919492,0.015800155103031514,0.014949990188339523,0.014642528954978752
0.06296375248967738,0.0632125184746744,0.062303792033087314,0.062107230603766134
0.5707349961036047,0.5772862070365219,0.5746746503307296,0.574211072422858
0.019172876969379537,0.02047203434248151,0.02012982621212183,0.019999191281842424
0.01675037599072013,0.01618627405184946,0.016884766942141468,0.0168058516837453
0.2650719672742984,0.26013781168150885,0.25975813377827944,0.26036429813775536
0.04209279467797705,0.04055416813969153,0.04125779802496533,0.041269630944262926
0.02868524295877684,0.03192012223082177,0.03089709425663601,0.030791953224600346
0.8928009310128818,0.8870725969041842,0.8870023717956904,0.8873041048625749
0.02431261965231263,0.025270227637095435,0.02470417214782088,0.024533291936069786
0.3652608110707149,0.34936587179757744,0.34926147814386005,0.3506372817296911
0.024213909753021182,0.02255014035007562,0.022546615684903258,0.02266589955334723
0.017685926618181694,0.0165461334301954,0.015977102917386892,0.01604433144147924
0.12275111240105557,0.1201391654331371,0.1187081882365213,0.1187298606150266
0.029135593862151418,0.029471592373458554,0.028876748778669074,0.028699253217150982
0.021404651621709535,0.022661360215314424,0.02213390829596249,0.021703795570814807
0.0929614333869602,0.09587343098853325,0.09580616422923964,0.09578911739184244
0.055757118951157654,0.059927170204522776,0.06023625289684654,0.060417501245220356
0.8392515171836785,0.832981611868912,0.8328522150816171,0.8338213665083429
0.04613892554580499,0.04651749491557778,0.046759781177734626,0.046253569500175104
0.04945870718042197,0.053698700744464894,0.05233477916645349,0.052055726142776544
0.8544933156345021,0.8456985843575368,0.845769060161424,0.84639822381523
0.414815917948736,0.4112930594483079,0.41442102769138955,0.41460172132189427
0.0220477448259629,0.021413053165455623,0.020892518104202226,0.020969565310958952
0.02054340821360503,0.02079908006601667,0.021269608009658877,0.021197732814121326
0.9077812251172032,0.9054560686265503,0.9062133261768839,0.9064938977974623
0.013996844698651366,0.014671103476221645,0.0136630265531748,0.013561585617322102
0.04882437275584221,0.051999700589324876,0.05060337051796709,0.050796437063991014
0.9506388492010687,0.9512436713732493,0.9510743076779291,0.9510954817059376
0.012569889598419474,0.015463117715674747,0.014693741164075274,0.014657444318765561
0.8709436962732847,0.8716947234743184,0.8730178688133515,0.8740348535747545
0.018914020029434847,0.02003021358663606,0.020041057383333893,0.019762349108216337
0.02271940550086566,0.024994788384208808,0.025386470756714942,0.025456496607236607
0.016179187131383943,0.019415155652763767,0.019281587221142513,0.019037576237708458
0.8499095219559001,0.8481081255909395,0.8501465729108688,0.8510503169849036
0.2678666489327855,0.269783294519422,0.27181831755161595,0.2717534873266267
0.03488254495666294,0.03696964593914908,0.03626366391191593,0.03642629169123711
0.010867963201852017,0.010862075527331407,0.010324793538291214,0.010186219827617242
0.039482345473372045,0.04614159369212542,0.045245304299725744,0.04512487710867352
0.8543560284860644,0.8455317081682534,0.8457810764495056,0.845729274549807
0.012358519231852652,0.011641213346875715,0.011750020441021034,0.01160159185958207
0.051117746928678626,0.046370111722450535,0.046712546651541044,0.04648654015626812
0.9102019043462903,0.9054898833542866,0.9079414347798479,0.9081169742724571
0.9896,0.9897800000000001,0.9899020000000001,0.9899572000000001
0.9913418609468548,0.9916859369490932,0.9919887999153463,0.9920567328726547
0.017729653620433376,0.02150910219273572,0.022004023953821495,0.021970641710832187
0.05366063660356834,0.054130413238224505,0.05302380711230985,0.05247009767709392
0.08396831837865602,0.07499352355956719,0.07681976195549613,0.07642192597893882
0.016596627937782656,0.014506240002095687,0.015318246725296514,0.015252948151816532
0.07644667477338943,0.07539122952814595,0.0757143662227545,0.07533909896802751
0.9963176113262482,0.9960641722969747,0.9961884314445746,0.9962815074516712
0.03154053603461684,0.03606690055332267,0.03608119649442671,0.03615353630363826
0.020340069553014428,0.021523162922604602,0.02216010241176427,0.022365517735248187
0.020145288468531187,0.01956501723429339,0.019952889490385352,0.019784313477319064
0.0945218319938944,0.09239412840910102,0.09266784301222067,0.09193939320369496
0.04048057091127567,0.042498696718754475,0.04306284294762268,0.042983532903111826
0.027150493668279575,0.029118389325302925,0.029312061716679636,0.02932916951742416
0.2969843768496215,0.30209902776373715,0.29746302342213915,0.2976359082267233
0.020305258300521323,0.020090468465670207,0.02125775529398444,0.020993280217439153
0.056055976155657675,0.057350903253665715,0.05728728329985331,0.05733711024677872
0.014991381544200365,0.015689800046045865,0.015675821908537915,0.015611791159698933
0.9302222868498702,0.928613178539958,0.9280140367408959,0.9280354232974558
0.9749630741763193,0.9692616138108066,0.9704637048588639,0.9706772185126091
0.013860257077676501,0.01306267336390596,0.012983221469336188,0.012906432802960457
0.017052028254919492,0.015800155103031514,0.014949990188339523,0.014642528954978752
0.01383141295686496,0.011646027351877,0.011001535841927588,0.01085275281194747
0.02613022579133963,0.025423694444246008,0.025485205804558837,0.02519493977137274
0.04057199794895427,0.04276840666780878,0.04355897498570871,0.04333666147124192
0.0961064619189746,0.09327275959955607,0.09347356403883368,0.09368573690480707
0.8068930482437168,0.8014255654896714,0.8018572286334847,0.8024569571703215
0.10551551600989108,0.11232911616522503,0.11092460262961548,0.1116511526184953
0.8500312882598735,0.84570583330447,0.8463340981952742,0.8466202971645269
0.04544176696822492,0.049292129883719525,0.04797969945309485,0.047779318166975795
0.01569987886502154,0.016358481906631462,0.01662436631088697,0.01648413885765042
0.8569211078993528,0.856539849604677,0.8572985714044593,0.8580306251627601
0.8831555854253459,0.8811286477893527,0.8798094414464103,0.8801777441449842
0.021771034904163083,0.021759459238412455,0.022567367229765527,0.022355185840826974
0.010664278705430982,0.010970900639755072,0.011015988485277014,0.010922512110780972
0.015408987030161627,0.010412558504104568,0.010471641448986792,0.010153437654969495
0.013448373120564436,0.013901394922970716,0.013857885915094638,0.013617940958875424
0.02156298936901024,0.018947328553503125,0.0186932621037015,0.01894651307475984
0.06329048046000897,0.06660005786523995,0.06681600422073748,0.06712309141145767
0.09522496739057472,0.0898335701199237,0.09046343599746397,0.0907778105189737
0.9078937842674387,0.9032928052597259,0.9050848905427531,0.9053492357664019
0.14890593598594373,0.14490954579216916,0.14800256865187228,0.15037441594147682
0.07263614028045347,0.07343829341575539,0.07296981493943101,0.07280058854238329
0.12161507247069979,0.12127340283102943,0.12207919008336564,0.12235363158603542
0.9974970874752895,0.9946764134464701,0.9948207374067176,0.9947246130914488
0.009617244521701956,0.010706580850674203,0.011019475898860747,0.011068503411486477
0.050852529919992576,0.04878345928870475,0.04864823978446772,0.048720941747023155
0.0187200209007593,0.01916547997328437,0.02020488444707518,0.02026564025638656
0.033362392407256934,0.03464306431734197,0.034404809336358394,0.03392634463461239
0.9081639414162317,0.9059786577275364,0.9066392029646453,0.9068694097044824
0.8610948927829191,0.856237978582792,0.8578557624115887,0.8582863697161252
0.058143097546799125,0.05455182366765678,0.05347852466662898,0.05375389499613157
0.895186097520393,0.899328797583894,0.8927341537998164,0.8888216218271722
0.8249183884721261,0.8105007596144485,0.808646290554665,0.8089425686784247
0.3321253026424662,0.34302370498087115,0.3392210641968014,0.33996762563936506
0.9213391393136124,0.914289528642842,0.9150507015668832,0.915058570097528
0.04367441365786611,0.04841771567195531,0.04714301084367521,0.04757614913135626
0.9469287537775504,0.9465917320795324,0.9460879836876032,0.9465024045694513
0.009885513767605441,0.012376959228635147,0.01213300186912136,0.01194990539015012
0.7924301952107559,0.7889909319026185,0.7888929154814349,0.7891861833510305
0.01832010985620007,0.02105197504763279,0.021537400464807087,0.02168604933981012
0.0332127917489537,0.03454056095387693,0.034193305069899926,0.03429877813705628
0.005972939789229694,0.013610622038112516,0.014986173201363853,0.01449246883143181
0.02208590766854649,0.024196694787399883,0.023685969467989645,0.02370429845320585
0.7571240272320698,0.7505493376190606,0.7493513687011721,0.7498673001794067
0.01694230117626907,0.017691730751084652,0.017574753443302997,0.01743751106237564
0.027869219107451333,0.02496174910026799,0.024533984537336104,0.024632423814723185
0.010296635157938805,0.011432803763136832,0.01146266971557588,0.01137810539787666
0.09796993786099292,0.10354225883324648,0.10399377276230874,0.10363716725125195
0.051701764827655344,0.05581263813787098,0.054846845651303634,0.055021561688892
0.9508080901897835,0.948570772412388,0.9498063814461596,0.9497126355076478
0.9470174715285831,0.9447884071557551,0.9460503589496506,0.9464621685247188
0.09760748381760627,0.10264563531181242,0.10130399681554417,0.10909314930833283
0.034498926533332565,0.03547053522010738,0.03625082520093614,0.036005117276761395
0.05559698082527924,0.05526004801380446,0.05498237101614841,0.054510715795987624
0.04114626670135711,0.041227183139595516,0.04074428486576142,0.04096825400483736
0.5022853050899405,0.49830788768881407,0.4992559088114694,0.49967631100847376
0.021030946497743567,0.02065539529367359,0.01955820692446456,0.021517078202331823
0.04792499530513317,0.04668202918350353,0.04729088473330301,0.04738685939092633
0.8117718041816155,0.8054662790175541,0.807452551942544,0.8083519172589754
0.06344662758402086,0.06335681831904609,0.06240984660126328,0.06242412708849577
0.060095965390441944,0.05946353441389618,0.06097593927703928,0.06107367954434567
0.015845794433410672,0.016292458818015835,0.015389228696278926,0.015244488347077523
0.01841516813767137,0.01925168630875313,0.018854909325132063,0.018854120263036157
0.9606746671783131,0.9608564453897961,0.9613958130435688,0.9618131395145119
0.017459087577422556,0.01834884439520324,0.018004915850367176,0.018192083659858527
0.05040936458904452,0.05378989209749692,0.053011853553713184,0.05318205160190438
0.8780787209595105,0.8802707613801742,0.8796625676684635,0.8799714928849128
0.037868192104965455,0.03718309765284798,0.03795874018582628,0.03782489162285309
0.714712634032,0.7110760471070975,0.7063744575596633,0.7077626687779567
0.9222422345939784,0.9223748076103352,0.921901168172866,0.9216646489739992
0.045715032099155034,0.04729389749417713,0.04672358185561182,0.04666823015146773
0.1088379225122553,0.10628829570480525,0.10655858783152257,0.10681011445143157
0.11486936867730335,0.11827221151490465,0.11700390339842466,0.11623175007583995
0.9640568300009492,0.9680652361860993,0.9669176947022129,0.9670621746092893
0.039846381636823844,0.040957143512242764,0.041198533024138353,0.041316563086497615
0.02648904035246621,0.023118603443030798,0.02277872041626768,0.022621507593329686
0.14507527883040083,0.1464371635668176,0.145960745898654,0.14541725052947269
0.02920224392444341,0.03150996151495597,0.030487952761778313,0.03027075346946303
0.6459817909374714,0.6266397237249414,0.6276063600148152,0.6279635229942948
0.03089362421245176,0.03187449281277966,0.031597590432183284,0.03125399555564577
0.021444641560855425,0.022805090229442774,0.022548044536046648,0.022315584744487915
0.015251351312325035,0.013666706937088356,0.01451923333945177,0.014580764717275171
0.028904343340272812,0.03114794678929579,0.03129773951179237,0.03126510462873062
0.028635353312443844,0.0309351717662583,0.03000798355536373,0.029520038822185863
0.13821944121176674,0.14431594889118626,0.14514869415402182,0.1456706263193891
0.0672167096426003,0.0678886802854264,0.06829712084537104,0.06802129361051931
0.04209511896683683,0.04443269772023343,0.044099401408836,0.04442154200280893
0.0214894036846777,0.01869253200200179,0.018418848442417764,0.018266845065856865
0.9087234146062011,0.9057092347229749,0.9046978533486654,0.9051013395644235
0.044192447469102406,0.048465558679974895,0.04725716852560413,0.0471921523696664
0.04185122191281246,0.03897538137876303,0.03766260380802009,0.03742293720085176
0.8764130608638107,0.8734710848345372,0.8733035959239384,0.8734237605232427
0.8860285943534005,0.8857973637453831,0.8858406696517211,0.8862323423524658
0.9484713856169756,0.9451882453443136,0.945445494998944,0.9455973669346266
0.014225723116507914,0.014830978350672834,0.014974505518761321,0.014708661344771445
0.020682507112128747,0.019841226756708564,0.0194328407165374,0.019495180451968595
0.018061187031315956,0.01691507412685501,0.016843906378066233,0.017090930195489337
0.8731081254174659,0.8662628755805989,0.8649841181613656,0.8653474945067591
0.1055570267767909,0.10673651261056324,0.10497434959018803,0.10519821961101453
0.030026045053085263,0.03022088436637868,0.030053575416801037,0.030204981779564932
0.9244698791824584,0.9189872316465599,0.9196345149193048,0.9193504130544062
0.01890251350473276,0.017592654383856054,0.017252337317524243,0.017022798980239798
0.0648573157466797,0.06612564240365573,0.06520751669535574,0.06506767088923657
0.867754223582618,0.8635825282619234,0.8633053914936824,0.8635536817189647
0.10951284042059643,0.11396358735928752,0.11444721881892977,0.11393803967232317
0.8624522404500284,0.8584668882220129,0.8589599045274398,0.8592040616399792
0.025746294356700103,0.03783090176391693,0.03545446324464439,0.03488591646889527
0.012611285768999583,0.0132296311117419,0.01258833710285306,0.012575327460651936
0.016208529614110255,0.016333861704940153,0.0155009119011831,0.015217359859086642
0.020386216017471225,0.02163250425224771,0.021148602772191463,0.020745312740084593
0.9871969286068756,0.9859023887378098,0.9859282434966127,0.9860089547347307
0.9963176113262482,0.9960457457765935,0.9961967251417044,0.9963052744757738
0.033739407381978496,0.036125592402838407,0.037463441831752986,0.037292825264866034
0.9141132384317693,0.9096517765175959,0.9111692935733058,0.91140925873378
0.020366075742067842,0.019363819773672047,0.019075964270157265,0.018993861749926674
0.5022853050899405,0.49830788768881407,0.4992559088114694,0.49967631100847376
0.024294199568056826,0.024814780886341443,0.025080300161135397,0.02508235928745605
0.7850187190902481,0.778483842919807,0.775401820795913,0.7760189516701109
0.01745512854851929,0.018417662779904625,0.018067215346220244,0.018012725924422737
0.025004165565442403,0.027649018187641813,0.0280678553597862,0.028131959692765666
0.01614455442427018,0.019832451508288874,0.019062917107539278,0.01893306329833273
0.7534077246288923,0.746809145230362,0.7470989672331957,0.7477259612740533
0.9746166142837739,0.974701771524123,0.9749760948549884,0.9751260545899765
0.05781399687935688,0.057043204247137776,0.056232922790320085,0.05611769003006645
0.03583101793019483,0.036584138026217336,0.03620049268092581,0.035746970137402946
0.820213484385397,0.817827760859538,0.8185195655389632,0.8192563526026349
0.11592787198976796,0.11386132905316582,0.11299187954080549,0.11299574538113971
0.9969063350792857,0.9967114175665436,0.9966502330956468,0.9967747124200014
0.011177815979608288,0.011708333339219033,0.011412355397807666,0.011105703527869373
0.8655903106814301,0.8592319625490783,0.8580350190904582,0.8584791151602091
0.030735144127099268,0.03246989607411796,0.03242815391238695,0.032406258465070205
0.029,0.02936,0.02979,0.0297988
0.019898847979194025,0.01912985442064232,0.017977660640510224,0.01801224778274594
0.1487956759218668,0.1513926795634963,0.15009978947083294,0.15007002267977196
0.09826555769545312,0.09647588299496132,0.09624152110919272,0.09593342594025381
0.9764532048902225,0.9767755058162635,0.9768673982973498,0.977138094626788
0.07524166543806862,0.06910660112790139,0.06831206866779488,0.0682849875060675
0.014098956185286012,0.015815759299653388,0.015498370175943455,0.015403759090167338
0.9507712991854473,0.9476442078687557,0.9456663951192539,0.9458589334529188
0.8905279273199382,0.8925065842964387,0.8926848257674572,0.8936381309028004
0.045890849881055476,0.0441194356187628,0.044757116747267525,0.044532457585941
0.03598545673468068,0.03538543727726909,0.03613915839950152,0.03599653940189503
0.0272084126237634,0.027176376850649664,0.0278833344222113,0.027607299270974897
0.9734998213798095,0.9748903172445834,0.9751001967674053,0.9752193517225142
0.8555349634990427,0.84865649302129,0.8479038527569529,0.8482273357215655
0.26235982920677464,0.2627601760817855,0.2638085318611882,0.264402370034994
0.04005702963121952,0.03572201027050477,0.036285830853066345,0.036384797300787024
0.11708293215040318,0.12315471007470677,0.12297143670822959,0.12297852377876173
0.7549223576271923,0.749781161741539,0.7525186610284837,0.7528524355416595
0.029723058159921076,0.031535827276222735,0.03209280716503107,0.032279216966166015
0.021232253846168073,0.022471139086099278,0.02129380290332915,0.02117315529404006
0.09827439064652821,0.0965046241098786,0.0975762487916115,0.09708837162143448
0.01523921004894454,0.017742148772726635,0.01716455905864209,0.01706770948180424
0.7487272974830965,0.7450188185509927,0.7382070343976588,0.7393840236699745
0.8387296613332568,0.8359955078697942,0.8343131868172107,0.8349125802101616
0.9068006590894405,0.9071227033445107,0.9063148456577919,0.906685292511646
0.20843295332240608,0.2054791555524173,0.20434228898804213,0.2032446450765466
0.016423640427210777,0.01776132982881102,0.017660601756892012,0.01778925203219954
0.9483512054000773,0.9500520601935671,0.9490369064619373,0.9496285453609778
0.012176107117315626,0.011874873663690251,0.012043974809580863,0.0120634020957655
0.01223439131864658,0.0120361954113564,0.012620727828428479,0.012676181652015183
0.021394002508270005,0.023148831705633404,0.022644195927679266,0.022700084882982023
0.0152879782782682,0.014068567652452409,0.01330662536347858,0.013039178844689796
0.010022956791899159,0.011327100362706625,0.011252367041541051,0.01125123974222373
0.02805450362127248,0.029308659494372197,0.030024315435284582,0.029450593593276217
0.036386314262608986,0.0381976292878053,0.037731533203979185,0.037826427724981355
0.9023949851648138,0.8996857812462948,0.9004599369493146,0.9008269791203758
0.9762609629710458,0.9782514989574699,0.9775312845499495,0.9776502542271145
0.021616957046830126,0.021907125489360253,0.02209966888957596,0.02164474465160521
0.03663501999827309,0.03605019763528946,0.03685734785983939,0.03670631988708152
0.013190017970666986,0.01327713837864074,0.01350674516950326,0.013248697103480592
0.032918469083350596,0.03391770709032086,0.0327966782047359,0.0325720967112426
0.07546564632063929,0.08029944917873275,0.07942698910714345,0.07942270046672412
0.8738708682670884,0.8737043187619472,0.8711817979431048,0.8675725867045376
0.8532340407696004,0.8538029788707264,0.8553041042890249,0.8545683798961685
0.9028,0.89368,0.895178,0.8949402
