5K,50K,500K,5M
0.9708305641643993,0.9679371268802983,0.9688444057258735,0.9695891388526934
0.058143097546799125,0.054447815200766414,0.05338482688518328,0.05358684338773836
0.08730982360134656,0.09116112170811387,0.09070865215508278,0.09170816520728145
0.024670832163096786,0.025510434743876122,0.026108997604041957,0.025658280571305956
0.04098854551131088,0.042658740900981165,0.0423035142474392,0.04221763127718762
0.8450938891625226,0.8380169271523499,0.837370742792041,0.8375312462400791
0.03016686165402602,0.03341445429075192,0.03330229377200227,0.03272735424999366
0.01791647808394133,0.017079556016826817,0.017513956342429967,0.01763844048246162
0.08199749377760225,0.08151074689424737,0.08241510716105717,0.08195909959996353
0.019600373505810804,0.01891600965166649,0.019959894687202454,0.020427256921195618
0.1405183905152241,0.1415538701003315,0.14200697501345033,0.1426114935913105
0.01731302756923884,0.018933212411469138,0.018802881887756064,0.018766456395460793
0.10607549825133612,0.10938789846546348,0.10792955629082494,0.10775190027078063
0.166288748693356,0.1642471934286676,0.16508191972474778,0.16468363907036074
0.016763148382799624,0.018468374010633313,0.01899923397276873,0.018953045567458998
0.7478530437446633,0.7487349930433097,0.7500066170694809,0.7506616803269712
0.04551126668197728,0.04994373615934941,0.04974514616520297,0.04972466361070868
0.045717144236040216,0.04768170876233719,0.04712516060259681,0.04776563093866041
0.11408631858068267,0.11555466670761029,0.11685345919049409,0.11679360255005534
0.7920786920702982,0.7813583084213642,0.7802506195217236,0.780808680764279
0.8581234437234032,0.8558954883485621,0.8560574598324119,0.856288644070809
0.6008,0.5989722313934757,0.6038729881869622,0.6001881231168756
0.28438183061255184,0.2838415182355269,0.2855061586099112,0.285251574328356
0.8027657702115514,0.7945060697700543,0.7974723348737156,0.797424834626256
0.10337101462645118,0.10617489885342675,0.10673527222515494,0.1061641692904499
0.0566653084630752,0.056558389128533046,0.054628710788701094,0.05464864523166258
0.0909556004278739,0.08957110598995395,0.0895811793766609,0.08858153130575676
0.01122652983102382,0.009646707261271082,0.010041852498265471,0.010107490104042782
0.050826401099288876,0.05355156378147719,0.05435592255569945,0.05424115280332827
0.858729579657359,0.8543470049950692,0.8544682028185803,0.8556436871180153
0.06139274557186294,0.06221491923966862,0.062233510641422664,0.06182621459565722
0.8447325774178566,0.8385048915415703,0.8379207515565832,0.8369378232396593
0.8610789150482324,0.8579413928134673,0.859103519346951,0.8591374044162988
0.9016,0.8992286787626889,0.9020493680345191,0.8978610337131803
0.014271771722365526,0.015042002082421029,0.015350902678206867,0.015380507065124987
0.08444775673656715,0.08221393482111646,0.08136857901026179,0.08158143021775807
0.23939362957696936,0.25137967372548564,0.2514403879690487,0.25255828553640525
0.020090191052014386,0.021028159017122277,0.020893392887433984,0.020791343158936982
0.0472,0.04876537038888334,0.05026128342096151,0.050022807662175664
0.025042958013525025,0.027098316387574206,0.027002039960287553,0.02692534866095483
0.9501228992186098,0.9411278987229859,0.9407172878074936,0.9402647857435606
0.0440309611953215,0.04831772985231283,0.04686201217077065,0.04697623659837467
0.09319934091055938,0.09293419974633436,0.09338863774248318,0.0927779039657263
0.953595559245213,0.9495973571098965,0.9516484376154627,0.9493770825378411
0.013816582368978956,0.01296541475211962,0.012709310733267637,0.01264714590842395
0.061710308660911414,0.06344513702227132,0.06284649749740737,0.06242017738132487
0.008360138912300117,0.010050523519495721,0.010042418437541585,0.009980718803389767
0.047702097453748926,0.04618693151852228,0.04623952291613461,0.045882225835207124
0.8271044109033283,0.8307142537289108,0.8281194948029047,0.8295274500802275
0.011566561394650723,0.011905660629423533,0.01196210467330426,0.011855801123619326
0.9867402466086863,0.9860974917999461,0.9863819040903657,0.9840545492361694
0.031475524478011364,0.029929276811127954,0.029836805956304547,0.03016764187376772
0.011647778896139592,0.0128674296009856,0.013245787481962236,0.013349216802406012
0.01068531275480191,0.011700358542318061,0.011434768358159068,0.011421455064668648
0.15539628067951927,0.1574139516744621,0.15737651859483742,0.15760304937408212
0.029201357894608454,0.0287892695408996,0.02959602007627632,0.029493740963117996
0.026593301626470334,0.027572293533915188,0.02798188810474378,0.02767647270075384
0.025480619673287176,0.0255538099023489,0.02506799867749014,0.025116255740716797
0.8,0.8029442728782122,0.801456359945629,0.8015201549460153
0.7955180430711177,0.7857650916200354,0.7860198925574616,0.785634450550575
0.05867637032250239,0.05796879197315875,0.05699241604715639,0.05737747452892111
0.7861893408877918,0.7800219005548386,0.7832719873227092,0.7845113443667966
0.969046696601823,0.9643051585098618,0.9634358333884976,0.9631098465315461
0.009331915587366733,0.011723288269075604,0.012286979845690287,0.012081061150763139
0.05473060761555583,0.058131162363472356,0.05674423501842379,0.05711200164181287
0.04997343241985053,0.05316529708189613,0.05400331922036238,0.05393423236226156
0.7868847249767095,0.7722340773239921,0.7710878934441251,0.7712116932973354
0.9184231156567423,0.9156403029119523,0.9167915544746146,0.915172015812706
0.8510940640140563,0.8546442694170139,0.8526996846102447,0.8494789694918957
0.8572314113136184,0.8544866306828479,0.8537439094297271,0.8537648282271649
0.8432051309150551,0.8365997360027146,0.8377257697256283,0.8383728329623407
0.7747901624232209,0.7698240468401788,0.7631705411789651,0.7636118082312686
0.7296779572074787,0.725193023249295,0.7265110552999798,0.7268397760450032
0.9090536425956504,0.910428367092665,0.9063544116449642,0.9072374223694656
0.9706221420843774,0.9748364813566585,0.9698072417672803,0.9742641953573569
0.11972903221026648,0.12236155517629672,0.12196021653357497,0.12217519982303815
0.04758033181088786,0.052860138933130685,0.053050510620006666,0.05274899981122914
0.024213909753021182,0.022572192102459174,0.02253004873767306,0.022728463033474977
0.1241928179795085,0.12611569322179192,0.12787548422290088,0.12679788951427778
0.1019946037281566,0.0948382139496664,0.0935837276400619,0.09402159177442089
0.8965489647167127,0.8892864826100031,0.8875542695706353,0.8926083384865836
0.01705202825491949,0.01581481111964905,0.014909192041704244,0.014662445835308433
0.037949615426086554,0.035939812145472635,0.03604284803648251,0.0356085199608372
0.012313561019055112,0.013026038836073997,0.013031537394679306,0.013009540323739504
0.027799639165067936,0.029718246671818258,0.02919959048421201,0.028942718173871118
0.01849513857288143,0.021452062882202413,0.021607360578174337,0.021638466210187522
0.016000867605134424,0.017835258661586008,0.01787892051036677,0.017757422890004187
0.01485255504350211,0.016049071011796107,0.01554894688822195,0.015325573729739504
0.9035604932947056,0.9010094635457542,0.9005123492347046,0.9002448626727723
0.015788487011187034,0.017453112268747316,0.0179767112047339,0.017862919867317764
0.043994741032173115,0.04892061818267797,0.0503345674363663,0.04972860613873897
0.5650810134154249,0.5736097839947045,0.5731279649640474,0.5707712624977264
0.026228631751489647,0.025998745375555472,0.025376997517630544,0.025158901969217357
0.9395926861373207,0.9379761941962106,0.9397987669304573,0.9400406885680002
0.02590477897439609,0.024991785476590846,0.026101236456247855,0.02595720904048564
0.89395256,0.8852772736021702,0.8871719116691879,0.8865905356282415
0.9523889983703369,0.9500274052546009,0.9491284591502345,0.9508478243643789
0.047936969746004934,0.04931708470541152,0.048449449586475554,0.04893626318725625
0.013475634213674792,0.014578536236100148,0.0143901086582502,0.01426724068382375
0.047577926889091064,0.05092898278561186,0.05152396983985615,0.051411190533632106
0.016181442490715185,0.016663730818332414,0.017429148213015482,0.017279421558915885
0.025461145938062032,0.028421580660581702,0.028012600754082326,0.02795625248831658
0.8682452442720255,0.8613589197674386,0.8633161440352665,0.8634310380772374
0.01318427210204502,0.010936819045737914,0.010777271039342768,0.010668086282184465
0.011924724566632688,0.0125564995073073,0.012344688674301161,0.01231168084390744
0.010359766249624243,0.011008808755458878,0.010852328957221569,0.010756934081240335
0.7790590999146174,0.7688743228093275,0.7678829167757056,0.7680937087577048
0.0215103239232807,0.022825740447343566,0.02142807773788542,0.021485510145238786
0.012740838865409684,0.02027652939872746,0.017349189726672355,0.015652830618768907
0.9579106241870227,0.9586550663356257,0.960265305083398,0.9603583599680575
0.12106629725525643,0.11888253735130104,0.11747939610107888,0.1175605211520084
0.013862981922713943,0.014938060955081376,0.014502296411002882,0.014291633238688347
0.01874956410230095,0.021972741421445258,0.02090057492237566,0.020041423436579085
0.01227088843309287,0.011740043696817892,0.01195735883784348,0.01174076564598768
0.2840982657339674,0.2842832965023078,0.28434414034284505,0.28416747312309854
0.012927284503218105,0.013548658342123947,0.014189572365132656,0.013822882750799688
0.030607160152591753,0.024873911198060032,0.024132222970193875,0.024566308941556567
0.013925815792651187,0.01475406718335747,0.013990588198245859,0.01376750129388439
0.06682901663640356,0.07167542336271718,0.07302511626460154,0.07272363159825417
0.06600675099306717,0.06869681708309164,0.06726531604939967,0.06835937239615858
0.4527194083343202,0.45201652556226085,0.452756769280783,0.4520721928208151
0.022154248756062467,0.022498456582614568,0.02223653799132784,0.022224522359951343
0.014746480820728762,0.007934478521181544,0.011871152941391312,0.011333766731106082
0.018591147926241596,0.017898110229798654,0.017375501393866597,0.017603696994032504
0.8722691535724054,0.866768739582704,0.8701374787446146,0.8675744554304781
0.8244957769642655,0.814096535994442,0.817946073723628,0.8173546237767819
0.09500000000000001,0.09650927364168752,0.09618986788765656,0.0956845164158046
0.8911620774877447,0.8911824860258972,0.8945711364912196,0.8911184298143046
0.04209279467797705,0.04041248773079864,0.04107558923370587,0.041350792490051094
0.059366846167329825,0.0590745626760787,0.0589405837422909,0.05865411293983997
0.9046024380387632,0.9012230402276122,0.9021429003913931,0.9025062739131956
0.04744835675986708,0.046821269551255165,0.0458694734120723,0.04613700318587332
0.023266184381567398,0.023308815742250775,0.023392492635025512,0.02343988817779024
0.021519544981523985,0.018821009886900726,0.019436839621149886,0.019445207351839806
0.02107529761633292,0.022147053013392898,0.021778713353124264,0.0216397992800158
0.028837552406357044,0.02963256864859906,0.03024492199129539,0.030022399589455937
0.010320492025006069,0.010835888806257007,0.010277102317429055,0.010281215273038928
0.030437946138292538,0.03154431874568493,0.03211895527734547,0.03206594201576069
0.9161682544608196,0.9133726047278317,0.9135924467398668,0.9133019897309661
0.845737645526477,0.8465388920707352,0.8443425597873573,0.8408778000350963
0.9498346051215916,0.9463349077142177,0.944631145424393,0.944485328754034
0.09319934091055938,0.09288032161685846,0.09354830456390148,0.09288166948988066
0.013192981473956759,0.012744465713697138,0.012692580254971685,0.012540492903496923
0.03181901019405569,0.028777674993300036,0.02952757284420705,0.0295627414376078
0.009569481273937416,0.01018739080020837,0.01002299339953461,0.01007036824825653
0.09091945904094083,0.09419506897377825,0.09421721873499195,0.09291942264197509
0.02597289074666423,0.028121006008564157,0.02833079778771092,0.02870502814144258
0.018221003660142024,0.021119229184545105,0.021583468070160584,0.021733568827035452
0.06301200012913391,0.06270338309688157,0.061758488916712824,0.06165451501008142
0.986581650769407,0.9873403849346598,0.9874148868369569,0.9875015357641054
0.9726791135825111,0.9664589533212148,0.9690441090782294,0.9692382527302938
0.01753148127682666,0.01547450227275414,0.015058165127026837,0.014712581278268895
0.01967908770283961,0.020025815291561104,0.019647262884973857,0.019309131192523622
0.012311439490866863,0.012694914576755536,0.012496538163601804,0.012338279503649333
0.09969570856863146,0.09448652422422521,0.09574674454347984,0.09563869547945442
0.012404509156855741,0.013658793616505635,0.013596400327224348,0.013538536568056729
0.022481444843609543,0.02214776828096847,0.02290252782041754,0.022876563225816892
0.13320380645595145,0.13493645183285585,0.134953921735051,0.13538887476126824
0.021013877258083957,0.019331814482517286,0.017561284660078263,0.017442836989145186
0.0496,0.05141218005295675,0.05020820963701753,0.04972298568767707
0.010092484852138237,0.011249642385840149,0.011553329657046129,0.011584789364155934
0.7380263353740443,0.735998822897171,0.7340174381529673,0.7335353603723896
0.0481047130876489,0.04384773525429779,0.043901690648566395,0.043670826983429056
0.05120697175510004,0.05328962611269233,0.054149256124667616,0.054249889680632685
0.03200243892386679,0.03156440340809661,0.030403728312752096,0.030401263893095824
0.05031979681024584,0.05116933696498559,0.050527207132646065,0.050636364470588224
0.8698225823129032,0.8655858502959075,0.8644441396960055,0.8698073366235995
0.00860063986253515,0.010712828197972297,0.010251120317556015,0.010183124874777398
0.015916940997226698,0.014700228576891902,0.014795524571474766,0.01481748054669583
0.7093302761219383,0.7083707685337851,0.7075834391708532,0.7049103670661718
0.9769894080442896,0.9771979907895778,0.9761732888062169,0.9762243351297483
0.9880744199656486,0.9876211665051746,0.9875106590807434,0.9876010312343844
0.8993763425090048,0.8965049532073679,0.8951242560358119,0.8947741598855572
0.022812410883040393,0.024475678049115785,0.025153610940952736,0.025343316320305394
0.037612534208726775,0.03910811387753756,0.038914186460039336,0.03929571235717176
0.2861589672985289,0.28430817169927103,0.28272005313964965,0.28341939741004585
0.9563255863421339,0.9512482311635047,0.9550084267738136,0.9533031279550799
0.9177281821715421,0.9157464174054358,0.9145632946764432,0.9163106704053608
0.05708316771791344,0.056928921429532736,0.05716461705101966,0.057195116979029875
0.9241156490425858,0.9220210056638131,0.9249314327922686,0.9241125976284735
0.04651448853642656,0.04885013140741864,0.04940622611579503,0.04970208041441345
0.1620121198881918,0.16530333741124095,0.16416927689556107,0.16446710167345696
0.1200609320200345,0.12130631004243281,0.12180784900192829,0.12030004362477689
0.022116212558511577,0.024779215130434174,0.024564701896390703,0.024248331404012117
0.7898559555319032,0.7824471103276002,0.7852558331582545,0.7845687169251344
0.13750822836239857,0.13606821794582363,0.13472623538438094,0.13637593675201468
0.05512159406867807,0.056003481997629126,0.05574670759206065,0.05592249137397745
0.9687077756419219,0.9686009390210611,0.9710276386214732,0.9707149075726028
0.14304687369504834,0.14132365951196094,0.14051766524374126,0.14007089605165768
0.02145946242274242,0.0236520574290756,0.02361446085260388,0.02340073961212794
0.0073960673223445305,0.010296889661408066,0.00962047509340681,0.010102206053994348
0.022789485877929526,0.02319200207878838,0.023563194561009748,0.02349353185981777
0.02081154481694323,0.02142637987377677,0.021712300424624156,0.021749170044625923
0.024132656918513858,0.023545009467063283,0.02343685220082892,0.023309200249972187
0.9424997754689826,0.9247492893238539,0.9284689470588374,0.9310795747444128
0.1022380270019887,0.10585604101271494,0.10525833958072683,0.1051428394480978
0.14700369558386583,0.1494644992111941,0.14978037597505983,0.15039041218950033
0.02187194195308514,0.022364969343285433,0.02169000798305836,0.021563524916766448
0.04156706213356963,0.047137176000826224,0.04702908453186901,0.04719410978904313
0.01939482126518729,0.019429878794989534,0.019502119652061504,0.019248439348184425
0.03313514013266174,0.03537832998474775,0.03561637062871706,0.03538464921415288
0.017799771626111807,0.01793900062359168,0.017273803496036706,0.017210699853317944
0.8124235295715689,0.8197610213363531,0.8177465062493366,0.8162093235689545
0.017527035888477982,0.02131348276876212,0.0216966600615869,0.02184082693503442
0.03902928339255376,0.04048105886392268,0.04016020090238189,0.039813987122404956
0.04904903509695952,0.0478488870543025,0.04862756139468525,0.04860564636022825
0.08648674780245544,0.08888268949098213,0.0876724352141842,0.08700827907185105
0.15538305326825028,0.15184688564641208,0.15316237640576755,0.15252701443777575
0.3754415497182749,0.3778164870425912,0.37643768290364166,0.37618549056505135
0.01981617852044316,0.02227068164604585,0.02168148641068459,0.021907491975159635
0.05516200369247547,0.05714958870985689,0.05652159323488697,0.05687302860443284
0.1378326104888954,0.13971024817192557,0.1400456323235855,0.14075575624195696
0.2725184457890303,0.26518056945549623,0.2676173597425914,0.26854264568623376
0.02670155301782107,0.02983955656274581,0.030297107255821687,0.030073582024394845
0.3982458295674092,0.40200603820584657,0.400461153213273,0.40016562673370487
0.8573802476264503,0.8486727038471077,0.8497063122624298,0.8501807088050077
0.03488589649605556,0.033723262074137464,0.03504435998383773,0.03492286198906517
0.08004529053702311,0.08876480787315381,0.0864263624697712,0.08708150566124681
0.031771689465230415,0.03275353607548376,0.03314301414297095,0.03286109565858681
0.9024614715932102,0.9008509635351678,0.8982741252914626,0.8987580943424834
0.03190193552750794,0.03372419590384116,0.03366935150750379,0.0333309674021361
0.03419301544408688,0.03192239961465635,0.030628864913395937,0.03054110087464937
0.009593617869019083,0.013309397625969091,0.013255455306374864,0.01336347161508661
0.0319856165756821,0.036076887646480246,0.03557414276921576,0.03545485574090961
0.00984760795544838,0.011008748477608379,0.010890709393551365,0.01084470546590237
0.021786805642966832,0.02296197533565673,0.02246359458878739,0.022677092940877608
0.01683493804042022,0.014869721145595457,0.014460674021327098,0.01412289739886944
0.9089965580625031,0.9034631557060251,0.9027640736303649,0.9052849369112872
0.0328990029614374,0.03851304781334583,0.03988772161406879,0.03926926221809018
0.11927144429244106,0.11652831383659114,0.11122622844450407,0.11130464272286039
0.02562422869311534,0.0279681014332523,0.027991560831055383,0.02771768026837969
0.09501180000000001,0.09334515044311367,0.09540733410218764,0.0948258593554332
0.0554422029077048,0.058282826224186096,0.05728551464081175,0.058077687540657036
0.8669571649817234,0.8609387891328071,0.8652481451110964,0.8631836180010434
0.10530270919612122,0.10478500293331573,0.10509602906941443,0.10428443867389986
0.07165998042138534,0.07230178705600722,0.07532266518698214,0.07475858813576325
0.1526297231875791,0.1544807840601635,0.15271808956119826,0.15226851849887402
0.041348118456389846,0.044979970668283346,0.043710919253468296,0.04368366410706573
0.03685106322618317,0.04203067884034565,0.041504153498926055,0.041050010944103155
0.015963026452833318,0.015040846055211029,0.014751921377086504,0.014560548664670618
0.24905560420214337,0.24776774768081256,0.24977572157830952,0.24926708034155468
0.05537413071072662,0.05663390810996689,0.056129181516332616,0.05594942458019324
0.8714376600343536,0.8611024436706427,0.860737758407725,0.8608653351902626
0.01107486798589996,0.011322561687678602,0.010948030326440261,0.010792910036202433
0.01197001582033743,0.012196404045893441,0.012049626278919959,0.012025724975865213
0.08866650039701167,0.09562289460550173,0.09510945677006921,0.09670423975960189
0.04700925164064258,0.05130259986774504,0.05287267800809537,0.05266350517252814
0.021368170018015217,0.022300957614621544,0.022878064176416902,0.02300878871122528
0.9702387965471694,0.9694451485736849,0.9699594044970086,0.9700091261497742
0.06200034899198439,0.06267605820387374,0.06281362739505433,0.06262805637270837
0.01398375049642256,0.013695306669398256,0.013661100239889121,0.013499363277593223
0.0204,0.019977203191553182,0.02002469511950674,0.020036403317119464
0.038268160582172854,0.03812127775668952,0.038752748218713676,0.038414437871177896
0.01140898547297135,0.01046516573029181,0.011205255218874777,0.011048656123928927
0.04749280514104611,0.047745378937500645,0.04716057777912861,0.04780223139165817
0.1543255809228647,0.15429079967099812,0.1583530038399535,0.15712455838526715
0.4398016073257706,0.43751109177497954,0.43906938139650176,0.43818170133136525
0.0217425337147885,0.020950052352151763,0.021053982731288473,0.021044325553634665
0.25021667978767465,0.25365313438436554,0.2580739806065213,0.25827177582654826
0.011454439648308366,0.011915058615061608,0.011338211438824929,0.011340886517203427
0.11521542979265065,0.11674760118867672,0.11821361716150389,0.11798307830947165
0.17444967654050184,0.17124380154916136,0.17368162543225385,0.17364085689826456
0.1126839079290586,0.1157350785825221,0.11511966551531908,0.11561667611803864
0.059366846167329825,0.058986089836321955,0.058831933625153245,0.0584421236610942
0.039412694552654476,0.03931409469856896,0.03906166420280147,0.03881309602663034
0.05069675945378253,0.052116702511623404,0.052468952933812034,0.05241236646321103
0.028162744494092187,0.029243045277281707,0.030286638456494652,0.029963563438300235
0.024912249123402952,0.026522734620399682,0.02541257568643956,0.025285222996020765
0.27324599082461587,0.27016321828386164,0.27234664657078633,0.27219519430146577
0.04595595364857661,0.04904596768886408,0.049718222585946194,0.049991799052384926
0.9896,0.9884819778106295,0.9921280500724784,0.9910738266493754
0.07809795240727871,0.07776831394276602,0.07750999645341664,0.07742163936576522
0.04945666669779318,0.05022245590716142,0.049588448630123155,0.04951615856124511
0.03618921639495183,0.03827538258340233,0.037202119608999426,0.03699287289999795
0.06254598590685505,0.06463553774788633,0.06504672773494674,0.06540514781374464
0.01790972517280399,0.019833571919015924,0.019853198819658673,0.01960298690631448
0.012525793902361087,0.012905876094487477,0.013045510909795261,0.012785011301814577
0.011792318644035602,0.012144222936625112,0.011901564995598673,0.01179467459277201
0.012026994670527709,0.012292061963885893,0.011992149400954881,0.011897549147428448
0.06267744556736275,0.06414676586080027,0.06471011920133887,0.06434065595267728
0.019311339932159013,0.020017070782645165,0.019661859933949054,0.019676433154890455
0.836664628240283,0.8291715879311196,0.8318495945772952,0.8272642025231624
0.010201047704448076,0.012917663457838974,0.012938069996322757,0.012900572276423584
0.013170220668661867,0.012795753895356747,0.012688801645848164,0.012621026076908596
0.02591617930334558,0.02631556849872699,0.026248308708765204,0.026266034891580466
0.8102295178925778,0.8024436589531527,0.798932093134371,0.8052494152173004
0.9406331538326699,0.9431295391952431,0.9387406319433443,0.9405044726670928
0.03678087065542927,0.037824904189925866,0.03811249086887279,0.03793699499875264
0.9193837898397171,0.9217662712492557,0.9213665783618206,0.9218509653013488
0.038291880955215164,0.03791359649582547,0.03821885788708187,0.037553889383603045
0.911729549330723,0.9139994987095685,0.9155198748620341,0.9159606191931934
0.02164495428683911,0.020778586099762446,0.019413355243712797,0.019224745718424804
0.03588730704949328,0.03548882253364754,0.03496121701481827,0.034651853712790934
0.04001363883290521,0.03886523212266687,0.0396164671908163,0.03940791266531483
0.018637096651966008,0.018024436953480067,0.01897677126004093,0.019504669634569954
0.011740305554147137,0.012007122520633512,0.012099784367134683,0.012008762156723096
0.051655049006054145,0.05272155443587731,0.05259740159786433,0.052741559087371034
0.019513806312717867,0.02129908128161128,0.022081199674350474,0.02223299807985673
0.012324582211907896,0.014123175273014654,0.014665303836518699,0.014702880164712035
0.012322706336847254,0.012621505152652904,0.012299441082909823,0.012188821024623831
0.08525177742451391,0.09600048248867162,0.093754120584206,0.09400495574446302
0.021250134444383964,0.022261378568780014,0.02182316513164777,0.022004217430519935
0.023250845067799075,0.02167823793117829,0.021598362599277224,0.02182110527114181
0.8528837181241787,0.8496096782619357,0.8492834254487458,0.8495159106159704
0.018399100256467852,0.019610282876211436,0.019590670552418116,0.01969014126670709
0.07830653062176238,0.08258991804839504,0.08252892661997589,0.08164452389732543
0.0206624,0.020286834736810203,0.01917585747141757,0.018867203950441978
0.011966647746687348,0.012232709902685324,0.01194068698915292,0.011836959302722787
0.025847520836203015,0.025227394448549354,0.0247937781891274,0.02482567890119702
0.120254113496616,0.11957882710426658,0.12027405647680672,0.11887627502993883
0.027318992384283303,0.028894685395040077,0.02863835435977242,0.028686778352783857
0.05793462697130097,0.060569304508536516,0.059619294027653036,0.06007858725661786
0.02213799109302431,0.02006007788345425,0.019311605760235166,0.01925049089757898
0.9878710841200015,0.9857818684216517,0.9862998813959954,0.9864296907223815
0.034384415950539565,0.041692423035974036,0.04227544206350376,0.04283003140849491
0.04305011638091518,0.04553421621233493,0.046762507856187845,0.04650436221319609
0.5835495640466938,0.5835275112692349,0.5801154329354593,0.582768484427865
0.11610434200940428,0.11466638645604985,0.1138315459694298,0.11417932274985863
0.019808188349720195,0.019864638811491232,0.020124779522238408,0.019988158036282847
0.02398602791619652,0.024318201969958774,0.024773769694736356,0.024720815839184347
0.9916,0.9901476067999978,0.9853296571494585,0.9879587669802576
0.7647080699133307,0.753812009430965,0.7534714603015706,0.7536860771856938
0.08444775673656715,0.08237360549240784,0.08172274769031762,0.08168492705917586
0.019135807906855484,0.019386454109993692,0.01901912970555374,0.018885356262107394
0.8719462658626748,0.8745612470623013,0.8749658643132786,0.8752938601038738
0.016752721861845184,0.016634225205974927,0.016384297207432345,0.016420764074507186
0.042070979170508144,0.04744839027261652,0.04610556367278641,0.04575122980886066
0.04201942803676285,0.041891641303444804,0.040638957835950736,0.039961562273596665
0.037945831412915625,0.03490180716890909,0.03397370672529394,0.03364804526719914
0.05273073366742605,0.058412107080685116,0.05831780710522793,0.05848549938695389
0.0315282404755327,0.031285093963920166,0.03126817866844066,0.030958630880829386
0.049662204882633516,0.05548129278549708,0.05543054286945782,0.05499662834858636
0.01693530450313664,0.016206789601427542,0.01560570157628489,0.015559839659066611
0.011006789916593278,0.01272755073600006,0.01285085793370415,0.012807931386269714
0.11635365335677297,0.11323959487221968,0.11245779721559196,0.11404041920031895
0.018209657256996872,0.017781159887674113,0.017831397775911927,0.017845704276699747
0.05006229300419894,0.05324069619892159,0.054078246855437384,0.05400282636427981
0.08389765854490201,0.0821243695348747,0.08212882540980877,0.08280068406544132
0.00897824587555184,0.01050944648319134,0.01035099452646978,0.010441233819946074
0.1282397903125481,0.13450837753186046,0.13151697862391593,0.13236795719680022
0.05526053793222057,0.058665699051041166,0.05771991299172652,0.0575012920542161
0.04353599501145169,0.03987733177825135,0.038394671652010604,0.038420194263995816
0.8636190467034796,0.8542340786683216,0.8560768889683691,0.8563993505967765
0.7993005016846892,0.7870344700262745,0.7870402959039053,0.7897161277177716
0.03522164278497558,0.03342290387818016,0.03409928099648653,0.03429776311666128
0.01074523263452221,0.012626519720292356,0.012148504676320088,0.012041793860315002
0.13158286880366996,0.1298220421675213,0.12827878865806375,0.13004307212130994
0.9360167972811619,0.9320539802962575,0.9315271626292244,0.9316443259981663
0.012418462705130747,0.014519722261947974,0.01434427984742017,0.014261575689541086
0.037654991162390204,0.04144803340286145,0.04031095917718421,0.0398987248528677
0.01947494913496872,0.019673471809691347,0.019399563125632187,0.019258731312449297
0.8408960946011662,0.8387985967118283,0.838825061172602,0.8388604937968988
0.034632910809840656,0.03282991988683335,0.033143513253393694,0.03298432664947432
0.059390866938261476,0.06288566915976061,0.06253516654953555,0.062126530597458755
0.12241529614338223,0.11582576482080123,0.1149516894158102,0.11547999661450536
0.8483447157999503,0.840940856014272,0.8426557675490504,0.8431634396929923
0.1015151968602117,0.10763268744738692,0.10780442743287103,0.10663721837659054
0.13846584881387713,0.14368478236796817,0.1435362867501002,0.14266118389687887
0.038170416121358255,0.04149800557852834,0.040492094675307906,0.04039465260949846
0.06202748516205505,0.06869199792766639,0.06952001283862652,0.07003607180955738
0.01566586439704735,0.014499768087755395,0.01419154878334923,0.014163972499945339
0.04423973982226219,0.04727517967610115,0.04494187923624824,0.0446128049025103
0.06466605425816718,0.06492075656516015,0.06538180049122574,0.06576256397958026
0.03149389030046361,0.028881519994473012,0.02876894074872186,0.0285019746384019
0.7839688186821209,0.7740208941724503,0.7737811447318467,0.774472708332778
0.0134523408446556,0.012896946221866771,0.013173460696069656,0.012831195205348334
0.985926449118769,0.9867381733664065,0.9869102893009977,0.9868959625478858
0.014307374668665513,0.014654568658762832,0.014560744257021667,0.014731242764867107
0.024923138233272277,0.026809550925210365,0.02572926825337499,0.025171381056736053
0.8282864589857033,0.8239618872171414,0.818645588403052,0.820627807323533
0.06043618539465768,0.06201860269601047,0.06341876090678904,0.0633871972496748
0.014391330567842727,0.015437693213133062,0.014738042529907321,0.01457321827863172
0.018850270160248598,0.017332840760078995,0.015636929935612328,0.01542222315254024
0.025430801389811953,0.027688398638864922,0.026739481545818154,0.026297301652382556
0.012877216619267927,0.01329292915737359,0.01329772042626228,0.013233423537427324
0.9462712135442075,0.9478244234789766,0.9453489638527997,0.9456291910303823
0.028474131115578796,0.02719660033101711,0.02721886300030732,0.026936986089349003
0.8636547584589944,0.8598597736926709,0.859934877339751,0.8595702864728441
0.1061980601582955,0.09962875668989901,0.10088674395299663,0.10122349412384864
0.04952593555458182,0.05198709188694431,0.05220141707079328,0.05220256937461472
0.010552744815759602,0.011305910002453392,0.01130400128665988,0.011212602817046653
0.01227088843309287,0.011763772509118984,0.011984828662490404,0.011751230713511432
0.035724573804242404,0.036508904769092104,0.03604530424624066,0.03559975695319812
0.02375585738835547,0.025647188412625792,0.0255265575384939,0.025440980141028555
0.1132491690292799,0.11410916177350709,0.11183346313174483,0.11192305820205006
0.9750812581784627,0.9776434848194211,0.9770039940905444,0.9769846099845106
0.040095286982249206,0.041978707771085456,0.0409721520135805,0.04076901378183159
0.4731312734491602,0.47175119343023775,0.47208098346050537,0.4709038513895663
0.9568157529752647,0.9563318969900422,0.9568646757573128,0.9571289879758123
0.10947028096849444,0.11370557217983358,0.11227919967293794,0.11209104774402912
0.9530899345135067,0.9517192372766788,0.9503247615094971,0.9504265398698071
0.8469629793320042,0.8380358309643445,0.8391360348488528,0.8389014054997775
0.02408358486427361,0.02724724689807657,0.02713790339815022,0.027453846044239606
0.9366902996538359,0.9370504432260006,0.9354207183111445,0.9357929828123244
0.05462418593744207,0.05784318727463115,0.05876871339048297,0.05860954012675206
0.4380165228197382,0.43711872664848656,0.4363829994655996,0.4366503766882603
0.724857724420172,0.7053514470144099,0.7052768475197287,0.7067309639728495
0.8977619729980113,0.8940912152055683,0.8964488584330115,0.8931777941823315
0.1870997375717278,0.1963020572487015,0.19439484337664661,0.19398658496930604
0.1832001986755602,0.17666974216677656,0.1795107595765826,0.17917040044998897
0.7331229484156592,0.7193190464988027,0.7217105442946273,0.7205635923010497
0.04359312238026951,0.04330711505890228,0.04308359020761882,0.04344436234159464
0.019301218801785355,0.018022330100537932,0.016934699329936267,0.01682283687370876
0.04262786921759915,0.04729835518259104,0.04591129624245202,0.04654858139706451
0.013682794349524697,0.014833207974233004,0.014370127858406788,0.014161429290256256
0.06610060366517174,0.07050594466028173,0.07122305343532405,0.07159678825187386
0.04236643597235385,0.0340745960351035,0.03205125821692442,0.032316370504100016
0.028469037060884057,0.028369588247975395,0.02910387856043749,0.029057347404447917
0.028162744494092187,0.02919163599918802,0.030298616533732937,0.02993431996366004
0.09188769524415745,0.09170428669101674,0.09217019422052503,0.0915641163125878
0.03689501220730511,0.03398605108202516,0.03340192304485416,0.033645283514440454
0.18757647042843106,0.1815349527423241,0.1842954361278534,0.18393170944789614
0.038431053895878274,0.04090018562815109,0.040389048789865906,0.03998294897029216
0.08843545882734373,0.0913958938199259,0.09131681983920008,0.09007603416527067
0.7317957016962879,0.7207068748594259,0.7212739904394649,0.7210508550556135
0.8627623929304967,0.8613757059641621,0.8630609124506482,0.8630420115126359
0.01664466697322455,0.01646620801040787,0.017535195457838756,0.017645495190173565
0.9878710841200015,0.9851706347645377,0.9883364352651753,0.9882473821424756
0.04171016937103912,0.04555932351806515,0.045385245426668344,0.04540385644883689
0.7423286415226957,0.7395723086814735,0.7445970097839839,0.7455820587976617
0.0190020406323576,0.018906448955559867,0.020079366680927826,0.02016254604787404
0.028750404282946913,0.03050014769381649,0.030825393739177386,0.03048981836059193
0.9121579564348318,0.910670718495053,0.9108897867522313,0.9110127071610871
0.8256642513573654,0.8187888662687316,0.8191258410081625,0.8184142245310738
0.019032845854478717,0.01827227480529715,0.0176463072738397,0.017650173487703365
0.011970433493681251,0.01398025663770323,0.01348032589231983,0.01335341439337769
0.06088225818817161,0.06254053250186391,0.06195144200019923,0.061732686489317574
0.9623306658039281,0.9624557102073441,0.9626928370846127,0.9629127590799277
0.7138707415224522,0.7100339217390733,0.7117300090826679,0.7082186536856137
0.011906112697197154,0.014576510936160388,0.013985670320407206,0.014004540478192834
0.690614335836554,0.6871471726296502,0.688244952626109,0.6891055450441621
0.8674072640742913,0.8645524914311645,0.865986284211003,0.8660752565645325
0.7683110544778727,0.7579121167154201,0.7614001442441065,0.7613490428774808
0.9213391393136124,0.9117358454525617,0.9095129183837984,0.9173773915958671
0.04820208558341112,0.05153198958000329,0.05057315421596295,0.05111404164753657
0.9318246964459519,0.9287275766927338,0.9283427749389114,0.9284807453355135
0.14707365859379734,0.14449308292231922,0.14368620635425983,0.14430936258775365
0.9247680534746644,0.9254728444686485,0.9263672319461553,0.9268096879108544
0.05000372013101831,0.050300782229249996,0.049636786489846124,0.049514424115282965
0.9411813387344484,0.9454343833949298,0.946054600168908,0.9461933199015945
0.0392083172416949,0.04105485467184259,0.04050382190994002,0.040756082601193476
0.012486132112211066,0.013716581858894445,0.01388842890971233,0.01371316811293071
0.019278925747752106,0.020203343839326378,0.01899365231584984,0.01912601519724847
0.2982,0.2977596923502671,0.30014440990671554,0.2994428668382918
0.017147241068967013,0.018185365836031944,0.01821089266466413,0.018112576439027465
0.7080727951157286,0.6911116616927991,0.6892198113216932,0.6898445478338329
0.04655351750751781,0.04973633896777341,0.05034160301338518,0.05063037225828492
0.2918252007162296,0.2995463102447768,0.3000075237852738,0.29881959338872593
0.4299684691888389,0.43034513663123175,0.43281813314412737,0.4326708027450796
0.06036894375327884,0.061541932757818836,0.060001867299117564,0.06044001749925616
0.10730965164679984,0.1106725599340039,0.10946500363195001,0.10964393760903673
0.061482804920453014,0.06497068178363971,0.0654906303249624,0.06555932757237433
0.018658155334831155,0.01737959562885737,0.016948781502979085,0.01677746496426986
0.01722751028892246,0.01864125523163295,0.017915657828306737,0.01786051045463733
0.033346794775051224,0.03633451316863177,0.03686550250358383,0.03709352185631416
0.01056259924796244,0.010411520974476177,0.010375682218456268,0.010226686899471817
0.059390866938261476,0.06283532699526385,0.06274110379938702,0.06226746918028031
0.024743053665392686,0.02634088240654107,0.02619325488513512,0.02581485554148108
0.3277435796776718,0.3387982537723092,0.3353427808816667,0.3356198242074066
0.020071092997369668,0.01995755021182894,0.020016766437120175,0.020079554431846572
0.19610619576071206,0.196961715175863,0.19644082715130975,0.1955576493017592
0.03776114173174123,0.03783549197532445,0.037617628296734394,0.03781212950722353
0.018342899974422944,0.018141763739256103,0.017114647683911344,0.016846569659142014
0.9084042326306625,0.9039154307855822,0.9041450092132828,0.9037199913487985
0.7254774178962925,0.7221627611566921,0.7226730994164514,0.7191729011722007
0.06216663793776847,0.06556589129319781,0.06620912730207938,0.06609838100689557
0.8783775977587909,0.8741446848652639,0.8767078246010936,0.8773433539577328
0.07059137986765504,0.0755937639895015,0.07704294331605092,0.07731035639264638
0.9902,0.9916898511317032,0.9907030331504189,0.9907740667080007
0.9090805409590592,0.9059137277108948,0.907007461780905,0.9071386196030339
0.05330515779162967,0.05339788642052607,0.053581089160707175,0.05329592107245584
0.21484218208417585,0.2098949753761254,0.20839568088894317,0.20846256938863708
0.05838389159675643,0.061840792667512814,0.0627799031064267,0.0628894490867655
0.8346809956389086,0.8279783104147316,0.8288943194971711,0.8285349222174586
0.0804043984873064,0.08897892416075248,0.08937272028626,0.08960218294773045
0.01631610093567007,0.018991119966963177,0.018184856045969,0.017823961816163227
0.06641516179144824,0.07039118725689641,0.0713313960118068,0.07162127206892778
0.045366841844915726,0.04702594245831801,0.04692421231894689,0.04643316369457518
0.016738071443074046,0.01594193346296986,0.01676115141917339,0.01610939989703406
0.5321914654558407,0.5364191897355215,0.5356186962576939,0.5334863807457446
0.024553549574551085,0.02454080146445151,0.024604090892162932,0.024653670959429417
0.9757345591448335,0.9746633060033187,0.9731749049745371,0.972081256420721
0.0211510180272286,0.024287163049925776,0.024699066903764763,0.024754008033372018
0.05137801931969585,0.05273960891511148,0.05291649437266259,0.0531746080513595
0.2772295707102509,0.28137400040174765,0.2821058724902492,0.28218297152767086
0.8690416758810556,0.86998916898829,0.8719740762133045,0.8724493332805002
0.01523763753711889,0.01432400484272926,0.014207804623310769,0.01421533613424164
0.9818823200000001,0.9798033944802232,0.9814532210132971,0.9811536930654132
0.03543382769885126,0.03625218884060698,0.036722280652374255,0.036826989229936984
0.016822656726340802,0.01827020769468659,0.017628613263244265,0.01722490860300565
0.06789296656388794,0.0748433114248835,0.07255141360339311,0.07304412078607828
0.8148890179271081,0.8015844178972689,0.8018216031547436,0.8017671689354989
0.05898019732371365,0.0606499090523949,0.05960027961735307,0.05963185597055837
0.03047384637460636,0.02906092299352039,0.027571551394369218,0.02760240055660009
0.058298907721700856,0.06436503905619068,0.0641560781858547,0.06458497229083378
0.9850057665696665,0.9852995594893728,0.9847323490499681,0.984720771284947
0.04559230650273334,0.047615023820194766,0.0472521338835034,0.047775907879641276
0.06163572594377768,0.06138795360361058,0.06070087601711098,0.06046160252383344
0.9708305641643993,0.9684789456503501,0.9678922668283706,0.9695604382512985
0.1157291443600303,0.12205000040975708,0.11921150473595056,0.11966501314277542
0.010661797548992718,0.013677712508833439,0.013319442592683693,0.013187924663380944
0.9126908301462543,0.9060136138652551,0.9065032163560237,0.9061728773835613
0.2322504406336093,0.22913779120346997,0.23205944783752436,0.23219031021492978
0.028755568136139022,0.03103002202044515,0.03056781102436988,0.030870534170177114
0.020240683461144996,0.021400585326578864,0.02087809490037912,0.020474185420382443
0.01938025409330783,0.019585185620294966,0.019919756449067128,0.019852717803190017
0.033102422313090844,0.03354887798297319,0.03354348638229177,0.03309498694224054
0.018894263554876358,0.01853374653709001,0.019154511731850208,0.019320949859738007
0.04090437623721956,0.04021868005414907,0.04091105277398213,0.040901082271587924
0.035913769116307934,0.043332159605270155,0.04285419898512898,0.04263175350479517
0.09830218334141966,0.10098158626695192,0.10032123021951189,0.10056060433820367
0.013107279464893675,0.01460807433530714,0.014435030407592645,0.014257584773925205
0.019896373559255456,0.019016129110350024,0.018562536571594176,0.018417056480701827
0.7931097836834963,0.7842505339389538,0.7859432045620348,0.7823573292986226
0.04009604041890961,0.040893185483108684,0.041586536469236816,0.041187895618707296
0.009198131404315545,0.010480344797479148,0.010282642352788435,0.01023279055932737
0.018121199411022734,0.020092533594214694,0.019814394641220295,0.01980394335664752
0.017417287845737,0.02140694223374907,0.02082762459095675,0.02102670953521298
0.012796197628055882,0.012296801883356804,0.01229133346924031,0.012301546407002449
0.00860063986253515,0.010714973208924377,0.010232133992620752,0.010178884566864315
0.9392716049990958,0.9364868463841918,0.9322074583023611,0.9321504660648746
0.5926162272154826,0.5822393497083466,0.5819670616535182,0.5814515765821355
0.9392716049990958,0.9352498920962202,0.9346088507284752,0.9342459092026717
0.8926903483532,0.8895529550012352,0.8904158181179579,0.8902428975978214
0.8974413435758813,0.8950103356457496,0.8959192987604522,0.8966864929573731
0.813757526363243,0.8077793094288179,0.8077697571815969,0.8083728417769802
0.010703253637789456,0.012129521277222822,0.011732294384311219,0.011770921862063742
0.08029327966831136,0.0801815810954165,0.07768933230424177,0.07746893227495015
0.03503159662784418,0.035774499127807495,0.0368749025044915,0.03632512018746631
0.15240774050469372,0.1540069228065496,0.15232865203339493,0.15188152263032287
0.017525131624339618,0.02056214362936195,0.02000715907222697,0.020139788713475205
0.864907626484284,0.8587826066514492,0.8596605404460079,0.8594923690880285
0.8532672902080358,0.8443494760608735,0.8470651528312396,0.8487898090019382
0.0463368581897984,0.04464960575408231,0.0448099277380088,0.04457085327489787
0.4806253972836313,0.4797981577174507,0.4812804227683933,0.48108497558701846
0.02287390037867213,0.02413575305141214,0.024043326125615598,0.02421897164078467
0.1937472060641221,0.19043520245403447,0.18866960173153918,0.18810362249139884
0.012765676457253454,0.010874844503376295,0.010987321501340994,0.01102929786324787
0.027702294637936657,0.02923208672524383,0.02975673202867521,0.02986231054842824
0.13948743667385774,0.14543944951566765,0.14531596218077023,0.14484697606662567
0.024568765595328487,0.02664254556244817,0.027581046637137736,0.02787204532701302
0.013009660850785152,0.012624755683937294,0.012494924784337969,0.012367719396340408
0.8442880617050509,0.8498723415087742,0.8464248467052008,0.8466662258891441
0.9342356033036888,0.9379715170791824,0.9380465346152471,0.9383469837284072
0.14141893871839076,0.1499065040361461,0.15253929610294936,0.15074166722147753
0.0477504,0.04997414774998002,0.04965409421252574,0.04978707442675089
0.020440691236030154,0.02201018700652195,0.022938527748041358,0.02285280594442781
0.005952592524484533,0.015833581024743415,0.016208373224043452,0.01652755037259322
0.08396831837865602,0.07508201610749432,0.07696428221698075,0.07650040774610879
0.022389531114378823,0.019741468435616704,0.01947410452546933,0.019293822770985958
0.7959159301562403,0.7978114417243148,0.7956876900729413,0.7953768580259629
0.7250475959941709,0.721385545353536,0.7247293272047607,0.7246831539145995
0.04602126775905371,0.05086513591497544,0.04985311465931907,0.05016438532167814
0.0359690724735885,0.04012592047296018,0.03889763410792442,0.03923016597461374
0.11258819246931576,0.1141008619172314,0.1154042568084102,0.11534424325072072
0.6072,0.600403981046595,0.6008597107483041,0.5970407598399006
0.09033642661567737,0.08296103564137937,0.08169816370960205,0.08266681845547173
0.9430164680076282,0.9422427106811693,0.9470137244669223,0.9423470636234011
0.8991893735062028,0.8962414147427724,0.8971454963702954,0.8972122741354264
0.9572778594076984,0.9540116603924486,0.9593759999706577,0.9499413644812649
0.9869335076700007,0.9852218059573014,0.9830551276930015,0.9851859956453078
0.019821785352799985,0.022418534015091893,0.021612907079717397,0.021074443524154125
0.1745691661184772,0.18047682436606732,0.18325744192803167,0.18347809133182663
0.049,0.050506668620551254,0.050285554673368385,0.050340321540178895
0.026423473792488123,0.027293237601712827,0.027715561055630538,0.027683719326317465
0.03905017967455941,0.04256555120645036,0.04245260905586822,0.04284677327738704
0.06633282510728648,0.06577972760877542,0.0645932954125828,0.0640449980572083
0.058383891596756436,0.061762782505870376,0.06286521454146361,0.06304541217405789
0.9771971746487164,0.9774467780676267,0.9775548203552235,0.9776963404206016
0.04762508747120602,0.04800639208860552,0.047724356076861714,0.04746929973464761
0.04315936490230308,0.04478709199317974,0.044329099660057006,0.043787168789918916
0.8157896514090045,0.8115307825515917,0.8137805451127611,0.814806210032307
0.25275454671829606,0.24651960115764035,0.23882731680463787,0.24057435936061458
0.020579530135502046,0.020397514320374253,0.01978780113465672,0.020047283144171892
0.028491223397399686,0.030840355965913762,0.02980459746518839,0.029250890614072097
0.02025020851514171,0.019819811117301862,0.019623381808913095,0.01949914036255691
0.013603121014114098,0.014827912047302048,0.014394371115476912,0.014203348996430824
0.009559621466508987,0.0109915340951562,0.011031030889775355,0.010942586051829933
0.08623389943873176,0.08905891777970028,0.08878677043837116,0.08798197031171792
0.02613022579133963,0.02544370507952083,0.025285934982530945,0.025258168068156624
0.0165976833779539,0.017992493908906174,0.017898204549040373,0.017850463912291812
0.018218415378243244,0.019570168604850103,0.01915974684764564,0.019090125080495114
0.7909478453536714,0.7806739208610703,0.7807998077680053,0.7810036548689292
0.010918280400219112,0.01238352280180217,0.012006387179381184,0.012003756845451827
0.010738002119401867,0.01084268882617384,0.011059134912118298,0.010967113784965324
0.017052028254919492,0.015774982413464332,0.014905554382536667,0.014630461497775268
0.02265894771258882,0.020396530592040555,0.02043685951900686,0.019939952279042984
0.10566931598729143,0.10695580366730423,0.10798830935296187,0.10798912195821589
0.316544589385896,0.32006359380979826,0.31670152413812797,0.3167810201793479
0.9248678573862094,0.9243446013013518,0.925107054276786,0.9252291532987565
0.01318427210204502,0.010938347731735555,0.010719101577534888,0.010680394811475546
0.012019438985245106,0.011874480004947572,0.011844088309614573,0.011635211157167352
0.017057670111233023,0.017144790500834794,0.016779710133598875,0.016815245373729963
0.017259820408935846,0.017170080054532577,0.017822248306703422,0.017508629306423367
0.07644667477338943,0.0754752168503406,0.07563621477016316,0.07567152343233717
0.025267370417183344,0.029426327724258926,0.028865435018012198,0.028874141805449526
0.6342146693815779,0.6314617166294015,0.629105873863897,0.6266765900986817
0.8120832280145767,0.8123717196454532,0.8126021828682887,0.8116884572665517
0.06160939772098052,0.06226702939231011,0.06223425129475032,0.06263817517850868
0.021157184352727395,0.020437227231695047,0.019567319717945616,0.019535948699159963
0.011161864516813235,0.010598340139149327,0.010595521068493178,0.010512440120511803
0.025104793519405564,0.02641586968020909,0.027136244397106657,0.02678274389935377
0.783545994122143,0.7680686359365906,0.7724612615444162,0.7673037893042495
0.1652390644912661,0.16088618721232445,0.1604189464724032,0.16017738284730457
0.012263857523784562,0.01295619107291848,0.01209512885678845,0.012064738018645653
0.8708597033132862,0.8666287514254796,0.8640654807726142,0.8652431234426734
0.9964453474306482,0.9989453467095947,0.9956810197151955,0.9957250310887481
0.13973840510382113,0.140249005456417,0.14068482847109634,0.14060923277046647
0.05838389159675643,0.06177770301554135,0.06255928268406526,0.06266768224670388
0.011510089067799408,0.011022230645955445,0.011170575662184892,0.011004593126866113
0.4413592766813302,0.4338398792164157,0.435295498540265,0.43582261503652847
0.05080520759364049,0.05078770022250455,0.05086074936056545,0.0512175512344217
0.0443369867730958,0.04151180872068268,0.04182619873245274,0.041729726689301125
0.22879429833702836,0.23159677514241928,0.23026891754642273,0.2301788794290401
0.019764041159849467,0.01930827479867373,0.01868082287603505,0.01849937524499346
0.009426197438854275,0.010396835770883787,0.01032984282506037,0.0102788422337651
0.9988117097185484,0.9993979106753242,0.9941015084511089,0.9991113285872518
0.7547245120054322,0.7512710094160941,0.7533171204743787,0.7549401966996758
0.021321406103498575,0.0208419214053519,0.020550407785392584,0.02071685634322971
0.7767047804726709,0.7698455897847692,0.7693738296529194,0.7698424794982504
0.012783091215609063,0.013081606781264896,0.01271548305930861,0.012611823289651295
0.10790287529194564,0.10564108555826371,0.10538811310423034,0.1056700071907321
0.7815800339554883,0.7817637711468773,0.7806387784058237,0.7777963934455472
0.018227512002985828,0.02101744467488114,0.020009669173396857,0.020045324081453555
0.7052782758895958,0.6944271923940325,0.6931678564305497,0.6947742771843879
0.0524,0.052164211499801445,0.050067135211292205,0.049882650120877774
0.01984795332592363,0.020726080974996963,0.020296914161184426,0.020460115418794635
0.08340587591170615,0.09043653424587357,0.08812439600830661,0.08843688611113086
0.922322501830917,0.923377976395623,0.9225259236414909,0.9224292656557915
0.17893984203323526,0.1806573906579054,0.1802527917503115,0.1798585676423631
0.008806104134943446,0.010349843894695746,0.01258439553029591,0.012528479179206152
0.012527834495351277,0.012984628561004687,0.013040190959942717,0.012914614046640197
0.01953086841700168,0.019499004844571725,0.01954992910835326,0.01941021087729677
0.033430466725301866,0.03604662866859615,0.035903290702289176,0.035941932466444726
0.8590836104886664,0.8515686722686855,0.8530172127950896,0.852851845016777
0.045607156562323885,0.045254061291540665,0.04561961222790895,0.04585059044363814
0.9090805409590592,0.9056905663583076,0.906068437505873,0.9081207688465086
0.04277122486706799,0.0423616187917224,0.04368052337937081,0.04338847399033903
0.017462388078572297,0.018539072712206214,0.018519524148995624,0.01826303600605637
0.03912167249116063,0.04308060589026072,0.04137445645502718,0.04166096910809399
0.023380800302245083,0.026794491230911082,0.026632413669389066,0.026280984996219937
0.9271736050746165,0.9265132628168128,0.9256304403765215,0.9255954860914878
0.8911620774877447,0.8935365260514199,0.8937128168427162,0.8929426711463773
0.03149190882936879,0.03546468652633734,0.03458629209840041,0.03462250747918964
0.012582142227892178,0.011041301109193907,0.011075804994029027,0.011121146570046862
0.02090253346997249,0.01784166571981255,0.017417967234599523,0.01741668778185479
0.14544710469994035,0.1417031306076311,0.14308094325810314,0.14270842961012217
0.9360167972811619,0.9320539802962575,0.9315271626292244,0.9316443259981663
0.6711010698561023,0.6690790143089285,0.6661910358861124,0.6660392185281706
0.7980999655260499,0.7929036846551745,0.7949093376472113,0.7912567076973563
0.6118039084380809,0.601650485918209,0.6016588818613398,0.6019837305907012
0.6630645269347795,0.6608733026777788,0.6604519614624634,0.6607190851443677
0.9606746671783131,0.9608252649274965,0.9616477989047838,0.9618919847636244
0.015011800156848483,0.012847540279303977,0.012656211894747773,0.012818120182592072
0.07644667477338943,0.07557039557369966,0.07568867147196365,0.0757389750207672
0.020705855394522885,0.018046161438097928,0.017816819944716223,0.018107941578134824
0.934,0.9346434131817177,0.9395979240445516,0.9352690234512556
0.02749321823794984,0.029681219492321016,0.030682941959033854,0.030791037655307888
0.16340833219881923,0.15917221993154676,0.15764919728643856,0.15917907130990303
0.02203677596133943,0.022962286391462656,0.022730270091762567,0.022770640957885262
0.8122137911702466,0.8072236351839351,0.8061019287814594,0.8059034482687216
0.011603442996572007,0.011814626873225088,0.011548292440304376,0.011437230553739675
0.03446279579733492,0.034131404457303983,0.034429922930858246,0.03405660817252042
0.009831268297764236,0.011589633660698486,0.011100043922886334,0.01096830985866332
0.04019943725580792,0.04206343444312046,0.04108299369674108,0.04078475048745769
0.19610619576071206,0.19696565677512606,0.19555257870029558,0.19568229652588132
0.021056800903348584,0.019579110849948945,0.019444976198006367,0.01970336366863511
0.03581979993673409,0.03550386448597902,0.03475543783688466,0.03472017515170081
0.04090437623721956,0.040205801834471144,0.040821147730079034,0.04097005203568264
0.8477324671430424,0.8401797547073424,0.8403838096440909,0.838748827841956
0.0790574640822549,0.080751352728781,0.08053041581125771,0.08029319011204579
0.1533747123916932,0.15260814080862242,0.152714123585882,0.15306725590035808
0.011247082957387465,0.011181714296171727,0.011332276073263623,0.011324303821205575
0.01787940766579759,0.018032008370116696,0.018333769512823596,0.018033542585278034
0.9257736112477023,0.9249531520330769,0.9243833939654539,0.9249398674789565
0.0635331801659692,0.06735089551526001,0.0682940837261543,0.06838806350625345
0.014365739658248165,0.012696709098047631,0.010330039451417309,0.0094582098043751
0.009810663000736675,0.011066508012765482,0.010905576537311631,0.01091775421975184
0.8195472775498444,0.8096557114875561,0.8112026478823369,0.8117079011992171
0.04457999875136569,0.044475194385448134,0.04472962598671139,0.04406328959614358
0.7846305670042724,0.7855341764663853,0.7854596116149154,0.7864845348650124
0.7923099501005169,0.789014796348573,0.7892079077219012,0.7895971542550585
0.03403392198067754,0.03886125729013276,0.03836586054011762,0.037947796559628454
0.3212066304194813,0.3234130896433537,0.327118319352633,0.3267375701119806
0.0419303752281753,0.04762340323244339,0.04742128480580876,0.0475465751990083
0.013835006096900823,0.012269166499140862,0.011788434457977177,0.011814117831222302
0.2094565559774391,0.21059310529931363,0.21283785486314158,0.2125688974107161
0.15803979753932795,0.15487147542103943,0.1524580989282937,0.15232192969807018
0.9797100743739071,0.9805165387125568,0.9807804009754209,0.9807582739622457
0.11618985095372615,0.11355523017576702,0.11337300441841021,0.1132794870468774
0.14113166429698912,0.13996522647424553,0.1423304059440924,0.14339542370251224
0.8746211348779199,0.8758194995804881,0.8749416306085507,0.8763347750158251
0.013788135025119727,0.015017393724332808,0.014646225482210921,0.014396686022635677
0.014274953236433725,0.015405012401727085,0.01491612326201377,0.01465338623072895
0.020523512465238265,0.021772802554948525,0.021300539176081313,0.0215098109517632
0.7101455278777878,0.709478350002526,0.7112466853881751,0.7114383252564489
0.04073244367689497,0.045648650370060065,0.04457207715576401,0.044907384227184016
0.039209227775017175,0.04323280796578339,0.04202670951562523,0.042618061186079866
0.044663509188824585,0.047422216390301745,0.04734672561915589,0.04761098983235678
0.1509399578594619,0.16068191764241266,0.1631901323525992,0.16139299854912056
0.058031667429703934,0.061182542596261554,0.059813967903275964,0.060429550811318754
0.008814522116102022,0.009786456284201526,0.009941272883698648,0.009896107319329828
0.9667574160925403,0.9675701601490261,0.9680526967591319,0.9684073026768769
0.055065285177943644,0.05922372827045233,0.05872319815334911,0.058816225197985676
0.0323048301137196,0.03217851394706784,0.030934892302810775,0.03049262881696851
0.9345937087956384,0.9333296460038502,0.9325616138443864,0.9329368509643604
0.9879645696648126,0.9875866294464896,0.9869943241810979,0.9869450581241652
0.8180118016259641,0.8143818800050304,0.8145121916948893,0.8149530040842415
0.7971244754709713,0.7956028912904993,0.798036156047164,0.7983439478437547
0.6973331508602022,0.7042237547549929,0.7070275331699306,0.7076930817716531
0.1150348367978301,0.11540494167923225,0.1147054628160036,0.11405865793601762
0.015266115495666862,0.015437104273846558,0.014641748519241512,0.014401297847743745
0.013619682405846009,0.015142351935220946,0.014970741813445295,0.014789829831048427
0.7453061792528114,0.7370327746342524,0.7401554912455369,0.7407227771412654
0.014893555019621064,0.01771097084341593,0.017561472423821847,0.017355798946268385
0.027637846707410867,0.029793457117205473,0.030825506398530447,0.030950499430374322
0.02827586718291589,0.030125250060664858,0.030062443729520934,0.029947649503053515
0.019797696493101678,0.01993595267589511,0.02017880482820155,0.019864658148868276
0.04095896679646315,0.04057372611933848,0.04095908966374178,0.04080141406417066
0.010969430568976958,0.01095162938139563,0.010932587470650632,0.010792729142098051
0.05107999309363743,0.05349660950042456,0.05421578510255419,0.05435285028395965
0.05577698249751114,0.057743178341662295,0.05781799538611572,0.05875463297737263
0.06715269199833333,0.07389433586541716,0.07157397729859852,0.07202122084952231
0.012989307323198127,0.012523337226101635,0.012404646777042058,0.012372356110355412
0.04460974901050959,0.047303849907948135,0.04716714074876877,0.0475961258704544
0.01913155261538462,0.017703006083133136,0.01782338645811755,0.017903922882504166
0.015713645681249756,0.017251833159377793,0.017706092542640658,0.017708960722513566
0.02437464096640461,0.025684685775473833,0.0254000336510431,0.02734279777992991
0.019298274080666863,0.01887127366942217,0.019118931467645078,0.018813134000334488
0.09838366273891347,0.10421272496774736,0.10557063496547313,0.10627662342825528
0.7375886975415937,0.7260972342596203,0.7292091446802407,0.7306614180621936
0.056743258193609994,0.059081484047092854,0.05994845143452127,0.05973868177553258
0.8753716277410489,0.8725172082208372,0.8725213319397126,0.8717251017344632
0.2980828834212658,0.29721074498281763,0.29991097600513245,0.29955598896747776
0.01255303694666788,0.015427339300446331,0.014778188602397054,0.014810487547019788
0.008891247508474058,0.009227737826738958,0.010256081486362058,0.010308174740087703
0.04404849147135726,0.04990271862338996,0.04979059206260239,0.04994619242794261
0.01913893001855922,0.018247884892810685,0.017770614731196167,0.01799832489422278
0.0169985416682851,0.020140245059878204,0.019926283725914092,0.02012641826753115
0.01210177387071066,0.012448100769569348,0.012350368801070544,0.012224546358505577
0.19729294291153146,0.20124652641416735,0.19910693708616456,0.198775545356138
0.019935401509043695,0.021793086343042133,0.021421985180254177,0.021324734413828334
0.057362228069194554,0.05062754212082675,0.049518863430659914,0.04972424414143996
0.9456465462793011,0.9461371542425575,0.9462724629174456,0.9466840709440925
0.5738211567772307,0.5765183571409409,0.56619705062314,0.5669653751397905
0.02590477897439609,0.025035792142229153,0.02612463355242336,0.02600419086068003
0.8618625907993419,0.8529522798499686,0.853393165158156,0.8565954207259836
0.836664628240283,0.8295529000941622,0.8293864112250201,0.8291574177858003
0.11029918273619893,0.11162849948402684,0.11277785159559933,0.11270979018416279
0.9624874041851601,0.9652525771220983,0.9648032060617201,0.9648551500069107
0.03830684991412796,0.039234954641683244,0.039120039134596725,0.03923126444236997
0.04675686850387645,0.05070185252951474,0.049238557021810465,0.0491743524811958
0.011297454593352026,0.012811041906146261,0.01277676324518032,0.012877455579429552
0.8340546204898882,0.8291594013765361,0.8293356802342086,0.8283915346897406
0.008029067282651046,0.010962314465647733,0.011269816944913446,0.011287446357227157
0.05134416,0.049697446505642236,0.04982004487888295,0.04956772936787187
0.010610147260931067,0.010589042488338564,0.010699111226273978,0.010512412295641333
0.007806878745967175,0.0107342951028117,0.01068838659417404,0.010819508530998117
0.1416497256350233,0.1411003673545215,0.14116680558618885,0.14149972078586687
0.0363262277200091,0.037629631638105496,0.03709296474733267,0.037551792329332936
0.017052028254919492,0.01580751791789122,0.014840473496523796,0.014668110594389293
0.06296375248967738,0.06336924278571054,0.062104240707711506,0.06230613762394572
0.5707349961036047,0.5769057481794403,0.5758409402297321,0.5732068331336502
0.019172876969379537,0.020600390924301472,0.020087212749024412,0.01996869712541418
0.01675037599072013,0.016177388175644066,0.01685249262615943,0.016815805856400863
0.2650719672742984,0.2592893494239685,0.26110567042503835,0.2604123342470447
0.04209279467797705,0.040481244782758254,0.040926907718798006,0.04130737736235149
0.02868524295877684,0.0319044255316625,0.030803433610245352,0.03075858385083347
0.8928009310128818,0.8870745595132093,0.8850083829850506,0.8888009612941186
0.02431261965231263,0.02520253846690385,0.024625037218033163,0.02450877406177963
0.3652608110707149,0.3492105821190808,0.3493545522255038,0.3504356454201483
0.024213909753021182,0.022550529296882487,0.022528651519757973,0.022810824110899557
0.017685926618181694,0.01654250430823959,0.015989043526297018,0.016024037128903174
0.12275111240105557,0.12038298361168416,0.11889921361946121,0.11923120068075342
0.029135593862151418,0.029664135312652346,0.02885139557885493,0.028546789409703673
0.021404651621709535,0.022651532392927717,0.022082452826512094,0.021667593229154278
0.0929614333869602,0.09592347013832331,0.09553277401515588,0.09593463263409004
0.055757118951157654,0.05981549949606152,0.059849266839996744,0.06064497810107327
0.8392515171836785,0.8331742661143349,0.8329120132822854,0.8338579105951172
0.04613892554580499,0.04661304080238607,0.04697700111363024,0.04605840417873149
0.04945870718042197,0.05369146679660167,0.051980783662471754,0.05190585306811809
0.8544933156345021,0.8462014529797705,0.8482838513782537,0.8443960989855855
0.414815917948736,0.4114514284593466,0.4145232975469045,0.4141759239656473
0.0220477448259629,0.021398789080202298,0.020869642607003365,0.02105125397525087
0.02054340821360503,0.020842002310627987,0.021247458871236115,0.021192618143600635
0.9077812251172032,0.904337968531262,0.906464869444685,0.9047258027672641
0.013996844698651366,0.014676889772826095,0.013649197821948516,0.013595086777187546
0.04882437275584221,0.05207890428638693,0.05046397412963355,0.050998650374659116
0.9506388492010687,0.9513389121088044,0.9509895608428386,0.9509632214750766
0.012569889598419474,0.01547135906220242,0.014613520982693813,0.01466654732623466
0.8709436962732847,0.8716261448743686,0.8730687783142339,0.8741212275554467
0.018914020029434847,0.02005705628252498,0.020019955532404397,0.01974545412180054
0.02271940550086566,0.025067131022065366,0.025461012908587904,0.025441401789836584
0.016179187131383943,0.01939786013648568,0.019254362400082256,0.01896655411467145
0.8499095219559001,0.8488725769375692,0.852706355918868,0.8492171907884649
0.2678666489327855,0.27016727032473353,0.27122302446739305,0.27207920529328167
0.03488254495666294,0.03692312286707026,0.036270364457086764,0.03641575565152931
0.010867963201852017,0.010834205299174593,0.010365517775881052,0.010204024494308041
0.039482345473372045,0.046089949345763534,0.04511502953637459,0.045130741194319424
0.8543560284860644,0.8456036770926513,0.8462284594175082,0.8448865263905894
0.012358519231852652,0.011607017409568874,0.011790966486896438,0.011577089360068035
0.051117746928678626,0.0467225307258145,0.04675861624383151,0.04655615534431488
0.9102019043462903,0.9054125963244468,0.9080710925947927,0.9081960660896432
0.9896,0.9894580453937608,0.9920637021638065,0.9898672062336765
0.9913418609468548,0.9917175132849668,0.9919854182534006,0.9920994273728341
0.017729653620433376,0.021510903952643254,0.021949449247441927,0.022097000659893912
0.05366063660356834,0.053958551459998276,0.05307270670731299,0.05239788691320533
0.08396831837865602,0.07514663196972904,0.07739818926397395,0.07619376697267825
0.016596627937782656,0.014500415384228183,0.015325574079622328,0.015262487394798173
0.07644667477338943,0.07538162570962337,0.07575379812959258,0.07558422164290521
0.9963176113262482,0.9965073434523244,0.9927791602838455,0.9981156200103722
0.03154053603461684,0.036047694989901215,0.035773786840330064,0.0360297804280456
0.020340069553014428,0.02148312715616483,0.022247359418168616,0.022326367565679364
0.020145288468531187,0.019673602127207535,0.019907346295742322,0.019653943912629066
0.0945218319938944,0.09255758542504162,0.09252355544949388,0.09149276204420029
0.04048057091127567,0.0425343486486693,0.0430223088578168,0.04283876775191233
0.027150493668279575,0.02910788176895313,0.029236960594533516,0.029331850967004497
0.2969843768496215,0.3019168624859082,0.29756357041589404,0.2979409159948503
0.020305258300521323,0.02006198516230533,0.02118681375697673,0.02094299664768072
0.056055976155657675,0.05753152031715696,0.05699275556741907,0.05775944636393049
0.014991381544200365,0.015694655287940937,0.015591993278254458,0.015694018089151527
0.9302222868498702,0.9287264651755657,0.9279353489811619,0.9279708904158536
0.9749630741763193,0.9692893495454752,0.9704765493700332,0.9706635391038801
0.013860257077676501,0.0130841693193276,0.01295262839180845,0.012879838889063374
0.017052028254919492,0.015793282518122346,0.014927247808467069,0.014683571197320118
0.01383141295686496,0.011670515449687937,0.010937510666223829,0.010795760161303422
0.02613022579133963,0.025455422542722796,0.025341390581960454,0.025217583668682677
0.04057199794895427,0.04289310538994587,0.04373882443054649,0.043106515322745204
0.0961064619189746,0.09346181422394942,0.09321224588490372,0.09388209443374562
0.8068930482437168,0.8013620552726743,0.8019973863000356,0.802932428236425
0.10551551600989108,0.11243124473152803,0.1103618704682254,0.11212661323347389
0.8500312882598735,0.8460114122929884,0.8463646259276968,0.8465994021408189
0.04544176696822492,0.049214607893236104,0.04781072619314716,0.047780009915773775
0.01569987886502154,0.016297749023581352,0.016483104839462782,0.01645305074339305
0.8569211078993528,0.8565072971013443,0.857614578940235,0.8586241931558474
0.8831555854253459,0.8804856355846221,0.8840495973422915,0.8783693055963281
0.021771034904163083,0.021764335128751776,0.022520238036162824,0.022353393653184787
0.010664278705430982,0.010952465575688866,0.010971951148074546,0.010928882955109723
0.015408987030161627,0.01038890447917848,0.010404582006621888,0.010100252841522809
0.013448373120564436,0.01391425337802809,0.013850514134110092,0.013589577104392297
0.02156298936901024,0.018932331352932385,0.01869649253612827,0.01899944521434314
0.06329048046000897,0.06672656401869956,0.06679297850987728,0.0675589230803365
0.09522496739057472,0.08981102095085496,0.09052618275102281,0.09086789213728319
0.9078937842674387,0.9034911975054051,0.9064057507006545,0.9055175827219791
0.14890593598594373,0.14541980885315597,0.1475011747707266,0.15101400440327933
0.07263614028045347,0.07383557769696185,0.07254280648132991,0.07267000730510659
0.12161507247069979,0.12139428171150034,0.12203400596565438,0.122273782570392
0.9974970874752895,0.9943242750426088,0.9918994885258775,0.9925750499171212
0.009617244521701956,0.010768688974888625,0.011036361411154624,0.011066392833828742
0.050852529919992576,0.0487975097501074,0.04871835245368369,0.0487532618426023
0.0187200209007593,0.019164850586828774,0.02017287420528166,0.020227402100494143
0.033362392407256934,0.03473099868583781,0.0343619608904571,0.0338624619841466
0.9081639414162317,0.9061977647447312,0.9086013644939374,0.9070589982389318
0.8610948927829191,0.8563270943417017,0.8580707307300736,0.8585762554879751
0.058143097546799125,0.05448049434721374,0.05345999287176959,0.05367484862599673
0.895186097520393,0.8971117599063715,0.8932096912637231,0.8856374614144329
0.8249183884721261,0.8117203938480538,0.8082117424921583,0.8090848237143456
0.3321253026424662,0.34228523662954013,0.3397829662052524,0.3389964422342324
0.9213391393136124,0.9143839450849185,0.9151237415224133,0.9152171120510303
0.04367441365786611,0.04835197543221882,0.0469683233817315,0.047616283255461765
0.9469287537775504,0.944094669659578,0.9466594358873017,0.9440138720448259
0.009885513767605441,0.012402186381992704,0.012124688169963732,0.011905542806187705
0.7924301952107559,0.7884909904332646,0.7890682969492042,0.7892242283390538
0.01832010985620007,0.021087361308818022,0.021561585268293642,0.021708476242843534
0.0332127917489537,0.03456131417645768,0.03407058663071561,0.034252364250010554
0.005972939789229694,0.013644185247678534,0.01496566752217449,0.014531628757576827
0.02208590766854649,0.024121032268009032,0.02371991600161335,0.023785831689194906
0.7571240272320698,0.7508487836264313,0.749123580229305,0.7494963854490467
0.01694230117626907,0.017779597053227045,0.017482500575883936,0.017405877261156
0.027869219107451333,0.024955425251673193,0.024560717491313337,0.024677039772183072
0.010296635157938805,0.011497963069315612,0.011465030612289652,0.011335326555129423
0.09796993786099292,0.10376445034279512,0.10407491200645932,0.10338059524761041
0.051701764827655344,0.055780888242075485,0.05456202449386684,0.05533513164471072
0.9508080901897835,0.9488501516396944,0.9485135546472391,0.9476799116613812
0.9470174715285831,0.944844864155609,0.9461913972187525,0.9465084802405855
0.09760748381760627,0.10279132419769434,0.10128758471535877,0.10926314970753674
0.034498926533332565,0.03550621539110515,0.03606565023107082,0.03588970771989486
0.05559698082527924,0.05536067444321444,0.05495770889994352,0.05420035215025984
0.04114626670135711,0.04137801595645015,0.0406865989963908,0.04095294253625364
0.5022853050899405,0.49833561326565184,0.49924337645201716,0.49959738082605454
0.021030946497743567,0.02073715668623166,0.019518674233183337,0.021479982103926525
0.04792499530513317,0.04675183122275647,0.04745799167456128,0.04744754462490561
0.8117718041816155,0.8025173617950601,0.8064991484749057,0.8085871577879464
0.06344662758402086,0.0634872697920385,0.06222423665690244,0.06233986277439622
0.060095965390441944,0.059151459530443616,0.06101105891902806,0.0613719217671497
0.015845794433410672,0.016292739819927796,0.015402102745688684,0.015215190480115345
0.01841516813767137,0.01924166421649053,0.01879559522060823,0.018897043276471247
0.9606746671783131,0.9608252649274965,0.9616477989047838,0.9618919847636244
0.017459087577422556,0.018331226981381312,0.018000973045930135,0.01816699863610726
0.05040936458904452,0.05374834634522551,0.05285326426805427,0.053627875740077824
0.8780787209595105,0.8802037861674437,0.8798848442720079,0.8823585789427455
0.037868192104965455,0.03720075675312877,0.037821850517973446,0.03782185920909947
0.714712634032,0.7121804682788349,0.7053909172541265,0.7065578364673515
0.9222422345939784,0.9222792494158667,0.9217608417778366,0.9216809893489939
0.045715032099155034,0.04722374046032629,0.046880965803114676,0.046737360173929966
0.1088379225122553,0.10618252275783224,0.10644751136597834,0.10692865343250445
0.11486936867730335,0.118807175977457,0.11638697108998072,0.11581762240868355
0.9640568300009492,0.9674828600506769,0.9690062331473962,0.9689546464921293
0.039846381636823844,0.04086731270664222,0.041276081324731144,0.04137934083001773
0.02648904035246621,0.023073992685417294,0.022670109747431333,0.022685923287574055
0.14507527883040083,0.14667771905437282,0.14604251077085462,0.14494210255261492
0.02920224392444341,0.03151384135531821,0.030466510990093145,0.030192537162515486
0.6459817909374714,0.6264414913267433,0.6282490058055547,0.6274887772455786
0.03089362421245176,0.031852409816720065,0.03155286976912159,0.031324519734890095
0.021444641560855425,0.02300755441934393,0.02238575285165553,0.02226944602663188
0.015251351312325035,0.013666894263295142,0.014481750794381036,0.014611939385090672
0.028904343340272812,0.031151741726357284,0.031254502593219935,0.031156308469153467
0.028635353312443844,0.030978035643990036,0.02988698289415873,0.02935902886892979
0.13821944121176674,0.14460625285739362,0.1452755264697572,0.1448517098776162
0.0672167096426003,0.06773443487799385,0.06823267577604068,0.0680274834776481
0.04209511896683683,0.04447222610200918,0.0440586617977111,0.04459092948988235
0.0214894036846777,0.018707037985844416,0.01835785287453648,0.018269399174957165
0.9087234146062011,0.9062815253795085,0.9065681368626428,0.9063912901710807
0.044192447469102406,0.04852976113196768,0.04701419527070287,0.04712975763723825
0.04185122191281246,0.03904336366598027,0.03761477620727519,0.037368733283289914
0.8764130608638107,0.8738117357252909,0.8744009962557767,0.8727803954876181
0.8860285943534005,0.8857055784817366,0.8863569611575158,0.8862851363466214
0.9484713856169756,0.9447480175688582,0.9456324568928464,0.9453032622517089
0.014225723116507914,0.014830792034388628,0.014958419156987824,0.014708897052724944
0.020682507112128747,0.019846305602516965,0.01938452662538543,0.019419623574267936
0.018061187031315956,0.0168881731221222,0.01683004199852077,0.017137197052960417
0.8731081254174659,0.8662293701347848,0.8648831850858066,0.8649444357806293
0.1055570267767909,0.10679715790029093,0.1048980002978569,0.10513515015891617
0.030026045053085263,0.030251763498385483,0.030017259022214516,0.030059326109054527
0.9244698791824584,0.9189959467226739,0.919871114681191,0.9192889218589723
0.01890251350473276,0.01762898407012096,0.01717984713575669,0.01696310950410496
0.0648573157466797,0.06641487866808317,0.06468109437188713,0.06514355295215031
0.867754223582618,0.863093608490014,0.8630833307986778,0.8638201885424496
0.10951284042059643,0.11406898543821382,0.11463715709188392,0.11396219579382702
0.8624522404500284,0.8583419695801071,0.8589935497438449,0.8588850570059035
0.025746294356700103,0.03793309167943515,0.03530068560709427,0.03494912476511226
0.012611285768999583,0.013224648855893145,0.012549617700615015,0.01255200413174982
0.016208529614110255,0.01632658467811173,0.01546870539964187,0.015218128596533646
0.020386216017471225,0.02162520103685265,0.021102163849611083,0.020708409352152523
0.9871969286068756,0.98650603875767,0.9852331018805692,0.9826285759059389
0.9963176113262482,0.9960383565008459,0.9962038134177035,0.9962923167174568
0.033739407381978496,0.03595612834738006,0.037227672870120736,0.037603020043918314
0.9141132384317693,0.9095432828656105,0.9114570018586489,0.9112359176327652
0.020366075742067842,0.019379711325325972,0.01905033360674222,0.01902415335389241
0.5022853050899405,0.49833561326565184,0.49924337645201716,0.49959738082605454
0.024294199568056826,0.024946532601136922,0.02508577582948256,0.02509806141731597
0.7850187190902481,0.7787430100345675,0.7764828872145401,0.7756588548924004
0.01745512854851929,0.01841595697243261,0.018031016996578393,0.018012215689560407
0.025004165565442403,0.02773034049764432,0.028144401108917794,0.02811009286923175
0.01614455442427018,0.019772551666524533,0.019120543995035016,0.018884793904358165
0.7534077246288923,0.746688658935128,0.7473717055040535,0.7482080116383156
0.9746166142837739,0.9759513935724562,0.9747299555126206,0.9711076125649685
0.05781399687935688,0.05698305084715564,0.0562040256147718,0.05612807751012009
0.03583101793019483,0.03663152633339802,0.03618292652097265,0.03573815833734681
0.820213484385397,0.817639476248905,0.8189459257361099,0.8195722596193401
0.11592787198976796,0.11383158608770826,0.11290487767448723,0.11299151590461619
0.9969063350792857,0.9962705673849291,0.999237771030132,0.9961676575014159
0.011177815979608288,0.01168285695054639,0.011384046701098825,0.011060122996354931
0.8655903106814301,0.8604536950071163,0.865150844762262,0.8558908097338491
0.030735144127099268,0.03257832358673429,0.03246141949530653,0.0325554669861264
0.029,0.02936352362283474,0.02988109260194066,0.029797360199247443
0.019898847979194025,0.019156023803624293,0.017752603054259054,0.018052801778466836
0.1487956759218668,0.15106183152207253,0.15050434308870766,0.15009363339666967
0.09826555769545312,0.09659446779416905,0.0960125974219801,0.09606029012700412
0.9764532048902225,0.9767203989650929,0.9769046881230559,0.9770045079248887
0.07524166543806862,0.06926594780701245,0.06821741603761833,0.06896271197768529
0.014098956185286012,0.01583253628623511,0.01552702986968386,0.01548998612783123
0.9507712991854473,0.9474382667605902,0.9459556837262778,0.9450561620631065
0.8905279273199382,0.8924587769945718,0.8927560576495961,0.8937525069428033
0.045890849881055476,0.044353379180756526,0.04486334706562984,0.04462878525814568
0.03598545673468068,0.03539830167110565,0.03599286224651773,0.036023473230535695
0.0272084126237634,0.02717442352776599,0.027782367117287786,0.027389604561467926
0.9734998213798095,0.9748612587134138,0.9751895498538921,0.9751767575698835
0.8555349634990427,0.8489155766661783,0.8477394023706963,0.848006473188439
0.26235982920677464,0.2628366381059003,0.26478075965124664,0.2645445625982206
0.04005702963121952,0.03579927269903043,0.03623371654867113,0.036575152890399774
0.11708293215040318,0.12286060053951767,0.12165273475074949,0.12352012587162367
0.7549223576271923,0.7493985555088679,0.7528402323908441,0.7521958044850201
0.029723058159921076,0.031577583644145396,0.03210833495267923,0.03218809265771215
0.021232253846168073,0.0225163646881959,0.021123797540718185,0.021188267938947045
0.09827439064652821,0.0966271688777471,0.09755449700170712,0.09711257422947937
0.01523921004894454,0.017727162651088844,0.01708614429342679,0.017181411237811334
0.7487272974830965,0.7448080744461306,0.7386646868207652,0.7392545853528402
0.8387296613332568,0.8355562330097489,0.8348834962566765,0.8342968629832224
0.9068006590894405,0.9082159528057074,0.9072017260237781,0.906390928911622
0.20843295332240608,0.2051517277134784,0.20450229844791348,0.2032316064656617
0.016423640427210777,0.01777358160913735,0.01765935490978568,0.01775103544092658
0.9483512054000773,0.9500974257327532,0.9490205106942393,0.9494690775446625
0.012176107117315626,0.011824021222017617,0.011986774691397563,0.01209821561876365
0.01223439131864658,0.01203390996415966,0.012635255944760039,0.012657333258487438
0.021394002508270005,0.023295141032755592,0.02261915053861536,0.022817219325332826
0.0152879782782682,0.014103072915002521,0.013306399303387638,0.013062132836551351
0.010022956791899159,0.01129517678154953,0.011302646265002434,0.011208456062617672
0.02805450362127248,0.029300757046633843,0.030001173678277943,0.029462553646486037
0.036386314262608986,0.038176144781389657,0.03766852337504109,0.037768495698597984
0.9023949851648138,0.8989432905454615,0.9007117981617644,0.899056228088961
0.9762609629710458,0.9756473426635478,0.9790606538074791,0.9764064654383658
0.021616957046830126,0.021933957505887062,0.02205393713470203,0.02160722573910819
0.03663501999827309,0.036022213402644054,0.0368445405910775,0.03681329213297135
0.013190017970666986,0.01326885488758376,0.013479646664073343,0.013240333659282575
0.032918469083350596,0.03386629902938153,0.03282678088156733,0.032442673758678556
0.07546564632063929,0.080196699953731,0.0792983497187575,0.0796892117448993
0.8738708682670884,0.8737411245452883,0.8702479502236723,0.8651202714490434
0.8532340407696004,0.8558887871288935,0.8561484632081056,0.8528140506780801
0.9028,0.8926957078283131,0.8954973205724386,0.8948463281584216
