5K,50K,500K,5M
0.9708305641643993,0.9685323656227949,0.9691168894295306,0.9682158328085751
0.058143097546799125,0.05456810718100686,0.053595042251609167,0.05380871297703708
0.08730982360134656,0.09101879597733736,0.09142398254249735,0.09193335082282325
0.024670832163096786,0.025440980648801438,0.02610668154031038,0.0254736212122526
0.04098854551131088,0.04257119205269974,0.04268539911763014,0.04215224351082369
0.8450938891625226,0.8379261991204521,0.8371538137578369,0.8379713010417132
0.03016686165402602,0.03328490114157413,0.03309865514176144,0.03317559330374514
0.01791647808394133,0.01705031695786061,0.017572547064930086,0.01767587126071167
0.08199749377760225,0.08148558614078852,0.0825760515059253,0.08209722860683401
0.019600373505810804,0.018934958087283384,0.019952126581433877,0.020522027695438965
0.14052895659112688,0.1414432177438994,0.14252422257906383,0.14185857711749505
0.01731302756923884,0.018907512252328087,0.018804370399148056,0.018761185974509376
0.10607549825133612,0.10849364939034317,0.1079315610128936,0.10826918331304297
0.16627676940818656,0.16427169707549044,0.16488241410240972,0.16505672797644538
0.016763148382799624,0.01846736074744076,0.01898451460487327,0.018958704089523885
0.7478530437446633,0.7485684060240313,0.7498814637323368,0.7508303851233654
0.04551126668197728,0.049952950814780565,0.049715996464280016,0.04950981749151174
0.045717144236040216,0.04757451912687513,0.04772792611551693,0.04737853235239858
0.11408631858068267,0.11577533069423715,0.11690017815352653,0.11680676007325802
0.7920786920702982,0.7820952204813629,0.780168278166136,0.7802627526649841
0.8581234437234032,0.8558750640554427,0.8561799149402005,0.8560607426474847
0.6008,0.6000839265872926,0.6026884542491793,0.6001192995784314
0.28438183061255184,0.2839983410183279,0.2854465181743655,0.2856971060168883
0.8027657702115514,0.7951957152499604,0.7969900455969289,0.7985522216973869
0.10337101462645118,0.10607160389616833,0.1066702737821733,0.10665879069951952
0.056816578296639324,0.0565697591630081,0.054983705627950796,0.054904516164998425
0.0909556004278739,0.08918408638397658,0.08980706601700639,0.0890830789793354
0.01122652983102382,0.00962864290187062,0.010083664715882165,0.010114260269868277
0.050826401099288876,0.053461673001637684,0.05452763310160412,0.05420589053402983
0.858729579657359,0.8547029081012372,0.8543826958580863,0.8551124710149963
0.06139274557186294,0.062087194567118205,0.06280243848213524,0.06164687847940845
0.8447325774178566,0.8388458993860326,0.8374716070922068,0.838210696446549
0.8610789150482324,0.8584208380273749,0.8583573735187915,0.8591979799183346
0.9016,0.8986964692710624,0.8987236065855427,0.90169361517194
0.014271771722365526,0.015085867610744036,0.01534651938569799,0.015369455169582298
0.08444775673656715,0.08234646779706768,0.0817597166610891,0.08157974854137658
0.23939362957696936,0.2519827622787463,0.25187051834803564,0.2522669818664638
0.020090191052014386,0.021064853146291338,0.021044371524764915,0.020774112875035337
0.0472,0.04877414710234772,0.050260381733035146,0.05010923123917483
0.025042958013525025,0.027017174236601414,0.02696699725014906,0.026996229471333524
0.9501228992186098,0.9413135586363726,0.9406426158494313,0.9402787214708105
0.0440309611953215,0.048086423115413945,0.047382761662411524,0.0469576767051405
0.09319934091055938,0.09290636296608437,0.09388953038166305,0.09303637138260168
0.953595559245213,0.9491482046190393,0.9501768165690666,0.9502722791050753
0.013816582368978956,0.012920359028201184,0.012635925997667318,0.012599794304711575
0.061710308660911414,0.06308930425927223,0.06276172650181387,0.0623020737331639
0.008360138912300117,0.010010831834881571,0.010021108395989799,0.010058654615350607
0.047702097453748926,0.04613696328264887,0.04624550339400871,0.045997133630963735
0.8271044109033283,0.8291982625279825,0.829396449313907,0.8283042336671776
0.011566561394650723,0.011869210479994353,0.011957461304795686,0.011836972304190719
0.9867402466086863,0.9877099033139837,0.9866456726540628,0.9892219652318255
0.031475524478011364,0.029854337725342572,0.029803453330078517,0.030067153101297327
0.011647778896139592,0.012811007901281769,0.013252410629846886,0.013391859160598084
0.01068531275480191,0.011656823955821244,0.011496027980724313,0.011412541148045352
0.15539628067951927,0.1571818022915471,0.15768887143784135,0.1579697900184297
0.029201357894608454,0.028861589341211143,0.029774770176132205,0.02920523348281308
0.026593301626470334,0.02757675642450141,0.027980953777639414,0.02764756763166573
0.025486619996446074,0.0255676981099083,0.025192476483987637,0.02507442217301818
0.8,0.8020209190455926,0.8012122251194957,0.7987783741510377
0.7955180430711177,0.78880619164178,0.7878666688207994,0.7868716644409225
0.05867637032250239,0.05822907389869906,0.0569481318350583,0.05736547209698875
0.7861893408877918,0.7808485461160392,0.7825649125640701,0.7845752319828017
0.969046696601823,0.9644941010497505,0.963395162492522,0.9630310830937263
0.009331915587366733,0.01172421507567142,0.012290753681015414,0.012070121246859416
0.05473060761555583,0.05807472729652486,0.056873796794266906,0.057250027171766533
0.04997343241985053,0.05305020830477908,0.05430847963109349,0.05403620086995858
0.7868087232945538,0.77210450389218,0.7712471683669998,0.7714285972353244
0.9184231156567423,0.9142738162794339,0.9148799974823398,0.917106512745817
0.8510940640140563,0.8550099477666733,0.8525346983297857,0.8508558622803574
0.8572314113136184,0.8549941945208955,0.8533840361450227,0.8544870200472506
0.8432051309150551,0.8369577621641985,0.8379011742816734,0.8385711297431708
0.7747901624232209,0.7704978321722075,0.7636881230074966,0.7644044512250829
0.7296779572074787,0.7260970057017175,0.725294805529834,0.7271127708383981
0.9090536425956504,0.9082605196916939,0.9058922952854017,0.9065197024143192
0.9706221420843774,0.9733770960455306,0.972618708886649,0.9732484548752042
0.11972903221026648,0.12188711109276902,0.12212958954453129,0.12189421501210103
0.04758033181088786,0.05254829246459255,0.053238232388435024,0.053003412355264345
0.024213909753021182,0.022547053376322675,0.02255340193370635,0.022677390340005255
0.1241928179795085,0.1261921930729339,0.12845761277084253,0.12701255628332195
0.1021878610330113,0.09433228242503558,0.09360601423263121,0.09398986007147386
0.8965489647167127,0.890644742866174,0.8913530716737356,0.8915761114224993
0.01705202825491949,0.015716389195611205,0.014957949759962544,0.014531060920121618
0.037949615426086554,0.03576780963859478,0.03645618015547842,0.0355732499596824
0.012313561019055112,0.012923903363543966,0.013017978366496933,0.013055014522583064
0.027799639165067936,0.029700836912552438,0.029284137905920833,0.02936732939034077
0.01849513857288143,0.021495319449174904,0.021689819710692823,0.021611494421156372
0.016000867605134424,0.017808373062451976,0.017963844596373457,0.017850932242563334
0.01485255504350211,0.015981793175330997,0.015568447243717146,0.01533954343585857
0.9035604932947056,0.9020300641663525,0.9003964564451151,0.9008736930349155
0.015788487011187034,0.01741829084735487,0.017981033103541474,0.01786168084061734
0.043994741032173115,0.048488441861166055,0.05053334889522457,0.050045471430767846
0.5650810134154249,0.5743218195470668,0.5724415829994597,0.5712563427495478
0.02622786947228598,0.025924200793970807,0.025559488463717937,0.025338038372296232
0.9395926861373207,0.9380046659681854,0.9395187513579492,0.9400173273255956
0.02590477897439609,0.02500811038230461,0.02622657035253268,0.025911720046203256
0.89395256,0.8862819536529327,0.8863796647885039,0.8860073402846149
0.9523889983703369,0.951301143747761,0.9504886086862913,0.9499984839095127
0.047936969746004934,0.04917110554929027,0.04884262054331518,0.048545260417427426
0.013475634213674792,0.014580402038601514,0.014353446806060424,0.014256079294304842
0.047577926889091064,0.050641105259006995,0.05159467433919189,0.051369116323542664
0.016181442490715185,0.01669837796743213,0.01737866500803906,0.017327303763845725
0.025461145938062032,0.028236762103883407,0.028073566122696438,0.028207168292040438
0.8682452442720255,0.8637322890466859,0.8623985592939722,0.8636493916287896
0.01318427210204502,0.010947720064217332,0.010702484036150142,0.010677179377854073
0.011924724566632688,0.01250913121623182,0.012348484384802582,0.01232510240157403
0.010359766249624243,0.011000255369818048,0.010816321738090119,0.010757785925036123
0.7790590999146174,0.7689591723937312,0.7674379468149333,0.768626302270966
0.0215103239232807,0.02272203556846961,0.021586817036247635,0.02153001600606324
0.012723992692888804,0.020168168873841277,0.017348141974835717,0.015601884927616168
0.9579106241870227,0.9588935129524208,0.9598914210024991,0.960050696380073
0.12106629725525643,0.11904976102620128,0.11748631402338594,0.11784805022900481
0.013862981922713943,0.01487418590038079,0.014514131313588814,0.014298880282330347
0.01874956410230095,0.02187132953284285,0.020992508380392915,0.020108142174532103
0.01227088843309287,0.011744261273512628,0.011931570004020942,0.011727150534383246
0.2840982657339674,0.2843358507218662,0.2838805025824921,0.28469430066006113
0.012927284503218105,0.01356195996069326,0.014170369017736457,0.013841887064730876
0.030607160152591753,0.02477023339380117,0.024289775552195265,0.02444242747730665
0.013925815792651187,0.014649100405820023,0.013964462178547915,0.01392157260184246
0.06682901663640356,0.071484242019301,0.07269999016861159,0.07312389567148879
0.06600675099306717,0.0684978902996944,0.06770050167092487,0.0672572402266856
0.4527194083343202,0.4519954101409695,0.451488725703886,0.4528621926938672
0.022154248756062467,0.02245464068865655,0.02226426229237898,0.022248721460487054
0.014763372500804731,0.00792094877562666,0.011854926318304055,0.011366079076755251
0.018591147926241596,0.01787985747776972,0.017395060712756934,0.017626941214161838
0.8722691535724054,0.8691930924711865,0.8666778033083367,0.869672682410073
0.8244957769642655,0.8151774210867577,0.8170136167529196,0.817336564451369
0.09500000000000001,0.09626222498631365,0.09554307084778338,0.09551245706531086
0.8911620774877447,0.8937758227514746,0.8950022478416276,0.8933672075395146
0.04209279467797705,0.040648380541155306,0.041367806624379305,0.04127291033311
0.059366846167329825,0.059142356357299065,0.05904962109999859,0.0582110162244094
0.9046024380387632,0.9016607511379195,0.9018810808692338,0.9024079860181073
0.04744835675986708,0.04668932205448786,0.04590950668236327,0.046169068588594486
0.023266184381567398,0.023222966588306575,0.023211286590108276,0.023337006208391898
0.021519544981523985,0.018804015091556672,0.019492053347833743,0.019353088352332848
0.02107529761633292,0.021950517556301778,0.021878345088176425,0.021739050560638955
0.028837552406357044,0.029565039734688842,0.03048508636046928,0.029816500366193918
0.010320492025006069,0.010788273884628725,0.010274489146956781,0.010258898807810543
0.030437946138292538,0.031535150629540175,0.03237054953860437,0.03218250220006744
0.9161682544608196,0.9136327341932843,0.9128999280660637,0.9129687755253015
0.845737645526477,0.8469000711289885,0.8441872164667494,0.8422109388390961
0.9498346051215916,0.9463223075768064,0.94454023003229,0.9446255653442732
0.09319934091055938,0.09288593541421192,0.09374159066148446,0.09313532378585086
0.013192981473956759,0.01277996404429563,0.01268840925971031,0.012567634598024215
0.03181901019405569,0.02870731846549009,0.029755663443527154,0.029480820243903434
0.009569481273937416,0.010202039404462678,0.010002499350397721,0.010061888269700628
0.09091945904094083,0.09390427766731382,0.09392648462359512,0.0931489377577236
0.026031061136556097,0.027825989824259482,0.028335358862815838,0.02887599147230319
0.018221003660142024,0.021086738767239252,0.021584439236941356,0.021670420511878768
0.06301200012913391,0.06260633496547345,0.06186448388859609,0.06124653808061703
0.986581650769407,0.9873496622540908,0.9874266652798813,0.9875885493771478
0.9726791135825111,0.9699915839315831,0.9683885535446641,0.9700672654807088
0.01753148127682666,0.015512357375508995,0.015049818226443879,0.014689672769131919
0.01967908770283961,0.020001204991685565,0.01971240131836154,0.019338653364399144
0.012311439490866863,0.012803614926048132,0.01254050276604942,0.012308859096803881
0.09972665894008897,0.09472371105918863,0.09569777442850583,0.09614729297588302
0.012404509156855741,0.013609009836812444,0.013607803665687698,0.013532217804785333
0.022481444843609543,0.022126380741556963,0.022962727770700915,0.022970533902044937
0.13320380645595145,0.13431531949685033,0.1358287678057087,0.1345966933944861
0.021013877258083957,0.01926799019778115,0.01750507821345788,0.017404924797522186
0.0496,0.051241553040905274,0.050108710422611766,0.049876155415949745
0.010092484852138237,0.011176555063287066,0.011536379239106383,0.011612921667796417
0.7380263353740443,0.7362995368551555,0.7331874435823248,0.7329837338264961
0.0481047130876489,0.04324031696489064,0.04401295311720162,0.0436903630658071
0.05120987735153837,0.05307669281304838,0.05396590237148747,0.054113764898361776
0.03198681787270411,0.03162237903186063,0.030185207640906035,0.03038861482476125
0.05031979681024584,0.05097145682914208,0.05066410180643388,0.05052799409242618
0.8698225823129032,0.8668278638968033,0.8685140158796427,0.868689321726273
0.00860063986253515,0.010696793497290651,0.01024501615182617,0.010207943519351455
0.015916940997226698,0.014751999526376921,0.014885210498157282,0.014751849605437318
0.7093302761219383,0.7090827317470202,0.7068724840145816,0.7049892507720782
0.9769894080442896,0.9772907498726857,0.9761381891448968,0.9762230694288081
0.9880744199656486,0.987639648156581,0.9875025371986929,0.9876518880198585
0.8993763425090048,0.8966260347375756,0.894227249910168,0.8952454621797302
0.022812410883040393,0.024531686933519828,0.025234280600187578,0.02535112193749162
0.037612534208726775,0.03893727686344965,0.03910051775604173,0.039054002883432096
0.28618821162630503,0.2854342312155555,0.2827589457723399,0.28230990851593096
0.9563255863421339,0.9508422027185267,0.9531720964668411,0.9519927259246888
0.9177281821715421,0.9145285013723929,0.913326582286893,0.9157278604366542
0.05708316771791344,0.05691495201301693,0.05725223672409759,0.05722705197188617
0.9241156490425858,0.9228470491215031,0.9212278376194413,0.9219349565153064
0.04651448853642656,0.04845694954478829,0.049647237892678615,0.049237227267361204
0.16179790447027925,0.16431419468661623,0.1639543839212891,0.16305811542799584
0.1200609320200345,0.1211965940354821,0.12220126973602055,0.1208845161525134
0.022116212558511577,0.024784433775387107,0.024691174433242674,0.024261388705236205
0.7898559555319032,0.7827045887363838,0.7852546494616256,0.7857716574722252
0.13750822836239857,0.13641302369479805,0.13472951141918363,0.13605989388388337
0.05512159406867807,0.05564242127000893,0.05561516478019104,0.05589356899597163
0.9687077756419219,0.9686094721437173,0.9702259256399951,0.9698432236109082
0.14304687369504834,0.14136893896612354,0.1403761134737777,0.13971529054169574
0.02145946242274242,0.02354944985947854,0.02371318947563267,0.023506496064463415
0.007394692299850402,0.010201184124966836,0.009647329884885165,0.010134645744258224
0.022789485877929526,0.023131937139598276,0.02358524278037783,0.02343081384025785
0.02081154481694323,0.021408384798413442,0.02176874611579181,0.021704363918529514
0.024132656918513858,0.023445428649042695,0.023539626623898875,0.023317017175138465
0.9424997754689826,0.9271004599780087,0.9293711244338865,0.9288617810431312
0.1022380270019887,0.10596498792309722,0.10550144346884885,0.1054008407680303
0.14700369558386583,0.14966187153407115,0.15048374618165292,0.1501075012063948
0.02187194195308514,0.02235973995408301,0.02173177524577975,0.021569615832981913
0.04156706213356963,0.04701667929434334,0.04701148064980242,0.04709020872109308
0.01939482126518729,0.019335786987868316,0.01952377482566016,0.01925753623019685
0.03313514013266174,0.035314879418572295,0.035542021919155474,0.03546099139379036
0.017799771626111807,0.01794667184198507,0.017251201663198386,0.01721222883883562
0.8124235295715689,0.8183803589527612,0.815376532852498,0.8152075945517442
0.017527035888477982,0.021247302174669497,0.02175458419748179,0.02171714795137702
0.03902928339255376,0.040048133712952835,0.04014288855846783,0.03996429610575448
0.04904903509695952,0.04782349276838852,0.04863803129399057,0.04854914301254647
0.08648674780245544,0.08861336928235536,0.08769050600026627,0.08720872045252816
0.15542866386530033,0.15186659950613043,0.1532972360482362,0.1524989054760663
0.3754415497182749,0.3776233940955387,0.3766463467875441,0.3765921423935712
0.01981617852044316,0.022029325355716264,0.021739968662560925,0.02166528501067395
0.05516200369247547,0.056950322962148275,0.056519496782170595,0.05678576011408005
0.1378326104888954,0.13977934572553108,0.14039679015193737,0.14089874452059575
0.2725184457890303,0.26530854448477165,0.26818104464858533,0.26812786160000546
0.02670155301782107,0.029759490045620073,0.03030713647145416,0.030084464593597197
0.3982458295674092,0.4018397596880207,0.40063793367348477,0.400374941111556
0.8573802476264503,0.8500751487831566,0.8492244239614776,0.8497616515698646
0.03488589649605556,0.03375302028908005,0.03497328535492252,0.0347995088148771
0.08004529053702311,0.08888227075174833,0.08686840276952108,0.08686255576528545
0.031771689465230415,0.03274212676240497,0.03310013499981085,0.032579493863738936
0.9024614715932102,0.9007608338489763,0.9013940385832754,0.9016541012857208
0.03190193552750794,0.03359450826678169,0.03354619229119921,0.03312664047197557
0.03419301544408688,0.03189456629440448,0.030624625802499788,0.030240770254410684
0.009593617869019083,0.013287578318688332,0.01325932971633249,0.013389262314959845
0.0319856165756821,0.0357785290568918,0.035660393890868884,0.03578958235815644
0.00984760795544838,0.01102418328317257,0.010888189984750924,0.010863244305604305
0.021786805642966832,0.022926112685099007,0.022511667397056633,0.02273291317200449
0.01683493804042022,0.014906343584806947,0.014450792824687702,0.014098975198309539
0.9089965580625031,0.9023799951458199,0.9031115312616359,0.9050279902080078
0.0328990029614374,0.0384140187256658,0.03994225087063076,0.039224732395401446
0.11927144429244106,0.11598562271049137,0.11135780226919523,0.11149801057311652
0.02562422869311534,0.02786135102807649,0.027982105142088147,0.027853179608716697
0.09501180000000001,0.09337593657857958,0.09565259474727834,0.09507510123177483
0.0554422029077048,0.05819561026703557,0.05749333320985068,0.057511360903949656
0.8669571649817234,0.8626401282360215,0.8627662602946066,0.8627754474764318
0.10530270919612122,0.10451959016598948,0.1050167746743197,0.10467376030788705
0.07165998042138534,0.07257663274638693,0.07528261376057867,0.07492791346881404
0.1526297231875791,0.15347855881533182,0.1527917455261773,0.15243111661564987
0.041348118456389846,0.04482993631910511,0.044183318660496816,0.044072525956961074
0.03685106322618317,0.041848398424978644,0.04165510191880975,0.040808057676802276
0.015963026452833318,0.015050502320883313,0.014733305621129419,0.014557964646104617
0.24905560420214337,0.24757178400575022,0.24887536981989694,0.24864798935541482
0.05537413071072662,0.0563642240702827,0.05603649613103087,0.05568976568931157
0.8714376600343536,0.861493870413038,0.8608908655999568,0.8608354552780634
0.01107486798589996,0.011324545621977197,0.010951666650534144,0.010801169418806178
0.01197001582033743,0.012198442592934719,0.012100540068548262,0.01199396405527855
0.08866650039701167,0.09539794223795406,0.096682425841793,0.09615632875362978
0.04700925164064258,0.05135341700855559,0.052983225371417496,0.05286785601988149
0.021368170018015217,0.02236562738588388,0.022877685224505024,0.023005181551778955
0.9702387965471694,0.9695686293745955,0.9698832734936548,0.9700732674699716
0.06200034899198439,0.06260395753931147,0.06337111086215627,0.06223450343081191
0.01398375049642256,0.013666289866675336,0.013686579200146737,0.013498555700467395
0.0204,0.01997440716599352,0.020055561898238004,0.020031861187001242
0.038268160582172854,0.0380780659027877,0.0386342486649056,0.03859687793203855
0.01140898547297135,0.010462741026776738,0.011184617805143834,0.011019660494409542
0.04749280514104611,0.047631120325051186,0.04815843273509872,0.04746455297283714
0.1543255809228647,0.15425772658207726,0.15848684618143152,0.1573607688268012
0.4398016073257706,0.4379897733592595,0.4386568758483177,0.4380861516493884
0.0217425337147885,0.020845897948921596,0.021080339104748578,0.02091804384047747
0.25021667978767465,0.2537898785373206,0.2584144002293322,0.2585514346356135
0.011454439648308366,0.011881890730732926,0.011349226059481249,0.011312022423268977
0.11521542979265065,0.11702446724800097,0.11824872210177809,0.11795926420512548
0.1744786916099001,0.17177556758469578,0.17280236253118159,0.17390592076071032
0.1126390919753462,0.11546041605403462,0.11497639719843641,0.11624936724411947
0.059366846167329825,0.05915182197400125,0.05905398980895469,0.05823212250634268
0.039412694552654476,0.0390332326755723,0.03937778613350511,0.03864719389345491
0.05069675945378253,0.05199620718289919,0.05224219499954371,0.05256983021523268
0.028162744494092187,0.029216044568878784,0.030449658029909944,0.02996834447287752
0.024912249123402952,0.026578358007432686,0.025390510001625587,0.02524920339516535
0.27324599082461587,0.2706526984366026,0.27280821496263014,0.27221661194739594
0.04595595364857661,0.04909785576914473,0.04975390226899374,0.05012042528326728
0.9896,0.988865586564854,0.988246567479437,0.9911722354555077
0.07809795240727871,0.07781514130357849,0.07718457205344127,0.07778405187366179
0.04945666669779318,0.0503126413762286,0.049617003002490376,0.049685515632110676
0.03618921639495183,0.03766180763066652,0.037413296164732344,0.0370818562075252
0.06254598590685505,0.06437579247254835,0.06543946178954198,0.06521157164618949
0.01790972517280399,0.019851173276074677,0.01983262652154675,0.019606147689325594
0.012525793902361087,0.012840553213848471,0.013000168295415336,0.012745404898253754
0.011792318644035602,0.012224107293208341,0.011979117329548988,0.011776322513528847
0.012026994670527709,0.012254261227294123,0.012022412582037236,0.011899024375713557
0.06267744556736275,0.06400076196720104,0.06486149358803546,0.06409673037278409
0.019311339932159013,0.019963803883244678,0.019626457637331722,0.019682282233292187
0.836664628240283,0.830342761312177,0.8301897337791361,0.8297442977829655
0.010201047704448076,0.012880871574686984,0.012963158559775817,0.012851495270753577
0.013170220668661867,0.012748230823580602,0.012734480172831826,0.01261320757891696
0.025915658431235177,0.026302850802183936,0.02618097934361492,0.026327130304676784
0.8102295178925778,0.8012955654020301,0.8029370778232526,0.8040914333502074
0.9406331538326699,0.9405567256740791,0.9406514275294529,0.9421818742457758
0.03678087065542927,0.03779419796235649,0.038280971230114355,0.03759565150371445
0.9193837898397171,0.9219658304095912,0.9211800115496995,0.9217021237715639
0.038291880955215164,0.037986619966006274,0.037840384917421664,0.037546645225434966
0.911729549330723,0.9141726599658353,0.9149570417580105,0.9159706925042959
0.02164495428683911,0.02072507448362585,0.01945044048809484,0.019173260882454492
0.03588730704949328,0.03540662041420822,0.03503822880579838,0.0347898618203853
0.04001363883290521,0.038810086913936004,0.03967013028176879,0.03947789706814474
0.018637096651966008,0.01800675886271017,0.01897297219571687,0.019513081599371783
0.011740305554147137,0.011989580842874515,0.012089488914677822,0.011956257768162188
0.051655049006054145,0.052603749414149074,0.052507116673538676,0.0527699786169782
0.019513806312717867,0.02122215062046013,0.022065072063230332,0.02223658583775106
0.012324582211907896,0.014116877406737052,0.014650429058654357,0.014668725305237969
0.012322706336847254,0.012595109079464085,0.012326964308586482,0.012120784162696817
0.08525177742451391,0.0951425586488804,0.09429091232138972,0.09417531670520247
0.021250134444383964,0.022149486807580443,0.021800460729475987,0.022075151961756457
0.023250845067799075,0.021662666292973212,0.021643599594177648,0.021772204939235987
0.8528837181241787,0.850290983768139,0.848907372804758,0.8496782656814692
0.018399100256467852,0.01952416615080329,0.01958966972355708,0.019646886720670484
0.07830653062176238,0.0824087092618759,0.08256434061715862,0.08194735834729923
0.0206624,0.020270085104765502,0.019165173518802217,0.01900740565806211
0.011966647746687348,0.012207575251067469,0.011966496359954682,0.011775503257778982
0.025847520836203015,0.02515137679670164,0.02502346279715931,0.024993673042381054
0.120254113496616,0.11948511367712156,0.12030598780958494,0.1197404753506518
0.027318992384283303,0.02876538348674334,0.028602812755062983,0.028829864587593103
0.05793462697130097,0.060495282203528414,0.059545317652431796,0.05915678393416497
0.02213799109302431,0.020080505781093883,0.019356185196661324,0.019222628153625843
0.9878710841200015,0.9857946223014264,0.986307776672116,0.9864198425083914
0.034384415950539565,0.04175122694797123,0.04243371198542697,0.042882057628187926
0.04305011638091518,0.04529675955660842,0.046942186104133525,0.0467331104347623
0.5835495640466938,0.5810846365679849,0.5805051505394424,0.5815989279108579
0.11610434200940428,0.11426850821161924,0.11433765865709593,0.1136304422588873
0.019808188349720195,0.01985940420034542,0.02015884496911775,0.02011636503561184
0.02398602791619652,0.024314608281145633,0.02473662670792454,0.02473241129507621
0.9916,0.9904186513043877,0.9887758388526087,0.9896127387653674
0.7647080699133307,0.7543870530756288,0.7530141476877482,0.753827508498122
0.08444775673656715,0.08231352855116394,0.08171675014965078,0.08156025299159045
0.019135807906855484,0.0193889975403213,0.018971360478525847,0.018834612473119863
0.8719462658626748,0.874316564454341,0.8747012148646394,0.8750821046344677
0.016752721861845184,0.01668725728300255,0.016361320360213528,0.016488532838813266
0.042070979170508144,0.047499982825021936,0.04603272670148865,0.04577154178007266
0.04201942803676285,0.041651703391126664,0.04043158990465745,0.04039845560576396
0.037945831412915625,0.034898833749074466,0.03404052709147017,0.03361669398303258
0.05273073366742605,0.05844615352611844,0.058300698292613105,0.058057545552357
0.0315282404755327,0.03129652695657242,0.03125471210974845,0.030773438051666328
0.049662204882633516,0.05541158821415719,0.05548479643070464,0.05505263823272592
0.01693530450313664,0.0161751333023524,0.015650001966004266,0.015694239212651572
0.011006789916593278,0.012691952474014037,0.012833943817955449,0.012887729624518581
0.11635365335677297,0.11352210249250741,0.11244744709231763,0.1138070864189787
0.018209657256996872,0.017787950010597877,0.017851118141557074,0.017850000311666704
0.05006229300419894,0.053125717281447486,0.05438378317726745,0.054105125608815745
0.08389765854490201,0.0819537376452143,0.08229145253836473,0.08263105271390625
0.00897824587555184,0.010429310350282954,0.010410520287077377,0.010535825775764441
0.1282397903125481,0.1336590377271766,0.1313537465377053,0.13297919388561205
0.05526053793222057,0.05861727695918054,0.05759876794009461,0.057479400639712026
0.04353599501145169,0.039773292521576645,0.03875657362197833,0.038547291749153466
0.8636190467034796,0.8562388657722105,0.855176432888717,0.8561323688613448
0.7993005016846892,0.7861626341004588,0.7882326399191701,0.7864850393942072
0.03522164278497558,0.03363702846242434,0.03427490352396591,0.03426028335763875
0.01074523263452221,0.012623093452295758,0.012138965475825585,0.012051032618446785
0.13158286880366996,0.13013759260370789,0.12831125376670496,0.1297065339720685
0.9360167972811619,0.9321990163347984,0.931168566732034,0.9315612715193484
0.012418462705130747,0.014464409385311499,0.014411279819665055,0.014343111937172257
0.037654991162390204,0.04150746264055659,0.040658514179286134,0.04035909834018434
0.019474557720874183,0.019745954878685155,0.01939339115272893,0.01932766585049589
0.8408960946011662,0.8388214671910902,0.8387597784356637,0.8388930399286788
0.034632910809840656,0.03246796169788822,0.03315899190413718,0.03305643700629717
0.059390866938261476,0.06283593992867112,0.06286268429225447,0.06222678819612773
0.12241529614338223,0.11592334163615149,0.1149450510956777,0.11531336349891011
0.8483447157999503,0.8424489058919759,0.8419315545674987,0.8429867667541429
0.1015151968602117,0.10734120193628702,0.10803615938910753,0.1069289746006691
0.13846584881387713,0.14361523452539848,0.14351734179610598,0.14282169750439888
0.038170416121358255,0.04139824577313605,0.04071273192391157,0.040621139512180514
0.06202748516205505,0.06874800885653368,0.07007667606553952,0.06955840290871686
0.01566586439704735,0.014512641233854547,0.014197588982866698,0.014138822454842385
0.04423973982226219,0.047165630905456765,0.045301798317966144,0.04463201962566063
0.06467882137522593,0.06456282048030026,0.06528805044570976,0.06500873657486324
0.03149389030046361,0.02887967822645012,0.028767090140700387,0.02850878869557923
0.7839688186821209,0.7744983033842632,0.7733547516989725,0.7749222674175177
0.0134523408446556,0.012937274985039096,0.013139922266691754,0.012917432499907556
0.985926449118769,0.9867866663283363,0.9868097851351192,0.9869953243766908
0.014301529303871486,0.014683200724238057,0.014559644300075567,0.01475090864581098
0.024923138233272277,0.02665849585423469,0.025740955881171115,0.025245372706753415
0.8282623866075349,0.8258730949862754,0.8170149637228085,0.8202070174316123
0.06043618539465768,0.062017171416820054,0.06334930604390931,0.06323762583019679
0.014391330567842727,0.01543009369564027,0.014788190390827136,0.014641705781533869
0.018850270160248598,0.017310547153016897,0.015577298533421992,0.015410569666343259
0.025430801389811953,0.027539429950787248,0.026687790310432346,0.026401614645616307
0.012877216619267927,0.01334029038131021,0.01334234446976493,0.013174452552562716
0.9462712135442075,0.9461297910599141,0.9455041075603454,0.9455883388970133
0.028474131115578796,0.027168038366905633,0.027310539671245988,0.027088151250545103
0.8636547584589944,0.8603913665858511,0.8596315782041072,0.8594465209471573
0.1061980601582955,0.09969001693576846,0.10094894079299321,0.10147898554124055
0.04952593555458182,0.05191595081906039,0.052604619950709,0.05235868948398022
0.010552744815759602,0.01133616629417254,0.011303459372618212,0.011204289616427688
0.01227088843309287,0.011746375475379378,0.01190475385885711,0.011715210894922078
0.035724573804242404,0.03633381180553869,0.036045003580642984,0.03559163576882864
0.02375585738835547,0.025564915388396652,0.02542321799010127,0.025519858760709883
0.1132491690292799,0.11396573584500089,0.11169620232217645,0.11185882551685553
0.9750812581784627,0.9777165599826169,0.976906872806922,0.9771196643987887
0.040095286982249206,0.0418949119983398,0.0411671209282279,0.0406989809748161
0.4731312734491602,0.4715556522245468,0.4714396390054405,0.4721178568691647
0.9568157529752647,0.9563866763847416,0.9568243871446172,0.9570002967685926
0.10947028096849444,0.11276490714933964,0.11230301447651796,0.11263823463990728
0.9530899345135067,0.9517337864343371,0.9502578371401946,0.9504803552394931
0.8469629793320042,0.8379005797959852,0.8399180210288132,0.8381329969676923
0.02408358486427361,0.02720987846036833,0.02735178511858178,0.02727648953784324
0.9366902996538359,0.9371005037236655,0.9352744048594701,0.936227324684169
0.05462418593744207,0.05742133622165007,0.058880015475261255,0.05832477417854477
0.4380165228197382,0.43814922054756666,0.4357355547137514,0.4366543426254066
0.724857724420172,0.7071548114630842,0.7039300532879831,0.7049320325067728
0.8977619729980113,0.894558830491569,0.89400442851016,0.8939584372261611
0.1870997375717278,0.19619829998909202,0.19407703737132626,0.19290175613966798
0.1832001986755602,0.17680992917616342,0.18059161493367956,0.17951207989008583
0.7331229484156592,0.7203039181342689,0.7210114992396902,0.7194665916832385
0.04359312238026951,0.04321010194704964,0.043802240844667405,0.043143295087774876
0.019301218801785355,0.018074956597494127,0.01691773321949554,0.016662044956612613
0.04262786921759915,0.047179499413854326,0.046344282027162585,0.046369299294892016
0.013682794349524697,0.01477158224917982,0.01438094289173974,0.014176413977386886
0.06610060366517174,0.0700777844796962,0.07128997776506835,0.07148813203547115
0.04236643597235385,0.033924066866444745,0.03224132769768893,0.032370842996425696
0.028469037060884057,0.02823593020776177,0.02909825071946826,0.02903871680650715
0.028162744494092187,0.029231822985950746,0.03038995170420883,0.029992360372319123
0.09188769524415745,0.09168283132082976,0.092655685243851,0.09183241869460354
0.03689501220730511,0.03385849881778686,0.03370649519428038,0.03358094405897896
0.18757647042843106,0.18168511802365278,0.1854117646827892,0.18429202255375446
0.038431053895878274,0.04075296392436922,0.040207416231118204,0.039801688690421166
0.08843545882734373,0.09111822250860813,0.0910337535736988,0.09030123986341912
0.7317957016962879,0.7215234073266094,0.7203092932229009,0.7211402807532509
0.8627623929304967,0.8618677635921106,0.8628225850683487,0.8636249135003095
0.01664466697322455,0.016461647770313604,0.017474429707128255,0.017641666591701508
0.9878710841200015,0.9851248445715546,0.9861045497150136,0.9857970795452331
0.04171016937103912,0.04557618983397301,0.04536487423636613,0.04520006312772592
0.7423286415226957,0.738807063946385,0.7441938090508636,0.7452388035082824
0.0190020406323576,0.018892840740081126,0.020017861211581795,0.02020384427245313
0.028750404282946913,0.030412409052986342,0.03084609835052878,0.030484301522917864
0.9121579564348318,0.9111405156508181,0.9104261682937036,0.9114600270094104
0.8256642513573654,0.8192487124676487,0.8179883783983368,0.81811031198713
0.019007933057101724,0.01819359258443863,0.017632856216836936,0.01755540921114558
0.011970433493681251,0.013966941793579872,0.013472339121734348,0.01336321522671843
0.06088225818817161,0.062256681433945874,0.061864502689289454,0.0614806811826244
0.9623306658039281,0.962512172331688,0.9626384582496744,0.962972905517612
0.7138707415224522,0.7087485989195876,0.7094397086953254,0.7077471931771333
0.011906112697197154,0.014612167750870248,0.014006612274426048,0.014051206663600524
0.690614335836554,0.6867133840062036,0.6884858803443844,0.6913974095571725
0.8674072640742913,0.8650104037836858,0.8649903265809425,0.8667167255057506
0.7683110544778727,0.7578597346172256,0.760354044318962,0.7613691709914825
0.9213391393136124,0.914395822828288,0.9134650647900475,0.915391608272586
0.04820208558341112,0.051432405583211396,0.05086754505807337,0.05084467641524907
0.9318246964459519,0.9289351073472453,0.9281491592231237,0.9285700639301058
0.14707365859379734,0.14409993618936603,0.14371628375239112,0.14395023753758415
0.9247680534746644,0.9256422833336757,0.9262950288409995,0.927077107514016
0.05000372013101831,0.05035453611616502,0.049792036111887726,0.04971795532844672
0.9411813387344484,0.9453540357576481,0.9456935105668911,0.9463191671478024
0.0392083172416949,0.040918068358315976,0.040725867378064995,0.04069227059581872
0.012486132112211066,0.013680047261873423,0.014010744870382032,0.013778305316789408
0.019278925747752106,0.020325105074959115,0.018983401436675065,0.01919180801643522
0.2982,0.2981986154531496,0.29998887420696957,0.29936632136446123
0.017147241068967013,0.018201919533432073,0.01828457383504243,0.018124578267664813
0.7080727951157286,0.6921544876528729,0.6892628589568488,0.6897505306371222
0.04660684325579008,0.04961609476886023,0.050746054596661275,0.05061613338077323
0.2918252007162296,0.2993453858398622,0.29963702533521835,0.298210539611441
0.4299684691888389,0.43001357919958033,0.43289638727783036,0.43342636902055803
0.06036894375327884,0.06131971848351217,0.06089208019715786,0.06039160101809319
0.10730965164679984,0.11011711313471906,0.10987501868729391,0.10923159331392898
0.061482804920453014,0.06501425431354299,0.06544829787015073,0.0658293887355562
0.018658155334831155,0.01727065067124511,0.017032507849732214,0.01666911800723089
0.01722751028892246,0.01857300878375139,0.017890274568027636,0.018020687416738942
0.033346794775051224,0.03615637861129591,0.03706202019574845,0.03697676354588421
0.01056259924796244,0.010390082311660671,0.010363635189557118,0.01021447856556749
0.059390866938261476,0.06288371105712617,0.06303119700300293,0.0622963631181424
0.024743053665392686,0.02628360183502827,0.026241489253405713,0.025782402234236314
0.3277435796776718,0.3393619363233405,0.33444894530515384,0.3364285291126384
0.020071092997369668,0.019872552459425884,0.0201125972358613,0.020146272738090908
0.19610619576071206,0.19575844039544274,0.19642602125643838,0.19569609590056247
0.03776114173174123,0.03786000526949502,0.03773007618698688,0.037770261283260685
0.018342899974422944,0.01813023241258471,0.01709830630265524,0.01695739433937817
0.9084042326306625,0.9042531543772833,0.9041727613245729,0.9038188747650535
0.7254774178962925,0.7227139307666275,0.7222616020061187,0.7203443389551497
0.06216663793776847,0.06560075626448,0.06611606823421384,0.06651422494585121
0.8783775977587909,0.8751723840532509,0.8766768142742327,0.8776281396765124
0.07049898019413005,0.0753207080905874,0.0773473754254249,0.07680524553943652
0.9902,0.9916860020813766,0.9907133517166903,0.9907568604644188
0.9090805409590592,0.9066213840104418,0.9072124708214497,0.9066414496451657
0.05330515779162967,0.053386250276038105,0.05403944743948582,0.053109573767803
0.21482310680006417,0.21008410600469304,0.20909143573905095,0.20913495274919577
0.05838389159675643,0.06155583430697871,0.06314299603550083,0.06239241246736742
0.8346809956389086,0.8295502418035426,0.8284346003395751,0.8284361586769384
0.0804043984873064,0.08897704963579571,0.08951045463518582,0.08874462509265069
0.01631610093567007,0.01900267099459397,0.01814483239677452,0.017877903588877128
0.06641516179144824,0.07008445251760935,0.0713226413896333,0.07138043389406941
0.045366841844915726,0.04684506530990715,0.04676610300522355,0.04650987036595088
0.016738071443074046,0.0158075340593288,0.01691665584650002,0.016159401770264648
0.5321914654558407,0.537101478537784,0.5348789462349198,0.5338018647310869
0.024553549574551085,0.024460845533979328,0.024403056025918395,0.024541931549441925
0.9757345591448335,0.9753518257364113,0.9740911852645464,0.9749117034111983
0.0211510180272286,0.02429725982320854,0.024955332500310567,0.024650843653458647
0.05137801931969585,0.05273697763145667,0.05304409526243614,0.053160785455820335
0.2772295707102509,0.2815025464956985,0.2821513920373182,0.2824589002145371
0.8690416758810556,0.871557526722929,0.8714990178413287,0.8727559999444385
0.01523763753711889,0.01431948455859255,0.014190589003615018,0.014210783519184233
0.9818823200000001,0.9801699385387427,0.9782274216468839,0.9811112744605424
0.03543382769885126,0.036241479845709954,0.03670870954750748,0.03665712650754396
0.016822656726340802,0.018223042454350073,0.01772888661682996,0.01729060364063923
0.06789296656388794,0.07514884836826474,0.07246804008893373,0.0729433936467166
0.8148890179271081,0.8017750585099142,0.8012485354753826,0.8020385598949407
0.05898019732371365,0.06027687138072668,0.05972484723840622,0.05956004250302212
0.03047384637460636,0.028982257080172828,0.027519754671324274,0.027256724999530652
0.058298907721700856,0.06469452491633766,0.06455941475092286,0.06482826014344797
0.9850057665696665,0.9852924416240391,0.9847229129188922,0.984727658597596
0.04559230650273334,0.04769535689357273,0.047772510281170036,0.047657059585595324
0.06163572594377768,0.06161691458409448,0.0606170017616238,0.060482205215471894
0.9708305641643993,0.9683580913734505,0.9675789132739925,0.9676751042789046
0.1157291443600303,0.1213265388663338,0.11886227130982883,0.12041202395221824
0.010661797548992718,0.013666474350110742,0.013280988770775975,0.013174439312791487
0.9126908301462543,0.9060318603130783,0.9060105378309877,0.9064604720820224
0.23225540046350163,0.22935994998730355,0.2323977849165191,0.23185690811641416
0.028755568136139022,0.03114855704529942,0.03070753096596596,0.03077802696990505
0.020240683461144996,0.02143863925909068,0.020903770199926126,0.020544850639443446
0.01938025409330783,0.019579275310538713,0.01989734390009207,0.019877293927137524
0.033102422313090844,0.03341409323963179,0.03362396051481485,0.03307328889695168
0.018894263554876358,0.01852123686764582,0.01918698540724286,0.019314376540605027
0.04090437623721956,0.04005644608332308,0.04117866094345189,0.04077411465561841
0.035913769116307934,0.043173334922827065,0.04286166348176749,0.04292837611439998
0.09830218334141966,0.10078892619310752,0.10039763885839123,0.10018554654387983
0.013107279464893675,0.014598131793227343,0.01443680864533359,0.014251038085717921
0.019896373559255456,0.01899371392313695,0.01865078166775159,0.018386039950553594
0.7931097836834963,0.7849044107950164,0.7830991966576043,0.782719355339833
0.04009604041890961,0.04103724944673612,0.04161917980043626,0.040917192711821745
0.009198131404315545,0.010485405582724263,0.010312745722013301,0.010214886013865195
0.018121199411022734,0.020079004726728723,0.019814832121448203,0.019868472207560314
0.017417287845737,0.02136761990058181,0.0208318951805234,0.02092495847413565
0.012796197628055882,0.012314713077746741,0.012301720272317285,0.012190409350235524
0.00860063986253515,0.010693800669660409,0.010231127548738303,0.010202267826174706
0.9392716049990958,0.9348741982846982,0.9337740213918463,0.9326205135508282
0.5926162272154826,0.5823352663205189,0.5820349550845573,0.5830109572251604
0.9392716049990958,0.9355292521763112,0.9341232389071462,0.9345112881600878
0.8926903483532,0.8898410323171982,0.8902772519479194,0.8906848830981796
0.8974413435758813,0.8951540928880355,0.8956770741163707,0.896619179091833
0.813757526363243,0.8078991589950564,0.8077052115373424,0.8085563856053101
0.010703253637789456,0.012138566087394657,0.01172930356822756,0.01180922596200993
0.08029327966831136,0.08012475939893411,0.07762400072848147,0.07761413899159163
0.03503159662784418,0.03583200674919671,0.03688040280699757,0.036324207921925936
0.15240774050469372,0.15301710054116024,0.15239389854188307,0.152054361645497
0.017525131624339618,0.020318691865293562,0.020089075107021976,0.019932674464322817
0.864907626484284,0.859139387569826,0.8594577748428065,0.8604739971965852
0.8535219936936167,0.8452828088868711,0.8460007360359398,0.8480407664515263
0.0463368581897984,0.0446844598552114,0.04476581444528434,0.04457326942261912
0.4806253972836313,0.47962382497442474,0.4817130068694241,0.4812106148954037
0.02287390037867213,0.024123646607152716,0.024102097092872646,0.02436356585981277
0.1937472060641221,0.1906045421507549,0.1879182460058352,0.18799641396788447
0.012765676457253454,0.010886271391149636,0.010954150045614511,0.010965774401199332
0.027702294637936657,0.029281105849028304,0.02981233094357973,0.029963757600094353
0.13948743667385774,0.14548216733611782,0.1448184595718591,0.1453851035824695
0.024568765595328487,0.026492618527465768,0.027772409679814977,0.027941346811901083
0.013009660850785152,0.012617390286456063,0.012505098783901158,0.012424420449588094
0.8442880617050509,0.8497063694086815,0.8465703376690636,0.8462097946988835
0.9342356033036888,0.9380819299925965,0.937628615771178,0.9382525530112649
0.14141893871839076,0.14970033085299594,0.15258448494932902,0.15082710837737182
0.0477504,0.05000036595719589,0.049384797920566846,0.04982734477244366
0.020440691236030154,0.022052693423128038,0.022935233041785467,0.02288526748196521
0.005952592524484533,0.01576737974502986,0.01628292844630976,0.0165669052843827
0.08396831837865602,0.07497580708202549,0.07669170777535941,0.07665334952292344
0.022389531114378823,0.019736697623481472,0.01954954244239011,0.019295776891273805
0.7959159301562403,0.7978167347031341,0.7957695893181679,0.7956005135425569
0.7250475959941709,0.7226244695349292,0.7245684548569,0.7245212342195886
0.04602126775905371,0.051008778387497324,0.05001371179636772,0.05023666883208011
0.0359690724735885,0.040253779428029275,0.03906218785529741,0.039281414640829126
0.11258819246931576,0.11431723672545872,0.11543998249352316,0.11535734536317406
0.6072,0.5990878228729942,0.5998831789133711,0.6007472544923471
0.09033642661567737,0.08309869543280025,0.08206583017575574,0.0824466511525619
0.9430164680076282,0.9447222918517099,0.9454931078658444,0.9445532633193032
0.8991893735062028,0.8964200264105804,0.8968841543771056,0.897187702491143
0.9572778594076984,0.9529358029507385,0.9509788339202967,0.9512896661822561
0.9869335076700007,0.9835692349827836,0.9847494194635212,0.9850685969637157
0.019821785352799985,0.02235731847290743,0.021485138194470704,0.021270801023225986
0.1745691661184772,0.18131593477095673,0.18314119756954825,0.18422199526427782
0.049,0.05041377329813615,0.05018746188289709,0.05019624878026571
0.026423473792488123,0.02721891367427711,0.02800317421183561,0.02769099107577862
0.03905017967455941,0.04261017652297466,0.042459223559201974,0.04254383214411333
0.06633282510728648,0.06559822400864058,0.06471525551597371,0.06441103429185656
0.058383891596756436,0.061504202164525235,0.06302260244156314,0.06269012027207735
0.9771971746487164,0.977432833743516,0.9774743538639716,0.9777161807213027
0.04762508747120602,0.04762809783482008,0.047450806108734304,0.047955246018452524
0.04315936490230308,0.04440183487324835,0.04437254247146798,0.044044610074756387
0.8157896514090045,0.8130679279225068,0.8133557353487331,0.8142768812358504
0.25275454671829606,0.24693712214921165,0.23880163331159843,0.239946670589269
0.020579530135502046,0.020432715573713112,0.01988488026710668,0.020092432418386822
0.028491223397399686,0.03075007000632316,0.02978758974924649,0.029578113010528304
0.02025020851514171,0.019830695916911206,0.019550031262748502,0.019423620535434855
0.013603121014114098,0.014802791813150539,0.014459262027312425,0.014285469449213651
0.00956514193362255,0.010970911085831462,0.011002520756658762,0.010796693807718123
0.08623389943873176,0.0888794236577894,0.0887910258343398,0.08811344207560894
0.02613022579133963,0.02536562679734081,0.025516800270892204,0.025230446719374973
0.0165976833779539,0.017886973763000885,0.01787891112634033,0.01785906338244184
0.018218415378243244,0.01958687938587072,0.01916833938845028,0.019015477485997835
0.7909478453536714,0.7810590726288809,0.7803408818432969,0.779978460363322
0.010918280400219112,0.01236104374294427,0.01196190120034211,0.012053809506743842
0.010738002119401867,0.01086449490364085,0.011091003199616577,0.010985149167279305
0.017052028254919492,0.015712622890937427,0.014948952091673701,0.0146011383422087
0.02265894771258882,0.020375632074235754,0.020387941548680937,0.01997498257461074
0.10566931598729143,0.1071973072484007,0.10801245618181038,0.107989148447673
0.316544589385896,0.3191617138150585,0.3162514816510058,0.31711458150093114
0.9248678573862094,0.9241917350999702,0.9249763043609388,0.9252059375177095
0.01318427210204502,0.01096305748594436,0.010705076521400885,0.010678060358004095
0.012033798965977406,0.01178234530393185,0.011886899314408244,0.011703770648855309
0.017057670111233023,0.01711287148616973,0.016784334865141526,0.016812456719860543
0.017259820408935846,0.01716351894458391,0.017820615568271483,0.0174666544183176
0.07644667477338943,0.07544182164267675,0.07578195245735551,0.07510508861065206
0.025267370417183344,0.028954130565304124,0.02900400609827617,0.028636167878544647
0.6339555571275053,0.6328522781351045,0.6286337216503721,0.6277873235462671
0.8120832280145767,0.8117473545819013,0.8097270692387942,0.8108088963629768
0.06160939772098052,0.06204782805074942,0.06299372210039467,0.06301125358925197
0.021157184352727395,0.020413198907713218,0.01969737119571978,0.019729917757515376
0.011161864516813235,0.010600228031957617,0.010631860434837593,0.01049016821154824
0.025104793519405564,0.026348127040791414,0.02717312478539967,0.02670743180952995
0.783545994122143,0.7680055301612405,0.768487991693249,0.7696604224651511
0.1652390644912661,0.16077884846581642,0.16069371760069528,0.16028057589182312
0.012263857523784562,0.012908033542549198,0.0121075158761459,0.012132184435273065
0.8708597033132862,0.8650506805078426,0.8639637064095383,0.864976222518312
0.9964453474306482,0.9965416987293891,0.9981467324863166,0.9960274873882421
0.13973840510382113,0.14064566434493533,0.14139314718801282,0.14079282708558005
0.05838389159675643,0.06152875557426892,0.06307408494781756,0.06245779134257453
0.011510089067799408,0.011012723113957823,0.011162472495001189,0.010990506843324697
0.4413592766813302,0.4346182208210557,0.4348925512011263,0.43584890072509114
0.05081523814274363,0.05047054542265543,0.05078967822955831,0.05063827046961106
0.0443369867730958,0.04128303639265057,0.04181724194045215,0.041479307647900795
0.2286039497990189,0.23164715556499063,0.2295927494203142,0.23025562665884353
0.019764041159849467,0.019294455417191957,0.018705893105840796,0.018513579975045526
0.009426197438854275,0.01033349286485739,0.010323276924472864,0.010239375909346246
0.9988117097185484,0.9995613667074945,0.9990120749678739,0.9991477770660858
0.7547245120054322,0.7524501887583092,0.7527119886314857,0.7546473365100723
0.021321406103498575,0.020826243836920513,0.020558380856460737,0.020569521323875548
0.7767047804726709,0.7700494768665581,0.7695627818734396,0.771179463185159
0.012783091215609063,0.013024662018966092,0.012790036470782874,0.012559552152991326
0.10790287529194564,0.10549927531655776,0.10533003592395478,0.10587388107029883
0.7815800339554883,0.7824112652585136,0.7801750018090717,0.7792974291577545
0.018227512002985828,0.021103253747826387,0.020129904966932486,0.020041849182268215
0.7052782758895958,0.6951073190062419,0.6939056245977722,0.6946480398385877
0.0524,0.05203190298044327,0.049952845888146094,0.050098133467071385
0.01984795332592363,0.02062257072480088,0.020273103970174303,0.020525964139641743
0.08340587591170615,0.09047865979449594,0.08818932067667529,0.08821166963599991
0.922322501830917,0.9233813776199589,0.9222404594645487,0.9228128719143971
0.17893984203323526,0.1813125693715687,0.1802164107845893,0.17989910349755706
0.008806104134943446,0.010232354045353434,0.012598776466866989,0.012599230922974488
0.012527834495351277,0.012990380427264638,0.01302027841976864,0.012845993140835744
0.01953086841700168,0.01937254016836293,0.019698146600262964,0.019505797777605662
0.033430466725301866,0.03612600721220231,0.0358487867277752,0.03576642007228437
0.8590836104886664,0.8517894298318694,0.8529021891936249,0.8532470782897865
0.045607156562323885,0.04513828179702112,0.046049937147301157,0.04542630534471635
0.9090805409590592,0.9066650286159974,0.9053271282335632,0.9064011296470149
0.04277122486706799,0.04234497558606305,0.044252188026606486,0.043552107350906505
0.017462388078572297,0.018507347944684442,0.018530246634451936,0.018292039266887952
0.03912167249116063,0.043132076364433884,0.0412309156565161,0.0415805709358274
0.023380800302245083,0.026803149489371736,0.026833049229570857,0.02656352488748378
0.9271736050746165,0.926555194415895,0.9255485291842513,0.9258775769746566
0.8911620774877447,0.8936864684013306,0.8933959064785828,0.8933239620019972
0.03149190882936879,0.035408541871605914,0.034624649896136374,0.03473028586626166
0.012582142227892178,0.011026382262654623,0.011097339170865706,0.011066482797605073
0.02090253346997249,0.017812400867413862,0.017509007271431076,0.01747988757438786
0.14544710469994035,0.14157167503156473,0.14267816539010353,0.1427969585689415
0.9360167972811619,0.9321990163347984,0.931168566732034,0.9315612715193484
0.6711010698561023,0.6693860020724912,0.6650352918929174,0.6654765086975919
0.7980999655260499,0.7933274648160138,0.7907736439223029,0.7922528713671485
0.6115539522364679,0.6031606969455622,0.6012511769560624,0.6020847337850184
0.6630645269347795,0.6609519261580247,0.6602077614865702,0.6615135085870166
0.9606746671783131,0.9608914167608344,0.9613754024593252,0.9617902661771872
0.015011800156848483,0.012899682145254922,0.012589906212522725,0.012717176903324988
0.07644667477338943,0.0754976932880086,0.07581468764200232,0.07486312750085022
0.020705855394522885,0.018089285782656575,0.017816582824318784,0.017992979289021663
0.934,0.9362369341158061,0.9367573622363538,0.935609221418707
0.02749321823794984,0.02970434013572083,0.030710435270353564,0.030823875440589794
0.16340833219881923,0.1590167730183215,0.15892229362704063,0.15853416285556438
0.02203677596133943,0.02301951913050503,0.022790273015830736,0.022830621257574808
0.8122137911702466,0.8083734013605745,0.8062506180143494,0.8065816738544139
0.011603442996572007,0.011795430750172373,0.01158147147037771,0.011380041188918185
0.03446279579733492,0.03401253872138028,0.034444955710554954,0.03396421476342082
0.009831268297764236,0.011559503591898756,0.011123421969994605,0.010963248323166586
0.04019943725580792,0.04194996295379346,0.04129599205196962,0.04086016376079181
0.19610619576071206,0.1959072882571169,0.19644684483022612,0.19581381702483333
0.021056800903348584,0.019567110433479994,0.019523019914467,0.01967854912479043
0.03581979993673409,0.03560002903876652,0.03487963604496415,0.03479256694335326
0.04090437623721956,0.040063662016364514,0.04118261367591282,0.040805044392322284
0.8477324671430424,0.8406054913061191,0.8389132087245653,0.8390464408102382
0.0790574640822549,0.08084598730028836,0.08063884161047559,0.0806744176606896
0.1533747123916932,0.15236606401099126,0.15332589542095662,0.15340170442478815
0.011247082957387465,0.011186570007154685,0.011388914909807833,0.011346386211818476
0.01787940766579759,0.018045217832035755,0.018537647189846376,0.01818775291439202
0.9257736112477023,0.9247331253009563,0.924214837697799,0.9248418602844706
0.0635331801659692,0.067135502509076,0.06810044697314581,0.06839552241123747
0.014365739658248165,0.012624633290852887,0.010379017607721544,0.00948648323809091
0.009810663000736675,0.011082822580999768,0.010951756517434897,0.010893124503953884
0.8195472775498444,0.8099250948790752,0.8100089824938219,0.8117443623133793
0.04457999875136569,0.04434834296834623,0.044860184587724214,0.04412816719433524
0.7846305670042724,0.786764877725817,0.7854913061191149,0.7862489166861925
0.7923099501005169,0.7895061520642365,0.7898649235501434,0.7910040605157814
0.03403392198067754,0.03869216241533771,0.03849121447911852,0.037741519805440146
0.3212066304194813,0.323384038096716,0.32512145801283326,0.32671820804624085
0.0419303752281753,0.047508038751344676,0.047407927976730484,0.047417770442856326
0.013835006096900823,0.012249306690630664,0.011801545716369044,0.011799721793168145
0.2094565559774391,0.2106856770994756,0.2123316523052876,0.2124582664574891
0.15803979753932795,0.1552191862860418,0.1523536929058745,0.15202089561929832
0.9797100743739071,0.9804413361446231,0.9807832217220942,0.9808951253632755
0.11618985095372615,0.11359816790087277,0.11424107959313162,0.11355495677556966
0.14113166429698912,0.14000357959781454,0.14245540582802071,0.14356152096030295
0.8746211348779199,0.8738102081260377,0.874272204247405,0.8761319354046035
0.013788135025119727,0.014995285024104757,0.014638734665978967,0.014468118080122275
0.014274953236433725,0.015327098168928605,0.015031895700078401,0.014752088709444396
0.020523512465238265,0.021748062997416485,0.0213037652068211,0.021519548434847127
0.7101455278777878,0.7093868081060828,0.7108303892779886,0.7115460295580682
0.04073244367689497,0.045772566044429586,0.04480907268253091,0.0450126483312459
0.039209227775017175,0.04311982412445773,0.04241098090680492,0.04242814861114311
0.044663509188824585,0.04723340406523422,0.047368897669078085,0.047482029752272385
0.1509399578594619,0.16041891410922943,0.16336292776815467,0.1614482218478145
0.058031667429703934,0.06101716341102695,0.05984752440570099,0.05947783241332669
0.008847951179951827,0.009759285144674152,0.009961029585326058,0.009967782080645395
0.9667574160925403,0.9673881546294267,0.9679591907207836,0.9687183029724324
0.055065285177943644,0.058651261934281815,0.05912433003163071,0.059004135354228174
0.0323048301137196,0.032309650029168066,0.030958956942144285,0.03032843889539642
0.9345937087956384,0.9334928512573136,0.9325658777007888,0.9331321781798517
0.9879645696648126,0.9875773000831546,0.9869558230313936,0.9869771993957014
0.8180118016259641,0.8151233247348657,0.8141106499158225,0.8150080705299868
0.7971244754709713,0.7965664415777235,0.7974635941149427,0.7978315167699136
0.6973331508602022,0.7041850232941912,0.707332981678384,0.7081746511236449
0.1150348367978301,0.11542272424592419,0.11427817360363537,0.11390714322958119
0.015266115495666862,0.015436164714529245,0.014680201719570542,0.014418778639829368
0.013619682405846009,0.015131525667080502,0.014972646501217648,0.014781546756860577
0.7453061792528114,0.7381903226214394,0.7396973905710709,0.7393980084165884
0.014893555019621064,0.0175527933416986,0.017605222122429473,0.01741796538449773
0.027637846707410867,0.029599122581871844,0.03087095383295858,0.03100971970927422
0.02827586718291589,0.03013043928421887,0.030062512864982318,0.030191990138787785
0.019797696493101678,0.019920644749907387,0.020404447893659194,0.02004416840768073
0.04095896679646315,0.04048755042008666,0.040891152926067466,0.040210278763811017
0.010969430568976958,0.010940682160883938,0.010931347518691981,0.01077722816394553
0.05107999309363743,0.053183584920969314,0.054440113687826946,0.05399458282217675
0.05577698249751114,0.057587473295090646,0.05776529805057357,0.05802050787332724
0.06715269199833333,0.07413378247760269,0.07156341462994109,0.07203614062137116
0.012989307323198127,0.012449872119334664,0.012387214833477758,0.012405909727076106
0.04460974901050959,0.047232006085858515,0.0473532762490408,0.04742370493481039
0.01913155261538462,0.01765799318288952,0.01787139488614624,0.017868714679731293
0.015713645681249756,0.01722092894311185,0.017738411850737164,0.017687960755420923
0.02437464096640461,0.025552434533625375,0.02537894236873034,0.02719638509876287
0.019298274080666863,0.018893349192724788,0.019127277884907624,0.018841020985303082
0.09849635846448289,0.10388777909873056,0.10637256424658505,0.10587431798142719
0.7375886975415937,0.7255413278320718,0.7282564475341275,0.7299703907604782
0.056743258193609994,0.05892986452743016,0.059668687374826564,0.0599836135129301
0.8753716277410489,0.8727368693362759,0.8721422042154071,0.871895781348934
0.2980828834212658,0.2974655410530413,0.3002063084220522,0.29948085189481016
0.01255303694666788,0.015453410081465214,0.01477133772433547,0.0147712435364889
0.008891247508474058,0.009196100063357077,0.010302028617724961,0.010335834532758357
0.04404849147135726,0.049780051562752996,0.04977616263466504,0.04981316644295058
0.01913893001855922,0.018250991024651685,0.01778347350119144,0.01800194408373055
0.0169985416682851,0.020197008988770006,0.020013823787770585,0.02010045293334216
0.01210177387071066,0.012347548432923251,0.012299393960825944,0.012183337656058208
0.19729294291153146,0.20140238266943383,0.19899359945893788,0.19916708932594004
0.019935401509043695,0.021717097229590126,0.02163474351908213,0.021410206751480903
0.057362228069194554,0.0507239595934981,0.04983342369665856,0.049584781546614005
0.9456465462793011,0.9442754218531502,0.9464083931025388,0.9462746610838672
0.5738211567772307,0.5747679458171202,0.567346656211987,0.5678771599968115
0.02590477897439609,0.025025617810315027,0.026253500034303615,0.025916928958255463
0.8618625907993419,0.8521365273880167,0.8541269310854206,0.8556641896580794
0.836664628240283,0.8302099808274386,0.8291112916430567,0.8293098034903953
0.11029918273619893,0.1118469612020629,0.11281072608854825,0.11271841001566334
0.9624874041851601,0.9653450888241474,0.9647252901778318,0.9649583187816697
0.03845212859342528,0.03919818006522277,0.03984344444275374,0.03977715413625206
0.04675686850387645,0.05066273379755088,0.049563362545316354,0.049223833803617834
0.011297454593352026,0.012821384316596069,0.012785503215409607,0.012861914527141116
0.8340546204898882,0.8288214709798746,0.8279770910294977,0.8301379032387145
0.008038659847796451,0.010908080030321557,0.011272999353841278,0.011289838677309112
0.05134416,0.04971609044379865,0.04979474296575473,0.049536780944345035
0.010610147260931067,0.010484996895758901,0.010728905631361092,0.010417596457816144
0.007806878745967175,0.010728586325694293,0.010690412667486151,0.01081823242492089
0.1416497256350233,0.1408745069627363,0.14168012209774403,0.1418742717820549
0.0363262277200091,0.03752173265685126,0.037271119915875665,0.03757133622929132
0.017052028254919492,0.015734316557456794,0.01492379320437679,0.014598768090668866
0.06296375248967738,0.06315917914944884,0.06253764428786616,0.062206383560731646
0.5707349961036047,0.5775662054123201,0.5752613142760413,0.5736109286497094
0.019172876969379537,0.020335918361150028,0.020163232983888574,0.020023320279011162
0.01675037599072013,0.016205428422237992,0.01688163181814022,0.01677401127206221
0.2650719672742984,0.2596393416758772,0.2581967239644096,0.26086476375258266
0.04209279467797705,0.040637004747471735,0.04129070296352938,0.04131264409020632
0.02868524295877684,0.0318545028092085,0.030804188847684974,0.030688733492466567
0.8928009310128818,0.8876395856596124,0.8870914167034608,0.8882315622292334
0.02431261965231263,0.02519566482573572,0.024702846634228216,0.024477402637928195
0.3652608110707149,0.34932998884971467,0.3497169352288103,0.3510211356073896
0.024213909753021182,0.022545700201294587,0.0225462796312135,0.022681945453151615
0.01768421841349707,0.016472708861302494,0.015965556802352152,0.016042841950235684
0.1227249794131547,0.12005138943677991,0.11875952855888099,0.11846297863248602
0.029135593862151418,0.029494893495910075,0.0288574144198113,0.028696364808210174
0.021404651621709535,0.022690016478665493,0.02211172880831097,0.02174413944578155
0.0929614333869602,0.09591683626402761,0.09624899747070599,0.09594224017499002
0.055757118951157654,0.05989797663243458,0.06040336361564961,0.060878515318874685
0.8392515171836785,0.8334105400668688,0.8328866177488533,0.8340104804686087
0.04613892554580499,0.04638471162963672,0.04664966135304974,0.046253819641952014
0.04945870718042197,0.05359440120614473,0.05251212233927473,0.05210492611228587
0.8544933156345021,0.8453669868214087,0.8448836994878245,0.8476738974573391
0.414815917948736,0.411112371704708,0.4146406213538438,0.4143510106140697
0.0220477448259629,0.0213768804174075,0.02089412271272598,0.020928276902458867
0.02054340821360503,0.02082588278200039,0.021258348935591212,0.02114494214026881
0.9077812251172032,0.9059799200313459,0.9057235977234261,0.9069202004630021
0.013996844698651366,0.014659314712360764,0.013623347172351382,0.013611893055208466
0.04882437275584221,0.051840279238651754,0.050590558363749615,0.05089118900112707
0.9506388492010687,0.9514158090246336,0.9510279228630678,0.9512808915707991
0.012569889598419474,0.015433042327334053,0.014697524132606702,0.01461173531555948
0.8709436962732847,0.8718874293206649,0.8720568826093006,0.8740910496913757
0.018914020029434847,0.020024467754480444,0.02003077387248488,0.01976260315566442
0.02271940550086566,0.025035971362630745,0.02539945245539554,0.025385764238210158
0.016179187131383943,0.01920725682561012,0.019275569923103527,0.019082194475539004
0.8499095219559001,0.8483743618327761,0.8494264224065201,0.8527830927350648
0.2678666489327855,0.2698595580444078,0.27152775614234614,0.27180345924510096
0.03488254495666294,0.036947875847368,0.03627896492202623,0.036472631422670286
0.010867963201852017,0.010806447633079178,0.010316628727554018,0.010147024052677714
0.039482345473372045,0.046057751652996,0.045282645506987185,0.045283212937579205
0.8543560284860644,0.8446444091690749,0.8454558767526258,0.8460177347269112
0.012358519231852652,0.01164554319696639,0.011756995970024926,0.011631491374757552
0.051117746928678626,0.046063517983865036,0.046873691445279635,0.04657322162823636
0.9102019043462903,0.9054859989558639,0.9078905481092748,0.9081253042110352
0.9896,0.9904910442636105,0.990940412323186,0.989115093838278
0.9913418609468548,0.991720435261056,0.991957666116597,0.9920836882686157
0.017729653620433376,0.02144324542770296,0.022004422101098372,0.021971920252187565
0.05358968551852964,0.05381219734379792,0.052780302255292344,0.052565404179005355
0.08396831837865602,0.07490238455494232,0.07652651639258382,0.07660214871225823
0.016596627937782656,0.01447619379914103,0.015231074563642243,0.015255661053087689
0.07644667477338943,0.07543126358854627,0.07582364704092213,0.07505736319407044
0.9963176113262482,0.9955797386481577,0.9961202611539026,0.996524551163543
0.03154053603461684,0.03594595769729217,0.036055609004469205,0.03645684663597301
0.020340069553014428,0.021546632821787825,0.022157596681620217,0.022389553088789076
0.020145288468531187,0.019504899419559643,0.020004535611751514,0.019830700158484035
0.0945218319938944,0.09217275358760363,0.09279046237927807,0.09196754276803747
0.04048057091127567,0.042536353411533105,0.043018978749685084,0.043035984237608634
0.027150493668279575,0.02905104473400775,0.029323663182571957,0.029447264295861992
0.2969843768496215,0.30178568665455774,0.29724881989078344,0.29772797672180185
0.020305258300521323,0.02008680980910294,0.021201345244801398,0.020957729885158552
0.056055976155657675,0.05718770121609838,0.05704096004979253,0.05732919685702041
0.014991381544200365,0.015660268436377717,0.01567784286425354,0.015654285873919427
0.9302222868498702,0.9288911762772193,0.9279310770208365,0.9281873358316209
0.9749630741763193,0.969248153922055,0.9704686030551308,0.970661840077378
0.013860257077676501,0.013084381418904105,0.013063489532908238,0.012979213213343202
0.017052028254919492,0.015709174928094604,0.014910704696940688,0.014596519094909674
0.01383141295686496,0.011619005632981974,0.011001515989568982,0.010915225405939956
0.02613022579133963,0.0253757848513848,0.025482412422009968,0.0252223908530718
0.04057199794895427,0.04281851720876538,0.04355027637739692,0.0433064053232048
0.0961064619189746,0.0933488908553288,0.09351148664720946,0.09358659143905843
0.8068930482437168,0.8018381308176772,0.8016954133365203,0.8028049759059088
0.10551551600989108,0.11216036265737309,0.11099699897371781,0.11143658954982082
0.8500312882598735,0.8459435836256401,0.8462029534286164,0.8464701520131325
0.04544176696822492,0.04917112180726964,0.04813433568082764,0.04784448182357249
0.01569987886502154,0.016298347969290434,0.016603195538509606,0.016400819637247082
0.8569211078993528,0.8564561399569264,0.8571453817609742,0.8582607016734457
0.8831555854253459,0.8811094798772136,0.8793895519473351,0.8793501297289429
0.021771034904163083,0.0216857930129252,0.022595088811071796,0.022214923531261577
0.010664278705430982,0.010997010651742085,0.011004735181292198,0.010878777945058501
0.015408987030161627,0.010309716497761788,0.010485464584637097,0.010134130806799908
0.013448373120564436,0.013939705157020135,0.013858425442879596,0.01361000052001197
0.02156298936901024,0.018969082507021534,0.01869740529744517,0.018879871294932328
0.06329048046000897,0.06661119396246712,0.06704133611783626,0.06748930866391466
0.09522496739057472,0.08965828689164615,0.09046721359302132,0.09108872684612884
0.9078937842674387,0.9039998772542297,0.9062187331210281,0.9049543152812388
0.14890593598594373,0.14500165398989176,0.1475675638476967,0.14924232823174577
0.07291161274955116,0.07354253210276318,0.07342406949688805,0.07285811185012023
0.12161507247069979,0.1212736154980859,0.12165761635037756,0.12255618852195635
0.9974970874752895,0.9951568981386412,0.9959014642400057,0.9952094075234619
0.009617244521701956,0.010704863461069952,0.011016485755995589,0.011093236896951275
0.050852529919992576,0.04879063354633215,0.04872210296157557,0.04875570866100922
0.0187200209007593,0.019182555788980343,0.020178926449286753,0.020284304953201784
0.033362392407256934,0.03453372905611331,0.03435172688495786,0.033935813827976516
0.9081639414162317,0.9057229890943082,0.9074098442820484,0.9063675158379064
0.8610948927829191,0.8569984438901641,0.8577601602797418,0.8585118549053905
0.058143097546799125,0.05452011987805358,0.05357371556217077,0.05380352878350163
0.895186097520393,0.8993825544469617,0.8924106063666061,0.8896548695433106
0.8249183884721261,0.8108144216847745,0.808903236274339,0.8077736997402092
0.3321253026424662,0.3440229483140811,0.338919676810713,0.340278766025668
0.9213391393136124,0.914340884511951,0.9150207749073236,0.914855357605376
0.04367441365786611,0.04823126242942867,0.047411356565460694,0.0474273476267552
0.9469287537775504,0.9475285889730592,0.946477765735656,0.9454765246648638
0.009885513767605441,0.012368051667977354,0.01218114388499817,0.011955485062420116
0.7924301952107559,0.7887291454862794,0.7886430810320922,0.7886425530740688
0.01832010985620007,0.021055976687147343,0.021561978848098174,0.021641223104532675
0.0332127917489537,0.03439459037575647,0.03426165434992581,0.03428783152152222
0.005976389028071759,0.013639196668423791,0.014966626868726091,0.014498382089620001
0.02208590766854649,0.024069021490968037,0.02379685877580948,0.023628144198909747
0.7571240272320698,0.7514492977632732,0.7490410990342482,0.7498889191464053
0.01694230117626907,0.017636580242517484,0.017576472943039448,0.017478557867168166
0.027869219107451333,0.024941449778588157,0.02445243205343088,0.02459032267148757
0.010296635157938805,0.011403524859493705,0.011510292703297644,0.011341879152258042
0.09796993786099292,0.10361946074375979,0.10437276264268895,0.1034758806313522
0.051701764827655344,0.05562892789861353,0.05488686697880629,0.05470790546281572
0.9508080901897835,0.949339353307919,0.9501994331041319,0.9500840049907606
0.9470174715285831,0.9449572191560648,0.9459669018974947,0.9466506236633926
0.09760748381760627,0.10249200608421548,0.10122165796297378,0.10883296806923752
0.034498926533332565,0.03541876289565312,0.03629866141756659,0.03595653606383498
0.05559698082527924,0.05534701361609348,0.05539886184756819,0.054429377478602
0.04114626670135711,0.04112068079572313,0.04068149639495692,0.04082474985460175
0.5022853050899405,0.4984392445470438,0.4990500585323831,0.49990770743302737
0.021030946497743567,0.020687181241168508,0.019641515841483614,0.021621222410031976
0.04792499530513317,0.04673984600188035,0.04746503006832569,0.047430746185743985
0.8117718041816155,0.8052290453983663,0.8074685192561911,0.8079029798065955
0.06344662758402086,0.06329969339524452,0.062473967658945355,0.06267310332504018
0.060095965390441944,0.0594100313476641,0.06116413443909758,0.06103734981051249
0.015845794433410672,0.016261668951636474,0.015385135614623171,0.015196677809711562
0.01841516813767137,0.019276265409520564,0.018848574542145835,0.018848653693490647
0.9606746671783131,0.9608914167608344,0.9613754024593252,0.9617902661771872
0.017459087577422556,0.018342732378496412,0.01802315233073044,0.018194487396019192
0.05040936458904452,0.053714379360810215,0.053176054721576965,0.053065622793410795
0.8780787209595105,0.8797614227786374,0.8807260318723422,0.8801147403653287
0.037868192104965455,0.0370404969603668,0.038057588948205615,0.03770885717359748
0.714712634032,0.7102570215558086,0.7078229657301426,0.7078963935352178
0.9222422345939784,0.9223307167941389,0.921674560750846,0.9215717838962949
0.045715032099155034,0.047002647412930455,0.04684345323328872,0.04657455009410408
0.1088379225122553,0.10625401863590003,0.10678047087197802,0.10659718607557823
0.11486936867730335,0.11786533943765398,0.11637753096105846,0.1155714961033475
0.9640568300009492,0.9674075421108418,0.9666922280554812,0.9664946247027121
0.039846381636823844,0.04075607794723645,0.041317375113106375,0.041221226278187445
0.02648904035246621,0.02310358899137022,0.022949559279583046,0.02263105528826077
0.14507527883040083,0.1461674852968381,0.1461096632395246,0.14521970711269863
0.02920224392444341,0.031425974477255834,0.030519044414342274,0.030154077429883422
0.6459817909374714,0.6269774533165043,0.6276324321293203,0.6276512908196211
0.03089362421245176,0.031872291328830404,0.031566137218876494,0.031090252344105587
0.02145702536066523,0.022714828082976302,0.022543972459741976,0.022293058350235394
0.015251351312325035,0.013668856966963355,0.01450428565188692,0.01457921201546943
0.028901559616241128,0.031106520830720866,0.03139177172430664,0.03117847343527998
0.028635353312443844,0.03089441825686735,0.029947213377408778,0.029713836553725195
0.13821944121176674,0.14444579787484305,0.14529311602550032,0.14562589104832158
0.0672167096426003,0.06799500939153681,0.06845779472235379,0.06799007108690928
0.04209511896683683,0.04438890668181917,0.04423572929407071,0.044607591490987086
0.0214894036846777,0.01867399692233419,0.018579034553712157,0.01832572964000457
0.9087234146062011,0.9068297765139717,0.9052751269429246,0.9046009933240345
0.044192447469102406,0.04829297825878598,0.047541251144883424,0.04710839136926645
0.04185122191281246,0.03901671115370559,0.037531114243782,0.03709367627396105
0.8764130608638107,0.8734347737396145,0.874367522972543,0.8723309008133239
0.8860285943534005,0.8859949085037163,0.8857410476091221,0.8859666184287329
0.9484713856169756,0.9449724682708269,0.946790128890077,0.9460064592928148
0.014225723116507914,0.014816179762370305,0.014972363884847947,0.014732047977619196
0.0206793216761163,0.019781593396300562,0.019437465216177056,0.019557143822948247
0.018061187031315956,0.01690552872543597,0.016838292396059905,0.01710354755492033
0.8731081254174659,0.8662515581525883,0.8646117031203595,0.8657750876899354
0.1055570267767909,0.1067066798128105,0.10487190712806953,0.1051513195519997
0.030026045053085263,0.030082300143648936,0.029979387205942166,0.030094139576325056
0.9244698791824584,0.9192660114200324,0.9193221445741343,0.9194852724823248
0.01890251350473276,0.017505023889878193,0.017251020276260794,0.016933859052616407
0.0648573157466797,0.06614898195183594,0.06566313230032297,0.06509706274558257
0.867754223582618,0.863398655009215,0.8631795713940049,0.8638686543855666
0.10951284042059643,0.11399075917370453,0.11442380951233745,0.11393857023664226
0.8624522404500284,0.8587092692820617,0.8593232838268627,0.8600952685614403
0.025746294356700103,0.037734436798177555,0.03533952614219628,0.03512956076531041
0.012611285768999583,0.013173472110894181,0.012574768021432129,0.012525803523215822
0.016208529614110255,0.01632627519534135,0.015511194015802806,0.015238673022413147
0.020386216017471225,0.02166046159131563,0.021122212759550632,0.02078415984617523
0.9871969286068756,0.9851203855231374,0.9862070064441861,0.9857054478132921
0.9963176113262482,0.9960569846595383,0.9961900509809324,0.9962939227661416
0.033739407381978496,0.0361026359539192,0.037419812269108836,0.037325154089545766
0.9141132384317693,0.9096757606908437,0.9104646193915938,0.911363051597008
0.020366075742067842,0.019343293411966736,0.01911088128349497,0.01900644363270553
0.5022853050899405,0.4984392445470438,0.4990500585323831,0.49990770743302737
0.024294199568056826,0.02484868760348817,0.025104443618263576,0.025150574894685397
0.7850187190902481,0.7787756742164682,0.77571176100199,0.7747171103647036
0.01745512854851929,0.018413567765631342,0.018075110239498836,0.01805936255646113
0.025004165565442403,0.027697342043415844,0.02809082870010141,0.02804607738367022
0.01614455442427018,0.019852949566982078,0.019064949896878052,0.018896576408191278
0.7534077246288923,0.7474330105795584,0.7467685466185889,0.7484613346992106
0.9746166142837739,0.9747897215570392,0.9744306498727889,0.9746318248424378
0.05781399687935688,0.05692410778581188,0.056312691126945355,0.05575187861707553
0.03583101793019483,0.03645554646149509,0.03618285945343591,0.03572891488456417
0.820213484385397,0.8181367602786742,0.8180610731086171,0.81974246224017
0.11592787198976796,0.11403669054707846,0.11293328254469359,0.1128119987686355
0.9969063350792857,0.9965605517047956,0.9966259745632025,0.9961437203994432
0.011177815979608288,0.011605825153705727,0.011425476843103258,0.011099195891846575
0.8655903106814301,0.8594296856629563,0.8565886613900479,0.8565572431312851
0.030735144127099268,0.0324632952776725,0.03254602581883617,0.03236858797969725
0.029,0.029362348987919035,0.02983696338036069,0.029821530937901145
0.019898847979194025,0.019067562022115864,0.017982389853240965,0.018027902854867744
0.14859893553032583,0.15030331678225275,0.1501489401857449,0.14923049757184578
0.09826555769545312,0.09647190611635603,0.0963763807398929,0.09597225795126306
0.9764532048902225,0.9767973007780438,0.976862934116345,0.9772331962914302
0.07524166543806862,0.06910546419608375,0.06862773275648605,0.06868704736288217
0.014098956185286012,0.015825511000718905,0.015470752676793879,0.015443599382696271
0.9507712991854473,0.9469764804099228,0.9449992447974496,0.9458947951234328
0.8905279273199382,0.8925544917122693,0.8926234653853662,0.8936711441241902
0.045890849881055476,0.043846989892530754,0.044879792167819954,0.044704889123657165
0.03598545673468068,0.03526732930103497,0.03623043608555704,0.03589148456265013
0.0272084126237634,0.027169574511527166,0.027991522453633583,0.027486433537044507
0.9734998213798095,0.9749414667358935,0.9750289475141606,0.9752184041008246
0.8555349634990427,0.8491701089784722,0.8479084180977952,0.848381725060266
0.26235982920677464,0.26285494868820575,0.2639510293996258,0.2642218127486456
0.04005702963121952,0.03573766275062959,0.03630415446015346,0.036253840548389205
0.11708293215040318,0.12359268880942928,0.122623829281568,0.1228820022107653
0.7549223576271923,0.7498276021978867,0.752511098888329,0.7529289039456495
0.029723058159921076,0.031625246997362175,0.03218159528142098,0.03231190115660545
0.021232253846168073,0.02241422522094616,0.021280926932499795,0.02123183442589451
0.09827439064652821,0.09652942304595499,0.09754302561090697,0.09708414233413712
0.01523921004894454,0.017739698464267758,0.01714763467284787,0.01703985154879683
0.7487272974830965,0.745562076390573,0.7387743048328181,0.7413155030211921
0.8387296613332568,0.8360633366851802,0.8351563542240981,0.8360896662692919
0.9068006590894405,0.9072874991335649,0.9061191449195048,0.906240066163145
0.20843295332240608,0.205489777205156,0.20449495525513367,0.20321454020937443
0.016423640427210777,0.017794277295329668,0.017620177583122346,0.01779980748154071
0.9483512054000773,0.9501404854169205,0.9488501194832416,0.9498888102653502
0.012176107117315626,0.011861861879883587,0.011984348471860997,0.012094342309628341
0.01223439131864658,0.011995592625997274,0.012676462384044027,0.012684524985873982
0.021394002508270005,0.022993617223115225,0.02267576935522699,0.022605840819650096
0.0152879782782682,0.013994539177137505,0.013322416160726935,0.012935462188429982
0.010022956791899159,0.011309852005391127,0.011260635357540974,0.011240461621104227
0.02805450362127248,0.029198138813814285,0.029976426932384143,0.029246669659121313
0.036386314262608986,0.03801772986922383,0.03782968741226471,0.03780951588746652
0.9023949851648138,0.9003398592339348,0.8997959249609266,0.9015175914800658
0.9762609629710458,0.9776617087750843,0.979138729020906,0.9769603558290305
0.021616957046830126,0.021802320868428152,0.022139981097155783,0.02157573847321364
0.03663501999827309,0.036069347954253,0.037127540167664216,0.03655705530215001
0.013190017970666986,0.013242068966992487,0.013495225692729908,0.013218642630918771
0.032918469083350596,0.0338648590492995,0.03279464100144526,0.03251057698420616
0.07546564632063929,0.08027728398195079,0.07949658301745743,0.07932830669589079
0.8738708682670884,0.8736876162270989,0.8700933968539679,0.8686450730263098
0.8532340407696004,0.8535273571551675,0.8550452499624219,0.8548474654878705
0.9028,0.8937122756525563,0.8946883205445866,0.894273232556066
