5K,50K,500K,5M
0.0019413903727648224,0.0035680853245212783,0.0026338110939308173,0.007278169500469544
0.0039341571267401615,9.196318237175811E-4,0.014431508046912022,9.568567899256361E-4
2.4434564677247887E-4,0.0011534012810717066,0.0016764218580762515,0.0031743696127831352
0.002221454893705436,0.008286806520083454,0.00843793424330789,0.01665254115778335
0.0012968065142614062,0.010088979679218204,0.011774198087174155,0.006783401855794317
6.603891590197319E-4,0.015237647005225638,0.00893362219705795,0.015910077182014367
9.963616536993794E-4,0.006962894530340712,0.004424840758595067,0.004001216606166347
0.0026785819441441706,0.007254645843318556,0.007225195499396914,0.005302201538222244
0.005088641983497034,0.005709765622903539,0.008413859302562228,0.0028687312513125903
0.002120846999399844,0.009534245790036363,0.018548813763750366,0.007847038293585839
0.0017219195202428405,0.013749223536961917,0.005742217222974875,0.009361532677378381
0.0010730553529743737,0.001035529896238128,3.881943227106464E-4,0.008435843565999296
9.052846448099771E-4,0.005988860141448689,0.010382685638201425,0.008783699863585273
0.003657645880300096,0.0036936306074808376,0.004615699888892216,7.122930906489558E-4
0.016708362253503896,0.005240772673741254,0.010048335663342628,0.010923853414545848
0.003073589080548397,0.009232359295145277,0.0017285384432697665,0.007802456884055499
0.0010082790930654227,0.009056095502262137,0.009886048933955754,0.0027161285768578
0.007664932817170264,0.012363156091799834,0.012442034873059594,0.014576305614284248
0.003957070900848829,4.447024602105674E-5,0.01050434299104897,0.002596517167785947
0.003171697491513566,0.008074713633645102,0.014110343472698617,0.014816991414560254
0.005101855856309692,0.013950491678393942,8.138752218045566E-4,0.003393175880058987
0.009286829168329342,0.005368984128411336,0.007721307538853606,0.01002908943641098
0.0013931063255682719,0.0011447340357133334,0.005775418109572851,0.007758298245378183
3.96936635183019E-4,0.00648068999069613,0.00984323531121271,0.030391296532308605
0.005454484648352342,0.003168989294388192,0.0029644328004552224,0.0038018168456493396
0.009640254735279902,0.002717736236252424,0.002583517242725637,0.005614109279321298
0.006963057471602349,0.02000607493888005,0.010313824546219192,0.02977513127306706
0.01533567438855104,0.01190669730500427,0.002803949688773871,0.01405434928707967
0.003942556735608381,0.00838386406675537,0.01647728887604983,0.012598534792483084
0.0036234991188960615,0.0010019078029329144,0.022478029521832865,2.8226946345918724E-4
0.0021043659356224623,0.024183449877589393,0.015407325099907098,0.022113219857829262
0.009116976018623352,0.010962203763222983,0.0019398214150953175,0.018419821990901728
0.007526506536127369,0.005558915559691366,0.006986979657293706,0.0038264193521343882
0.012389254999879225,0.008284678786380697,0.005015614604426233,0.008524486858730498
0.004355418123134671,0.003398577094944371,0.0049772627485795045,0.0037183249120458966
0.007420095581788791,0.014009884718696086,0.0072862886204139825,0.009519876930956699
0.0013920508865283728,0.006974116708725708,0.0019907722245964,1.2445490024080234E-4
0.0010562056177358455,0.011311475250341561,0.00857527869012855,0.014424416719022263
0.0010806999603003287,0.008681071942808679,0.005727092654214796,0.01586585283859779
0.014355597493968489,0.012692008609935301,6.948963720256047E-4,0.01909268267180607
0.0025418113978402735,0.004977386085744418,0.0032726928651908116,0.010580106743536153
3.38355805285805E-4,0.0013239063769332838,0.009055145364522302,0.005436798008381461
2.0052020028977702E-4,0.010366476504476698,2.1180002868707347E-4,0.0111117395019607
1.7388485908565907E-4,0.0038380845615087608,0.0032000779546362546,0.0010523116167962916
0.0058507779905517966,0.008330800037738994,0.01125088972275868,0.009369833558312474
0.004695768135769131,5.539875794475897E-4,0.0011865859708492421,0.007651087248254004
0.015257448546696119,0.011649928655039025,0.005309587262653901,0.008990031365317038
0.0022107573447185977,0.02203919816041233,0.0018665639823971904,0.0010694650654525686
0.002895261408768864,0.007990579859681598,0.013752826033021833,0.01035412525590469
0.009918542784785982,0.003859818361177043,0.010179844648819698,0.008455112277524494
0.02565650664012899,0.03943016825528698,0.014288361287635028,0.018465813258824525
0.002465845964069312,0.015795445483936448,0.005216200870910143,0.014368825779319885
0.015035801955313207,0.007433790623306428,0.00862116422623352,0.005674424971971573
0.004179609933408514,7.475302071060034E-4,0.00933748059247706,9.557508615247263E-4
0.004146755322949776,0.00428386475525377,3.9779274303704975E-4,0.003343541827920713
0.014463523810424154,0.017002051478319964,0.004055616343763962,0.018569487315356736
0.00554855536060271,0.011272739253478341,6.384918480077277E-4,0.016204914374039207
0.002189094243117969,0.011332902142968905,0.005955767222160194,0.004560332649592753
0.007880944869066502,0.01481876064659243,7.411549877494093E-4,0.02134992591663383
1.0256530576709043E-4,0.00343330492986196,0.001514859535210803,0.005653859786210645
0.0027592575876931843,0.0071164452446181884,0.004497190085881595,0.008860179851177933
0.002200794923720313,0.008554803650361053,0.0016449859161669783,0.011549862146852153
0.0037305339179214084,0.005223062352700324,0.006878181084544513,0.005747625127341923
0.015784473201367912,0.027138648858848854,0.0022075135162828714,0.02747783602811145
8.622432476707033E-4,0.0014697676742435489,0.010392882490351363,0.0015617236415384275
0.01005563985550236,0.018065107151713694,0.0022935992725002944,0.018702861391536943
0.0021116893682593795,0.01464237279713803,0.010623535547287828,0.014689177352499664
0.007573079369981904,0.00461041061342978,0.006077418814180961,0.0037869175972311997
1.3533372950484026E-4,0.004109929164206118,0.004082155331908014,0.004499923933090901
0.011486795680889656,0.008349175384188057,0.009086126645967736,0.005358148121367614
0.0023423268871618727,0.02576614000740872,0.01248038211710425,0.022510818781322994
1.5342728223277007E-4,0.038341947261295084,0.010273826332014381,0.019650813576589026
0.007260275872130242,0.010055425449941245,0.005301054976353304,0.009562643515244397
9.251678946729249E-4,2.7104017680719874E-5,0.007785444362499588,0.009061263589688303
0.0031888485527410424,0.006292597334321535,0.00948445981400289,0.004234417509887247
0.007719818717681143,0.006279157939162491,6.360294606065566E-4,0.015895525178171502
0.011937705050165356,0.022322376705555504,0.012838253449561954,0.026231371287480088
0.0010730553529743737,0.001035529896238128,3.881943227106464E-4,0.008435843565999296
0.018133938146385812,0.013981349431150689,0.007947958359921736,0.02074402938329382
0.004561676672912384,0.011521724414772718,0.007659903768635472,0.012098237560509187
0.016330449556986645,0.019814870939632797,0.0014056814090889255,0.020501316364585905
0.004196388478952775,0.018208786249776832,0.02769727821728938,0.012603836128735252
0.0018742794966316496,0.01844327915893344,0.0071310426038911105,0.011061097278052394
0.007444897227238547,0.02736954658639316,0.009484918093555804,0.011165059013982376
7.346614875212245E-4,0.004259005508289518,0.0012634783445938686,0.0033291459653215704
0.006531520715195666,0.0035807514151582802,0.0025742939194831355,0.0020004054197387956
3.0774856859510204E-4,0.001616665757027405,0.0028429802302873653,0.014765761378156468
0.0019118304928267193,0.002355584899532679,0.008400034259063504,0.00916730746945316
0.0014859075189643336,0.010347215409190764,0.0036092077275063804,0.007870751544699647
0.009723549976816874,0.002740876610678993,0.012384688284435884,0.008250607674960489
7.148934908350292E-4,0.01863385403486291,0.015788104653560252,0.03170343778599331
0.005517125749393702,0.011361769007390795,0.0022301301082162596,0.009681822711994371
0.008870894292443338,0.0016241530987437306,0.012837807034896892,0.0095689351650364
0.00840494509621331,0.012850452879725848,0.001470777961492694,0.009985548075481342
0.003966057011396792,7.334795226096596E-4,0.001104065120749575,0.004229108280534197
0.0139182518269227,0.01473151050547786,8.289672172235347E-4,0.0012992888624597696
0.006540887411979903,0.01676352452690594,0.006466084009703968,0.013249918896903802
8.547942690217866E-4,0.013447342474056897,0.0060457972375701705,0.015793592771232864
1.1194757066251151E-4,0.003719749559359331,0.007882428902406664,0.01523278985607939
0.002883096952946571,0.022541383529169984,0.011837315743737996,0.007674793705689237
0.009687748003220687,0.0028156574098791476,0.010905815210043858,0.010264953809095291
0.002195030386051165,0.01666658335468442,0.0068634595868256685,0.009805947152838609
0.0015619493968412905,0.005377077235497801,0.002300732258515335,0.007115076127203901
0.003300876142487686,0.0059025620062131585,0.005043004762913961,0.018317022299915945
0.022124495603636843,0.002514592139108813,0.006139255677343695,0.022962076736704824
0.004713686779645368,0.00860579825954636,0.012883450708572953,0.009263928502298426
0.00771034969909031,0.021814981774267515,0.014548999686138153,0.023841946318968972
0.0011415730263753254,4.7024633654746016E-4,8.54338042917884E-5,0.018197683001354274
0.0018367190053530302,0.004236240055647175,0.004816945863993409,0.009641061868650408
0.002784148225267819,0.001187892527204052,0.0010576653392454485,0.01666021786116471
0.005199170741577203,4.692953028540789E-4,0.005513755237361257,0.01260872187831294
0.002517446536654093,0.011812310744127717,0.00632003487927629,0.00945307197623425
0.015209274814782195,0.009156524868546243,0.006643660343969782,0.01656204648715314
0.001605556786584195,0.010250218599450488,0.0018838277589783585,0.0026541946928689795
9.820516753285887E-4,0.0014035113490388001,0.0016637678712164026,0.003835954607880225
0.021475586341801075,0.028103607708296605,0.005409125727679232,0.003931841289813364
0.007755649098941404,0.008524572184813471,0.01362731796318586,0.0060177408740965535
0.007448234709300486,0.0023108678983559034,0.006435353783732034,0.01204907906109372
0.007776030861540853,0.0015266138624718058,0.01057299738747308,0.0158027352901307
0.001681976995493122,5.760161242727961E-4,0.0016272729370564777,0.005441617876001073
0.001994307669124126,0.015198938924524718,0.01000558543512199,0.018847948495851252
8.56509130860318E-5,0.006672130849827267,0.003946937121718209,0.012886096110893827
0.0022162322459094263,0.0012027959638985259,0.004296014142372694,0.011632158349294559
0.008188770696797314,0.010718694124163975,0.006737041881451201,0.008301926754901828
8.574296251647215E-4,0.004871716787611042,0.006356427594749707,0.0037546108422592834
0.0036862041548281358,6.961466387403154E-4,0.008348985166833385,0.011708072656277114
0.005598823352961613,0.024702469165172228,0.010550085826360939,0.014819235697129295
0.003009065605221736,0.0010627634122032292,0.015483106075974376,0.0018069156421165037
0.004807288859309574,0.005162658903978876,0.004940612333710081,0.007748591655184377
0.005348984290944613,0.004863949348427973,0.01048587660900929,0.0035974748698415424
5.60241148967587E-4,0.004177909154865767,0.007064611435304086,0.001173881274745535
0.006557612358513145,0.0030436580842295863,0.004185042637506223,0.0042018347679968334
0.004950815515344485,0.03137320377702513,0.006317939683783918,0.0319887159549734
0.00931915427224878,0.023542492911993333,0.009840679452460992,0.020604971151238122
0.015425947918322925,9.994568559951679E-4,0.00507291914521802,0.0065510728342642165
0.005817866193349271,0.0014854849922253562,0.001633404932029744,0.022144136155594255
8.344825471365635E-4,7.034509104209594E-4,0.01719125646751988,0.017302834517538553
3.0774856859510204E-4,0.001616665757027405,0.0028429802302873653,0.014765761378156468
0.005704762981971911,0.0027761186304020103,8.344244736670042E-4,0.0038090864345309
0.0037110704423818155,0.010202614810600839,0.0027785632796350555,0.0030646890859796533
0.002895261408768864,0.007990579859681598,0.013752826033021833,0.01035412525590469
0.006873667918575284,0.009316971675835471,0.008982936861595207,0.006253154634799696
0.0062569829106695705,0.00972920283139619,0.004075309092222434,0.0069946969881741735
0.0069353862852821165,0.011436928829574894,0.012068316025467409,8.736806857793867E-4
0.0010178174843151837,7.867629006903315E-4,0.004223200773075053,0.007091374791719215
0.006139458042373278,0.007082086699973172,0.0024552114081760374,0.0029052071595143045
0.004843934823990656,0.018309695337106666,0.016387319364781272,0.011047047080120966
0.005761896958355615,6.830430120236097E-4,0.009061765064250965,0.01744827484867138
6.571355118869789E-4,0.004442975980922438,6.147925809500973E-4,0.004484200340599766
0.012886658169301107,0.0027274404980993654,0.011211925293688106,0.0014463933882981654
0.010318187895269074,0.01091087467327277,0.010367023970325276,0.010996241322563867
0.0030689635499175803,0.010927834844142854,0.018113582403735975,0.0011215420207644877
0.00792362847330587,0.03384887448173267,0.004787209221593604,0.04955896742075123
4.0918360830351455E-5,0.00782720433654618,0.0044069018198003886,0.0028386087179234076
0.005689326971321871,0.006003464252680528,0.006429836292914064,0.0012615169728108322
5.483894323170944E-4,9.014004390087864E-4,0.0011905497121861373,0.012314467476991851
7.905431932325758E-4,0.0111626319082937,2.976685596218606E-4,0.001717146950845263
0.00630706395183102,0.004189303093627636,1.3840935057822184E-4,0.0042855250862553615
0.0027341174111404575,0.04258257228887226,0.006645664351803103,0.018893821613178367
0.018368075298147657,0.003759443825998374,0.012193252815551165,0.0035888658854496057
0.012257102166582651,0.0014555894593254526,0.003980871627730485,0.014684163774326924
7.083963605620588E-4,0.001580145037923884,6.520181896264557E-5,0.005416649636588498
0.0019243524441806246,0.014811390501887295,0.020372486196557064,0.007142244582646721
0.005951260274515095,0.005809869048125238,0.004617812901984659,0.01932488726131513
3.1008470802808735E-4,0.01116277602000776,0.012722024692663848,0.015212342370439651
0.0066725568203624104,0.0034833685896001236,0.00912384697209766,0.007949809153127423
0.0060762187779998915,0.0025871212514968637,4.0144908733961575E-4,0.02608070449164186
9.311587735162654E-4,0.0035451030327312374,0.011173360056031999,0.002524648828701924
0.0013595481772585326,0.010507911433476963,0.008354011751266814,0.015256370375006835
0.004283759494683769,0.005771750831484016,0.01935417383919275,0.008887002389239644
0.0023061385970915573,0.007566680553904741,0.007985921098422444,0.006263108325252067
0.00106604611052261,0.010125588164847777,0.0021262834445179984,0.00392252721840464
0.003853163097784932,0.0030569673986916984,0.009496489373618178,0.0030973406242174434
0.003694893286758406,0.013815998695400037,0.006588945908888284,0.008664526469840115
8.149526557903628E-4,3.064321413146157E-4,0.0011559582140982733,0.006734489391562624
0.007938426441930458,0.014871043089488395,0.007022863869435437,0.007407336861191788
0.0026924660415584348,9.019930576364065E-4,0.013976782893394326,0.00811168822169198
8.894640459904481E-4,0.005829301118128099,0.017565289017009624,0.0059931668362977015
4.501886835307448E-4,0.010290151814122165,0.016713205140148197,0.009988246453735824
0.0021277025420676,0.0048704568219606155,0.01011104392972245,0.006818767145691627
0.014097295374548968,0.008073194528521394,0.00295140333511263,0.0022822645238680986
6.011881174316112E-4,0.0036036106552377804,0.005409611534172027,0.012176817257864616
0.0029907741058082878,5.936471297136063E-4,0.008347575339770073,0.007505415624464373
0.0027042492931968034,0.0017982984873303929,0.001193444791416363,0.0036581362442070896
0.01680791533172109,0.0066638089712702285,0.003680190633531181,0.0027386704947032696
0.002304269584431221,0.013904916152077633,0.01085581922334555,0.005666184283835309
0.0035221099341839436,0.007931719237776465,0.0014405818846467103,0.03138449554908507
0.004578638761424011,0.00999563384432551,0.004388068780607044,0.016800688048177286
0.003281641156690501,0.002154202870419381,0.0024437630742247356,0.005474159652445966
0.0012620480136846038,0.010489314359054881,0.007680550082825863,0.002240733888118731
0.003138486972103383,0.012797699633900149,0.008901429134167629,0.008918558629901652
0.00587238330794103,0.011795212481966955,0.009011078251621481,0.0036451073851425015
0.002894008143819721,0.035494423852848525,0.006649728919228888,0.019535596625943254
0.0018581394987503162,0.008294005413514488,0.010237749342477004,0.024034553684352845
0.005450616153639603,0.004707947504292791,0.012475999334762896,0.0064264224846467535
0.0012582789176203797,0.0015157068077839247,0.00207671643617012,7.81770526279851E-4
0.0027032985350066564,0.0011264030447017059,0.009446536156927438,0.005042319004434457
0.003392367301664891,0.00961549275168272,0.003241890014874182,0.006230816960909373
0.0028103334179436874,0.004107269346236939,0.009066278452912947,0.011694210067117922
0.0010656364865857196,0.005072699081704767,0.006299086166774544,0.014986178238169367
0.006631787155324602,0.004344794142385775,0.0016633565461526471,0.0053385915401324745
0.0011243951148768305,0.00452653135752593,0.002012319257851804,0.011679520812343823
0.0010209455446642947,0.018101351675308328,0.0033184193801032067,0.009810241275550947
0.003990200916815776,0.005466816426650103,0.024847265063359672,0.012114515308743657
0.0019067559684241143,0.009818894398977608,0.010488005774720036,7.35471446007589E-5
0.003122345479339478,3.122632708451554E-4,0.011351768664139793,0.0016803277827032253
0.0015344328894409272,0.004628178919737025,0.00845320267629424,0.011144254056767606
0.013920543162009028,0.011873067811025192,0.01550557651943335,0.033532832553002524
0.006631787155324602,0.004344794142385775,0.0016633565461526471,0.0053385915401324745
0.003465764396294373,0.005099656547511675,0.0054440268421975125,0.0017296988118268035
0.0063024913834815845,0.007876155438388415,2.7823602870391344E-4,0.010087840487414882
0.008207966267320864,0.007959715279318718,0.005612202913216578,0.01030748610858014
0.0048213373566317955,0.009636628240233614,0.009637472199383351,0.01712809380629092
0.006849139654679879,0.010388419427134171,9.939107524019593E-4,0.003299422786358428
0.009608907382014269,0.008100951655356677,0.002916465448446808,0.002443320830784084
8.767014223776821E-5,0.0013075887857982406,0.001815582839563699,0.0029725969913756587
0.0016018386407160852,0.006710188887483911,0.009648113519773703,0.008021100991734005
5.079387888553301E-4,0.003836782484713157,0.004859041770147695,0.004843197941562861
0.0019994190630751195,0.005794244873943259,0.006857027661742553,0.0010383211170419326
7.57526203812909E-5,0.004850654458079599,0.003349985912628184,0.005833290643407757
0.021843361551733075,0.0018063445510713145,0.009269351588623643,0.005939848543765093
0.0059714206601154075,0.01477643597782474,0.004919215306701979,0.009126696039642212
0.0036904524262008805,0.005910865502110567,0.0068388850338096975,0.016758698426152196
0.005643298195419425,0.005487708514036753,0.0036380553436939833,0.017496161865728468
0.006177767911192749,0.0018244156519144723,0.001313537894580979,0.022812131038406607
0.013919897809564251,0.005399970750390533,0.010388781242961212,0.009008324130151372
0.005531219127638401,7.475306234846888E-4,0.0034650881795523485,0.018099227274779486
0.018843060339036873,0.0061048895863271115,0.006045777668401118,0.02837333511904955
0.0034483795970412256,0.007372897023095649,1.9076447190505413E-4,0.002366796546029365
0.008004594394148004,0.0036692331141217048,0.012697526803451873,0.003783040246883403
7.748211366576341E-4,0.0034090631448624067,0.006545559263981664,0.0031465580102217703
0.006194344820387186,0.0018084400758383318,0.0028727754178169236,4.791462622768372E-4
0.001995114065129951,0.007214955631110467,4.2218840365784726E-4,0.006551671360791777
0.004853335975845393,0.001744629914267614,0.001317437031484165,0.006267374199370481
0.007391061004708279,0.0025736375834366394,0.003097549612340366,0.001711485470012486
3.0608160266361474E-4,0.0016019311984092515,0.0015803327540474831,0.008007522347739068
0.0017117706873619827,0.005005837484535017,0.00705422227648977,0.0037152029051363074
0.0024855757961643097,0.008533656318748764,0.00825700138310471,0.003077369561703576
0.02552316924021127,9.323277709936898E-4,0.0075255425322176646,0.010438582433318175
0.009097916901353942,0.009492315915149038,0.0057296940161540525,0.00166342555428426
0.01275103487224654,0.016451574087494265,0.0022890089425635714,9.482525757337812E-4
0.005642038676543557,0.01209931649938502,0.012857980177276372,0.01016752110990381
0.006604274876898998,0.0021435260261983297,0.005272355156741753,0.0038292495596598634
0.0018044900321374424,0.012286322306070683,0.0040047743696420115,0.0012039044009468835
0.01122320342377776,0.001229941813365239,0.0017479556210718249,0.0037667308849428727
0.006286542001496715,0.007948303556664288,5.301862711726732E-4,0.0043217001268839985
5.328673953950777E-4,0.03280006955687048,0.002898307583193558,0.026529662833762128
3.684768509945084E-4,0.007261812915445744,0.014507071669389238,0.0011785063221336823
0.0015223269594378062,0.005990149546930124,0.009847430322815414,0.010297023532464462
0.003248660888816552,0.0013799665696436585,0.00406246938255154,0.005976204517794215
0.0026683180309888116,0.005719752717838755,2.068901431149503E-4,7.08585188481607E-4
0.007628923050833511,0.006541022786890166,0.006539891349187441,0.006633339509950828
0.005294672206639122,0.008276280792761055,0.0038141550102931297,0.017159506400185418
0.005349938635499161,0.0027510275364988467,0.00910369840086061,0.003313032735530779
0.008296280962462517,0.0056579002964940095,0.008165060508316386,0.011085823171614913
0.015409101473407153,0.00390926719580907,5.418720620392415E-4,0.024090236795614145
0.002468746874687879,0.001940784497005228,0.007095864611307138,0.005439687817925663
0.0051815992882410225,6.38898273384878E-5,0.002955546910398407,0.015940830381760765
0.0028852057587584693,0.0012912199472156917,0.0075856292519340665,0.006267523999691657
0.001334879480868578,0.0032965371762634973,3.746423616144061E-4,0.0016163105062407365
0.007382491530081543,0.003347942370363604,0.008703731385025035,0.00924738113014495
0.008068647080061138,0.0040708316994973745,0.014761772200571604,0.016378128411814415
0.01214194461148189,0.0020318358206960125,0.0034600883056151196,0.012668344715115151
0.00444353633807277,0.004282673787856593,0.002167777078851503,0.011629105803301792
0.005404593644863338,0.012485577662771613,0.014738006352290379,0.0022817200971689813
7.726170875152908E-4,0.011039240589630423,0.002708098923775228,8.725773162447466E-4
0.00106604611052261,0.010125588164847777,0.0021262834445179984,0.00392252721840464
6.341104182834845E-4,0.010659087455842738,0.010437813725515008,0.0017342403360754695
0.012284557276861098,0.011496148815902489,5.889874687312588E-4,6.054338290019598E-4
0.0032447975340018473,0.001248457791018636,0.01760809625773985,0.006803334075870698
0.0017470426382323755,0.0019431538349630416,0.004387016822410797,0.0054341426004417106
4.830794888248946E-4,0.015730233467262,0.015281970422483651,0.006340233484463576
0.007352321082245474,0.004863521864530014,0.003530098320593929,0.018913898970775646
0.013877944400966312,0.0015388168376108719,0.01805581348480504,0.004943377181900087
6.716181199372792E-4,0.0036942154889831637,0.0040094945760729885,7.578233297440727E-5
1.667663669786129E-4,0.011110687078104682,0.0022194257930164252,0.006188970131555929
0.008668209690107686,0.01104204707310154,0.0062504501939479856,0.0032025509101365176
0.012274972977896821,0.007371041814862381,0.008570805679088902,0.019069570665750737
0.015478324047338048,0.006642531114628248,0.005656934336593485,0.017665627789316258
0.0017539822643693466,4.192749843831558E-4,0.0052232257178342545,0.00557994917266382
0.00588324584330266,0.0018168830419024824,0.0027770580029820224,0.008400825784519284
0.009961749497323088,0.008507936221638621,0.004149711824594687,0.005848402352082433
0.001428611255511221,0.012120874622994358,0.0021741088456522406,0.007703979507798131
0.0028243038544817577,9.367420175349611E-4,0.0026284075339455476,0.006170485216460117
0.005156595374944304,0.009885094339693352,0.015247044667306616,0.01665923473855679
7.6333147939028E-4,0.005032861181278296,0.0014494710059143026,0.0026385269611925734
0.0026202930933647496,0.001065301738982277,0.0025926478525493636,0.005470940066553537
0.007156268399536835,0.00324666204546156,0.010218197843590885,0.008260058359388377
0.0035982203962189583,0.0011443868454292377,0.009201385731851886,0.0029089489160909845
0.001254067860600752,0.008181093901526026,0.022444951927955446,0.017483970800124888
0.007713371294845599,0.0022636291392237585,6.651828616537995E-4,0.017159522009684007
0.011416632375582004,1.6528182125491044E-4,0.006246059944865007,0.009495156484897755
0.004900269411501137,0.0012677795460364866,0.005551304021522545,2.72353675879561E-4
9.173500846133151E-4,0.008373902068757707,0.012944832696467578,0.0012795764258114923
0.0118222825602849,0.02923434012510511,0.007320646699664974,0.01694652666804109
0.006963057471602349,0.02000607493888005,0.010313824546219192,0.02977513127306706
0.003677825873980568,0.004237658920449291,0.003662081743678841,0.015563256009663379
9.103159796345901E-4,0.004892842813394952,0.008905759846997123,0.008494720394722245
0.0046292354199729095,0.014116089529708524,0.012757723471636858,0.023632193180131645
0.005069860806330569,0.007315397738711862,0.004622055461233996,0.014011893941841713
0.0045865126842244575,0.009457242675149677,0.0033760223531049687,0.004483906233362153
0.005222368195823167,0.00588675420003297,0.008645448817275145,0.020490613004852117
0.0011771619710287163,0.007659826511254394,0.0029266961277629724,0.005508936553209755
0.0031888485527410424,0.006292597334321535,0.00948445981400289,0.004234417509887247
0.004566735517023851,0.003017955272629809,0.0035807973286573203,0.007991710236468242
0.0053388156862538465,1.7565365116875017E-4,0.017007019364486384,0.02361160735914935
0.007820441231492913,0.003179889365231643,0.0038276674619675192,0.009758524075460052
0.004511102045670015,0.0012632711144220964,0.004200369536419539,0.007039751313622441
0.005436135450999525,0.005910330954053865,0.007723536658601015,0.005155435440388358
0.014472196604405222,0.0021676978528984343,0.010467404288535702,0.0021525851522124283
0.0021063670493680128,0.010229037481440991,0.012071354366593791,0.012740674738494648
4.0313070678960934E-4,0.0065544050513504405,0.001213102539951555,0.004706220963891577
9.011430860483384E-4,0.019099967676233558,0.00967754935141417,0.01141074450451639
0.002606698883360526,0.002648200586664746,0.002902926568115312,0.001432194351335744
0.0049788119555309,0.007259086849530824,0.01585745637805646,0.00280277922458181
0.0031368205905137015,0.007307886246401418,0.007680240671553425,0.011491173794424886
0.004398042921020938,5.653486716241361E-4,0.0030058495708076708,0.02206343556441005
0.008748938894587532,0.015055237996297356,0.008312118532873898,0.005786059432105425
0.004880358887063052,0.021388333232460473,0.00201495346157622,0.009840033691265272
0.013652028962618057,3.0975059241371495E-4,0.00797480361725804,0.029794780851953032
0.012347235153624275,0.006037497794037626,0.0016262784863508813,7.224484117964223E-4
0.005574629297115822,0.007502187066949565,0.0023621799171086467,0.008993717336685306
0.002439186991372023,0.005257461675290292,0.007218624364960047,8.252439545740758E-4
0.014188413036098607,0.011710248314121893,0.011662153909198886,0.007287422396347783
0.013423062176622317,0.004342711352459593,0.007677566408393251,0.011314422119532947
0.001800818120990464,0.004710492354515013,3.178245760985656E-4,9.982893884567655E-4
0.001100293754190998,0.008896834004443768,0.009393697477041173,6.955285562754276E-4
0.003912221691460384,0.001205944979629961,0.010068134247260035,2.8136435293982514E-4
5.718302284800176E-4,7.816346265548526E-4,0.00367416372468966,0.017102912234987052
0.002468746874687879,0.001940784497005228,0.007095864611307138,0.005439687817925663
0.012289724176794987,0.02885069655773169,0.004649146503184673,0.015853614088563422
0.014961296117700393,0.0212884907835662,0.01734426159305289,0.005407559518797362
0.0044086805141725065,0.015158558438897914,6.370106666098756E-4,0.011515371078088268
0.016596674451498292,0.009000785154443672,0.012165836180156604,0.012523786410656802
0.006572756589767929,0.010750714589451793,0.001170455132593635,0.024084418330434912
0.005297742900483353,0.011014624983966334,0.003922494301542301,0.009672643743282701
0.00803662039058907,0.015966089810513787,6.019063041336331E-4,9.99692859909489E-4
0.001220700282476619,0.012170740575794361,0.0040709786083790445,0.016848286152019366
0.0020071519199778578,0.006495922590473316,0.009878258447830848,0.0017461581970943433
0.004713686779645368,0.00860579825954636,0.012883450708572953,0.009263928502298426
0.003271468174868151,0.0017345469143554076,0.013843639488777737,0.014984056160599548
0.0019450060751959623,0.006357102873608103,0.00136620126766208,0.0016168856257800493
0.003276199594165206,0.009632955626923827,0.004685410412816582,0.011751334185832667
0.0018328499671824818,0.011183031034177096,2.0202817089951444E-4,7.737944810906103E-4
0.014433902865976097,0.007836627360742861,0.004868299432814156,0.0024691702540979264
0.0023042695844312975,0.006794723903104299,0.01145739404228643,0.003686048094817091
0.0026890601446323817,0.0012413310369725242,0.009891410753634627,0.01150619730915648
0.0011108708509629194,0.0015949798528080185,3.667471783185435E-4,0.009908228604751641
0.005812854065951772,0.007158310783703582,0.0030454906931301692,0.0028803239644372316
0.002347396958453937,0.0038840933342447264,0.010848359105244542,0.0038681736543123785
0.0013117225570817921,3.5503468592881993E-4,0.009757135449703988,0.0011695110055589563
0.0035843139773695824,0.001612435050281293,0.005503339260359707,0.004016468643050746
0.00472048041325513,0.006183307312693599,0.0017214324173405139,0.0066359359491788205
0.0014873045865677603,0.019618948231011228,0.007726963177401365,0.044247003915730096
0.0014421740857334165,0.01581690903210715,0.005219726442068453,0.007778254132962972
0.0045470566342938395,6.663357034195827E-4,0.012341293774263924,0.0039003307225439154
0.0013660606099576455,0.005778905971138476,0.020493923508729382,0.0038115250895734798
9.214614396206432E-4,0.003351959487721764,9.488478520488186E-4,0.004343033377963769
0.01124491982729443,0.010213330787824028,0.0020265235973441474,0.0014255599101086697
0.00415054082335339,0.0013618762352363384,0.003790525557780995,0.0013773983017294305
0.0031488751294459164,0.004550646812226716,0.006766570964287292,0.0054806389201778995
0.004440989674262879,0.004726703697573686,0.0016810904843730114,0.001049473785710541
0.006511265491581086,2.8941603460453237E-4,4.502289742468252E-4,0.008284048306478364
0.003142721381269571,0.005023714033014993,0.0056805449511108394,0.006566187835373117
0.0023162667260813803,0.017973236224943043,0.0026589202364118336,0.005129062980697954
0.005262643048803422,0.0032820275470032334,0.0017314733649180208,0.0032581991128394533
7.922971401285902E-4,0.0072429329200339124,0.005668374375327263,0.012841659975728177
0.003995529349237238,0.012177122901862562,0.001365720581661095,0.027151694164190422
0.004299311560639201,0.0021394419270202836,0.008358895315661105,0.009016579559119555
0.012252598782447086,0.0022740733770789945,0.01176612030313205,0.0010775308654414088
0.0024055126238483014,0.002263845711473283,0.0028115730544369445,0.004359582308844666
0.00661838998002992,0.014908694787224293,5.501478055790436E-4,0.03230223181625753
0.0010178174843150536,7.867629006903232E-4,0.005223170155496905,0.008149311908681914
0.001877989047414242,0.0019968701802154844,0.004469897532858818,0.010770725446072094
0.009221893207789787,0.0013354843301728756,0.00924751086181282,0.01110452509115166
0.0032954036947384423,0.007924597632787795,0.010643613865538788,0.004438431613337432
0.002032182375207693,0.0071265146122155626,0.008187974340635158,0.008864235040706882
0.007856112509339345,0.019346566367686974,0.014475784018585737,0.021441518353215595
0.0012912689288645297,4.38984567320095E-4,0.023145016767931036,0.0013513029824432016
0.003298325300630157,0.012590678865831971,0.0026581998803075074,0.0032619666959809866
0.003332558317661029,0.0043914319473699675,0.013075290176764098,0.010833116047945809
0.002172637156459494,0.01473839622091546,0.005214138158433078,0.007234202641026516
0.0015470871761112126,0.0034890843948139484,0.005736417825540405,0.0018908233651367277
0.0027336066603206536,2.0777842063380874E-5,0.009184411789833346,0.0021589110086681082
0.008767289103285033,0.012060730991247572,0.02604366177429408,8.143428727095029E-4
0.0017760963132407868,0.011500616176000353,0.00613621981772586,0.020164131955460574
2.835419140321094E-4,9.511591567661695E-4,0.013699204682402892,0.014988776377083131
0.023335709082977444,0.0067720337957958045,0.0022609932451092976,0.010538923692454225
0.007189404761503377,5.884909154019586E-4,0.004257285080407085,2.2741866834981794E-4
0.001451721305420917,0.004237238240938998,0.005322901954088535,0.015544886022026165
0.005579248207354439,2.5682601875291528E-5,0.013663357600567133,0.003657858527390555
0.01823804592363278,0.0060784396987880514,0.021931932236739837,0.026424882851508194
0.006455860217291392,1.8621811943195536E-4,0.013328347557045277,0.010313585326726757
8.347183543637875E-4,0.009141657383999524,0.00929096584155595,0.011880789494374983
0.004133822949712127,3.509118760681764E-4,0.01128968481866283,0.011023412114827082
0.006138839931880834,0.00437522429203322,1.8653500280941462E-5,0.012394006405831777
0.001185396612132836,0.0057936142419891526,0.010293504896868921,0.011347744615055317
0.006445765792560341,0.004527329949448857,0.004159428409112449,0.008382344520161117
0.007734947170322933,0.001979357368448136,7.042017608933244E-4,0.0110123778940903
0.013835440250401688,0.04359281412606264,0.015109394250608076,0.009366815744809291
0.002264960540443097,0.0035201571455652585,0.009281475111274605,0.00965824264530935
0.014699552388320563,0.008200289201735446,0.004310106862220545,0.01087089993282054
0.004109223304286705,0.0056210213084066495,0.019201393805131074,0.0083498281166442
0.0011253005466589799,0.03212730480906274,9.940568516290122E-4,0.024337940214095643
0.012646664389415769,0.013956672072508745,0.008320918521492235,0.006643347436248311
0.002224983615621459,0.006893106065221555,0.008088899658004665,0.007364421345045254
0.0017171379578092916,5.856588598358317E-4,0.010823323730884328,0.03405934331097124
0.0014388769833503464,0.0010331165145305563,0.002031620905027127,5.695122965572131E-4
0.010186919486376345,0.015440096345182298,0.005392853965831154,0.023198761226654468
0.020023223939867687,0.024317653136184225,0.006107653331523308,0.0027439290419448512
0.0011626003036591275,0.002151925051624619,0.0015925780423785697,0.0066447695056467354
0.0015111277347351255,0.0034393250627713042,0.002392449109454215,0.0031555851982733077
0.006940067408127473,0.011801577539020246,0.011311735531744202,0.028082931587738728
9.200600754013648E-5,0.005417876287894422,0.005227419230739155,0.009530774037592253
0.008793128660836627,0.00873859067951747,0.016611901997244147,9.546937988099E-4
0.002543068170607909,0.0018634991613780067,0.01074336881072243,0.001904931486970892
0.0021866304661828963,0.009374741212747026,0.006346484443099369,0.0016794219327097354
0.005147576835594315,0.002062178220487179,0.00916678985674403,0.013077613134551616
0.004775937906443187,7.356468391178675E-4,0.003175640576952305,0.009302578981592488
0.013928708204978555,0.0045459185714955466,0.014851155262746453,0.001632549717070797
0.003709139919825172,0.011870069527899414,0.0037182063717724574,0.005353058703262518
0.004397668785572769,0.0037971684137851312,0.0018700585702662732,0.0010610828721938496
0.0011970187140145387,8.226685708805917E-4,0.004971140933148457,0.009201911364309473
0.011565125163769159,0.0057870952631235185,9.223099055677671E-4,0.012955191811419506
0.014800836029957885,0.002924670850998193,0.009164494290093823,0.007984860901054323
0.001896944334346528,0.002142194580162679,0.006388064054812186,0.01433364538436057
0.0012485041966167545,0.0013235742685394018,0.0024681513083128896,0.004682608918638848
0.007325251742014096,0.00784230829515136,0.005020078144930821,0.00359234052800726
0.007059006745288133,0.011307894554959709,0.012174244070250624,0.01570775951758937
0.0032124444694823034,0.008053327767657383,0.0031010958445173878,0.011861129171990144
9.96361653699552E-4,7.3564683911787E-4,0.009090142195403904,2.814899459746529E-5
0.007388871127451541,0.004521212218549209,0.005817886814354017,0.0071938310214649795
0.005342612735791646,0.0035998590688836977,0.0014227140863875597,0.01823603957672911
0.0012608736384151257,0.02946238380346974,0.004479022109910782,0.018699569493659102
5.716437138693244E-4,0.007705722173466625,0.005187158659537945,3.637533043543528E-4
0.015448882840430693,0.006016704995613667,0.009748702657464229,0.0027054536779067026
0.0047023950357632125,0.0059024137320250565,0.01036064911965178,0.017617369259398916
2.894883343496519E-4,0.004801630303759591,0.002244055104682386,0.013721298396568203
6.068798967156985E-4,1.298477062513957E-5,0.012505766316876383,0.011223877310428065
0.013115796675611002,0.01202361231489479,0.007397143307562308,0.011228662424108264
0.006889044863729057,0.001115650502092251,0.0034604712910591105,0.008216534146671933
0.007683825059943089,0.005259479925875042,0.0026710487498365853,0.0012289485046272108
0.0023739378082232236,0.03453839729701512,0.0035510622671738484,0.01926023988103804
0.006906220842804088,0.007610098444313038,0.0035962928536900614,0.007358145358732024
0.0035963235930725175,0.003363424220492655,0.0060152616045653995,0.00835781955483622
0.007573079369981904,0.00461041061342978,0.006077418814180961,0.0037869175972311997
0.001241279247784076,0.0046936844205961795,0.001118980616728839,0.006429885004156476
0.008892509849322954,0.022889533348550997,0.0018016233532221044,0.0347757676154468
0.008505862514390995,0.017300484489848028,0.013510023581863869,0.021338863177751976
0.002538143175935557,0.014304540759056579,0.015138082797062895,0.023949801700732416
0.011928141464538264,0.0020829678635602734,2.041307897323887E-4,0.020229464463192463
0.007711105353442934,0.020437696665193714,0.00359170022241081,0.01878675683470518
0.009744740653590944,0.02043477754429247,0.00271632986672093,0.026355668866884625
0.0031544771467043285,0.001338920904510559,0.009087799481146018,0.007680912037471537
0.007471179943368672,0.004576583561114222,0.009919224052636582,0.015570412240927697
0.003120324885514409,0.007505624907777558,0.0033017885233088224,0.0295475984297844
0.0059696267285736845,0.004846425938479067,0.002900181692615614,0.0016740318758685865
0.005934624856971629,0.009978033321075374,0.0018779066646843635,0.0023821408866824506
0.012059789499789681,0.006863863654831984,0.0011995386753899467,0.005959313445138241
6.437318910307245E-4,0.006111013354280951,0.006334837988252474,0.009605681025177835
0.005574629297115822,0.007502187066949565,0.0023621799171086467,0.008993717336685306
0.013187062398059562,0.016247270088472206,0.002849495255748047,0.021204813278599858
0.01862753298060643,0.003943936987050974,0.008678479552513569,0.008870328155253543
0.011500126551495179,0.002058813664931436,0.010966655431844115,0.002432943609021182
0.006962937552983674,0.0021568947692087014,0.015332647482637306,0.0023343946590937957
0.010778993275671264,0.021146673580671398,0.0037388410144933645,0.01953746181935365
0.004889876040886992,0.008667167471941337,0.002500282838490968,0.00952232088291015
0.006549383895277321,1.6009658098279153E-4,0.010677432360638842,0.0015075142005249985
0.0039534435191679405,0.007920301457944527,0.00708393863713337,0.016154796018284713
0.004388766684832784,0.01650321439012488,0.003806555858901162,0.018721888743750238
7.582209494870565E-4,9.434183439672704E-4,0.007246014066971301,0.007409824927274752
0.003290863341463016,0.008101023044289177,0.00885534711030106,0.005820362842470558
0.008870894292443338,0.0016241530987437306,0.012837807034896892,0.0095689351650364
0.003887900638415373,0.00747774898446124,0.001336373307542286,6.282958102652097E-4
0.010774309984993872,0.0029508665393761188,0.00939661585954047,0.02381889909292715
0.008691445928175298,0.012257989994679605,1.6506777569384002E-4,0.0208049636195065
0.004463762956522454,4.4525315054022054E-4,0.009296318224449717,0.007985279970689173
0.0108714458277474,9.410016897000361E-4,0.007943532574242657,0.028804198582573416
0.003685251010272542,0.01126944663827231,0.016941468140532,0.021733225469578715
0.0030779182887763473,0.010204761373234146,0.004783589474799941,0.013612076924096361
0.0018418856477418436,0.0030372978036964328,3.996514574105514E-4,0.012232681636102482
0.005533208293845074,0.002316333342592346,0.0031011349527361952,0.0037509134040429205
2.0324049861817902E-5,0.01394973736578347,0.014794775578802289,0.019763912739004175
0.0016323640714099503,0.005312785066237167,0.008769400030994494,0.016205098936920386
0.001260035758517562,2.030784299438084E-4,0.005360862696452702,0.002433464328628624
0.003819493947962597,4.2451547321214025E-4,0.004717732356538851,0.0038487504690459065
0.0021075026129469066,0.015026874226278132,0.018442968259506164,0.01469037342362718
0.00952213323170898,0.009574125459754541,0.0011942348827985077,0.0027999834107635966
0.0018201474674233414,0.006117036865137123,0.0013692871536426419,0.028249340560905317
0.0015091720812284307,0.0010247588563617918,1.0584573565692356E-4,0.007766486759645964
0.003628640708735962,0.0038202548543916095,0.013449037900821262,0.004166912985378092
0.005607732449377801,0.010317173882063053,8.960216600075023E-4,0.006268238281359266
0.025781904545971523,0.024565507338191114,4.0357366170937323E-4,0.0016207014801666443
0.004775937906443187,7.356468391178675E-4,0.003175640576952305,0.009302578981592488
0.004417895491988726,0.0016391153494759512,0.001148493070138232,0.007279468703868557
0.0028415199598293738,0.0037392231870036086,0.0039317768370388416,0.010979248843363603
0.010318187895269074,0.01091087467327277,0.010367023970325276,0.010996241322563867
1.1943903940141336E-6,0.012293434995169364,0.01097819921082998,0.0130490948354365
0.005691343679487916,0.007429018475264978,0.002534583428282407,0.009463443121738746
0.003709139919825172,0.011870069527899414,0.0037182063717724574,0.005353058703262518
0.0035834755952600067,0.012195708137230345,0.0027425162097470413,0.005313070092777147
0.0027073666938173774,0.017389588778329582,0.014170046361027717,0.021356839696973082
0.010020938373539677,0.03524824403893432,0.012998694721392808,0.010247180982361092
8.39490183362505E-4,0.006347184044239182,0.005659706664058845,0.007215943188550464
0.00286053933818111,0.013683560251702146,0.007687362404819244,0.010278713492360095
0.0016663195167672745,5.180268512375067E-4,0.013597753357765228,9.931730620220092E-4
0.0038221023809590464,0.024799752273791772,0.0010281723630423476,0.010769350149346114
7.148934908350292E-4,0.01863385403486291,0.015788104653560252,0.03170343778599331
0.006299011966223644,0.01452491477926596,0.007411613335432013,0.01343253668422118
0.006591773835007703,0.0076752831253420195,0.003278539891580827,0.0049266181429654535
0.002476444302772196,4.3279921062017206E-4,0.014190140006900692,0.004372418362932313
0.002998423623466735,0.0035728325794175068,0.004387982622338061,0.012125530301180867
0.00930278797848648,0.021438750814565487,0.0033166389933426293,0.004872194714676566
0.0031736006823716956,0.005651274925331969,0.004412363820783612,0.01257208046208507
0.008074206652619124,0.007783262322603099,7.3812851624158E-4,0.0030416457802366244
0.001881763433653982,0.0015146495535257195,0.00975807420958687,0.012109998001204214
0.011533200844623047,0.008240724243443801,0.0034549822362647665,5.555841954698338E-4
0.0010879622287198398,0.019504306619359268,0.008657475216786786,0.01304255053338252
0.0024666937231882734,2.494278595383291E-4,0.0020224929478108054,0.004548547962047466
0.001288384631130792,0.008965728495767726,0.008432336082766393,0.013012258991128478
0.005459960656954902,0.0018935467878115513,0.012464770369836363,0.017571885435553606
0.01634380717109155,0.0038189759503607103,5.144063162769197E-5,0.0027131250193394236
0.009827393216015293,0.011388872149811222,0.0050988789287947,0.023711177898235142
0.0013573559565854773,0.014491112980432506,1.3333476773914318E-4,0.015990553156341434
0.00344117456507109,0.020323225613570882,0.01730808343788991,0.0056020476648515815
0.004027778517614539,0.003800042048390562,0.005378480649147158,9.90928892656713E-4
0.0064046126965218945,0.003089404539430856,0.009147565992561111,0.01182653047315911
0.003791108845205668,0.004801434888116751,0.013652955782315096,0.008164251953871618
0.008390752373728631,0.005769192490206617,2.0972900494138562E-4,0.00981521255738508
0.007626172209128233,0.01270065652116302,0.010693566261533245,0.0024499163448333454
9.328991640585083E-4,0.00890409707315429,0.006722806033308664,0.008781231294379327
0.0050023333292440655,0.01694906729764641,0.009531261024556438,0.017222242481555173
0.0041053853771870095,7.891600901279332E-4,0.0015112609341182233,0.007875718947987873
8.041857912931239E-4,0.00200380176940863,0.004186050185565381,0.0054837364397030556
0.013783270302918519,0.00441003813921164,0.006396116249874262,0.006780030811603094
0.008732521767030833,0.027442060492983977,0.001972570111172248,0.009402598884144105
0.0014395122876767258,0.009053168933608184,0.011621619240578186,0.009877429683449377
0.005445127924406584,0.022146901427520155,0.01643100116996908,0.022665822386505004
0.00400403751976651,0.01999031692660727,0.002272764279058851,0.022089825284405038
0.004627750241705478,0.004954909996548182,0.015557339430470024,0.009209543117392329
0.0021145369195208503,0.002991610145100872,0.008369374095915342,0.0010141589113637493
0.003427523743330653,0.0018407680583034348,0.005133135005309348,0.002755673197424513
0.0055414928179112945,0.02561449630294615,0.013606611598810821,0.030158158341563136
0.007876060465868619,0.010304095139638213,0.005926609432992407,0.007250383335516849
0.0054923838956352725,0.006342963111850043,0.007928300724208857,0.007017894545691786
0.0043730005364750356,0.010661278317333375,0.0029698835250752567,0.005004642723075121
0.0010761395327427258,0.00313861338197834,0.0157936310193108,0.005216157847942532
2.6798668366407447E-4,0.0027055588629076592,0.004748108813470628,0.004953252857767403
0.009696369074737777,6.279826704084731E-4,0.002163573407052898,0.01664668075975876
0.007004084137243525,0.003099494219032275,0.016083258645580023,0.005644110460696551
0.006149507841834486,0.006893734937499333,0.002609743748687415,0.013393247365848624
0.017607910889936566,0.03885162195846208,0.004474510553703725,6.349824265678947E-4
0.001605556786584195,0.010250218599450488,0.0018838277589783585,0.0026541946928689795
1.4888865752336398E-4,0.016549105228413276,0.00964200797580748,0.0038953514333506653
0.0022866158199987938,3.1819636005090606E-4,0.008706200599502192,0.009912417882984699
0.0038214855081638924,0.002307011580298655,0.007272798338907475,0.0015686807945739074
0.009478432433838281,0.004487049716884879,0.003645401492641215,0.004524706778618138
0.009367726547021362,0.0015203050783038998,0.003314257740152531,0.007165812265240505
0.0024974174482126302,0.0019478769734184217,0.005554654982614323,0.025461865773536155
3.774639421822598E-4,0.010587037080997124,0.011899778152961787,0.013498197570390242
5.870449310381631E-4,0.005707392528894329,0.00678893141756961,0.01901158715342859
4.4266214991177665E-4,0.005250881465586398,0.004114205111619429,0.003698828874898688
0.002264960540443097,0.0035201571455652585,0.009281475111274605,0.00965824264530935
0.004548146139790001,0.018955946922635115,0.007459821192799171,0.005243056176790555
0.0077740760575737535,0.009238388279793517,0.003547176961077115,0.00948407796416731
0.011451866611895394,0.005857232496431726,0.00658404564931844,0.005715048681227648
0.001865800020063674,0.007280596089259693,0.004769659261460997,0.006517323063608897
0.004566735517023851,0.003017955272629809,0.0035807973286573203,0.007991710236468242
0.003640187967873252,0.005052200211427959,8.538352222359282E-4,0.012247875225357543
0.009920701734822963,0.0011104225425549628,0.003430985017035159,0.005056222685848418
0.0029918087357241573,0.003484212533899458,0.007956869995461547,0.009938214860649995
3.813351535903566E-5,0.036394652218377434,0.0011841459855263321,0.01784484747158677
0.005389353296096654,5.112206113470903E-4,0.0024198670687921135,0.012574855179644474
0.00753831241043321,0.008349042321075103,0.006246199635569706,0.005742183162062944
0.01125805424731809,0.011185914966551561,0.00391631487259873,0.011203232370492908
2.5889297364410157E-5,0.0017692032392589208,0.009711298595829523,0.0010107427397403018
0.00550800517207638,7.550989564039527E-4,5.633105953613001E-4,1.5509938694133752E-4
0.010964559106104074,0.00624343876808381,0.0029433603385576185,0.007979759565051873
3.60150569675861E-4,0.007114900800489805,0.011458691768452373,0.005519694831503993
0.011416535643020467,0.02041272110412464,0.008301044146570102,0.01157645356810859
0.0011271707061363885,0.005982642405865707,0.0015883160916522552,0.002604619433440116
0.013488363992059785,0.008478624966236801,2.7455119074214164E-4,0.02153500684893784
0.005496692258365497,0.0011103380150611355,0.013335111019586034,0.0032324248992654106
0.007007667579246301,0.008310772988911098,0.010783428782008064,0.019360883459368306
0.005317128697168926,0.00330208146867271,0.012202502681654025,1.4528611582031683E-4
0.011193699262005969,0.012602801679088735,0.0012436477973504,0.009059581027457237
0.0040789990997114394,0.003161965360170361,0.008784846767961074,0.017999115267059735
0.01893217830723501,0.002890834245852174,0.012706968268206267,0.0027456106098385793
2.5889297364410157E-5,0.0017692032392589208,0.009711298595829523,0.0010107427397403018
0.004929505625805353,0.004986129432321386,0.004485255810985974,0.01709837548818556
6.23980097367748E-4,0.0017255638916387256,0.0017430861050386302,0.0014448177683510951
0.0031105434881553767,0.008068113419694092,0.003176453725942219,0.008588135968960763
0.0040733239211076,0.0011464255427165732,0.0012190473227474024,0.007579010292056555
0.004683308544435159,4.3514224337837585E-4,0.007007315555538255,0.0045009548169746135
0.015446088470230063,0.008254275462902956,0.008405711134345765,0.007279859462492704
0.004295831944009377,0.004848910639525154,0.01797333257881515,0.009733050476175715
0.004082904849968439,8.870243152307972E-4,0.0011767463114606882,0.010338937974014275
0.0014825500832136068,0.00377908431599925,0.004596277467236411,0.0034519306214437274
0.011354295898864544,0.01409632894377974,0.0100375822720477,1.563876780724083E-4
0.0023473969584540053,0.002371943802171142,0.006174928947786466,8.941403967998821E-5
0.0029324872073771577,0.004174163714220143,0.0013374522883473669,0.0035033323937563032
0.004665153863332412,0.011508581586253225,0.0054109588661007055,0.018039756413791932
0.007083833256259476,0.011972339336527492,0.0014126333749245005,0.002000885242380207
0.003632373020039298,0.00674438388127042,8.81643414369272E-4,0.0023473877838732487
0.006968554455421967,0.00728793148915628,0.010969758742110598,0.00431053474776199
2.9511367587150588E-5,0.003952150465079748,0.00577763866301165,0.013048195713982207
3.576919798082386E-4,0.0023391273093399394,0.004929578836287736,0.00421318512349142
0.009961749497323088,0.008507936221638621,0.004149711824594687,0.005848402352082433
0.006795821775123743,2.8415487826820263E-4,0.007546088843255064,0.003719795542927023
0.018591069984398443,0.011179851795846766,0.00487832655992688,6.536782718361483E-4
8.913184098802802E-4,0.0013582302073753304,0.0039022751791997537,0.003943521733559812
6.204325164638243E-4,1.5721695413730604E-4,0.0011374757538279321,0.0034835608047801246
0.012646664389415769,0.013956672072508745,0.008320918521492235,0.006643347436248311
0.013324307733419067,0.003093743012742068,0.011941546549423672,0.004104090185991263
9.251214575126061E-4,0.002293234988626617,0.00824294045380665,5.484304558974654E-4
0.01092775142301863,0.008879123348539707,2.7148134726868685E-4,0.007447743365948685
0.008723064887847055,0.007967594211249512,9.924684945854717E-5,0.005430163852836716
0.002195030386051165,0.01666658335468442,0.0068634595868256685,0.009805947152838609
0.006962937552983674,0.0021568947692087014,0.015332647482637306,0.0023343946590937957
0.003122345479339478,3.122632708451554E-4,0.011351768664139793,0.0016803277827032253
0.003691570742716861,0.0040544902005159745,0.012759089009101145,0.011508837737775718
0.0035060344561483985,0.0068535662321435285,0.004899278249596006,0.006441099360672943
0.011622822315766692,0.03160109389689828,0.003790643369332793,0.023378282029036523
0.00302486678013962,0.019465977169464188,0.008048317649368935,0.008042278094525636
1.8639832434586115E-4,0.0038476459460289113,0.01269671693939939,0.008257034250214276
0.012695965949529497,0.007519716410239543,0.0020327177811244345,0.021519471395254983
0.0019210671975841516,0.0037725642412805307,0.003655030673991974,0.015529102746686037
0.0011012905523047868,0.0056101357503164145,0.006726662740924827,0.005533097040253084
0.004355418123134671,0.003398577094944371,0.0049772627485795045,0.0037183249120458966
0.0015200080093124794,0.002676333838631564,0.0012209847038055367,7.060761064533464E-4
0.006739407627002926,8.240244917942568E-4,0.0030369076617298347,0.004331669159438799
0.01202392808175554,0.0016063879919039398,0.006261453619383005,0.007046444376364269
0.003463344029467192,0.005221901009014921,0.00444318890966619,0.004625817514593449
0.002298111423000444,0.002532689559232532,0.004745716375939193,0.0122986754408968
0.004199570755290186,0.004312751546209537,0.002172463364353745,0.0012676511981865892
0.00734112153262116,0.004568831915221985,0.0058459249750304,0.013355655133077154
0.007865219222164275,0.0053078737802530526,0.01272998872106383,0.013847017494538814
0.011738697453824394,0.001675126189871862,0.012384700359165397,0.0013780303472016627
0.0037477612457127727,0.002424370356588388,1.3205555571948213E-4,0.001316168185821424
8.91482534733777E-5,0.019217968463169425,0.0012825274944137952,0.014401614541342252
0.006191661679240797,0.013161155674172278,0.013521338171680495,0.013830316604869898
0.00294128866802234,0.030574102922077552,0.005113089769601504,0.01823547124405625
0.007526506536127369,0.005558915559691366,0.006986979657293706,0.0038264193521343882
0.011219824742589774,0.00868498562731943,5.415914204653646E-4,0.0011841693052029414
0.0021525617466567905,9.95103756494176E-4,0.0024518054964491995,0.0017124555023509765
0.0022712849011114118,0.01833141631290332,0.003348241198004679,0.02433270780419059
0.006343555180546291,0.002494910593714222,0.010705453847964494,0.0015240252654253493
0.012062715546586994,0.006881941722015491,0.007374576300609447,0.023043309333820105
0.005370242189936369,0.01756349216963615,0.004224037727524465,0.009963171002460193
0.00550800517207638,7.550989564039527E-4,5.633105953613001E-4,1.5509938694133752E-4
0.010502553069100322,0.0010289204261207825,0.0033324790454576586,0.0016734308163849963
0.0024954871925179658,0.02624132841925755,0.0118543394180793,0.031139627398035753
0.006081382277667009,0.012425075138019081,0.006796420263891261,0.004408699817349793
0.005920121844464241,0.01514497374450573,0.013058369933177948,0.030016217419680958
0.0029052570868414868,0.00628885298784243,0.003995966164484756,0.011948215609716097
0.0037149146068898337,0.014274143720128835,0.0010925170747038985,0.011579866029911508
0.01572262869595471,7.13904761051144E-4,5.912194853829555E-4,0.003500316642321659
0.004578936890304552,7.180896658827178E-4,0.0010428208450680367,0.006879520127108907
0.0012561735073877726,0.0010353910128845481,0.013341853051443793,0.0026270206169858585
8.596333386054948E-4,0.03509321228515963,4.527667445632674E-4,0.021940927865964303
0.003920117549697242,0.0025826274719105845,0.0035657839789289404,0.014611863989892835
0.005404593644863338,0.012485577662771613,0.014738006352290379,0.0022817200971689813
0.004401232337481505,0.004069157865007925,0.005716067044675382,0.008228946246487555
0.0050023333292440655,0.01694906729764641,0.009531261024556438,0.017222242481555173
0.01975040855520844,0.017496736413923374,1.5955887815101387E-4,0.008411068580570436
0.019030249036079513,0.0021059619507352557,0.014335369616327044,0.01480815590721946
0.005146835670977354,0.010938421040468365,0.0027653805270043074,0.021225023804871665
0.006030607098425021,0.0034577233272531697,7.436274428413732E-4,0.014519161078220055
0.009362953326977529,0.03660260266485124,0.003714918626134242,0.02252535730626655
0.005689326971321871,0.006003464252680528,0.006429836292914064,0.0012615169728108322
0.0037065637345368406,0.003420498177870778,8.237679622826665E-4,0.028592455151677715
0.003630815308294564,0.006401975022435995,0.002233430133933502,3.899922828498026E-4
0.003201251800079982,0.008181735330770348,0.0011575489865761617,0.003438829990411043
0.017300991992753468,0.01460632514916417,0.004001884618695026,0.00776149368965857
0.007344668966719531,0.007021843545700588,0.0013509708187362344,0.005971051009620681
0.0069397431248281,0.008246876788128181,0.0010989737196284717,0.010020331898836889
8.443568791683888E-4,4.1925331227763113E-4,3.054498095178729E-4,0.0015448489068211001
0.0013903031806704101,0.014987505726588569,0.00895466657087107,0.0029601624180724605
0.007353870696761356,0.028470447181482356,0.01933774385829528,0.012727227857119891
4.741316833066022E-4,0.0045226048521633125,0.002454466497883012,0.02193347401085298
0.013972655064754817,0.020094253651296305,0.010680856394167831,0.012520010362163712
0.0033556956823090262,4.2411734491456084E-4,0.011217024401624514,0.00966715790817022
0.011167708587952347,3.3356518665541586E-4,0.007707387324568529,0.007840866593671739
0.001392972866920506,0.026211843738267744,9.71408155767834E-4,0.012959980667114634
0.009628119452707546,0.006545005498433927,1.244431824613099E-4,0.00551060855984034
7.159822401675296E-4,0.0023632224640879485,0.007220912534215003,0.011265403738930618
0.0044342020222328605,0.033226318507350514,1.2063453506476956E-4,0.03280144268221699
0.008005432977573737,0.002267978160302442,0.006553862382824246,0.004596969856014677
0.0043403511120869275,8.727165065436631E-4,0.004291782622521741,0.002008537043420783
0.01077265008264372,0.0063621572663793554,6.912535206819087E-4,0.01118837834598779
0.006548205128222345,0.0012340694074708545,0.0015001182956654805,0.00469164677278214
0.022897367276834012,0.028895153314460586,0.01316567482768225,0.012506802041821035
6.383132833185051E-4,0.0010737113952708972,0.0014379534971836396,0.00758448589260612
0.0023805604575509866,0.011066190281287362,0.009354803038458415,0.003957177582307897
0.01676886516435966,0.014290451456786268,0.007098058807360721,0.006349213746531296
0.005144656710198736,0.003355991168949413,0.0015597739507397172,0.0037252547912765654
0.012083622732181675,0.011144644112615997,0.010018719814377002,0.016371861688470962
0.00996174949732291,0.010824732821034917,0.003682068888859087,0.011864223316819437
0.002240733372588605,0.00880127996751916,0.01932171598471601,0.01496068288745133
0.01608498495765139,0.007132572756561082,0.01217671464147061,0.028451431028005975
0.035906674818092545,0.03525062773729905,0.006793436340100362,0.031307935476383844
0.004761825620964808,0.01692376708784461,0.0015792584394801656,0.0025171377131704875
0.003545534718844271,0.011100508346898597,0.005599879330001818,0.001564644517797704
0.00210694264095424,0.006472240181982135,2.1465742079655666E-4,0.004503171220233797
0.007921894201671898,0.005265032373037531,0.0010480653879795443,0.0031043403839796663
0.0045865126842244575,0.009457242675149677,0.0033760223531049687,0.004483906233362153
9.674374978331761E-4,0.0030234023882588228,0.007015393636196303,0.00367748871207297
0.0013731127200663162,6.634303562402746E-4,0.0011708649865965082,0.015053239081414696
0.006582332796279615,0.013960039622978471,0.011766740727205472,0.004887661075470894
0.007059204678043508,0.012529696862686113,0.004806539916402179,0.018854781326389704
0.002696966692842838,0.006919529722789651,0.009418899967774596,0.006435390882078884
0.014660586458226479,0.002809660555592157,0.008346148321766073,6.998973923729155E-4
0.004596944517411195,0.013475283479965926,0.002921992107097524,0.00429676428481939
0.0036951156268216425,0.0022679454538182845,0.013962562818913959,0.002723737798713744
0.002294303465698241,0.007284098224978624,0.005260377442692536,0.014600785628133682
0.01452048764754846,0.005437608517168503,0.013710758769607303,3.5911117705609473E-4
0.004913416260979395,0.0076618802970782095,0.003706016342415264,0.007149302546917006
0.001771132077392049,0.00533104411347177,9.591655971636905E-4,5.97361318709352E-4
0.0022896706128090016,8.936413078046501E-4,0.0021162385673048206,0.007168480095113049
0.008541061204194615,0.005339472054771223,0.01850153978121259,0.014643355097439225
0.00150480653328643,0.0018101391748034106,2.338494859166943E-5,5.04764962028006E-5
0.0056615919342900434,0.010424883309907358,0.003832540610253501,0.00804753622212521
0.005003468757270127,0.013147909032765142,0.011559603309049728,0.015757413222609692
0.012349769877626898,0.004733841456012795,0.004039461004279604,0.014168497114835553
6.151217452726059E-4,0.0028519238133995514,0.007515269839508011,0.008789778998101754
0.020912745426615434,0.010823395233276037,0.005446017042009052,0.007316063638559422
0.004853178988866663,0.0034588435080137084,0.0031637979124474413,0.0035877548066472575
0.0012478049035011313,0.0015660185804066218,0.004483639952710714,0.005414240452594397
0.006838559161604808,0.005501254302411807,0.009579270426089487,0.014825518902274024
4.783052643807397E-4,8.973823054782538E-4,0.004508960852128175,0.006173812082237067
5.996402158706219E-4,0.005130866178908028,0.01077061498581866,0.0017751475192750003
2.158385110573192E-4,0.0034455252996138065,0.001496831785782849,0.005304698870264259
0.005348391427085459,0.016987782321339847,0.005389695710588779,0.008709733996649557
0.006978908220372874,0.0035309858925888344,0.014608700528474135,0.01879794521381167
4.889143062848216E-4,0.03440071854631742,0.01952851833194486,0.02648826771961232
0.00992486953483008,0.003812201214612468,0.005212806816124333,3.9092332143216344E-4
0.0020437393843332706,0.0012054449590409892,0.02288519335112147,7.93283292005674E-4
0.003957370334455247,0.007733862282732744,0.004895547931540896,0.01710322827330579
0.012361165433392279,0.017342534204441075,0.0060483515176763866,0.017807678631135374
0.011652295656457074,0.006348903406825705,8.652376607108477E-4,0.004968483010310462
1.5342728223277007E-4,0.038341947261295084,0.010273826332014381,0.019650813576589026
6.148555443399532E-4,0.020414805163771383,0.007537091720371704,0.01089107538150578
0.0033001359588809677,0.012114125050207035,9.131928972122099E-4,0.027039165510435354
0.01075267280509424,4.730015880838835E-5,0.008571999244673383,0.009818611155725769
0.009844164083890288,0.022998907052963487,0.012571207502934875,0.030569432754770736
0.0011365332819313378,0.015048099925575044,0.0034156035195063144,0.01083184179186206
0.004195037146900256,0.026108695919489562,0.0024789883574988527,0.005789252161924521
0.001980593715509576,0.012620314722538207,0.018113371546367583,0.017570857766931104
0.014622617589273051,0.008940226116362065,0.006535058015872227,0.017892085412599637
0.0012766018720674018,0.003521836183707104,0.009430225614716287,0.008672800389147734
0.010637301445547217,0.03521483172090736,0.013249150609498269,0.014761318289043469
0.0010679577970945677,0.002543091971297958,0.009373977810520117,0.014465172020905876
0.00559005602578349,0.012679883302449249,0.005768788339176339,0.0035338172214778724
0.007603093528108438,0.00394241796862136,0.0033841258717931286,0.0064045698126617475
3.272855869860082E-4,0.002415787807508293,0.006705627466191049,0.005345322274287881
0.01535941458666463,0.024364345568451594,9.903715418752372E-5,0.009322234197834709
0.007419881440346236,0.006799417721418971,0.018942342239665434,0.02228808451198998
0.020892398367964096,0.003298102260664048,0.004396139065527072,0.004486493185632885
0.008257653618567692,0.011052261342847602,0.007821265864474075,0.029540687113337124
0.008098430954369254,9.123662979525952E-4,0.0026394304209559015,0.0042543534339118195
0.0117296666556891,0.003625893284135512,0.003084299312648527,0.0039177030408830485
0.006133565218397707,0.005762110127205282,0.005045993487673929,0.028407917789048928
0.005292875288276718,0.0036218562551518863,0.0016318890465968276,0.0013733638017497467
0.00747757897030491,0.02005850286657974,0.0023728125591080994,0.015406655321133162
0.0025101455208709376,0.001979870932016598,0.0036895022164922624,0.007854501149866971
0.00814230698269202,0.012811772477382017,0.00967063706488588,0.01569480620253989
0.005308274176138132,4.2256186887553186E-4,0.012531678318288197,0.013535737737417617
0.0031828387568054207,0.0013357436880932557,0.0037848315300774665,0.0022358802747223664
0.00778438818090263,0.004988703184016084,0.007959007803945612,0.011475278072682848
0.0020939176372825477,0.006544504368709744,0.014470009972609344,0.01129480466519122
9.173500846133151E-4,0.008373902068757707,0.012944832696467578,0.0012795764258114923
0.00155756883541023,0.008020771930578147,0.0070001661588797665,0.01050036461576154
0.005265485392597983,0.00451211745981262,0.0042688139569415475,0.018095019048978218
0.008075636206803953,0.0011509820770927905,0.008660193233939783,0.0034746932009228084
0.0015076509580446435,0.0021030074531946307,0.005846483477108278,0.008989119409449112
0.012515898344250834,0.022193655821782673,0.00886044072693121,0.01457886751259707
0.005919878971264327,0.008077856314897906,0.002089471329662833,0.0039285718602073095
0.007471184318382027,0.0017344275077592025,0.002374232883755695,0.0029201212906294397
0.0015263390977570293,8.99587180595506E-4,0.0025610976354178343,5.997204743804792E-5
0.004188463976323451,0.010072156538742187,0.0016233739348456787,0.006935209612547023
0.006491038153038243,0.005732336153191638,0.0012955823085820449,0.0029287690688806233
0.006427817981855347,0.012527650810868162,0.005483645149453584,0.00220521906391131
0.019603121806730975,0.0017993538461736917,9.256850137073631E-4,0.007929168562022073
0.0019180963918422065,0.0019718490722129703,0.004713620658911474,0.007829683681617414
7.399118480998308E-5,7.093249221103038E-4,0.009045080627220599,0.001464640005878956
8.006405124099366E-4,0.005443737618175129,0.004499947696079176,0.0021015009257803734
0.014146323441859168,0.004158351019866272,0.009700041531459978,0.018654614164275333
0.0027623036102125582,0.004473403824453573,0.013660054586629574,0.003410174452093984
0.014472196604405036,0.005765606066338882,0.011966109625352148,0.008741770594717983
0.003540593013073292,0.0021402210707927452,0.004767677681883618,0.008247203402045891
0.006992750050657384,0.013513510442162199,0.00847886075831362,0.014198556468885414
0.006038419212340482,0.0013233669729822185,0.0017678327687009588,0.0013566008509838438
0.003309752790236252,0.0019146254281998936,0.0053060151130626225,0.0032224949305199413
0.01608563560692413,0.034873663132160795,0.007039272029337505,0.0012385020915441085
7.997229657442166E-4,0.005720335446214199,0.006117423696958693,9.138323988529664E-4
0.0044086805141725065,0.015158558438897914,6.370106666098756E-4,0.011515371078088268
0.0093469135613155,0.0066884535159377895,0.002035107559109305,0.01104853534911547
0.00456167667291238,0.00881975518568596,0.012844001461363755,0.00724023811795486
0.0032125057223165716,0.012268376153046285,0.0017385810919486385,0.012250132758667197
0.0024155538979889713,1.1653418443849366E-4,0.023571716847574708,0.014780065845538452
0.0029201071879903216,0.00422450598487488,0.009725259595356597,0.0024888214964853324
0.02269724587420817,0.006432445081100579,0.00844702877331409,0.005162549209096449
0.0026678359561528417,0.006469981299309971,3.360488269767438E-4,0.0070020714857786754
0.008894433131643288,0.005757540418839573,1.194340649526666E-4,0.007524417579664991
2.145611367175107E-4,0.003780173273231298,0.001494845780171246,0.006941464734542399
0.0037685069982317013,0.0010965643498508158,0.002143226558436601,0.007061022534038794
0.004066642779893293,0.00394633521591213,0.007346258048131685,0.002326522647848069
0.0022971816090117587,0.013886642493547756,0.01562283214121175,0.02373707284737582
0.0012902352793236521,7.858252771180823E-4,0.014684132638618798,0.0030588931750682906
0.005671746630732479,0.0047144121358882836,6.155081557875834E-4,2.9636104702180114E-4
0.011533691100728926,0.0018707979574967637,0.007606283275691756,0.023203016596173718
0.0031223454793393992,0.0016241530987436588,0.007951191208762589,0.008529062629162662
2.6798668366407447E-4,0.0027055588629076592,0.004748108813470628,0.004953252857767403
0.01250163949202188,0.005254467882090746,0.0031254289854337376,0.0013456192711891908
0.0013440034805286653,0.012223595081487525,0.007231659462932618,0.008896941058095765
0.0010184209625684103,0.013361392493165451,0.010444165284243042,0.010172517109112439
0.002814157218521414,0.012077208603626892,1.7861765512493293E-4,0.04200462833495118
0.017306567853680926,0.03076825642355281,0.010370592958757748,0.005282067337587471
0.008682312641227444,0.00834313273708205,0.002943342310515249,0.006704733505130934
9.184532620078845E-4,0.003858958134571363,0.009106917481452988,0.009362318024899523
0.002058941783862469,7.794349862995076E-4,0.01001221731640354,0.013092304213249422
0.0029918721451093126,0.015950075541505824,8.779809322169399E-4,0.012966533845298714
0.0027428870871752647,0.009230966268480635,0.009550094289216405,7.810406571348405E-4
8.268022572389523E-4,9.57716582231123E-4,0.0060056250008214416,0.0088107891692264
0.002752611242460239,0.009411162391817563,7.478050704879288E-4,0.013030839472158851
0.013742956581915535,0.006330058661212855,0.006848282384680931,0.006739489897233866
0.0023309970767695014,8.454998591413741E-4,0.0017730280494649864,0.003110307967054587
0.004966212873477627,0.004647564135228061,0.009228521156528,0.023220271127433457
0.005732128792521693,0.004377112951382002,0.0065112549761039435,0.010320193147452573
0.005528975215747067,0.0023882694913359777,0.002656231757864845,0.0022023710662892396
0.015026623315187912,0.007074211876780029,0.0020224397187826493,0.033230852373284554
0.007243812999671577,0.0011857447876611985,9.175796291569664E-4,0.02045050085404666
0.005165354096530721,0.005406208693018766,0.004019611773897441,0.008239819041083344
0.00415054082335339,0.0013618762352363384,0.003790525557780995,0.0013773983017294305
0.0021342741222460096,6.820687367743711E-4,0.0041767892639611994,0.004545100317624384
0.011920686271842049,0.004319808221487738,0.006102887466094826,3.563825761149159E-5
0.001418835718198794,6.930654694248285E-4,0.009038190835218231,2.3819825819569118E-4
0.0010440791889292892,0.005638301866857571,0.0027538930237631333,0.006847904619053586
0.004887669611092429,0.003856862596418142,0.01636640719515709,0.013801392790231069
5.208696961442164E-4,0.0027383287657925678,3.7607589212301773E-4,7.046580837518642E-4
4.1327667078848223E-4,0.01298211340340873,0.0016686515875551854,0.0027321967366487673
0.004121345218891122,0.004741133632676016,0.0037330874766198334,0.0014214208367033527
0.005382347264905222,0.008251408608092165,0.012031886345008442,0.004410063585726924
0.011787590448935684,0.007940673332328398,0.002908023795850258,0.0025665435836986785
0.004412850761484557,0.002859562698478868,0.01488750524286563,0.0018269766533764006
0.005383214531907155,0.011779312543865527,0.011206812284806618,0.008407835782814203
0.0037371872391775735,0.00654422298660287,0.008833804520140744,0.004709119779674514
0.002032182375207693,0.0071265146122155626,0.008187974340635158,0.008864235040706882
0.001953208678881519,0.0057626450167592895,0.012712720419734137,0.01347780220725661
0.01912830558128505,0.010923218626091224,0.006811283493101343,6.693185439953695E-4
0.0021592824588164148,5.281273113230031E-4,0.004656140189838475,0.0047633539310902836
8.033549524885209E-4,7.471695641185317E-4,0.0017137703036753374,0.0075411207878495765
0.002383604355516498,0.0037266454364108426,0.0010557239978061124,0.004984944364371506
0.004646436310713018,0.020554047291426878,0.005728639904542057,0.048167122571612486
0.0015601161479097468,0.007627438721975909,0.007555170680025872,0.008821326696996942
5.624442943649103E-4,0.004507952101948983,0.011047133417617391,0.018197633475021856
0.005499026574097707,0.0025936102538112412,0.0060711300218812565,8.575477031989148E-4
0.02067900007504006,0.023090318147146245,0.006446371551365432,0.005494460817473161
0.005322816935565547,0.0035995308826386042,0.011895208295214711,0.009061722180014508
0.007683825059943089,0.005259479925875042,0.0026710487498365853,0.0012289485046272108
0.004618911108761976,0.0085657274151408,0.0014954077291146686,0.005883383221023153
0.006889346059331297,0.006512845612055356,0.0032336195537077247,0.013097021148256387
0.014360964418961118,0.0024837157897229832,0.018880043559483157,0.02662305384157822
8.046687372379336E-4,0.011227309925769688,0.01067020655668799,0.004128205111960334
0.0142422365746992,0.0050860970145938655,0.007624872649516523,0.01993325728482867
0.005878373251372796,0.00966598363841447,0.010650884081205386,0.008370629185856007
0.007035885704787448,0.0015998322538579087,0.0018625845034870461,0.0020433867702504063
0.0022665083790778095,0.00530707608240922,0.013391544981738291,0.0030761435907365564
0.002817689153026752,0.0017097363389777984,0.004951993277028336,0.0020299183048419042
0.0017977998936143708,0.003102885228251143,0.004022032570308498,0.0025675640601662024
0.0054595514144464685,0.0057168692366011365,0.012833970464191602,0.0038846367164095228
1.8217920135730654E-4,4.643648849361649E-4,0.007061179435135056,0.030201980561888712
0.006770393465152884,0.007056481737045094,0.001606086360213572,0.001475997735024457
0.0028541718061487944,0.03152368015292999,0.009657019828451501,0.02214232718572292
0.0027258862184315292,0.009669854688560775,0.007495243930611276,0.0319336262284404
5.662263448909695E-4,0.0038047143880822042,0.005093909033201928,0.004583856200334682
0.004977930163399974,0.004973294009912576,0.001468267969452357,0.013834891086511442
0.006493555112375026,0.01216487740127414,0.007113264399528506,0.010225098807313307
0.016457993635418344,0.006940265649366788,7.435527795728095E-4,0.004906569744692311
0.009188721938764488,0.027447415318691534,0.012416459319062238,0.012854823869351984
0.001640125591167084,0.00428793058322152,0.003922889325604494,0.009638047690011184
0.0028415199598293738,0.0037392231870036086,0.0039317768370388416,0.010979248843363603
0.0025003103522196614,0.006582375846525781,0.007259587809606733,0.003139058295758005
0.005508775452013761,0.020010063598966746,0.015505697845599756,0.046693536291030714
0.006555172624738947,0.005795605183216465,7.628905914456675E-4,0.01497282324016552
0.007102531118742419,0.004060717189184992,0.007830747957427815,0.0066250839340475515
0.0037893300881618485,0.013363187329555938,0.006887871869068571,0.002401601490741363
0.009509046296499346,0.005187489309356499,0.009350027305044988,0.011697119613840993
0.0020358515002758294,0.002551200279565107,5.784074137240555E-4,0.0010418361034806307
0.02014517025003318,0.008350029771072295,0.01178290495112648,0.019349067955877184
8.811074770493924E-4,0.005263840585752593,0.0034462874579469704,0.002215330003346036
0.01145493192546485,0.009853817014936959,0.005774574064870836,0.01323794633809927
0.0010543423115860911,0.004135368395068297,1.130395086526905E-4,0.004610358399899779
0.004310682409566469,0.010689863418765603,0.009071481462566817,0.007336770204571434
0.006036108305350309,0.009834803850247103,0.0072007186851224024,0.003968633553422789
0.0036889986361453753,0.0016336058545877196,0.009594000582468254,0.031238459192918542
0.007372912306246103,0.004382000931258142,0.007597617308317924,0.01013019301021876
0.002586245507207189,0.007229718149857552,6.013952534956568E-5,0.009807002756347534
0.0015525483061032924,0.003619889346311144,0.0022806897683491285,0.0015708846228881552
0.0018139744723030813,0.0011677692305687177,0.0026200512898814396,0.0017223778864194547
0.006683972852508186,0.030953689036991867,0.0034142249214389095,0.014972063528604166
0.004711352887248171,0.014210410761842056,0.0053695027011691696,0.014279664863423535
0.013637085551297645,0.010398682938555911,0.005257842258562672,0.003256796005701021
0.005853320124413612,0.01067491737693145,0.019534220473554922,0.008243156692490754
0.0060104964137829,0.0025508305534688194,0.008733028493426796,0.01301822354171764
0.0018817634336539457,7.791226433775894E-4,0.009287819401319092,0.018163268583886494
0.0027592575876931843,0.0071164452446181884,0.004497190085881595,0.008860179851177933
5.3629792939934E-4,1.897647217751087E-4,2.77776235593999E-4,5.644080182895887E-4
0.009318715571539366,0.02867380006178299,6.529866217712786E-4,0.019920445949346784
0.016676448389718487,0.007671806726162765,0.009464615057717807,0.026008225111292704
4.171764460162215E-4,0.0054740560092119295,0.0030680951048664916,0.007691268790083673
6.23086926988391E-4,9.490700411086773E-4,0.004494781395342681,0.0053878206543020845
0.0036786090876661836,0.005079079066149841,0.003792264759875398,0.01688316752848969
0.0014595045851977235,0.0018988214550052448,0.007648517713580515,0.004498411628361434
0.006937948077892266,0.005672692855791042,0.0059952756450492965,0.047858333043650725
1.1531342482979423E-4,0.005330412628589685,1.6841594648641322E-4,0.004810109730949541
0.0029875832358920887,0.004348554732990113,0.003846343616858805,0.012549815606087783
0.0022971816090117587,0.013886642493547756,0.01562283214121175,0.02373707284737582
0.00323991766275304,0.0057191941940641184,0.0018920898158145576,0.0026114858546246954
0.005342166774136435,0.007095364537951022,0.004473314019519779,0.003017119413697491
0.004538629734921633,0.0018853940786476204,0.00935742266541461,0.002572101310044646
0.016803304363348356,0.028295528629061033,0.013693268458733707,0.00193457517921975
0.0026775963418035928,0.0021701178245995185,0.0020940706114088853,0.00201237557843304
0.0030904185732137657,6.732085958690399E-5,0.023128343288589842,0.003969162872012294
0.008683325633614323,0.004995602262649616,0.005546516628644945,0.009209018052891038
0.006445765792560341,0.004527329949448857,0.004159428409112449,0.008382344520161117
0.003920508989075499,0.003067128779530173,0.006092398597913102,0.01248846946864863
0.01677979003312862,0.004715392778352416,0.011415384466004921,0.024968275658150116
0.0011156465376661023,1.5470216720751777E-4,0.0010526261165028305,0.002448439351804553
0.006041842124908193,0.003767860862211617,0.0065580743200538,0.003748871943738691
0.014898390243539483,0.01730821445007987,0.004395683501133446,0.03372657482471759
6.068798967156985E-4,1.298477062513957E-5,0.012505766316876383,0.011223877310428065
0.004139552638626352,0.004011084573489713,0.021837014671754786,0.008560038836708247
0.001480676863339535,0.004165255608668903,0.0053867448416903595,0.010453136868114473
0.02500253069619579,0.0015971395337498568,0.007319620535023453,0.010040650775164745
0.005471401380729296,7.168587531840812E-4,0.0018111240688303497,0.007992180370666194
0.012396623655072323,0.002920265947003611,0.001694119342077474,0.0011781160663963232
0.0012485041966167545,0.0013235742685394018,0.0024681513083128896,0.004682608918638848
3.325678054659329E-4,5.278643778901277E-4,0.011761492848414105,3.057217001536966E-4
0.01510866498770651,0.006085419600515652,0.008913583531269286,0.005097141658556831
0.0038012159277862573,0.0018000395854962379,2.7409417625744224E-4,0.009137900605259899
0.0036005699095958224,0.029919229205365515,0.023103314143410165,2.566286805092853E-4
0.006463619440040316,0.014901726024877673,0.006078885864150778,0.024104474382861257
0.008488585617742085,0.010850291781294971,0.005563777758237872,0.01155677380016305
0.003617708360471384,4.957734179470602E-4,0.004527048105464001,7.482794920236049E-5
0.009158178906696587,0.015074293104229374,2.537318387172833E-4,0.024351630358587822
0.003859116168311161,0.005249464388230538,0.01448939449463703,0.019887408213868054
0.009961749497323088,0.008507936221638621,0.004149711824594687,0.005848402352082433
0.012391642797024854,0.004001064701962655,0.004779432984561625,0.02111038010615002
0.012817503852056244,0.009483119403970602,0.007906644466102617,0.016071915618216644
0.001480976392653414,0.011256187661934983,0.009348125519516918,0.004751483335921575
0.019276949538870655,0.00449923351450663,0.014242125371672359,0.0013867162318112348
2.851808402716219E-4,0.01244210867924447,0.008746776369283747,0.01161816572701841
0.005308274176138132,4.2256186887553186E-4,0.012531678318288197,0.013535737737417617
0.003323599484034022,0.035780221612756916,0.007690303717290633,0.007472934228654624
0.012829972358821115,0.00930725233508526,0.012688906991540537,0.005801406656992608
0.004775937906443187,7.356468391178675E-4,0.003175640576952305,0.009302578981592488
0.002822957229208661,0.004198165711455745,2.663854550292906E-4,1.2077009577107282E-4
2.544206352930406E-4,0.03315718638501893,0.003662829487779792,0.022497851209494806
0.0017552346512965298,0.006300108267179292,0.007566426322233082,0.007781546619121623
0.0012587579240466798,0.024909863917253288,4.4665893002428475E-4,0.03806676845107314
6.145785895999865E-4,0.0028741857034375396,0.0017182056353724278,0.015035228918544655
0.0036254642438511495,0.0019219583257767058,0.005629729738067884,0.006077427665359509
0.021843361551733075,0.0018063445510713145,0.009269351588623643,0.005939848543765093
0.019461918244545892,0.01278802508209932,0.006922662196006109,0.007453343395766514
0.011549712494278021,0.004485871043707816,0.002329517031637185,0.010381318443262347
0.0014738657074170063,1.8367340733602968E-4,0.0013733537324186968,0.0017636447388876162
0.012687165383880362,0.029329510145343938,0.002530307066773571,0.020097716083077102
0.004819042941039939,3.4561275131252714E-4,5.626552972000697E-4,0.007760523079433455
0.00312042440941297,0.0027879335774059584,0.009938448943640881,0.006625975830076472
0.0015087949112794357,0.014693148542054347,0.00633767892916637,0.010050453075393661
0.0025464158168110517,0.0018029892812346524,0.004602717402953958,0.0018289622007499598
0.003237907463747203,0.0038469955169734443,0.008799422320960884,0.012261959971497214
0.003709139919825172,0.011870069527899414,0.0037182063717724574,0.005353058703262518
0.011061708578345372,0.0030631165321534206,0.0011290695877947121,9.195539175367144E-4
0.0021631320767832875,0.008991092612099946,0.0012713597790393579,0.0011231547403448415
0.0036165153114779244,0.0020904517621755264,0.0011056048277632046,8.104620385619665E-4
0.01351098042921868,0.004490214002257772,0.008334701830270751,0.0045986358103226686
0.008253948362312318,0.012745775728691122,0.004281583048948299,0.019316915578684687
0.024965296457991063,0.025634682316879046,0.010692615454916793,0.024913337267161783
0.004236083751775732,0.001117894069801556,0.0015227651683603575,0.012359223619929987
4.880303368663397E-4,0.018297345681742773,0.003522874440298677,0.010293967616137512
0.002603416063714323,0.004918775218430165,0.002878657674865484,0.015343072916442027
0.001834623565990023,0.005515605548547506,0.011134932977377764,0.013104110662602272
0.0012485041966167545,0.0013235742685394018,0.0024681513083128896,0.004682608918638848
0.008742219568118464,0.0010681169147040647,0.01070504568264686,0.00908298143008488
0.007382491530081543,0.003347942370363604,0.008703731385025035,0.00924738113014495
0.0012434560441443052,0.018573049917952708,0.002780682757827487,0.00608757886257979
0.010232746050113636,0.014477899917920511,0.0013207571011069298,0.01623093667816681
0.011567891190745009,0.005783942635956683,0.006757175309672802,0.005252170398340467
0.007584606559593657,0.0017856570817711668,0.006224206414355664,0.011253664360870629
2.876539372901229E-4,0.004276862554622609,3.643241605008835E-4,0.020146058078476293
5.245025044715524E-4,0.012236421790565543,0.0027019146624904867,0.01941414765070892
0.009233193617621555,0.006070084726565916,0.009024216967861312,0.021756140963551027
0.0029356675247348744,0.015712940931169376,0.006200079473278021,0.01833236068213152
0.0059918375127741485,0.007880177210350787,0.01882110723893797,0.007017588341275247
0.011132018242878593,0.00636359885880336,0.007006235861557657,0.007648838381223971
0.009312888404946033,0.006007791175164509,9.224526599999096E-4,0.008393801536693463
0.0014082236163217297,0.007449517884669839,0.0031987957846585984,0.005738551431836834
0.008283326990106714,0.003822758269480155,0.0061655713685030205,0.037713890764037944
