5K,50K,500K,5M
0.005069016126105437,0.006185000006201498,0.0020074319363879087,0.007320145327450709
0.02514336975945792,0.0030665042132214083,0.003931022753627077,0.014468775778840464
0.003062025472563622,0.0037151611747749547,0.001351444189990269,0.004435417080597399
0.0026605597918748234,0.0014732679578561053,3.8200711804044847E-4,0.015697927940390786
0.02855046587109526,0.025578622429584152,0.010291646484011622,7.059472678198257E-4
0.004087653007466965,2.1360937143538196E-4,0.01058326576973501,0.007174004976885168
0.01274852212468043,0.009134525207359776,0.006873051962081684,0.011174343001023372
0.005341363848583641,0.014796033468587735,0.0036594583466824813,0.003554963263160602
4.462712832685331E-4,0.013504782041696606,0.004590288862595382,0.0010655525772257572
0.0023320597818676874,0.01793791430885015,0.003578000295206383,0.002728832527815229
2.684863286966236E-4,0.003418922523532541,0.002971182423785108,0.005931986953928884
0.004670224520096997,0.0018987877226436327,0.009750791187459525,0.0017684358514792348
0.00416223023447984,0.006331622176865411,1.3461467158735216E-4,0.001755839051313604
0.0011913187251814713,2.93896650029629E-4,4.0574832750458117E-4,0.0043694555891134286
0.005396967900532094,0.02394468059913778,0.006399073581721086,0.034861105164130914
0.011619714779322823,0.01837536340108654,0.004066920682869259,0.007805273965696903
0.002026754727962316,0.0011344595159063769,0.00545260413449931,0.0010790121441839552
0.004601782227800702,0.008264197871866375,0.012342248176010767,0.001781345356036828
0.010411751661659897,0.010515580920823237,0.00960454736023419,0.005710127625160113
0.0020324654024772223,0.03025239212205331,0.007525002770637767,0.005901861041864709
0.009898678555223358,0.00426161746418265,0.004827349032528004,0.007172083156292898
0.0019827832512200492,7.729103952617174E-4,0.0035631827107639818,0.020183464978624572
0.004167415328476727,0.002524382795530347,4.4092591953856524E-4,0.0034983888511252925
0.009925155089865736,0.009104285192437563,8.38698318688908E-4,0.015760382346263056
0.009542861108512664,0.002101104013857945,0.004251885805508129,0.00549461046669556
0.020850816198895807,0.017510932361256906,0.016910980327597913,0.00528386236024579
0.00999993194191196,0.012192044450178114,0.016064249278696447,0.0156214411115965
0.02361774465572313,0.013662687673015554,0.002748087991759808,0.0036350266504891885
0.007802084022574416,0.008806063441232352,0.005989925720870883,0.004865326753945444
0.01688350587242849,0.008333177807944436,0.01639914770905049,0.011678271712768277
0.008797873071949533,0.047606358885508446,0.0072640870082786154,0.01323550030015487
0.005168402714183806,0.03238508061250511,0.005080262217200778,0.008227025122570081
0.015122403932318057,0.016701956224643325,0.007407242154591502,0.00998992248565583
0.0021377891330867753,0.014928227232056264,0.006933481759890398,0.012409001843781816
4.855116904800547E-5,0.004787578079310754,0.001425007316464979,1.3031343949094354E-4
0.007542060083304349,0.013724460108360963,0.013656785943780721,0.004572922353159882
0.00671781578208986,6.544938857001816E-4,0.020467868938773878,0.0056056434411635185
0.0015982625896670166,0.009890487560019168,0.004985036932338371,0.0012185407020299409
0.023883556698756074,0.03604026472892381,0.004800726010524769,0.022431176620385317
0.0011347421828668512,0.010028734735335972,0.010931873424552312,0.04104847423946972
0.0027221301585582656,2.736387891940145E-4,0.0042257909483403655,0.0022195209552545235
0.0104419321208296,1.5664761940455295E-4,0.01615528706933666,0.0073786834733954604
0.01921688906213865,0.01557054858336875,0.013816625304127474,0.009144885442303045
0.00940948643077329,0.006740088385765939,0.022719549087904727,0.024015981084850653
0.01243693086533263,0.0037041881025514,0.010099667065856533,0.011519593454004164
0.00317697050114216,9.913655549166716E-4,0.005792392949350174,0.003288658745015558
0.013606569374876325,0.0077750445311479425,0.005559648690258635,0.0010885685378424462
0.013830847519314718,0.026539773504075718,0.008471929397918335,0.006525730689806977
0.011619620591270571,0.008136093422016655,0.018797965115780992,0.0026108669033495712
0.0014656327355530097,0.0047613220622951145,0.004272643618585426,0.007363711070750812
0.005151675281956284,0.007903885546468927,0.0014351929344337975,0.008764915876554365
0.005099386550553343,0.0036360269382132455,0.01235909199298057,0.015482978416538772
0.00398782394685878,0.007837535834701204,0.0010583193144630967,0.005512002310761697
0.009884954430478609,0.015982257827730894,0.006849684324011697,0.0016874930946743298
0.0032406627868128064,0.0018912121706824744,0.007459677147565173,0.0031208278453684827
0.01567916139703715,0.006510195436381498,0.013842318820534858,0.013545313271616701
0.01107368483323472,0.0119615130606018,0.005802525448214138,0.011742272938774433
0.003910499999711326,0.011094167911412203,0.0063646635117774195,0.010574813732245773
0.009511342507873909,0.006512164921123038,0.023696874653022556,0.00605007408040132
0.0011607477337021044,0.0068177364374049166,0.005025318914930709,0.003002989000873199
0.009616052306612404,0.005864993710183895,0.008715741831520315,0.007795316838670182
0.014606049910688222,1.3554126096693522E-4,0.005766154336255645,0.0014597977026230618
0.008458581087131193,0.0035047081563717095,0.012429358984571393,0.009068780665568592
0.004706083622335692,0.010824426321127376,0.021279703902008826,0.008407779013989692
0.004566273037738861,0.0013009407957556957,0.007475562540974971,0.0060113820212870815
0.004567805775439107,0.006382338419019812,0.009040385344066803,0.0037428324299625445
0.005849730473826675,0.0025946025299719705,0.0217116879970473,0.006579602064494301
0.008604862488203227,0.0025884293295511964,0.013061601959005081,0.016408716165839988
5.918581361602229E-4,0.006229490907120034,0.0014199417220633565,0.002869536187366132
0.02521933614644345,0.006863796936804182,5.02500418380306E-4,0.01796319932383014
0.00754660726506433,0.05009120536193905,0.007393329765746909,0.006361990820185852
0.0015224399604702047,0.02692578906695417,0.028616878201217565,0.0047507326962573935
0.004779492704898201,0.015323971239253414,0.004591865292872184,0.008015640068893989
0.0010629547552754334,0.008482233627759947,9.2290048969742E-4,0.0031399544571477696
0.012377853934219987,0.009837264429569595,0.013538130026127249,0.007908055793658036
0.010615011581956144,0.013790491009332063,2.205341228063159E-5,0.019907312598675148
0.006315299080156927,0.008037005767693804,0.00121112108789275,0.01736832963143035
0.004670224520096997,0.0018987877226436327,0.009750791187459525,0.0017684358514792348
0.025111745027264064,0.007539528890763217,0.013445981094175937,0.0019122810219907198
0.01878537004702535,0.00482507611375024,0.008170442163433869,0.006508273998962893
0.007673302120006983,0.0051386474492098565,0.018267514297976295,0.0040627910259650405
0.015315201048910732,0.002855601436945205,0.011216004489057341,0.018375256339321803
0.003846063905741174,0.023268947454300675,0.007907769560138606,1.6625052093893706E-4
0.0057142027914060265,0.02205867845310987,0.02252300613548848,0.012722600607546297
0.007597411930462349,0.00373912873014472,0.010261088251854454,0.001835112431729406
0.0040135126452112025,0.003968649066257506,0.003093178554522275,6.09474547542081E-4
0.010379461591639065,0.004008623980763195,0.0082064771825564,0.002364180894260543
0.016368057755522716,0.0011051231592338387,0.008007207406212375,0.014587412354544914
0.0018612668770127685,0.003069192389688605,0.004665461387723546,0.006957023613502135
0.00621574156598371,0.005751284739979744,0.001846669942070988,0.002698636101984021
0.003373518106964643,0.023860124159041037,0.001515522342730853,0.0025319919280399616
0.007782344161972121,0.01518671205534198,0.006616406041514666,0.008142169247566108
0.01072568478768645,0.004189656925333896,0.004637270158651905,0.018079577409280276
0.0019263896058133306,0.014648509391339272,0.0038862860637178896,0.003878627819476729
0.015639651168833913,0.004845810116355359,0.007778224446147087,0.011802300467527876
0.016841785406768867,0.0022390419951523353,0.011961773716685926,0.011416279655725618
0.008724852755476728,0.03088783229716518,4.573738028509576E-4,0.005502695980943216
0.02865407175518904,0.02032048949461975,0.006737163823597957,0.004638340820475667
0.012309877476318655,0.0018132023885297844,0.005933668980377246,0.01097225668206311
0.017604760127600788,0.005878074702336418,0.002156974176863809,0.00727983450485387
0.011787576993376339,0.00574967732095578,0.001752191901393587,0.00979363032654645
0.0023553302777127153,0.01814541639138271,0.011009886811428999,0.004046585502673596
0.005514756986097463,0.006198393534094558,0.00346611152651242,0.004357866594020129
0.006824828794737585,0.00955088677002435,0.016181964875499524,0.018018185623194856
0.008364966195064385,0.015113797954722452,0.01588660629684777,0.025835499511015856
0.008568168445385266,0.002631605522585338,0.002018103666790609,0.006751690131658199
0.017787955402502293,0.03362854491333678,0.003424584923097671,0.005866961300176131
0.013336606309825952,0.007012579694186614,0.016038224731822495,2.7261005312665445E-4
0.01256485863780171,0.005802874703631855,0.009255741898854057,0.010004334764990786
0.00461240328661307,0.044005803721128604,0.014800540005484641,0.006420883096830214
0.0074765394179052225,0.0010585971617339239,0.0044511329288132746,0.002502941758552834
0.0010430629472518843,0.014916702032185798,0.02697702204657671,0.007417898250447248
0.034460912162773395,0.02637923041812891,0.01124455609226373,0.010460753058990531
0.0165360825579308,0.008549491229380556,9.033656180917027E-4,0.007132307879671458
0.01008865137243925,0.0050730441798392725,0.014007411699633241,7.114502263948572E-4
0.0012310140271576352,0.0013173625811347196,0.006249199751666893,0.0017666966210255254
0.014477633585597291,0.003005766489570507,0.0035629256713821,0.013430863508653969
0.0017494139537956824,0.0072958610464358715,0.008212514661098671,0.05016284739795714
0.00830548260191763,0.005934890155477733,0.003948873592655761,0.017708337308609857
0.003023572866695715,0.005980711551713589,0.0014664689361687654,0.002662481478931457
0.0036516479451632125,0.0013602437866511025,0.004450146739055901,0.0028646694367395597
0.014349158905664867,0.024229299047797463,0.003937202742186646,0.013642408767067637
0.005410246346663292,0.0027164157348991383,0.004101758508773116,0.013636312890697397
0.01129551929349915,9.317431216155261E-4,0.004472491145241419,0.0010334941488098922
0.017585946438613984,2.3500873701557345E-4,0.0037517033745413124,0.007787715135153299
0.00998344835667276,0.01548859699179287,0.005176108787874542,0.0030692200982702397
0.004805231079786429,0.010072747663782784,0.0014414074224103853,0.02317499424242483
0.003573653562930261,0.011181655090507621,0.0044978753973715846,0.00998480698655085
0.003937568823681512,0.007765223269809706,0.01024744350295343,0.05249965060405539
0.0015212093699387868,0.012504944439669707,0.007514538943642652,0.00904724491946472
0.0171125068860834,0.00978684581791229,0.008573866298726246,0.002673048441152652
0.01570822944893408,0.008997591638484992,4.894757059733833E-4,0.011900038760397741
0.023850803025106303,0.036829582531311904,0.038185429072488085,0.02797065818851786
0.005043977929800255,0.017005615991535498,0.00776172896017281,0.01384080279149517
0.0051218884963126635,0.011536723096379308,0.02503479476650604,0.0016474827145898478
0.00416100777625137,0.004410206740940193,0.003980341841403127,0.001111700658898639
0.01285927477452018,0.0015389390087739406,0.0032031026283419594,0.00549037885381854
0.010379461591639065,0.004008623980763195,0.0082064771825564,0.002364180894260543
0.008346298633685675,0.0071672561455353515,0.001723229683004831,0.0024306412672866233
0.019616804910036364,0.016118544729135497,0.007986132108814988,0.012565528436599424
0.011619620591270571,0.008136093422016655,0.018797965115780992,0.0026108669033495712
1.3852813374857532E-4,0.00751695413109365,0.015222982899095202,8.783339762706273E-4
0.007877789717682278,0.02663231269659407,0.004066102710255063,0.004887072752233629
0.004762014401107159,0.027312171536660792,0.00841333323775185,0.00887328822062837
0.019406513154437192,0.0014598970036258474,0.022862635255735477,0.00995048912602028
0.02053683447417253,0.005081421075572002,0.003254237399131135,0.0011391331522184348
0.009926850576458316,0.009654578403128417,0.023265913938350813,0.007400710420761135
0.03820597108769694,0.029702287350353,8.814653004861531E-4,0.0016059029298160928
0.007275975720211506,0.009513226306244507,0.0049855307987180545,0.0035296594098505017
0.004215635439724956,0.0047010251359494775,0.010547042006801104,0.001953101852881241
0.0065915911143690315,0.01326239644104328,0.008756287952386886,0.008761741929056143
0.01946908616430629,0.00718363806062925,0.021974717773027796,0.021722781231342296
3.920243351929935E-4,0.03345720972049191,0.02820985991837173,0.013212424085083729
0.02186844665444541,8.881682256676101E-4,0.006454301982747009,0.01088430073527672
0.01718164721678934,0.007257064142156791,0.015682861403189936,0.014140280856091366
3.173462784505449E-4,0.0017636408635167947,0.006735506155701661,0.00587879160168887
0.004838031008870927,0.002749648487132566,0.013253088430601105,0.015468051396956456
0.031555601263704686,0.02278969187975463,0.007149666199740728,0.012989299346418124
0.003537068427870086,0.027924019804571047,0.02753972874011707,0.006120587438199298
0.020241477919460182,0.02273002546677584,0.017332050669830613,0.005930697204554311
0.02178194146213266,0.020812771850037513,0.0033069314189885335,0.02222909401923899
0.0029835943458479596,0.0010229992917707733,0.00241178382629124,0.002398059834721849
0.003979734964285892,0.003917909841511103,0.006659072528796015,0.015637249909979504
0.0020900300136001888,0.00884423037640754,0.002547685861482058,0.001844204345026621
0.0037980738287988567,0.023472809097361817,0.0038318507286608625,0.005569817561105221
0.01792923063616295,0.022728380891319306,0.007363417355644792,0.01115577574565303
3.350134669224708E-4,6.180253587698924E-4,0.004548037978052543,0.0010575095693385699
0.007678115564979144,0.011903410892554332,6.155500493217633E-4,3.008065549056462E-4
0.005724618089108228,0.005325816016839163,0.0040192459369109345,0.008143429422364887
0.013310445936690523,0.014059292563912102,0.004013457424934233,0.006564516178138299
0.006828917071002923,0.0030360413318887675,0.019155544149481788,0.0015708033354742514
1.6543181586804894E-4,0.006630217743420309,0.004029916708546922,0.006071689690836588
0.018405863410562964,0.0022157749965534784,8.261517651479749E-4,0.01205856761950344
0.010520374986279344,0.0071123593597050136,0.002374211332927938,0.021946322621066744
8.488979040418916E-4,0.004357518702621818,0.004546397731105035,0.004756066006121576
0.0031994186881412296,0.009016704428107248,0.009275574532845235,0.00591920755950582
0.014466711660628236,0.005697983772191041,0.0071780747003447175,0.0031593090448404294
0.022674067241336346,0.02536119720699686,6.56850857715902E-4,0.010339000017215614
0.012973182508317431,0.012145291952666797,0.007441492820317204,0.016489367818710625
0.017874452886101747,0.001837393138925155,0.013577435632165085,0.004172293641062663
0.004826000292288907,0.023275046527215505,0.01004076768186114,0.01054942873013297
0.006092982147391805,4.5183635697344847E-4,0.004004967281516833,0.012765451171800465
0.0016856957896220345,0.02198949015434593,0.006871209529007284,0.015199068561408884
0.0025191975608100164,0.0019897586076764832,0.002594998581169295,0.006399803799885447
0.009544711805414727,0.014723667998775006,0.02238066575604786,0.013684964022950977
0.010632840411972084,0.00475655654340686,4.023905528370956E-4,0.006323382434343349
0.01573962629220845,9.259415121679387E-4,0.019412944674251236,0.017960862709587647
0.01334341012550341,0.028445986708662017,8.944437402509778E-5,0.019778184490021715
0.0038692338803544327,0.0013373523209270631,0.009702834776932453,0.0065348204791856445
0.009874562622733372,0.012157361256844584,0.02194844904193754,3.9978346474784114E-4
0.01492969970618552,0.00519437834126408,0.014529215998616372,0.0033878127114657483
0.008184845850030443,0.0035021872938529263,0.0033466214540423616,0.016936434222982466
0.009014480902962148,0.01799062112821122,0.04027307732366703,0.00659497132451344
8.986805256589583E-4,0.002962096908788165,0.0022571235409358896,0.002599060596446588
0.02066368437659677,0.004413069424639042,0.010579078596861278,0.00928935136992323
0.0010037445346034815,0.006059190256189646,0.011324121531438034,0.004238916074147471
0.004073660054857208,0.006504968570423856,0.0023927817980381396,0.0038716179058711137
0.0015251624957426048,0.017156844745867247,0.0058978680819118945,0.0019101182202030749
0.019015819738263655,0.0013536260241620755,0.002976625561636958,0.0056951392456489405
2.1973852549108408E-4,0.013651846883322714,0.00946694991663952,0.005195229625138844
2.63232243819144E-5,0.009044498775084845,0.0030737418129495307,0.0032898817773028485
0.009422288893316484,0.0013188610688629426,0.009778728716430462,0.009271496834053167
0.009278975685004137,0.007590276969478779,0.0014903907964286928,9.172797620704115E-4
0.005079440687245932,0.008449265467370183,0.010620127035380959,0.001620643469940185
0.005376716594777808,0.015668659004508617,0.013117626035679515,0.0020377961475289913
0.012110668828983578,0.009321804745751958,0.0037694252608756165,0.0013869281621835738
0.008931508409987977,0.0028228276129674905,0.0024185964360997074,0.014012641944000658
0.010209006528911284,0.005872551354192746,0.011352824271256248,0.01099353698809431
2.63232243819144E-5,0.009044498775084845,0.0030737418129495307,0.0032898817773028485
0.008586766642568602,0.0251377239693319,0.004187369344256398,0.015746374904322617
0.010258282244295975,0.010509056926821685,0.013531133362833065,0.017872126639374864
0.004305517210531852,0.0025643156451225575,0.014024964338508994,0.006025240866230006
0.0014140031398284184,0.014225213576335483,0.0027759804735500936,0.0025186015227862063
0.007398998290192519,0.015812136601465004,0.013722504595865907,0.003896651540967657
0.023631379826484923,0.0031521155626247992,0.010171931033365032,0.009404699076661362
0.007244775934188248,0.0023400519629680804,6.322408652368166E-4,0.002234066190426694
0.019029486742446127,0.012682028546277053,0.004592534692477516,0.0010222008485419839
0.009610190430177743,0.0023761328718237755,0.006323735865570491,0.00933764554559619
0.008016843377321713,0.008839518569671996,0.01706970841752202,0.007251491500245861
0.011262770070658921,0.005033684032534055,0.005251929227121355,0.008258774897057187
0.00649871761144341,0.013737360460765222,0.0061658402459010605,0.007867043357724403
0.011236289528190833,0.014960731268075917,0.012037795558104967,0.003316174675984782
0.022186483534199202,0.0077024298146839325,0.0016462451020197054,5.339333485797971E-4
5.693900482096558E-4,0.017410594364240282,0.0017494518209177602,0.019035947856431604
0.004373389634013042,0.0044154362168396955,0.004528452637159933,0.0016289010775604757
8.972993521898788E-4,0.039230868495670555,0.013757474979760525,0.004681397563894026
0.010826874481633175,0.00770324216420972,0.006389264055963237,0.005900261863666575
0.017461931876465223,0.001479408472017129,0.01683639679755032,0.011835781133612309
0.010704621639938974,0.012322217475206227,0.010834928361563844,0.011370612233283537
0.01058303455739339,0.0019004350781331777,0.0028028137231012316,0.01661317971047523
0.014802343960655365,0.004004737342329621,0.008959463310771435,0.00316388542553132
0.0025182678914146394,0.004723830832340063,0.00287980993897014,0.001385141517463113
0.004034170210855353,0.012547971183795283,0.012102049638768713,0.001205210140157059
0.008217556035391012,0.006864643273035806,5.268123735565105E-4,0.006730105727567141
0.0025107022373817814,0.004837334829896609,0.0036606806693720868,0.0023658036785815487
0.003666575909080295,0.0034013478656426,0.006706432494668782,0.001706706265844251
0.005982662045608383,0.007011436283634977,6.981300396592474E-4,0.003398481373809515
4.065651402083485E-4,0.005234399645512266,0.008151934686269001,0.01783695769169321
0.004725616320827182,0.008946538552096227,0.0027636680936190244,0.004693039948054687
0.009461691203338798,0.00543978501139249,0.009369782874694213,0.009105988847242492
0.01098823280900075,0.012887653773207308,0.0016748074745278876,0.015191704605704681
0.009300647027212283,0.029916326815632433,6.572140422833853E-4,9.052800774734081E-4
0.03060174407327273,0.011748881865937578,0.027171234627309398,0.012029966800197491
0.009546507995858121,7.049328467503013E-4,0.0033966806850574257,0.006421376030242712
0.010607882321943745,0.004296951917883099,0.0015850876460951886,0.007225790127897024
1.931214883816137E-4,0.006158500777269131,0.0023456949720989983,0.0031096150483924004
0.0013150343717764706,0.03217450735075541,0.033314782575846996,0.013658377731677811
8.664717506445405E-4,5.561468876770465E-4,0.01197052140723393,0.005132267517052929
0.001001429638732563,0.009335883166704593,0.005498603112833513,0.01178888414311435
4.1768104913020355E-6,0.007161443681135357,0.011783331644107328,0.011483018797835457
0.0017466624631374411,0.0027087853021188516,0.005723623532636834,0.009234421966042489
0.002855524018543202,0.009934829768965005,8.975742386877289E-4,0.008879367836987033
3.7497073538600754E-4,0.001870801781826825,0.005509213360416224,0.002863086526848089
0.009338697626266665,0.021719563165527183,0.00694092970764395,0.004924105473113308
0.0014071249401231265,2.6960281285319965E-4,0.01115504797738745,0.04516495474093236
0.03364403432752051,0.0033885742914577357,0.01752605882428112,0.020068098769261362
2.737690876218187E-4,0.021104931549693534,0.024057339005331246,0.01442560638337975
0.013006119159496994,0.0026635325970909814,0.014521128624755813,0.009897803234704145
0.009536612069786975,0.008156029851312897,0.0053953185086284584,0.004421299107626116
0.002194635616306647,5.161871689225225E-4,0.013457476575663433,0.015821973995488334
0.02619367968453497,0.00880459415535905,0.011536658146082186,0.0033869268975775793
0.0059799537727621,7.86157150767392E-4,0.008465511051793044,0.009043416305201384
0.020139311101414818,0.034278192075465994,0.006205127277837764,0.020665394280106327
0.0016449215922507132,0.009979855216896122,0.01642327728163296,0.02247860163626743
0.019701879213153677,2.1912631587912572E-4,0.0025379908333122646,0.009933296165619847
0.009077894702747835,0.004497327958345254,0.023692206134416798,0.009405892085082917
1.6543181586804894E-4,0.006630217743420309,0.004029916708546922,0.006071689690836588
0.0087382985324245,0.011061962601318785,0.010276468999639635,0.007538453385486346
0.009819342279005992,0.016759097871509736,0.002373470233598371,0.010800581928380931
0.0024041287768205325,0.004657460826154564,0.011969332829242337,0.005589954716202692
0.0027053304039390052,0.001196035690183742,0.0017332640847265816,4.631065447309612E-4
0.010271992028489213,0.0035280202304124285,0.0037467062654886734,0.002951788575100571
0.019508242227067443,0.003460110249217975,0.021210385189047654,0.012678970108736207
0.014627435644781287,0.009833171662962437,0.006907730215114628,6.943942620296304E-5
0.01085001416818763,0.006752919072190708,0.0029292170900153307,0.012383482182045718
0.0019165028870480147,0.0046712305303752925,0.002414016799005687,0.005682392456942537
0.004279750831884101,0.0032363346780579236,2.523868205214892E-4,0.0047063096828007705
0.01531195799927756,0.01654279137689027,0.004153035743262445,0.00799237903959026
0.0220870507424107,0.016674565678362428,0.0034544737678598746,0.02311026075271231
0.016872543121795362,0.010464111531884623,0.01089589179303775,0.004976431752676195
0.002013776297770164,8.468024070921738E-5,0.002082415160907749,0.015263196535299377
0.0054311579237489825,6.069265547015532E-4,0.004386584424986549,0.0040713001676206985
0.014303031882547234,0.017179893846950196,0.002715262887208622,0.009412288247623662
0.010689069041836533,0.015286736599732,0.004698099410623826,0.01148774462608415
0.0050584959559314665,0.008341019103055824,0.027046663837495863,0.012870560504316834
0.0036665028088940527,0.011762920177198365,0.0037801764246186416,0.0058406507319738645
0.00505686407679043,0.002950742664788886,0.0017320302148167077,0.008905224846843937
0.0019428204049657186,0.005175407224809219,0.011634224194457074,0.006076307556321914
0.0072845691218548754,0.010069181686502105,0.012644850767754076,0.009052697351696474
0.0033664165022597764,0.027916091584038353,0.008224533379701134,0.011078871805710695
0.019720849605495104,0.03138174554618005,0.0018990902346898047,0.002214756705041423
0.008864169126073821,0.002714325642586571,0.009378523782733968,0.0030625508024675245
0.002588100519089379,0.017741681099353077,0.001971865074114047,0.007301785028195017
0.008706343504562876,0.0043088042082252845,0.001167990137902934,0.009631492005501303
0.007359200007413641,0.013744399566322995,0.0067042984328761525,0.011580649916473182
0.00999993194191196,0.012192044450178114,0.016064249278696447,0.0156214411115965
0.005518398436693264,9.49733672572183E-4,0.007214459149454555,0.012177268911490987
0.003069029472965132,0.005116314597220072,0.02676916768622613,0.01395923980643458
0.0021906245413629236,0.023624946184179773,0.006328188442230317,4.750278699791194E-4
0.0025766276366583933,0.008772889885187707,0.0034284626715997556,0.0074283464934782875
9.108237675080952E-4,0.006033514035041765,0.0018050107035964113,0.0020248747784202092
0.003845634860908117,0.0067311736206774175,0.002126752298477158,0.005235416379837983
0.016920258734529382,0.004178187890382505,0.007016983093957536,0.00948640591425724
0.012377853934219987,0.009837264429569595,0.013538130026127249,0.007908055793658036
0.0017687085627273594,0.012986204152408564,0.014330465695494524,0.023093834548943856
0.007235689828752245,0.0024196290811034755,0.006844595382202509,0.0024848388804363723
0.009142084672839728,0.017720016974765638,0.001465354458910896,0.023531340591075096
0.016227613970544463,0.0072750544684277154,0.001581823656653209,9.711788689623254E-4
0.013556461791056636,0.007574578732046538,0.0013237378008763001,0.005143832302120975
0.030721897687572247,0.03723834212238089,4.7384091926807334E-4,0.022282199661724192
0.0023374722680960473,0.0037771086898786698,0.0025764108191902724,0.004289732563251915
0.008956063082017683,3.665949769821751E-4,0.010822476285977496,0.007902219614085477
0.004722559986425015,0.01893996131459275,0.010828210482360458,0.005341160988448613
5.302878091268731E-4,9.28996896883586E-4,7.736374466437878E-4,0.00713828804357127
0.007583067010749563,0.011453587982667199,0.008053939303651796,0.009711262969758909
0.009551987525501446,0.007243254640786639,0.01499041238441482,0.0066380091708288435
0.004673387557942227,0.016883713357675228,0.007789895530600416,0.00811077707389279
0.007432877757128713,0.004211726408817436,0.013308305115412778,6.040763399986237E-4
0.018488855412431678,0.023638977959241803,0.012678322231651435,0.009294754117725372
0.017688969494892383,0.004389624491770671,0.01744923805043267,0.014379181757875337
0.005385668359521128,0.0023750721474635698,0.004291301832286717,0.00555424318025758
0.015070952160265012,8.657082234533575E-4,0.0015635060318789896,0.0012591619920319368
0.022272068158784835,0.0034244596455217085,0.0027975712783237755,0.0029225488703848697
0.0280611338493647,0.01777848553727284,5.735307709436371E-4,0.012011315984841911
0.008260422301823575,0.026447637416660733,0.0033492656816437485,0.029614399638813002
2.404316815481513E-4,0.0018458772011375223,0.006289628232627134,0.01097559361257614
0.011041376435714892,0.007091952825753395,0.003089131917170017,0.01636115180619914
0.018620821315295164,0.0034187347092225024,0.0010448776624457222,0.010895733187526228
0.01787013264037006,0.002009849509112041,0.014881183446099289,0.004604100200688779
2.737690876218187E-4,0.021104931549693534,0.024057339005331246,0.01442560638337975
0.003006977803166143,0.016775924456329437,0.02075784775081084,0.005110587853436704
0.03938901420941359,0.0017148576914780662,0.02344990740197867,4.9047579416284835E-5
7.811709545746142E-4,0.012012551891658086,0.003444497042667565,0.013362274590158457
0.016493538879891783,0.019220896663766855,0.010842837356514423,0.003494035635322243
0.03607081576169764,0.0014141320198303587,0.011225749834263422,0.012490041616898066
0.007623584466731458,0.0010825504713904708,0.005802452118380439,0.010162562166797482
0.00572393428187975,0.027581126810907002,7.967726633983888E-4,4.4034780620698713E-4
0.0012992248011199354,0.010541268028800847,0.008666231151620674,0.0068224179359714695
0.004209306811963294,0.0017263695594884353,5.0534985708857285E-6,0.007475156392188048
0.008568168445385266,0.002631605522585338,0.002018103666790609,0.006751690131658199
0.012480497544716987,0.00936672396215395,0.009113668932945658,0.01732701430996115
1.3888534531189656E-4,0.013252217715935533,0.001358867436430786,0.006413402794370098
0.0019163894351780435,0.0066071629961203466,0.00773353011344423,0.004526036872752383
0.019743963445897923,0.008863913045480391,0.019482643113198327,0.02280991385116837
0.003809249076686195,0.009229165433910915,0.0022485937487454685,0.007457650088768251
0.008128930494594745,1.5748387952442696E-4,0.010859313646064265,0.0039048730595177892
0.00953416705392143,0.00333411494948189,0.004918149529834008,0.011709865942818939
0.00905483841336946,0.0020792600846259125,0.011086165164462598,0.01146078231519673
0.01118184894667646,0.017260707126037243,0.002404391547287177,0.014622392030217608
0.004266450406801619,0.0033971598219061715,0.006634702944633518,1.5851396928342836E-4
0.0069192819553426915,0.004196193060097231,0.007383603401537124,0.0024886425764185116
0.002387896962926466,0.008049389135929928,0.003371404523405686,0.004212581621454093
0.01915803890152242,0.03056001233643706,0.005918847080241997,0.008717821160367838
0.00979646182978657,0.027704942689089008,0.010357826871581608,0.003173192821057227
0.007285291352680095,0.026852826580394965,0.008001678974760808,9.678402159976066E-4
0.013403780598533688,0.002270632856560832,0.001412299912137099,8.189572002936969E-4
0.012813711089322435,0.005800901515844863,2.784307673883066E-4,0.005624064156804358
0.020892238381532344,0.02495427276008844,0.007224733710257176,0.014938530309853431
0.007203460239761501,0.04490611625627277,0.008571850754290967,0.04043550257500255
0.008487597788735259,0.0014081096050730635,0.00579203363358678,0.012197204696504501
0.006344809491009738,0.007700932406005507,0.004249881299142476,0.003235299534413102
0.009779289013116602,0.002255164290008309,0.015087808216772537,0.005241098666455755
0.023747394963532932,0.011060042610017121,0.01795053696086133,0.015013437533674113
0.004990836074356935,0.013835924737025261,0.004308555507860769,0.002342607753086957
0.0035345596048247736,0.03518314524691068,0.003972887003865794,8.103142983149049E-4
0.010237365841152013,0.002835444680947562,0.015130149531756754,0.006798363568512093
0.013014149160511806,0.02068095467144303,0.005192775821952443,0.013694373220046265
3.321857025523932E-4,0.0022465925918330847,0.007573675549730514,0.013191273271237678
0.010513994153659088,0.016276817005350424,0.005287932354374723,0.004839492121520967
0.0025951337031800484,0.004034361874767708,0.01095808519340874,0.0025844538306785815
8.161673978965444E-4,0.0032872967626834232,0.0010815871851985214,0.001642657120443764
0.002188687344686433,6.616611088410538E-4,0.00781205542582928,0.017686107402623157
0.019406513154437064,0.0014455235225618714,0.03114484760651133,9.5977560633803E-4
0.0032920496813405946,0.016265087714728246,0.017378748996192222,0.011005573570104236
0.0012816992111210105,8.823751482977081E-4,0.010593578608463298,0.04605938905977642
0.008446013342771905,2.9710373158286477E-4,0.00834439360959465,0.008652851370878728
0.00943885106269156,0.01761563583000555,0.011538148937421321,0.012827307160726746
0.0018926265336742974,0.002640846402539894,0.008410890610641273,0.007897761420250659
0.006213390063144001,0.027034881423812666,0.019604010429606925,0.0031033402725020045
0.00481719322789966,0.013218180373706334,0.01395054589974058,0.009426991747593089
0.01293551731140292,0.004075978318091951,6.224880707757331E-4,0.0021909829718724677
0.033483477751686766,0.01348414082968501,0.0017491519375081534,0.0030789648646102888
0.02371680506016792,0.007445281936917564,0.00161931808607696,0.0026516411210819797
0.026696754589034276,1.624872088120827E-4,0.0141526601897567,0.0060477572351019864
0.0015331843286498033,0.01293804543899031,0.007691168513924699,0.009138534968934504
0.012908148699359948,0.02023266853634063,0.010371827350183193,0.005812213691693605
0.01319095678703318,0.00964756175813212,0.004328423196707627,0.013073578016441954
0.00987772846401039,0.02108761883709245,0.006210768937817098,0.013007744024001764
0.015605506812293732,0.014277521057389444,0.0024851691159343795,0.007673048814441704
1.5237972182650557E-5,0.0012978763882528256,0.006070430877602766,0.0019451430344773985
0.00868629235629287,0.0037602052900425694,0.01858368579543176,0.004799005169035757
0.018184764743650023,0.01381097900584604,0.009497456405040357,3.543197091849326E-4
0.01594032724295629,0.0062944536248128805,0.0016595319579705775,0.0057601332245690315
0.0035719552323918657,6.375272327691347E-4,0.004517796312865162,0.004736250899518381
0.011441708157161208,8.195322980786003E-4,0.00715104546547017,0.0034942010643048563
0.0025027990904473722,0.01005840420837664,0.001180233944935967,0.004108075265184597
0.014518166858689894,0.005449433716199942,0.00925236726841956,1.788010390687437E-5
0.003633055839071845,0.002932933415537865,0.011506885640968075,0.04814407106920616
0.003940931426471023,0.008457296792574261,0.009665613368291621,0.009508425667499858
0.019772383847442187,0.018194125442980675,0.0053631344687610615,8.589270979885891E-4
0.03828588303283283,0.0245521202995647,0.002148138860204559,0.007889129799607621
0.03437968517143771,0.033803500475093125,0.009657001548016797,0.018119384856316107
0.01169928591065697,0.003634456863419401,0.004476601080783345,0.00943204135766022
7.099111268540463E-5,0.028256000120995287,0.030494570596733064,0.01612230558729157
0.0068692547512062135,0.019100105467449533,0.011951733727416631,0.00963991858624342
0.008999169770457704,0.0041564442632967885,0.008268852283127423,0.009220103973728673
0.007790675640458651,0.00850494059362834,0.012442659713380237,0.021116346274324783
2.1242625243946364E-4,0.0024179517875362842,0.0012607434050543045,0.0035690443335189823
0.007871901683615566,0.005656665680480024,0.009064248132687759,0.01969314133215556
0.003717312489541614,0.002297926876983058,0.0070290270664566026,0.0030098011778928123
0.0016405562123143276,0.0027343757045943315,0.0012707387963092067,0.0019119685057273393
0.008749549438094861,0.0017974578980938232,0.0049958865914052015,0.0034898015629799962
0.012760641617188937,0.007454580996435935,0.0076697024247745615,0.010966004502235283
0.027670255407719134,0.012997032785105158,0.0012839677185671984,7.230164162193325E-4
0.007012248109526232,0.018016949697701595,0.005025298472505995,0.010338681520327369
0.009223979422715686,4.812737939285424E-4,7.998490574681363E-4,0.0035869190206374796
3.287904601031931E-4,0.001021924715267268,0.007336104000929322,0.0018214352595247313
0.0017898668593865172,0.005566506976227292,0.005664269415212333,0.008725709769670027
0.0032153395611195083,0.006456486321498487,0.0031485124162762487,0.012627597891651934
0.03171062881625403,0.013714978616004108,0.009316854057978125,0.0054098357700994
2.3371558203583E-4,0.00787671136088378,0.0068515108660767345,0.007567367652491234
0.010862500251780668,0.0026206800480707976,0.01595653387586545,0.00546343176329329
0.019659712850916222,0.005043779176365472,9.159332293796439E-4,0.005822868524594677
0.005305764094405649,0.015394448713569093,0.004081768678269905,0.010554820196860435
0.001726661128032496,0.03583124355358542,0.014609581869242367,0.010898182917123678
0.004289591054102264,8.28348426560412E-4,0.00830112623005525,0.008531974462403169
0.004308668030442778,0.009299469654858478,0.003257839293401975,0.0011396138440965568
0.022373739020010233,0.01693604616751816,0.014928789861986697,0.018272599289880866
0.002192531974900897,8.738163115589735E-4,0.0019389136542096038,0.0026329352851839727
0.014093482951808445,0.018968912589174908,0.0036985040582173355,0.015121725291710004
0.004757760693687654,4.747587051501648E-4,0.008169231785541416,0.0010028003064241266
0.006950627253829759,9.280550053624689E-4,0.012461263418646033,0.047856279049373694
0.00867048541968668,0.024987307779304087,1.878200245043353E-4,0.013639074997705267
0.01337073099830635,0.00719325399130572,0.010856718656517633,0.01666753145548614
0.0020905132955292035,0.019513129451427663,2.8755449370002106E-4,0.0257507850395386
0.006756087971801442,0.0036782071172140303,0.0011014989851272597,0.009151708934573292
0.038850251288241634,0.02760868549156547,0.0056335602910002,0.004029273707575791
0.001380268131136282,0.008991209459036496,0.011012856021120813,0.005123361777491689
0.009258294481439002,0.010607958435175239,0.00817737907021492,0.012128132871566813
0.005643926489666963,0.030190774831669924,0.015378437680906448,0.0029649819568650935
0.004972117850192787,0.0026960788657317217,0.004798748763807421,0.005557990445420496
0.010455386081535043,0.005202209361396792,0.003226294254930431,0.00148821782354443
0.00939407606985756,0.03172527834257983,0.022842927987855755,0.02711857457987946
0.016813587722146615,0.02062967358713902,0.012846456830222274,0.025089835979500544
0.011529575493472524,0.01305418858686763,0.0016755384555478593,0.0183693362008347
0.008604862488203227,0.0025884293295511964,0.013061601959005081,0.016408716165839988
0.007182782691295613,0.005095519264266032,0.005179244909145944,0.006080413229959373
1.666587763136989E-4,0.003001444025042177,0.008100987609349729,0.016980524206321856
0.008739167357377732,0.04462893691651262,0.007597904433551963,0.015762844089885167
4.3365972100337607E-4,0.024454612942930092,0.005197577442702058,0.0024733997156304493
0.00464423757211516,0.01707182590509544,0.015552969864690683,0.02544955974393985
0.01100811768713352,0.012358717550443819,0.00292571594486297,9.810091285511829E-4
0.014445888467522606,0.0065133714294636534,0.021041793072547454,0.007685512113141646
0.013540572075756797,0.0013010873105409897,0.012121937751857909,0.013870329348117591
0.029426771922296764,0.0016431056220387766,0.01740280842576864,0.009921398257355952
0.007398476632054573,0.004085036428272626,0.01095843260918674,0.015170775200746035
0.012285687110988399,0.017688675392326613,0.003806225175375179,0.002185582045275225
0.0010553865038195856,0.007501005992492076,0.005162671087730214,0.018495794266778127
0.0079399559648822,0.02635392292003491,0.0016602612840730165,0.006653598134866533
0.013261081010229629,0.012848031317442263,0.009202941230784268,0.011140269711355932
0.015070952160265012,8.657082234533575E-4,0.0015635060318789896,0.0012591619920319368
8.444122726983911E-4,0.009660400341988363,0.016228543798027854,0.009671160204074467
0.009691679355253313,0.015794118904246205,0.006853659432339721,0.016917766181910387
0.0020574028406301387,0.006214213493189225,0.010031413030733401,0.00508525882316206
0.0032753730448720573,0.008219655518400922,0.0010543063641213063,0.005101504946787362
5.003506055613505E-4,0.014373242229237474,0.02095933001793071,0.011404351124276915
0.014940857987033627,0.001835739039091889,0.0032709776030452244,0.001081105326406079
0.009257734050793363,0.03250611784189084,0.004597607810912254,0.007820124777294175
0.001469730429796219,0.0018947226267983306,0.007404286511840118,0.043652946665767904
0.02830537539810075,0.014686119022889386,0.007098216026953069,0.011657197382732942
0.0036419952927860114,0.005880971777722926,0.0022149019426638975,1.3902092559487608E-5
0.012452568472331884,0.01279638750225494,0.005766197125211519,0.0054894978056933665
0.01072568478768645,0.004189656925333896,0.004637270158651905,0.018079577409280276
0.011502573770036441,0.00823302297974726,1.8405227218391403E-4,0.009999466374629899
0.0037628425943746265,0.007387448410835428,0.03884578564084048,0.012280407899228168
0.026875727748724845,0.030138511654833357,0.006199300568283101,0.006377226108502045
0.009680038632228974,0.014108389940239418,0.009497242247890253,0.00947457085113821
0.017847929855199243,0.002387465619871578,0.015532375340141487,0.014265824491406722
0.0015988752244997335,0.016103261626627164,0.002359260841445521,0.006639856851383917
0.011242476571859226,0.009953171873840769,0.023752998140990685,0.0035192357526280084
0.013857089599749418,5.820724984340923E-4,0.013823837931513235,0.013312200874117521
0.015870601071982265,0.0034444345523621457,0.0016776496838954186,0.006202009740443023
0.008376466600080056,0.02015918983251224,0.01471596634436634,0.013475225779568044
0.02123533162068515,0.009410232114154628,0.0049324357469276905,0.005225327022800223
0.011804984093697565,0.008416897025167404,0.00350351997134171,0.013202779570325196
0.006875908554096914,0.009044813018201679,0.020192282315094363,5.169533341306531E-4
0.01852533600109046,0.012081327979093939,0.013482640154431,0.015481036848204262
0.005402245069064371,0.019575843536909963,0.0146883503654116,0.026016410256903422
0.011762992984570217,0.012123219382891183,0.012113354584713002,0.00814731623238008
6.533194649672302E-4,0.006772173837074059,0.008980331478448495,0.0016976816173608958
0.009852546743492343,0.006692175356119735,0.007056990444432667,0.003902878318374501
0.022921439311406645,0.0033816675666887685,0.010135956243247363,0.009619431008790745
0.005856589238365228,0.005538926468309037,5.799713714540041E-4,0.005323722673614791
0.0032153395611195083,0.006456486321498487,0.0031485124162762487,0.012627597891651934
0.005132891611710069,0.005930201748785379,0.0022149275175321714,0.005516940267834131
2.025303345912605E-4,0.01534899819325865,0.006436353871343029,0.02077708764069753
0.0065915911143690315,0.01326239644104328,0.008756287952386886,0.008761741929056143
0.010321955039976122,0.015101590151887945,0.023507006534268265,0.014163927375947911
0.01569111687510235,0.001356100351213923,0.0021040599121679533,0.001496162884522531
2.3371558203583E-4,0.00787671136088378,0.0068515108660767345,0.007567367652491234
0.009608616577830974,0.004409680532366369,0.004039742230144662,0.0030953815832318395
0.007952619548486922,0.030976070627960088,0.0034716370869061946,0.007906352128368562
0.008954752368303235,0.020553369735596357,0.020764785044483813,0.00659141369799906
0.005255435866350791,0.0010322954779643338,0.010321142703011411,0.003489737639872605
0.010734052963279766,0.011419614848584376,0.0032814673986284928,0.0031379708400845426
0.002406951306613674,0.017859999213629213,0.012193377041118149,0.005768438909718058
0.0025808608026486783,0.0013128430042817429,0.0036060085896728634,0.006283465134773764
0.003373518106964643,0.023860124159041037,0.001515522342730853,0.0025319919280399616
0.007422147810744934,0.004426735196742721,0.0018110334453516027,0.0014701939005549926
0.01315797184416407,0.015282560967282715,0.009051927311366737,0.006181725425588228
0.006596140607960208,0.011545042635469557,0.008631753890372065,0.007658398729161964
0.0215125754449112,0.0022091233317111905,0.01391802081982981,0.007412486553479111
0.009087687925643649,0.019471364783893417,1.5830930062875359E-4,0.005910552396526265
0.01583149307880497,0.004851862910223226,0.007433177083322463,0.05015771201450024
6.360618205604571E-5,0.0022511873272029327,7.228775319208971E-4,0.018145657480287625
0.021610962117539108,0.002255474177786733,0.002490898960090163,7.365073307073648E-4
0.005127855534835176,0.0027633130852160615,0.028088031800148495,0.007289692942927294
0.0012253426998674918,0.027048924356319337,0.013015850436710729,0.003435851541540397
0.002271788541226792,0.0026310623640200645,8.328455646728217E-4,0.005128562909894538
0.008198422079439601,4.0056307142459025E-4,0.01409596952425013,0.003146019763998329
0.010262021920313499,0.009072224018210983,0.007534460971285387,0.005596553131105828
0.013745195292823609,0.011392322450459657,0.007937629477713582,0.008609497350286387
0.006090400191984682,0.011766502347959163,0.001029579723860058,0.02266373709179029
0.011899191131050516,0.021604341589274764,0.005506846708873804,0.0023514413297945915
0.014690388222281548,0.00369277987156896,0.009030407861457057,0.007940665656994398
9.072472540651223E-4,0.001611326389187605,3.9943746412450846E-4,0.004439474821006035
0.008190888288061858,0.014038303415811257,0.003705751937401424,0.00841592646131476
0.008616034632290942,0.001007372538591069,0.001177411437333818,0.0076407612038977245
0.008820249830209789,0.02902208840955717,6.636964964853943E-4,0.017184232111778747
0.014158402609884019,0.003686183277557771,0.01648569638894723,0.013169509127015758
0.004334185165305003,0.007261423608675241,0.008284795155379365,0.05292822665259692
0.009794798289077764,0.0055251846099597015,0.0027102166179018045,0.024623079040037136
0.009776288205533909,0.007737574174241553,0.017231759067811693,0.004451560037069049
0.0065682515786623045,0.004203806381203452,0.009536721016997792,0.005080187028446988
0.001178980017999384,7.731318372038989E-5,0.011098816766710203,0.013070347283742664
0.001764658068283201,0.012301441971713145,0.012192376303937994,0.01050214048187705
0.004810082589013487,0.0038055215670024537,0.0014567666423449534,8.831788562847845E-4
0.01248207867427262,0.0181788777131016,0.00841849072308316,0.007759714171047388
0.006190756363472226,0.0013425349558199274,0.03048441548848031,0.008336570623093776
0.011618773419939811,0.005960386710767962,0.012482777168112979,0.048400565182432305
0.002410307278203619,0.006862169948723746,0.010955528451372083,0.011522388189392834
0.0010482276625866922,0.0020319819727218913,0.0015267868360288135,0.007948052321765726
0.01130920804793299,0.01187951492713614,0.003493742949197196,0.01309053284478562
0.018557176266844586,0.004717320803510788,0.004855838511197535,0.0020292917433107046
0.00278668824086359,0.0062686125077217264,0.00659776857054441,0.010931012142746662
0.019536741573105445,0.015094742758639083,0.0030854527242597024,0.031206370653397725
0.014465885763081414,2.1499700546477693E-4,0.002298504601280542,4.333182576743103E-4
0.011095533926901418,9.927113403118105E-4,0.005067001379671204,0.008405170636744314
0.010967644114480977,0.0017010477633635787,0.015125053074498268,0.0020927000514735744
0.0123518570205819,0.0030527752302265173,0.006922351466918812,0.002327966520443726
0.004309570117898966,0.022802792443892887,0.024731418020929517,0.0012630945621583591
0.007631955377937918,0.030553356912547184,3.5914659256899595E-4,0.0037475096291445438
0.0165360825579308,0.008549491229380556,9.033656180917027E-4,0.007132307879671458
0.044432881538967885,0.02144408870274351,0.004547687686483678,0.009721226201909518
0.03421555054131531,0.01118796690258767,2.0014105952466545E-4,3.264153602068177E-4
0.007940253141614948,0.0018308043174635566,2.1103688698858122E-4,0.006345918340303542
3.7247810201363564E-4,0.01915088647363218,0.014914780187547745,0.011067080584891966
0.0047329257592649355,0.007204900350146323,0.009941394290780876,0.014114219832331515
0.008727003794937514,0.0051113172283975515,0.009015843363568338,0.015035219354115783
0.018564652205376696,0.006268383393714246,0.01799137804911199,0.013135389566145567
0.010048234354915312,0.015449914486832327,0.012770042293779779,0.005249782928395501
0.009297429906547644,0.0034448404581327004,0.021429498964518807,0.004579945607467086
0.03828588303283283,0.0245521202995647,0.002148138860204559,0.007889129799607621
0.026208266177723722,0.016418279937498694,0.006908573172464608,0.005199586269449803
0.007270855433811807,0.010463466777531192,0.0027110726672709465,0.007556442230254061
0.01817301388075166,0.021446233551276797,0.00448598398323612,0.026971837950849155
0.008334268445023761,5.912882981064935E-4,0.012938090373759346,0.008871323714379776
0.0017687085627273594,0.012986204152408564,0.014330465695494524,0.023093834548943856
0.0010188910714569869,0.0023811685744010366,0.0012328724145407154,0.008358253319676759
0.013389354868903075,0.004394727912588207,0.0076822408752649386,0.01328029761247664
0.006170973325726452,0.006804329445403777,0.010090039667554227,0.0025770440108799576
0.0020347469371793502,0.03813033501532397,0.033720480879234224,0.013972160684327212
0.00805088821917111,0.003574270278188578,0.0062263149043670935,0.0066933138652193885
0.0023392684550346565,0.003477456741188548,5.601101860307216E-4,0.0024572563181138644
0.02350451312345209,0.024285346176196633,0.017177908887228532,0.01522567703970378
0.006667186169169576,0.005373548546434438,0.00855473766883709,0.0038195510992598217
0.003914771901540383,0.0049510339557608364,0.011535462515922714,0.0010755197113360838
0.003726612089756183,0.0026238914857121187,0.005582999399228895,0.006029922418593398
0.00636287918887818,0.003233478077263891,0.00884410168957406,3.614103992930353E-4
0.010960502561824993,0.03390443794336953,0.01969932131911834,0.020491390528349522
0.005701337445245013,0.009674517850755177,0.009588686667639228,0.0022468281386224965
0.004866357437669361,0.0041836269805493286,0.02579759675742413,0.010355387694367892
0.011888010548381482,0.03012342789662412,0.01765691603234622,0.012749355947854412
0.01632298782418766,0.011487668441156467,0.008446735495744212,0.0031115382113156087
0.0016019705078270006,0.008930495968040731,0.004991243025888588,0.002468660339643657
0.018013754124369747,3.2475259415740257E-4,3.3120732388794774E-4,0.004114458962386884
0.019740135508280177,0.0032620604111350646,0.01383072810013847,0.024799715079705784
0.01896201812714568,0.023378044604814602,0.017701507364644466,0.006518664271867338
0.006667186169169576,0.005373548546434438,0.00855473766883709,0.0038195510992598217
0.020051583369543016,0.017292317206437775,0.012166305113287828,0.0100215129509104
0.0041209294542544055,0.010592176331728109,0.004990337636680531,0.007328574934090749
0.012005798777935995,0.015137761867608707,0.0036479859035194,0.006731520680395325
0.0050743172210284265,0.0013596197519944377,0.00527361011142355,0.0025428697552823407
0.0027270331810315177,0.001286974123560049,0.0038703959022453618,0.002987501065754678
0.002853380211404371,0.007180851842272534,0.0025476214748518995,0.00468180699120519
0.021142815390099625,0.0075772907520884345,9.379999923473255E-4,0.008800030301970537
0.00370032819010013,1.9089788982696185E-4,0.005905462144141833,0.0050733897806226
0.01507448812968577,3.66546271550424E-4,5.998080934821494E-4,9.540210246279144E-4
0.004168082013032087,0.005207706329522281,1.2467422857570938E-4,0.009158405892937635
0.013248474545605932,0.005229092681006602,0.008384685025657652,0.012008358641901714
0.008591955302702318,0.008693165799433977,0.0010715679083031788,0.0012684306667924818
0.011055577680580336,0.036379147953786765,0.0033299246223648443,0.011974208251664946
0.006336698347414612,0.022274825955099522,5.408419771935193E-4,0.00678343110780398
0.02051231355280113,0.005202288837345364,0.0016928697669163458,0.005365254358157128
0.015219404115069607,0.009502822301365905,0.0019640713545425017,0.008511367856594761
0.027472012484179093,0.011965380646432818,1.1064211698446776E-4,0.0030293899590937627
0.007637509218471488,0.0013487059702212444,0.003491305137213129,8.993277528628551E-4
0.0054311579237489825,6.069265547015532E-4,0.004386584424986549,0.0040713001676206985
0.010297490124871576,0.021501978110090247,1.6978353763653833E-4,0.014001796157913922
0.013600116882033678,0.012868237066798929,5.134752205499214E-4,0.013300077897167122
0.005980419820770681,0.0032064493921025827,4.12436453745116E-4,0.0049201416953070145
0.0015603786799529835,0.0028682499722541602,7.86971669252181E-4,0.006188208908213954
0.0068692547512062135,0.019100105467449533,0.011951733727416631,0.00963991858624342
0.006595345755417167,0.006842999311302266,0.01233740888449339,0.004522367827002713
0.01159777400763324,0.006300351682411682,0.005129944413567631,0.00370040400625904
0.01644173011336389,0.0028015446245510506,0.002379084940357068,0.0043533317953758964
0.010780449849479871,0.0013359701931980818,0.0030757841438712012,0.015039371157359298
0.0023553302777127153,0.01814541639138271,0.011009886811428999,0.004046585502673596
0.0032753730448720573,0.008219655518400922,0.0010543063641213063,0.005101504946787362
0.012110668828983578,0.009321804745751958,0.0037694252608756165,0.0013869281621835738
0.012719489290167448,0.004070704267307749,0.0011687656873104473,0.00494064612240498
0.0014135269554069881,0.011558792332459617,0.002629946859577363,0.0021209150190185143
0.002947648338919072,0.01365790817888162,0.01779019698037956,0.0010926208332964896
0.004664330389445115,0.016638073775718742,0.021926779480364273,0.002182583305806218
0.013430391128452906,0.010473899919221706,0.008424583568134572,0.010222967114974203
0.005790327368109649,0.022787366472205847,0.008584847445846427,0.022755594556024918
0.0294595625955074,0.0069903836273538895,0.00587152403412447,0.007457110922257357
0.01484095512556944,0.004466929910986471,0.005259300523630792,0.01231580294502016
4.855116904800547E-5,0.004787578079310754,0.001425007316464979,1.3031343949094354E-4
0.0013321904630419013,0.006000801417126154,6.471597341805964E-4,0.0013163311551426275
0.016026145060665634,0.020922348040370402,2.1862596377229172E-4,0.01817814897510234
0.006726216819976961,0.020332576295888853,0.009194372067266261,0.013514123169183802
0.003570715091294426,0.0011722943117796997,0.0022917846679185146,4.370888591101543E-5
0.004063998043959938,6.714856010280115E-4,0.0048428146058568855,1.9550558184028744E-5
0.010172802179658606,0.0027525968578843416,0.016156205971896282,0.0027285606120821624
0.017507192066192112,0.004193059882367681,0.007420681547253045,0.008831131646453204
7.654637053109631E-4,0.005394328440163533,0.016652597079190392,0.006029733295756064
0.003893770309466231,0.003377733481725373,0.01118529898580007,0.0015715846673809183
0.011111728229256716,0.004463064364586781,0.016086618030154577,0.006839129336284477
0.0134722192699973,0.007231089745962184,0.02610012775602988,0.010061882640324475
3.6058138160323047E-4,0.022711364121314748,0.01285141905615165,0.003682575997033272
0.011586233318174275,0.014803871269167532,0.0376934266370496,0.017530759127774347
0.015122403932318057,0.016701956224643325,0.007407242154591502,0.00998992248565583
0.014307313716215794,0.005149782897520807,0.00571422340114161,0.010347292891281147
0.0011439367479407609,0.0017855107825917624,2.1576145200208468E-4,0.0017192037206416148
0.015753685945831503,9.731091159377629E-4,0.016086972407574125,0.0024085980503144233
0.007224456955450247,1.4059144522946795E-4,0.01108873682146817,0.006601885823263206
0.016040446079416064,0.002956069240582691,0.016206773790405075,0.007891172443577336
0.019466664815093782,0.010841865899833244,0.020574803606140588,0.009519104354934648
0.003914771901540383,0.0049510339557608364,0.011535462515922714,0.0010755197113360838
0.005184652808581986,0.015931462041199784,0.007064962671883789,0.001161224798185523
0.006689020389074187,0.03105912763926144,0.043658784832768985,0.011806852168650836
1.4573760026216206E-4,0.0010850676722207607,0.004876332750838606,0.006516106643113686
0.0071149307009958,0.02803217391987974,0.009115622342225425,0.006239807572319211
1.060997893043769E-4,0.0028015358629240044,0.00441676494467301,0.02189780805534219
0.01683887357728044,0.015011668838148128,0.004517054752814179,0.013152887768202408
0.015423500314593391,0.007092538214093444,0.003286919392674217,0.0033174672957725407
0.0036906751394353804,4.2765866064754446E-4,0.005305168112017351,0.0035924354068224327
0.008743940828163778,0.005684183287219543,0.007415387403187566,0.0031146513954586432
9.94046552756787E-4,0.03257634248633494,0.03233025489376952,0.01392485589863196
0.029894005690255153,0.00189448745020074,0.012277555219691835,0.02346128599899704
0.019701879213153677,2.1912631587912572E-4,0.0025379908333122646,0.009933296165619847
0.011753592174457728,0.0020341686469137438,0.0037383606701907727,0.001535689739563062
0.009794798289077764,0.0055251846099597015,0.0027102166179018045,0.024623079040037136
0.004908669296043546,0.014906196301048131,0.008022839180452303,0.012547288592569424
0.036158613551440746,0.02391183504678361,0.010658585048344308,0.0021041375167471822
2.1295612535617475E-4,0.002502370095311244,0.010203350315136523,0.007803102278656029
0.0058921227568403895,0.011303725842476435,0.010488465090132319,0.010635487224450412
2.820166667814739E-4,0.03031628944512596,0.01857954218647087,0.00143707758682449
0.01718164721678934,0.007257064142156791,0.015682861403189936,0.014140280856091366
8.965996163226289E-4,0.0018884761263164922,0.0033752239984776804,7.74630809060356E-4
0.006078013024334746,0.013116038068029228,0.0010443355082524475,5.783587998765958E-4
0.007673910935409692,0.00901031418035678,0.006918585434341565,0.0031238984000354713
0.008991698829609132,0.013204057326878713,0.008324918374544335,0.013381032404012136
0.0014882612705931445,0.009432862923613344,0.001517852094644448,0.003805532692738952
0.008762369267652712,0.017976623039536007,0.0025883238520503973,0.01607053834030853
0.011315269229441205,0.003856297284859162,0.01540060514269066,0.00646913642736352
0.002864324877655248,0.010066248043408929,0.011664942798257158,0.05566705446780661
0.004731772074311571,0.0010732634274810689,0.006168504906097976,0.018650121752722248
0.015017943572100186,0.021198148439378135,0.005724655732097271,0.020724645520692492
0.0047401649745510074,0.012423508725120951,0.020314158982349267,0.011265286891239271
0.002837537733154795,0.019789593843223135,0.009117145193118304,0.014466641294316757
0.025319918966441264,0.0059733703972957315,0.01404759100691823,0.004911770015975453
0.013425920238108974,0.013289297802028407,0.0034206424500464057,0.032478845449316375
0.017227364859187144,0.0010702474130014556,0.0022891539699093546,0.009238565393677073
4.250275832264363E-4,0.003705670759732204,0.008021672690859825,0.009444780097474981
0.004441255340077221,0.031003025403582716,0.029666969978781963,0.010903688678019358
0.011997663197010202,0.007768583870661213,0.0011500433311467427,0.013167538532995904
0.008357849470649489,0.007087381262855842,0.0021095149045527333,0.00839688393275978
0.0011316505726235114,0.006553126242977577,0.00790594994836182,0.024224399756649483
0.010794826510169463,0.006311417320564883,0.0024196897213101865,0.0023144998409946197
0.011077430612444197,0.008039930813071127,0.0028733821333065063,0.0066441545988777185
0.004545460827948841,0.0012756242166237267,0.010997001438131747,0.005884721804867428
0.007423159747183141,0.02263259115019182,0.007302425529413868,0.009504813095694066
0.005113046315746637,0.016639796434567044,0.024754394077556852,0.01076807302955454
0.00963266342063293,0.002343235964303402,0.014598605384986139,0.006559450627693877
0.013941836238226025,0.030805751001718094,0.01569327321895162,0.01765667766967981
0.01307056731278567,0.008242322778752288,0.004919974332575274,0.004102066324499494
0.014597502892166919,0.04786011887292987,0.007866716590250787,0.014823404824358092
0.02663895224264863,3.8379157162235603E-4,0.013267463670353944,0.002379128391719954
0.012868009633657963,0.024264873653281366,0.01617369495666427,0.019923921205339434
0.0017269741783912773,0.009766479849269429,6.364594347755716E-4,0.0027224127538070446
0.005126749830641285,0.004101347638527919,0.0014406597368335173,0.0011145032830372071
0.027793431771500936,0.005246811295924783,0.00220339434030375,0.02253330131683255
0.011871999484150084,0.005178281495720802,0.001981661129862975,0.007041111111709867
9.108237675080952E-4,0.006033514035041765,0.0018050107035964113,0.0020248747784202092
0.006363474290286285,0.002328374805133753,0.004508300121070726,0.002443169712150817
0.017243160155631515,0.004074488294393656,0.013805793146383347,0.014789305684903524
0.015175640516722296,0.006958566414804435,0.005271319107755347,0.009257929436444995
0.012241877355941616,0.0030754496745764425,0.023525835756195098,0.0035026011816784107
0.010573349035635797,0.003175846088578648,0.011066373622908616,6.66587715100782E-4
0.008980723842685794,0.002208868420400092,0.009884757080582379,0.0029797440882274612
0.0021082641375319566,0.01663856808613749,0.006330195114667587,0.0033727670752121777
0.027041179004925375,0.011245652621952304,0.004284293706845371,0.02711629365886848
0.0036099257652297406,0.008994246394104144,0.005150928205185914,0.00911422269927137
0.002602393554219187,0.008328776526029695,0.0050779864364613484,0.002702479982721405
0.003705207225379845,0.0054994589625251755,0.011156314690910791,0.009846428549601362
0.002636660849213528,0.009770990216273838,1.8446512654894678E-4,9.831119596122706E-4
0.0032161301588452484,0.012343214238504135,0.017839207557657534,0.010321502315220728
0.02814200008471706,0.002408901972522747,4.2561408565076165E-4,3.387876292336515E-4
5.148959597943004E-4,0.005013016537948787,5.055644862213692E-4,0.0038103497710517804
0.009955729831829201,0.00704633694843589,0.018659066743269056,0.025099816471393536
0.009063234472425514,0.005003152345754222,0.00963802575465239,0.01796564557102042
0.001603856898072337,0.004639541781639643,4.210157306157114E-4,0.011754802243673229
0.020890506828199762,0.008998235080005353,0.0024596019779266256,0.005177136309639896
0.012970265325507099,0.018574391452979722,6.058846217563152E-4,0.008281269652373783
0.010159924304499182,0.005389585639282628,0.013892547282571513,0.00595867222129155
0.0017888614723343254,1.40878081473791E-4,3.5199582174067694E-4,2.7427243647089485E-4
0.002809954689566025,0.010873098426728437,0.004158373335346643,0.012218989379395459
0.02140707501920858,0.0013495379062583846,9.430435204521796E-4,0.0026223469662168953
0.013225950117137765,0.005890690810086644,0.0032637826580908112,0.003581155815831291
0.004668481973797875,0.0136974430441343,0.002656778205923389,0.003053796246800951
0.002922806268916406,0.025086556675347236,0.013013440306193258,8.173477076968256E-4
0.0014651613293672453,0.012665208059591506,0.007246754794401741,0.00898378814505126
0.007954921877113805,0.034295314131287676,0.03251499942315195,0.016126939622751937
0.01131282846682166,0.015227065664713048,0.00842994530470178,0.01082952043962881
0.02479858968917241,0.005496543401031781,0.0028603379583883727,1.913326326224555E-4
0.023994980785850724,0.024005342787772787,0.013249177459955321,3.8886272688864397E-4
0.01159893536545813,0.011173028646345146,0.0014887342611998756,0.0015835122350029076
0.0015470082290388,0.004015031406611122,0.0016394741569440117,0.01960613522168487
0.0015224399604702047,0.02692578906695417,0.028616878201217565,0.0047507326962573935
0.005346347258551591,0.018378776639707325,0.016533828197153728,0.007953859501292276
0.0018623519970782183,0.0029960168583152828,0.0063099912575093646,0.014303143245517503
0.01862221906007265,9.936265763232924E-5,7.73413147770519E-5,0.002499187983166346
0.012850043001846707,7.311622354452434E-4,0.004610454780100378,0.009564279579354377
0.0014961371240039677,0.007841739769302787,0.012881349954232629,0.007037046037625628
0.009706547542277882,3.379711924338392E-4,7.423433841984767E-4,0.008447289986346045
4.5367408227938176E-5,0.024203257139713705,0.005647343394316981,0.008508282383149343
0.0038857126448993834,0.01719334666752868,0.0070136487318684165,0.023315304379553887
0.010654233045725868,0.0089789141380642,0.005837077813699705,0.008537771509065099
0.019260132515761228,0.03142596961742935,0.012535344943996407,0.0037674320633639714
0.01247995947316099,0.01284497968298841,0.0063496089915765054,0.004928140693967055
8.473049087249226E-4,0.011044745900296,0.007389212063107882,0.002296894897540434
8.326930577235521E-4,0.005170496955233537,0.005661659736108325,0.0015345334846714011
0.0012594289724528161,0.0015700714807352354,7.487190043796697E-4,0.0012879620846831749
0.004971683518379984,0.010163295520425731,0.0074483423434971744,0.0053299966825861135
0.002424238347900039,6.910966077854655E-4,0.0017568243796423047,0.02198292620690294
0.01580681737331814,0.012112842207516586,0.005134509928608975,0.007926101084116502
0.004220008691654,0.005081721928895132,0.0021199350639578723,0.014103012767385147
4.1793893054540594E-4,0.0059005396503136786,2.3969279751803805E-4,0.004113749449392646
0.008190957723834498,0.004068642671833806,8.47213126587546E-4,0.007688215069180795
0.024753077361304155,0.02703253495910478,0.012706834150880858,0.023443296072421477
0.012414728994676258,0.011173269998194128,0.00867185770523477,4.7165302876493444E-4
0.002135951165011229,0.0041264105948993985,0.006547981940857185,0.0023169017222984052
0.00434244847485662,6.650450430156265E-4,0.008394182805223303,0.004069186863557479
0.0037334511513737317,0.008856579993492803,0.011312796441548614,0.009524725553501284
0.007474900835598726,0.015449170587614443,0.006710532775198706,0.004640096072796602
0.008145402664662002,0.004778762594576016,0.007725276512989784,0.019400476467136534
1.1367236017742973E-4,0.0011298293664151898,0.011131148365052069,0.046190710919660656
0.0038443698316826358,0.011553507315077706,0.002377326835792543,0.006321142631360667
0.008706343504562876,0.0043088042082252845,0.001167990137902934,0.009631492005501303
0.005668493093243731,0.009045326684149676,8.485503197350392E-4,0.0023241477702664014
0.008345189747556228,0.02484549003310887,0.0016896960212468928,0.014750278966861265
0.003076397040784966,9.679084195368722E-4,0.014013551349745478,8.280006475827655E-4
0.018494599722979697,0.0011616780336947488,0.0022358573557013455,0.0259400017973301
0.0012672581217463687,0.016327040994584492,0.007885271926441517,0.011221156222551768
1.4484241751851407E-4,0.0034372724189457526,9.838149147798083E-4,0.004039333326868931
0.008440452290537886,9.590239452530006E-4,9.033782139158273E-4,0.006827029221982826
0.003666575909080394,0.0014567444415752979,0.0013030620869882005,0.0014103184356679547
0.0013720985218487697,0.00247689430389565,0.008332163505954513,0.009290902920930554
1.3695570490019325E-4,0.0074885198289656695,0.0019555162628874362,0.0020927795045939486
0.003939515907152665,0.005032395378759931,0.018510869113569417,0.05118368091752975
0.004817776157291671,0.01792154386846189,0.0017488012125571474,0.021055762448068956
0.0010065043547880222,6.800295320903441E-5,6.792902349803728E-4,0.015090832120609705
0.006424955836913267,0.0056036309646799055,0.008302230280842562,0.001609626400446398
0.009508716323296362,0.0035811904618649566,0.012850862379694244,0.010720140153059369
0.004193169117676176,0.00698455692759206,0.004910810664730618,0.024146224154484017
0.01248337104305029,0.010503628953260536,0.0048634031606809664,0.001214048966233588
0.03931775885100159,0.018673627733345202,0.003389245759533272,0.017227977697656452
0.010175752392266516,0.0014178083828222654,0.024946755425880943,0.008920394499077333
0.003153786111798446,0.009731229111465733,0.008678404219742237,0.007584901584776894
8.483752806183505E-4,0.002357665454026584,0.0038117892910336146,0.008665724577234385
0.00165982509557947,0.002521801673462121,0.0020673208985991062,0.007708866560161423
0.0049927997372127405,0.019615018632404595,0.0068951553975666385,0.011395251138574038
0.010542973574147116,0.00824286505752462,0.010055963177918263,1.884747414556286E-4
7.811709545746142E-4,0.012012551891658086,0.003444497042667565,0.013362274590158457
0.022469002147778954,0.016039452783477872,0.004849968835185399,0.02410064929704629
0.01102273953382892,0.003475830692939099,0.012160473150443451,0.008334779191306263
0.013150733334050877,0.0020339549716714687,0.006952876104352028,0.009243066924283215
0.012039290840010148,0.015477581280367447,0.0031615518642503725,0.006453751225544483
0.004636414626851157,8.00389223979029E-4,0.0027128592152693564,0.004071001382272925
0.0021181328799707074,0.020568011083557408,0.0037406910266589272,0.002212832620400133
0.0016107159434889733,9.181660983825292E-4,0.003779363951816224,0.003767651421438431
0.0166787752094686,0.006973121563162845,0.013036382682269644,0.004106679556947969
0.02253973511509195,0.013321864207272598,0.012427977665055736,0.005266221864012904
0.011963109442688679,0.002956906137362254,0.002475786450746993,0.00453961570130471
0.014378851944050475,0.003198655161677807,0.006966591305100423,5.354469271565403E-4
3.6087934245137966E-5,0.0239704367927306,0.004107174821884614,3.222064611580988E-5
0.009213736260869472,0.0034412901189343737,0.008369988750202225,0.0030283477716767115
0.007508324484252557,0.007039516508523605,0.015087668134849484,0.0031136024841776897
0.013249164650257978,0.00940684270721168,0.01426226501190328,0.014069591302816785
0.01858798810747435,0.009320920369862472,0.01003823509063022,0.0022097786216137075
0.011095533926901418,9.927113403118105E-4,0.005067001379671204,0.008405170636744314
0.022481763828390552,0.024973481111226385,0.0023990115680489247,0.020617374404401614
0.0011232415675178603,0.009888792995779685,0.0016869083888754147,0.00978703320444388
7.935791303249881E-5,0.008353210247058561,0.005061064360723027,0.0010593069986089955
5.823020902556179E-4,0.03226243934759534,0.0038153704010424633,0.002841147368264901
0.01364437239101306,0.008171102015356238,7.009438633978259E-5,0.002368515334807671
0.006643464638795676,0.023233224543345095,0.013628378327815866,0.009691100885559743
0.010443190984609095,0.008973708632602237,0.0063795327625476225,0.005778266102512928
0.017937686851854873,0.013497166884662872,0.014290214090443646,0.028484334776319415
0.002907375838101492,0.00692629866869389,6.267879041918777E-4,0.0013355311000262653
0.008934224094028881,0.003268085100160649,0.013458542384402278,0.006273633392366975
0.0013219532659282732,0.004323422079186285,0.005296252340218505,0.0025448682091247904
0.003188615544455843,1.0740434243985572E-4,0.00852028964806883,0.052327889872090305
0.012666165089716953,6.489319608723546E-4,0.00935809466288217,0.004817825177125396
0.010952211065608442,0.00570494208955724,0.005951233329251025,1.8797774710770774E-4
4.591333332525753E-4,0.022498365580343595,0.011479705276320779,0.004776149672684494
0.015955766441406654,0.004626681550917311,0.006738345176231262,0.002115787690253217
0.007984955206916044,0.0023495991853557524,0.00899902699098021,0.005750423201924801
0.006799333955302204,0.004126429514861509,0.013112449065115595,0.010332589240877528
0.010092039479484895,0.002902641907955958,0.007888504828307795,0.0042476296375155015
0.008945177478095317,0.017769945003305365,4.2666591941064767E-4,0.0033054226148781954
0.008487597788735259,0.0014081096050730635,0.00579203363358678,0.012197204696504501
0.003093504215222955,0.010158013762526633,0.0018141158190727996,0.0040749705030887
0.0061124824836689155,0.009686137325381466,0.012063174105923686,0.006949729098710396
0.010172184278427959,0.02032149499734887,0.01783187071855551,0.018367554952305177
0.012669092013720904,6.325998479535013E-4,0.00557013262941173,0.004117171461229104
0.0178782867833421,0.010516044524778728,0.010890580024011824,0.0119669290228726
0.002636733047915806,0.005388901627217879,5.35409533324832E-4,0.005797033738183972
0.01154011108309325,0.001039765047120914,0.02439583505868953,0.0029385680163747513
0.011106586585157965,0.00766048664887818,0.01710765553126347,0.0010808450547618602
0.018064820958469716,0.0011884885739305517,0.003973655318584887,0.007986406376015042
0.005744718257106303,0.005523123708383259,9.119703757110237E-5,0.00996023978287688
0.011326411397560143,0.003134610359468299,0.0018548251948861804,0.004081680005272344
0.004694860092214831,0.005472009540094822,0.019025889174423338,0.0069179565153629765
0.008347745445163441,2.861203027890221E-5,0.011987413187273886,0.0011959381779007617
0.00943885106269156,0.01761563583000555,0.011538148937421321,0.012827307160726746
0.014140347164223297,0.0077523600844344774,0.0014281012147884476,0.0020789887343817108
0.001066295007749449,0.012865581235893753,0.004885926913717649,0.012099336163301097
0.010459310879778767,0.0013810566398932448,0.012057868276526051,0.01655831958679595
0.004963874563325326,0.001858670737196395,0.0042963227719672635,0.0031236962670654223
0.001275477064506808,0.004306763553616426,0.01500711671057954,7.703526495445118E-5
0.002269908122784588,0.019192127136847658,0.0017046430162998073,0.018662138962936368
0.009867325090378826,0.004962328735285894,0.008487567674698769,0.0016505755881617919
0.019460820782178676,0.006051288130438007,0.007235872730994266,0.0022252738131790673
0.0026776265357428422,0.006045575829523141,0.0035935554928275947,0.009884547640118976
0.010969022793194356,0.007347829444262358,0.01081183636125092,0.006538889450753898
7.328761053375875E-4,0.0014239380478179796,0.002843357347233088,0.023366721485294232
0.010455386081535043,0.005202209361396792,0.003226294254930431,0.00148821782354443
0.008489479424001313,0.021261660797931698,0.004615490101995072,0.011115895890154246
0.005243591485755258,0.0033247198351790707,0.008619822882753293,0.006137122458908863
0.002756242434452019,0.011283671267263588,0.01756520553116321,0.008135817836804372
0.018644965181720322,0.002718639121386717,0.02741926919836067,0.006682190247270813
0.013546816009101063,0.010777907488920775,0.009276387223160059,0.008018634852048574
0.0156900924260889,0.008492643376829968,0.0015155419871051288,0.009930005182449438
0.00816474317164802,0.008085874836325264,0.00944418109601274,0.007997129159129576
0.01005598939148369,0.0037321481562434355,0.009569145535428005,0.011010470059896985
9.128944740271492E-4,0.012631493678003076,0.004417586549595496,0.0015518405497246166
0.007715096983227106,0.002406970194288302,0.021413391318383313,0.004676281760824118
0.021076774828713618,0.02372222995032504,0.0012703930423556596,0.007770939043165033
0.010028084735126952,0.008625620944841877,0.012707477046293474,0.017261013904725096
2.725541845998864E-4,0.0031315205057519313,2.144106879354856E-4,2.4863959239016556E-4
0.004832295900233979,0.0063577258943302685,0.014589183223506365,0.007558445680027684
0.012058580373591619,0.007617222913159042,0.01637806091031535,0.015377063141631123
0.009638284251143506,0.0025096503586205104,0.006412920713072176,0.00929998663783881
2.4542837618490946E-4,2.6533904000569723E-4,0.007806961627548436,0.01239923180753944
0.0039522119915856545,0.00333575704044373,6.406276085612656E-4,0.009513515266315064
0.005239382200669547,0.016614262996605195,0.009935741849325374,0.0029353947143765115
0.01403419311953193,0.04248938136922414,0.02609775184097408,0.0044340370906864384
5.748459753421597E-4,0.006834678021172206,0.002264681540963946,0.0037312763175842774
2.025303345912605E-4,0.01534899819325865,0.006436353871343029,0.02077708764069753
0.004280884483221952,0.0021866537125592644,5.784354356557173E-4,0.006889445454003799
0.012553228948590468,0.038638665299242266,5.615642830015804E-4,0.010257908495109372
0.010892670050134083,0.005363260135895769,0.007545621843741319,0.00711785428574646
0.010525901742741456,3.645408049611562E-4,0.0032825664222179197,0.005442090076160547
0.002242752369894446,0.011207827345071529,0.005927187931670001,0.001415023312100379
0.01810871475639309,0.02285294272620049,0.006995868921745174,5.53827725044484E-4
8.665018680416832E-4,0.013268672598987265,0.00276683098777463,0.0065820871048576195
0.006004374292988468,0.042194165250205785,0.01621313146635162,0.013816042702208684
0.017206842497958414,0.0049683158474624995,0.006556702551946035,0.005673981155171798
0.035272660039897305,5.477030326529687E-5,0.013868782746162408,0.02117786684749787
0.002204714552068052,0.003543807901010188,0.013724989321976282,0.0017187788070562025
0.007515026600269162,0.008067145322738584,0.011636204507119599,0.003221003696769151
0.003411376115020304,0.010729540288011026,0.007075863140972782,0.0034052777328113884
0.007363629449808018,0.008694217695154879,0.011655557493105564,0.003910037488770436
0.007929029622335059,0.005974364144676997,0.003616981146165911,0.006149402999149392
0.004242055343543374,0.03589202359379681,0.006643984702096929,0.003369433241370852
0.006145389342774141,0.0011282797048249463,0.0015484972383859015,0.0012884372504591212
0.002578125430866088,0.002263133012375761,4.801222822844729E-4,9.76131240597708E-4
0.027820656972116328,0.027276459590967566,0.0080383509021293,0.009645802787609343
2.0847733984640911E-4,0.02085183778853848,0.013928020980118642,0.007713623262616429
0.01310127392587902,0.0012488038982714068,0.010381028555784488,0.011136172118783948
0.006565746939191303,0.0037058430591018605,0.0020656567807051736,0.00612030785518618
0.011652192408294926,0.02521314576409622,0.008184526996014543,0.019553560069295376
0.02937330796731369,0.005401790882786009,0.00302530446216479,7.055926513895709E-4
0.009616052306612404,0.005864993710183895,0.008715741831520315,0.007795316838670182
0.0028915244596813207,0.007227656583666646,0.0020568384815897876,0.003048372096354319
0.009194205160300367,0.0295377443173653,0.021143333017148547,0.004825829518395479
0.023883319849361494,0.015841822594911164,0.006865140558210038,0.016408104959635694
0.0059723851410705435,2.3232381689448992E-4,0.010978601056759149,0.014524728475329929
0.0037049502676932016,5.580823249952541E-4,7.945453401919822E-4,0.0010202553533218018
0.011617684846225418,0.005526443912722975,0.009117984355445837,0.015596954088608391
0.004211353239214606,1.3606899877182332E-4,0.005687185561590877,5.885256201904752E-4
0.002554184617802389,0.02718464387216424,0.02014593019761931,0.012837132018035846
0.006417414860690614,0.007801395846887862,0.012176365348147948,0.0014077633265604345
0.0061007621726330875,0.0077619623794146905,0.004920591026317561,0.0015501701580043475
3.6087934245137966E-5,0.0239704367927306,0.004107174821884614,3.222064611580988E-5
0.00887596581229623,0.01069935994782023,0.011290872388408976,0.0173733468835138
0.0022856192392926382,0.0017535661961903498,0.006662649633336883,0.003669321905671325
0.01853640172495984,0.003189743133551265,0.0025266504126717567,0.01223466755936972
0.014281516033860995,0.026334252136719298,0.017509985100385175,0.005090286989708401
0.0010731492156966815,0.0031303430750385932,0.001049111913248042,7.829844344052604E-4
0.02164845873821485,0.006524986417852267,0.005831647883093361,1.6908269677769688E-4
0.0022769688845505212,0.006236050807369025,0.00398147565843349,0.006304459910737098
0.003633055839071845,0.002932933415537865,0.011506885640968075,0.04814407106920616
0.006914518026968575,0.0035454623717234195,0.01115039648204088,0.002452558965494861
0.006424369650077879,2.007042610865419E-4,0.0025735017768334684,0.014459434150753752
2.3455239312798865E-4,0.0052194730127578005,0.0024550218773222816,0.006049163113980422
0.0180990013463304,0.005354937900650349,0.001357688531172785,0.0080637897862144
0.002164626053409424,0.010422011868111593,0.0027834655166714645,0.03738205410293848
0.009258294481439002,0.010607958435175239,0.00817737907021492,0.012128132871566813
0.00971612417720604,0.014508825189550642,0.016526305206715133,0.003947222918817552
0.028397971921154074,0.011000314483132394,0.0019111578380446549,0.001480830518497954
0.0034364621004482144,0.00809423783123085,0.002787238723847149,0.005679075777879787
0.0042171465496664805,0.0061753172456262065,0.012684538208829354,0.02709560246887952
0.0029529244232901286,0.007396275418562129,0.01052540065359578,0.0034035962679419872
0.004308668030442778,0.009299469654858478,0.003257839293401975,0.0011396138440965568
0.011524307356471877,0.004595708736128761,0.002323374094754125,0.006064848405169059
0.005627060414932707,0.00885456027370411,0.001761231101536766,0.005356567227134055
0.004148375795075834,0.00830448575985276,0.0015981891646859158,0.007438151299325208
0.008432002767316425,0.039980802057142766,0.008491832727599182,0.0019996336893335206
0.0023757730192039833,0.002558056801306108,7.926705026243015E-4,0.0013485069160598597
0.004218379371372783,0.0019405493824775613,0.0036726170870251228,0.03884665079384553
0.010448883025696068,0.006932508924049802,0.01054237099939121,0.002380145289215584
0.007467958577862174,0.009857839711317928,0.0068308513385799815,0.008356745787327076
0.0021311347063298442,0.010993266912317367,0.007649353393501868,0.016392086226676286
0.0054311579237489825,6.069265547015532E-4,0.004386584424986549,0.0040713001676206985
0.012614720328269421,0.006204365974253319,0.016452181732580944,0.010681491526262759
0.007572842502751569,0.00609038164782248,0.0017491674872924829,0.008070351840535785
0.004996088741000491,0.007288190982424319,0.008339935072376448,0.00890777997493162
7.351094271255241E-4,0.013240929175132947,0.01551496283272111,5.013835543195773E-4
8.247282293322466E-4,0.01916316764573847,0.01870432343273388,0.011573860025050118
0.007474900835598726,0.015449170587614443,0.006710532775198706,0.004640096072796602
0.005148993050199134,0.013338289030083264,0.011793431823318403,7.345021566400633E-4
0.014358816804815568,0.019453026854289797,0.004498475207029245,0.014070490429338799
0.0032153395611195083,0.006456486321498487,0.0031485124162762487,0.012627597891651934
0.0028743463039810693,0.008651698732404362,9.828299960120126E-4,0.0015783487897152839
0.009418756884576777,0.023173667095740914,0.031314194600089176,0.008277410656973386
0.002977158327004022,0.0040320937432170075,0.0030050613672502505,0.005585925414346068
9.574682282758403E-4,0.03961850733063839,0.00227009368248374,0.0031968826897556726
0.006817341759300528,4.4074570509128596E-4,3.202738822972982E-4,0.005452863460900636
0.04455930875770064,0.0034562646494665852,1.2633010286706121E-4,0.008976276084622457
0.00649871761144341,0.013737360460765222,0.0061658402459010605,0.007867043357724403
0.009609644858347527,0.03330142111801728,8.366330404733584E-4,0.016977034937684952
0.01562099784480162,0.01036853429099544,0.008769963596805805,3.1238623125820475E-4
4.4777164317412547E-4,0.005214192955606285,0.0030022999432888727,0.0033221080555504404
0.0038571283622662977,0.016577718992288125,0.01941683310815348,0.0035129640233016054
9.4167110620226E-4,0.007027752067722407,0.0026633032167266354,0.003605388940542632
0.015064399636588831,0.004205455985401177,9.710811709684802E-4,0.009188799745276999
0.0022455049286843453,0.004378515562174738,0.004222576158628058,0.00434367816787489
0.008431153183205808,0.011409016592464525,0.0028537706370716015,0.009799752488469402
0.01907348768294449,0.0014516208928347844,0.002326583521299658,0.0027920373366526552
2.3371558203583E-4,0.00787671136088378,0.0068515108660767345,0.007567367652491234
2.0580472318783154E-5,0.012607837718416498,0.0019966217295187064,0.0013950362015301835
0.002420641548770153,0.006820336990686149,0.002321809249181119,0.0015812331612026411
0.03481478680135208,0.010629442986717043,0.007041512909210053,0.001385761357304598
0.0025537549913210605,0.007150990742812825,0.0055920532171478176,0.015266703060075573
0.005802890963576707,0.011716351452968989,0.0013642689418965684,0.0035768944665141847
0.006743382604958774,0.015709060563868477,0.01073028788479533,0.015324765125685386
0.007120596305676271,0.0012870920951320406,0.007022547030707131,0.0034822197853187405
0.00564608828162099,0.006867019169343869,2.882383208183218E-4,0.008681295781737429
8.068927864955975E-4,0.012086308345964915,0.006282046181864108,0.004738572021154339
0.01122264197555447,0.020677827584052347,2.064710087346064E-4,0.01221097711614151
0.004308668030442778,0.009299469654858478,0.003257839293401975,0.0011396138440965568
0.014464215189458039,0.00268208465028057,0.003257351797796324,0.0060313792842734614
0.02619367968453497,0.00880459415535905,0.011536658146082186,0.0033869268975775793
0.018366894547966757,0.026817409879878344,0.01437004336311048,0.009677621815201948
0.007165945961703263,0.0016392219676893529,0.0033005741626856546,0.003511528857428669
0.01879507382194571,0.02192652440667686,0.0050281151542180685,0.026728137850788713
0.009084187585204961,2.893447455208876E-4,0.003298247563972523,0.008841310293403343
0.005022395191152359,0.010706181374269121,0.0033211693721739285,0.00780642393475687
0.010566182154443545,0.0302103929005689,0.007483041385891301,0.006423027345501811
0.013637053608075732,3.036455876600444E-4,0.01318437377419543,0.013112955966925877
0.03207573511471335,0.013484495522368922,0.005468460360503063,0.012893640744686926
0.008143303345218686,0.005202370556964501,0.012429668480437557,0.00864233645364466
0.033008066184702554,0.01528744713075966,0.012274676396767251,9.68578641731335E-5
0.005000739572965283,0.011417579818135463,0.0036374829906943205,9.719182882284435E-4
0.001224632842274786,0.003702559017137713,0.006779074473684479,6.17904959414649E-4
0.02713652297370502,0.027645583420394942,0.005636201020971127,0.009655340711434033
