5K,50K,500K,5M
0.0,0.0020048710633790833,0.001455514648740289,8.246918731763617E-4
0.0,6.230654115948489E-4,0.0010109622751553926,0.0014483962419382002
0.0,0.0015018128720462856,3.504652651225544E-5,7.619561759698394E-4
0.0,8.902062051856112E-4,3.451175681817361E-4,0.007700109842702547
0.0,1.1306880989489005E-4,0.0014256299977780465,0.0020329528115673864
0.0,0.0017241739650612068,0.001782965466337906,0.00318226615335918
0.0,0.0015713270345049254,8.056918194419459E-4,0.002123119620959897
0.0,4.631695093658299E-4,0.0018520985508521093,0.0024008847905480244
0.0,9.091248486244562E-4,0.0013323265042396492,5.192116460464322E-4
0.0,3.546690923382967E-4,0.0035692412528629527,0.006286553784200445
0.0,0.002504413708022483,0.002360078605443301,4.3870518660430125E-4
0.0,2.430712011463339E-4,0.0011653930193662391,0.0023647538221863514
0.0,1.284705395037407E-4,0.0014495634932675402,9.522705514888343E-4
0.0,1.1934283623689192E-4,0.0014412651685477452,0.0010923889043990545
0.0,0.004083566244009409,0.0037740058571257657,0.0039180290419911085
0.0,0.003024456521378303,1.2923180135706008E-4,0.001099085180140644
0.0,0.0013677505690873842,7.204995287963398E-4,7.695620321962193E-4
0.0,0.0023947878976933743,5.4782011705520225E-5,1.9447813870443717E-4
0.0,8.620322953820543E-4,1.9852168131580716E-4,0.0025317108826631266
0.0,5.866872234190763E-7,2.881155193392267E-5,0.0031199494364236593
0.0,8.580262673815651E-4,0.001182167353486308,0.0014818685972783465
0.0,5.270814375919079E-4,7.911472693784871E-4,6.820266192053327E-4
0.0,0.0016707491820159527,1.5327131702212366E-4,5.677145281846489E-4
0.0,0.0016942184609925344,6.55522607551772E-5,5.754105833117424E-4
0.0,4.7557304418429123E-4,0.001296823441395726,2.0922407354056878E-4
0.0,0.004111988418245735,0.0054785900852688365,0.002346215562852279
0.0,0.0024723093196726475,7.889313711141603E-4,0.0028871261944351813
0.0,4.772880515780418E-4,0.0052466963997185225,0.001197459167448133
0.0,5.587526376423852E-4,5.374949485327856E-6,4.449145261739894E-4
0.0,4.618138633251705E-4,0.0013144425296367195,0.0020257293441531777
0.0,0.004818685885566991,0.00152747612617894,0.0011228141937197438
0.0,0.0030606327620495543,0.003344121289845826,1.4993715119607207E-4
0.0,0.003187314104764221,0.002778743032923553,7.156172504390385E-4
0.0,0.0014338313489339319,9.37547176378518E-4,6.945685950641076E-4
0.0,8.189671832601763E-4,0.0020947510125421515,9.040018574074459E-4
0.0,0.0018462255582339826,8.118216699009318E-4,0.0061832535686061705
0.0,1.6951745647368036E-4,5.320478232402654E-4,0.0013226924598936265
0.0,8.65492300965529E-5,0.002387210195584681,0.003116902606188313
0.0,0.001571906970487775,2.772599576800964E-4,2.2208324990490877E-5
0.0,0.0010429728940770874,0.0020538484003534427,8.543574830913667E-4
0.0,1.8708142768861526E-4,5.711392016644825E-5,7.268078045473542E-4
0.0,3.8759296454031017E-4,0.0012984862031084584,0.0034929731672907606
0.0,0.0015850641380847396,0.0011531634892406437,0.003607616115864434
0.0,2.3819073336959337E-4,0.0010828008662786247,6.355719741447784E-4
0.0,1.6518171616740636E-4,0.0011096091883640278,0.002573241477275371
0.0,0.0012042347797883448,5.28254862064534E-4,0.0018924398125951833
0.0,0.0014654904955912799,0.002430474142840317,0.005294913435527406
0.0,0.0022723887673162207,0.0014299011621483752,0.0026953980406518173
0.0,6.807071320819905E-4,8.761718651678161E-6,0.0017487551119050378
0.0,9.155789382616978E-4,0.0028570306260898245,0.0027310576473604385
0.0,0.0017469412604802991,7.973643067804517E-4,0.0010478812049739428
0.0,0.0020970262585339413,9.436856321881511E-4,6.939672616724328E-4
0.0,1.6879618300421627E-4,7.287683233878496E-4,0.0010444751894694872
0.0,4.5512077218234546E-4,8.75812606736807E-4,0.0012610348560386433
0.0,7.617522407082141E-4,0.0011104915324336067,0.002747810029591134
0.0,0.0032468670769020954,0.004039784037987868,7.27522728677334E-4
0.0,1.2512660037369865E-4,3.057420842816819E-5,2.029133603862664E-4
0.0,8.492068156224785E-4,2.730452445101949E-4,9.432833835470807E-4
0.0,3.957851130928837E-4,0.001143323531926643,0.0027319638970587272
0.0,0.0011093866169712052,0.0012171344003516719,9.882587594048646E-4
0.0,4.128873190334217E-5,5.80330387907736E-4,0.0027881208551438718
0.0,0.0014691676719859157,0.0032376664346316967,0.00178313709027137
0.0,9.262187276214502E-5,3.471877546528365E-4,0.0027436560524487803
0.0,0.0019319761504512068,0.0011162891795685715,9.086293814397234E-4
0.0,4.067564841123206E-4,4.643059483841817E-4,0.002359073558443033
0.0,0.003137320555898906,1.2706739858951724E-4,8.112223159954644E-4
0.0,0.001748092356225041,0.0010443863939017214,9.716926107269514E-5
0.0,0.001409353288225589,9.984360904071688E-4,0.0034364838379424213
0.0,5.189982419042706E-4,3.910554241576257E-4,2.5265300438067625E-4
0.0,0.0033478238393024446,0.003351389185822784,5.773860671458782E-4
0.0,0.004112172421173471,0.0031499012893778755,6.391395037814822E-4
0.0,0.003578441242219085,5.102844789280108E-4,6.811542273718952E-4
0.0,2.5460622483396643E-4,0.0027679013823013756,0.0013951314905032517
0.0,0.0017416955301378463,0.00159727611661548,5.321491953919329E-4
0.0,8.326393500602676E-4,0.0011146689999093134,0.0021034942154411224
0.0,0.0010802267463710083,9.478756390889409E-4,8.104391099994082E-5
0.0,4.890844056228029E-4,0.0018408033634907735,0.004961483464655904
0.0,2.430712011463339E-4,0.0011653930193662391,0.0023647538221863514
0.0,0.0017776728056010716,0.0027360290294189925,0.004293627896688534
0.0,0.001367705958919651,0.002277784136423738,0.003879402102491173
0.0,1.1822665172124284E-4,0.002372592562936185,0.0017561220453079331
0.0,0.001725818343946513,0.002058830899872938,0.0031207860331558014
0.0,0.0023595443913709724,2.273501884532862E-4,0.0015965882383904928
0.0,0.0019161992384336302,0.003385543357235439,0.005254070342586385
0.0,2.9306681447970073E-4,8.784677182732363E-4,0.0027095222658842224
0.0,9.849861494942645E-5,3.242665338821374E-4,3.4794871118169876E-4
0.0,0.001412064782730227,0.0012115001286101422,8.43823127927281E-4
0.0,7.290431173533381E-4,0.0017058112899371815,5.120785443712675E-4
0.0,4.4745942242101585E-4,2.807652016947003E-4,0.0027468664152091086
0.0,5.553345800420657E-4,1.1473196112071667E-4,0.002074013156456577
0.0,0.0033823658109901457,7.258005677628055E-6,0.002775469701473316
0.0,8.260205210399531E-4,0.0014506240369134464,0.003980369451718285
0.0,9.896893180794787E-4,0.0012798986628242608,0.0015858087079321512
0.0,0.0010994643126535106,5.834175328574262E-4,0.0041985475310728155
0.0,8.192894516566605E-4,8.946521948508425E-4,0.0019149911725705794
0.0,0.001085293536311868,0.0022756037265146164,0.002008505416609255
0.0,0.003522276922301374,0.001259926697188212,0.0018555436746678783
0.0,0.0014450354614028616,7.690571579146973E-4,0.0019399114003378125
0.0,6.996948172988481E-4,0.0016037675425654568,0.003972826245738217
0.0,0.0010115795978896495,0.00281838434471526,0.0015083522879357372
0.0,4.2028357786933856E-4,6.905662590601125E-4,0.0036602392043882906
0.0,0.0034181168363760796,6.050368190116265E-4,0.002020557831971292
0.0,0.002632736474120294,6.077388672219422E-4,0.0021944474786197224
0.0,0.002470281769784666,2.1604821832519667E-4,9.278861881996627E-4
0.0,0.004207274108271634,0.006276178934403514,2.2195823557315977E-4
0.0,1.8550959237416918E-4,0.002816867874152786,0.004880905423522551
0.0,0.00402306191360187,0.0026084001401988546,0.005993787427635109
0.0,0.0013037167659558444,0.001086286274737347,0.0010036673205533707
0.0,0.0011442413378797824,7.878942127326773E-5,1.6108262982087612E-4
0.0,0.003612601254473517,0.0019106992917126014,0.0024867769707113416
0.0,0.0011020331427856577,8.669482225790244E-4,0.00155636258029768
0.0,0.0021594675565108864,3.405892482201284E-4,4.92731521116446E-4
0.0,9.286266784165801E-4,9.510977585632835E-4,0.003161732831092211
0.0,0.0012471798038407992,2.2907416477737876E-4,4.5323758419559E-4
0.0,0.0011429251049722025,9.711225001232751E-4,0.0018314250995580305
0.0,0.0027117362053476948,3.477459893142726E-4,0.0018828785276622584
0.0,1.2969356714409683E-4,0.0016071488640195068,0.0059810112562227406
0.0,0.002243019007170035,0.0017918090640871567,6.055781842410504E-4
0.0,0.0024153676851233733,0.002289330645055047,9.773399187951834E-4
0.0,1.577103129776815E-4,4.0024678874747027E-4,3.9447906237501226E-4
0.0,0.0010935456697955918,3.508295080650441E-4,0.0017252081017269944
0.0,0.001660715148617648,0.0014526226793007697,0.00270477320828517
0.0,1.0914916909197032E-4,0.0016990762591822123,0.002766169869153228
0.0,1.2911156024427136E-4,3.3369550161952544E-4,7.049099462967564E-4
0.0,0.0015757012654057166,0.0012368338204663955,3.1863440798506575E-4
0.0,6.210214726573131E-4,0.0014456337315379717,0.0014500696344881244
0.0,3.6453007168695656E-4,0.001406656583988583,0.0026120009899208234
0.0,7.977092492577664E-4,3.410532450254314E-4,0.004483394956886138
0.0,0.001813314188468549,0.0029781809488759053,0.00424359099266563
0.0,5.885625200191589E-4,0.0015577992197886774,0.002721431719590324
0.0,0.0018512492013625815,0.0026782770053214887,0.0019617365351815284
0.0,9.450130665050043E-4,0.001089536611984702,6.702748830705631E-4
0.0,0.004807692415688554,7.701398146856493E-4,0.00358679049918343
0.0,0.0021136075013726066,0.0018355667087708426,0.0040247096567552244
0.0,0.0021982609484748087,0.001806565060287098,3.537035040927948E-4
0.0,0.0014972722886793608,0.0010710878439825246,2.730522010590478E-4
0.0,0.0029971764123764904,0.001385648211626359,0.003635654937100394
0.0,0.001412064782730227,0.0012115001286101422,8.43823127927281E-4
0.0,1.0615506578120508E-4,0.0012202719460330392,0.004802830067923387
0.0,0.0013521824781837358,0.003805219024929598,3.79087401791879E-4
0.0,6.807071320819905E-4,8.761718651678161E-6,0.0017487551119050378
0.0,1.4176385475614143E-4,0.0019890451332875954,0.0032430113581445024
0.0,0.0027515203708195044,0.0017941386429844051,0.002349958963655413
0.0,0.003803240524976173,4.368100343865778E-4,0.0025958173014401197
0.0,6.813536378162635E-5,5.693481905645947E-4,0.0042417601208704185
0.0,0.0018510673421841496,0.0010216518199522408,1.4890931833375562E-4
0.0,2.788608474157825E-4,0.0016213164592443828,0.0043352801194315215
0.0,0.001985060232308812,0.0027655404672509614,0.003294262207005837
0.0,0.0016473003721405094,3.6275057087722923E-4,0.0046448904557238255
0.0,7.934330559948503E-4,0.001209335605272334,0.0010893687369667587
0.0,7.377837216006551E-4,0.0026441359372532036,0.0017727405546636695
0.0,0.001659706656217989,6.424340360901052E-4,0.0014639388912229987
0.0,0.0030684285647756293,7.489052751461235E-4,0.003294335212202578
0.0,0.0010976375331744276,9.269147508826191E-4,0.002298079518534072
0.0,0.0011204982140901425,0.0021506527674875543,0.0021661163065913474
0.0,0.0015033278020966272,0.0017584730363398497,4.019351880224132E-4
0.0,0.0015224220101755779,0.0010635978062670441,2.7313620053530217E-4
0.0,0.002313008581498677,0.003019107321228313,0.002895264993227496
0.0,0.002902991069795037,2.2048786912032926E-4,5.850531219822431E-4
0.0,9.049883392577213E-4,3.071588708299997E-4,0.0026893909341001027
0.0,0.0036522005244572888,0.003522447474757688,0.0015884035577498244
0.0,2.6632165674377923E-4,1.5948206886849824E-4,1.7330365180793676E-4
0.0,4.8214346828879715E-4,0.0010385595205946467,0.004500230382077549
0.0,4.358413702443607E-5,5.339340250861576E-4,0.0015620452984437434
0.0,0.0027414376554913845,0.0024685118303225642,0.0026396190534730204
0.0,0.0036308383022873405,8.77028311066874E-4,0.0015381808414668588
0.0,0.002029120110615967,0.001384409414141235,7.068006213801353E-4
0.0,9.063558735753623E-5,0.0015676427781287979,0.0029980839454994503
0.0,4.0122061549376694E-4,3.969386284719716E-4,2.023153305617925E-5
0.0,1.2704843400437242E-4,6.353568946802877E-4,1.026680882646114E-4
0.0,0.002074219846451402,0.002419359279690204,0.0012812666194833302
0.0,4.497007198835934E-4,0.0011887439912085264,2.195611352470286E-4
0.0,9.118764841770956E-4,0.001692172640143236,4.36627839658545E-4
0.0,0.0022793713950115388,0.0020343068744224507,9.378345096250513E-4
0.0,0.0018959299493289405,3.779051209321495E-4,0.003370282430486021
0.0,4.0952811499932536E-5,9.525232258782033E-4,0.004314864268794567
0.0,0.0014131582383170168,6.928702336606355E-4,0.003018886865165071
0.0,0.0018674854182129984,3.5300516347275257E-4,0.0021243692059016305
0.0,0.002095743506388467,0.004141765435112428,0.0020286734797418343
0.0,0.001578604678363228,0.00138604031893494,3.939724190467171E-4
0.0,0.0017515367762056659,1.6818620610858183E-4,2.1967154381932728E-4
0.0,4.1119858808529166E-4,0.0017395765018181327,0.0033974938905524496
0.0,0.0014512056709636329,0.0017687282918555098,6.845059467755159E-4
0.0,0.0014077317903755345,0.0018295784723821372,2.48638356264082E-4
0.0,0.002191859255984682,1.211029148468681E-5,0.0013560471016591203
0.0,4.91549316108405E-4,0.0018966653808147247,0.0026134813122714834
0.0,0.0014746112528993367,4.743661436265825E-4,0.005199271262748487
0.0,5.485467055754083E-4,0.002874166611129018,0.003015631712181629
0.0,0.0019652139711132423,0.0014517838368578414,0.001975004079096758
0.0,0.0013468972735808434,8.130524974026641E-4,2.1216975199262868E-4
0.0,1.5055292852128748E-4,6.648679299966902E-4,0.0015451313595595667
0.0,5.460868664484463E-4,5.277640518102705E-4,0.0048336985143468516
0.0,0.0026205978263653725,0.0012334539758798327,0.005892815509354889
0.0,0.0011129677863900575,5.506894670912643E-4,4.4298708509143053E-4
0.0,1.0454449113085865E-4,0.0027120584406278396,4.6134341304335887E-4
0.0,5.137865140053045E-4,7.008010848558358E-4,0.001942018183887349
0.0,0.0026427061034077987,0.0015908292457136135,0.0024470877044055115
0.0,0.00242274089249608,5.366461082241537E-4,0.0010607669011173265
0.0,1.7477685703260723E-4,2.68613751400373E-4,0.001143870607842526
0.0,0.0018994005221561134,6.184867498418501E-4,6.828508100789449E-4
0.0,4.982712232586772E-4,1.0498605173204512E-4,0.0013433737981430078
0.0,0.0018116343656094088,4.0556561062942933E-4,0.0032816792887818426
0.0,2.6608154243893127E-4,5.885314457728337E-4,6.562855022453842E-4
0.0,0.0012309302192459867,0.003912981344323941,0.002571354721867879
0.0,0.0016117146922092753,0.0024843734444640136,0.0038761443781707853
0.0,4.7856278727524915E-4,6.133121476831297E-4,0.0014684862003362794
0.0,5.64801107191669E-4,0.0012558243667534564,0.0041143102674638405
0.0,2.8818501763142377E-4,0.0012997164480660877,0.0016504937543564038
0.0,4.982712232586772E-4,1.0498605173204512E-4,0.0013433737981430078
0.0,0.0027161286143716013,3.020614546354833E-5,1.3253209789998067E-4
0.0,0.0028661273524140185,0.004093852416873548,0.001375416435344379
0.0,2.494006896298989E-4,8.355932239069279E-4,9.049908507602261E-4
0.0,0.001103253100109631,8.104532572563258E-5,0.0011232586094084825
0.0,0.0016621529047840973,0.0015051589582293875,0.0020524983664896132
0.0,4.4304955078035946E-4,0.005585630593320442,5.75883254377874E-4
0.0,0.0013278174967581245,0.0013364560240338367,0.0034826926695900495
0.0,0.0012603934271177423,0.002089671581827089,0.0026189446161275754
0.0,7.541690613536822E-4,8.900821814694528E-4,0.0018629735126333795
0.0,0.0016980683958567305,0.001520460709966956,2.3862960551842785E-4
0.0,4.593026484380397E-4,8.022792090430637E-4,0.0020367690764202554
0.0,5.783810635973803E-4,2.4903466820118896E-4,0.0016967929019534721
0.0,0.0017887617068308734,9.508125075606392E-4,0.007067075558368504
0.0,0.002072878786028933,2.4682654219035046E-4,0.0034387100969610887
0.0,4.943631640800303E-4,0.0030122224771861484,0.00506239120146691
0.0,0.0014314371629412731,0.0011654554930625315,2.8925897887967705E-4
0.0,0.002719990777370165,0.0023632610610954947,0.0037735852709999945
0.0,0.002622295940350311,0.0010087709396685094,0.0015962359922081105
0.0,3.196623374800672E-4,0.003529249509616514,0.0031344912693835676
0.0,9.05756931374238E-4,0.0010831047631895123,0.00479324957525277
0.0,6.282901650375095E-5,6.82446952446387E-4,1.6319118860753622E-4
0.0,9.93963345886961E-4,7.703411336811076E-4,0.006943344691299179
0.0,1.6547028159931125E-4,3.109850486797668E-4,2.0020643282432833E-4
0.0,0.0024785211500543314,6.404382423845145E-4,0.0023951359266015993
0.0,2.201657708859063E-4,0.0013504081788791587,0.004584479460636264
0.0,9.797019988499025E-5,4.785454257166865E-4,2.7060074519110865E-4
0.0,6.294238855083968E-4,6.680112226815847E-5,1.9266746346231019E-4
0.0,7.410277539028486E-4,0.001259263676701642,0.002006011309025708
0.0,4.745722080626774E-4,0.0013103588261936495,0.0017513776256445524
0.0,3.327003141102134E-4,0.001932058627437892,9.023147581866426E-4
0.0,7.606754690053482E-5,0.0016335165447187551,0.0016678370095189127
0.0,6.27595156847547E-4,0.0014056219827703043,0.00221879614745933
0.0,0.0011822408283226867,0.0019956401550210645,0.0023990468139060764
0.0,7.290142194244679E-4,0.0036368526185304034,0.003656209647723071
0.0,8.675853487937823E-4,0.001601695633103849,3.636482338513287E-4
0.0,2.9704265878487536E-4,0.001531805581069677,0.005343066153181111
0.0,6.711021415136302E-4,9.084520098258745E-5,5.061970241898416E-4
0.0,0.002745350681708552,7.834266466544173E-4,0.0034638949124925563
0.0,0.0014243007529841406,0.0014911748578491433,0.0016232468245795818
0.0,4.393328902183395E-5,0.0011412186781647427,0.0015620372123217002
0.0,0.0012689734072146395,0.0010455885234518702,5.014754481974771E-4
0.0,8.900694416530171E-4,9.186793995739814E-4,2.1540306423959116E-4
0.0,1.4420984116785508E-4,3.1962924181012323E-4,0.0011515001436087848
0.0,5.200595957734902E-4,0.002079643425106088,0.001061445846334464
0.0,3.487839882070391E-4,0.0018880630370199474,0.001488458642455772
0.0,0.0011135065498831254,0.0018389709597798468,7.018055512574027E-4
0.0,3.1988719064392484E-4,1.810800659438703E-4,0.002115171967980462
0.0,9.665670391504171E-4,0.0014582568597986828,0.0025519241571738734
0.0,0.002020576857577684,4.4785507719964873E-4,7.348719810726332E-4
0.0,0.0026482238184717313,7.259968126219136E-4,7.877987805967065E-5
0.0,1.6787372532240953E-4,0.0016947208313558746,0.0018731267250130133
0.0,0.0016134460342651503,0.0022102874206013966,0.0035097603357533403
0.0,0.001987245331445901,5.061311533479199E-4,2.6613291276829983E-4
0.0,8.118894524503376E-4,0.0013097167817662382,0.0022702564748262014
0.0,0.0022584620831835153,2.890160563816075E-4,0.001072385109240838
0.0,2.7080883785220004E-4,8.341588185909801E-4,0.0010847313005640045
0.0,5.372289691357213E-4,2.2713538832277167E-4,0.002500711775425048
0.0,4.497007198835934E-4,0.0011887439912085264,2.195611352470286E-4
0.0,3.300024244422117E-5,0.0014488792038416737,0.001805859756191004
0.0,5.093969918653641E-4,0.0012392374458303455,8.022894930506806E-4
0.0,7.220078179887042E-4,4.3740357558540074E-4,0.0017420149266148856
0.0,1.890080633279187E-4,4.958274036904128E-4,1.9481944330858666E-4
0.0,0.0018808672292528012,0.0012658820840141087,0.004214096889235087
0.0,3.318445747179668E-4,0.003166180249927946,7.623123901167317E-4
0.0,0.0025807705968520895,0.002866877959649553,3.2857720563018235E-4
0.0,0.0020289306428722797,3.583932405385908E-4,0.0013151010004869156
0.0,0.0011959391967070053,0.0013562807113244248,5.542240054476285E-4
0.0,5.832368451314686E-4,9.256235992903396E-4,0.0023605611670269905
0.0,0.0017189596518865542,0.0016206209141675343,0.003471826977285952
0.0,0.00241925166539933,9.361634777052889E-4,8.054663080229494E-4
0.0,3.1310221186260244E-4,0.0023402738991082648,0.0028362610344909002
0.0,0.0010349486483845934,7.0599559923956E-4,2.797048089405289E-4
0.0,0.0012938280974626557,0.0037500295291571705,5.106522461152948E-4
0.0,0.0015676830485224602,0.0012789025641175877,0.0017760676856784223
0.0,0.0026947233692224248,1.893424419351859E-4,4.918981736805034E-4
0.0,8.640694828265894E-4,0.0021612936110475306,0.0029704229232885835
0.0,0.0012291497901472123,7.876084355699935E-4,7.054481774229247E-4
0.0,4.3791832470263184E-4,2.2713095871514325E-4,0.003162149716119505
0.0,3.961869842852613E-4,9.953521536542444E-4,0.008142106211885568
0.0,2.753716267834287E-4,6.004203827047274E-4,0.0015646432408166309
0.0,0.0030702502669255243,0.002047209730231734,0.0013937341577426557
0.0,0.0034142109089811603,3.870758318266597E-4,0.003425373393183209
0.0,0.0016014179163909654,0.0018577731550421007,0.002488769092911861
0.0,9.347483200243644E-4,0.0011312668870549253,0.001033357966422594
0.0,0.0017725357190401143,6.665270774938128E-4,0.0027784447806578723
0.0,7.765490198447567E-4,0.0018462606263894342,0.004200289490046274
0.0,0.0024723093196726475,7.889313711141603E-4,0.0028871261944351813
0.0,5.393297301845722E-4,5.537899230652689E-4,0.004714481594516957
0.0,5.539902569316156E-4,7.086856369440047E-4,0.003421363355248773
0.0,0.001954677694581389,0.002254506175923017,0.0035933028044752907
0.0,2.6968000135389053E-4,0.00280175842023452,0.0015646179113321542
0.0,6.80318100180089E-5,9.698957993451041E-4,7.416042406311331E-4
0.0,0.001542984755954034,3.1979739604910885E-4,0.0022344419643603487
0.0,0.0014339128624707798,3.904419113380486E-5,0.00551824417295277
0.0,8.326393500602676E-4,0.0011146689999093134,0.0021034942154411224
0.0,0.002715576616499908,4.054781000587989E-4,9.208562951345904E-4
0.0,0.0018185107332538682,0.0028743959638600925,0.0015703778490598046
0.0,0.0037453006910026687,0.0010255243588328676,0.00118483371357403
0.0,0.0018198558654149866,4.476019201994633E-4,0.001082428724632705
0.0,9.212757543123469E-5,9.786238096503729E-4,0.002328348091604662
0.0,0.0016704829694589802,4.32054591725196E-4,0.002654726201559029
0.0,0.0010427468311591413,4.2965912461649436E-4,9.63631320765196E-4
0.0,0.0012908495679659362,0.0011617145228846612,7.071595627147811E-4
0.0,4.6010116896446143E-4,0.0014861153381370948,0.0011509730111217773
0.0,0.0027868254058707512,0.0018315387794617809,4.120063794816733E-4
0.0,0.0016010926088131311,1.0269634621153397E-6,0.002404239668637905
0.0,0.0013939593437214963,1.4096829701252443E-6,8.095745982375175E-5
0.0,1.3446334283803937E-4,6.49985801210693E-4,6.674209970659146E-4
0.0,8.180997648757971E-4,6.691148427706261E-4,8.6564617953016E-4
0.0,0.0025998587667998233,0.0011898116180382168,0.0020405753884323663
0.0,1.4381571717916994E-4,0.0035828148400809624,0.0024734549352587692
0.0,3.355571095234258E-4,9.310989747272683E-4,0.005039890555996414
0.0,0.0020183745515507854,0.0018889141292948327,0.003955107667756909
0.0,0.001827970327134931,0.0013798515418319175,6.108539392407501E-4
0.0,0.0020025200716146108,0.002336504335945103,0.0037124651818940166
0.0,0.0023937204874479824,0.0024465833826013868,0.003059758015315744
0.0,8.895414449079841E-4,0.0010730499670394717,1.3804484254415267E-4
0.0,0.001125485059890122,0.0011580970844395923,0.004707003195222392
0.0,0.0013300610008457876,0.0018818614887424006,7.308509646866734E-4
0.0,0.002447900801987054,1.8707320482303714E-4,0.0018471451108647743
0.0,9.665670391504171E-4,0.0014582568597986828,0.0025519241571738734
0.0,0.0012726772365080523,0.0028006474495769406,1.270770400881345E-4
0.0,3.8131844656542186E-4,0.006793555002759316,0.0012230967567006391
0.0,0.0022650401286274553,5.367205900469434E-4,1.3349643285614493E-5
0.0,0.002859807868658352,0.001042364664828007,0.004322987508681326
0.0,0.0015973245880685416,0.002710882968726828,0.0022036575623587008
0.0,6.606889471320587E-4,0.0015747341854457394,0.007261073410613332
0.0,0.003867473452250778,5.945279494769766E-4,0.002217593169157379
0.0,8.491862911907039E-4,0.002079831930328381,0.004671473386337854
0.0,0.002324638550812702,0.002504886885771319,0.0010370833739933032
0.0,1.8550959237416918E-4,0.002816867874152786,0.004880905423522551
0.0,0.0022367692619002584,9.089076246775395E-4,8.028485858686276E-4
0.0,0.001235628673894315,5.063713778709213E-4,0.0012078769283666072
0.0,0.0013598925154175083,0.0023446550552133436,3.999386301108303E-4
0.0,0.002293460806592546,0.0016748525396749244,0.0034312381623957523
0.0,2.360151382519285E-4,0.0025443228442492767,0.001071851541157534
0.0,0.00224759758288225,0.0023382988627923536,5.353803224962516E-4
0.0,2.217986716286819E-5,0.0013754674125388783,0.004396045406563497
0.0,7.129716366465757E-5,3.692434855273444E-4,0.0016086022516665836
0.0,0.002353525650591741,8.320348302097401E-4,0.001766788088568709
0.0,0.002103501211655258,0.0014910205332372582,0.002340601563855616
0.0,6.622766848935007E-4,1.4060703830500002E-4,0.0022879108392027613
0.0,7.462750372326552E-4,0.0022285749691622232,8.914050796962224E-4
0.0,0.001091294543590148,0.0015190435664147158,0.0018300189398487553
0.0,9.902357363391445E-5,0.0012154047388002868,0.002757238690093632
0.0,0.0021467898803390157,2.1923202947609393E-4,0.00224270316602139
0.0,0.0015938320425208927,0.002458544181168721,0.001080591118044207
0.0,9.249725618887888E-4,0.0018950418715342856,0.003549721155161705
0.0,7.388926122944096E-4,0.002947122942902118,0.00397681673008689
0.0,5.690263227986451E-4,0.0034012400539735286,0.004001278759215268
0.0,6.998748695138885E-4,0.00379808136465482,5.276129099967923E-4
0.0,3.858644982360445E-4,0.0023425518962625577,0.0022226404356811913
0.0,4.3904558021845574E-4,1.1965883007422265E-4,2.8650573117691935E-4
0.0,0.0011708532543380408,0.0021652181070921307,5.790436433212842E-5
0.0,0.0021331113536282166,0.0024980045608183495,0.0023417388049548292
0.0,0.002124650592209207,0.0014491766683493463,9.853553575050733E-4
0.0,6.643893866289608E-4,6.514738406008834E-5,5.034218603221279E-4
0.0,0.0012202222546984567,0.0014382955100688752,0.002432001444508011
0.0,5.03552358516635E-4,2.4117101864955685E-4,0.00190357511159795
0.0,3.787917165424822E-4,0.001382441740843182,0.0015919391275174195
0.0,9.995419184725943E-4,0.001025673154101117,0.001006347379272271
0.0,1.1156569147005609E-4,1.421741669973019E-4,3.514449492500038E-4
0.0,0.0017445277389378899,0.0023136687892576138,0.0015575599391933644
0.0,6.813536378172306E-5,0.0011289653731481103,0.003702805526503792
0.0,0.0013319562267170555,0.001006453106972641,0.0012079948723991898
0.0,0.0017936355880009871,0.0019296334310499978,9.844230644895234E-4
0.0,1.8438063790245855E-4,0.0013136890932107699,0.0033865478498391823
0.0,0.0015274324051525274,4.327542168601804E-4,0.0011246209809819743
0.0,6.528710841455294E-4,0.0015536093410526352,0.0022253467102474702
0.0,0.0010233184943293898,0.003471444279610422,0.0016684483581512572
0.0,0.0014052237094891082,0.0013371912184519637,1.7199307694771752E-4
0.0,7.437379031399459E-4,0.0014035400547226758,0.002767220114702739
0.0,0.0010846544794496774,0.0010326831891897734,0.0022031349525818535
0.0,1.2682264458272556E-4,1.6460898883556452E-4,3.1222678070662676E-4
0.0,6.953362154348913E-4,0.0018203002149861963,0.001858766526498896
0.0,0.0017853638645194442,6.656165454437705E-4,0.005632167733991756
0.0,0.003348469685525402,6.914157353456045E-4,0.003460509552403122
0.0,4.8132245135832323E-4,0.001284380768453776,0.0018698132694332775
0.0,9.432371205430857E-5,3.5723798155603973E-4,0.002655269236033163
0.0,4.5226571147680065E-5,5.3903056327949136E-5,0.0038958974543570613
0.0,0.001323851186978815,5.29578308995809E-4,0.0014648770050287728
0.0,6.64057594202821E-4,2.807269740545215E-7,2.482357779145603E-4
0.0,0.0013105558093888337,0.0014645151106846576,0.001584138441530308
0.0,3.1431876490084796E-4,0.0013539186417590233,6.324152103537591E-4
0.0,8.687240933976302E-4,9.058515260298899E-5,0.0014154429673066367
0.0,3.270828440166316E-4,6.972459264349479E-4,0.0026976677997679684
0.0,3.5158197327837966E-4,7.609875602960575E-4,0.0025875791672650295
0.0,2.809523971583383E-4,1.9949497296090264E-4,0.0037175970850503895
0.0,6.695721077035997E-4,0.001755660067929492,1.223676427968773E-4
0.0,0.0015466694920767674,0.001471146552778369,0.00483957772215092
0.0,8.466467709101898E-4,0.004229064219503006,0.004320053438765434
0.0,8.05916036359018E-4,0.0014063350257689088,0.0036954746645163727
0.0,0.0014597944324924795,0.002630213947713516,6.598244884169936E-4
0.0,4.6895134962962457E-4,0.0017205429335974364,0.0019303613162474562
0.0,0.0038387359063651633,6.001324633533928E-4,0.003910249197463311
0.0,0.001006135125531622,6.486854296875238E-4,0.0012243193007334782
0.0,6.131300183185743E-4,7.735934795640666E-4,0.0019657495124606643
0.0,0.002060169450047141,9.207003972408844E-5,0.0017126627639485433
0.0,0.0017236738726680468,0.0014882339103431295,4.473580459769741E-4
0.0,0.0024263361815268763,5.88235453562642E-4,8.679666867131862E-4
0.0,1.110143771429147E-4,8.892134197155111E-4,0.0013322063042823385
0.0,0.0014131765620715813,3.085034307374026E-4,4.808605127958472E-4
0.0,0.0012763881418065529,0.001330156554511442,0.0018000458035024155
0.0,5.701772994877919E-4,9.120606477469532E-4,1.275708421833972E-4
0.0,0.002151205214139812,8.435673784776386E-4,0.0028301546992284717
0.0,0.0011173435802103553,0.0016687746269954766,5.118915825479328E-4
0.0,5.0098200969059415E-5,0.0023000489325516902,0.0015098497002839666
0.0,0.0015062863008572884,9.733634588208588E-4,5.008079639913394E-4
0.0,3.855871288188764E-4,0.0022838975496739236,7.776689322210659E-4
0.0,8.745794199810344E-5,5.343756161742367E-4,4.193182268479547E-4
0.0,8.263531271869769E-4,0.00662463320997098,0.0065150466501898395
0.0,9.67404483600209E-4,0.0016046538363083513,0.0015580593696879474
0.0,6.261761553179773E-4,9.089481265940464E-6,6.073802821730433E-4
0.0,8.428411417625085E-5,1.9905744865550167E-5,0.001303226442825644
0.0,8.530419714267807E-4,0.0034228224668160045,0.003481090036615221
0.0,0.0032445742409073735,6.972734782316061E-4,0.0033157305558605544
0.0,6.925782631952872E-4,0.0014296752291138315,7.179423170754791E-5
0.0,2.0506450413474008E-4,0.001562781081829454,5.906807009639731E-4
0.0,0.001226822711696298,0.0033577634167864735,0.001051934340599284
0.0,0.0013982158939236558,7.573361256070764E-4,0.001614985323057383
0.0,0.0013087233302411779,0.0015105905161853423,0.0026985303261679475
0.0,7.390093798177217E-6,3.8751093054410616E-4,0.0017202952162096213
0.0,9.210060266375119E-4,0.0018939790465067133,1.2413000770318707E-4
0.0,5.945536564708224E-4,0.0026436921810613395,3.0116966353623177E-4
0.0,1.5200413005168848E-4,4.840360041969442E-5,0.0036449110255150456
0.0,0.0024060773637353317,6.570699591977567E-4,0.003720377465863618
0.0,4.931721261233957E-4,0.0010075032538847072,0.002132585626885713
0.0,0.0016972207047027273,5.338670980205528E-4,0.0015982001507840065
0.0,0.002650802815559073,8.151012889280748E-4,9.03389551595404E-5
0.0,8.607970745442764E-4,5.256934911847952E-4,0.0011836895656089249
0.0,0.0020728748918931402,0.0015429752838709563,0.0010818578108592084
0.0,0.0013754118316373926,4.633960737101096E-4,0.001940754469920153
0.0,0.0011697871106033618,4.1803050671157424E-4,0.004523128526594933
0.0,0.0013012573386641903,6.863596865132664E-4,0.003423587984069324
0.0,4.843444393363448E-4,1.238617897644926E-4,0.004750606275149991
0.0,0.003527058343391246,3.56314293056291E-4,7.140110912324213E-4
0.0,0.001409353288225589,9.984360904071688E-4,0.0034364838379424213
0.0,0.002141612532321603,5.453812601079582E-4,0.0028919804454485623
0.0,4.0150481612254455E-4,6.234814530284532E-4,0.0027186532370505044
0.0,0.005038459414632069,0.001502966411804904,4.583923823531824E-4
0.0,0.002141268713959939,0.0020286826522878305,0.002269073174372345
0.0,7.340510632739388E-4,3.58614703057655E-4,0.0022010208607470944
0.0,0.0011593338667570008,0.0018052717663405759,0.0039631802793816924
0.0,6.525525981933406E-4,0.0014199998303346133,0.0016324455012315805
0.0,4.875440301587783E-4,1.0109186872949847E-4,0.0033835798784497737
0.0,1.290135786880996E-4,0.0012779601956111907,2.9036515730542997E-4
0.0,0.0014503949664904686,0.002238292502400853,0.003550861038218741
0.0,0.00300792523264794,0.0019015690409429165,0.009306673761567588
0.0,1.859079738433952E-4,5.422555870224582E-4,7.449972442045744E-4
0.0,0.002726677546826585,0.001124525095626804,0.0026182982359688627
0.0,0.0023179433447463415,4.626366205119481E-4,0.0019224383290217142
0.0,0.0020183745515507854,0.0018889141292948327,0.003955107667756909
0.0,0.0013774721212395046,0.0010492417529318508,0.0015989570079362587
0.0,0.002149164963295706,1.7883446114662162E-4,1.0250775123183343E-4
0.0,0.002416238373100175,8.700766906643325E-4,3.975034813875504E-4
0.0,2.528407562788804E-4,8.348381401127093E-4,9.626071231708593E-4
0.0,5.54695097569923E-4,0.0013892177671853629,3.079580673571222E-4
0.0,0.001968284318864572,0.0017776113123680753,0.0035951735732901685
0.0,0.0016585216537486082,0.0011989666388194861,0.0015467351846306936
0.0,2.1904923997490968E-4,9.163092494290734E-5,5.461975372839779E-4
0.0,0.0025009572425284073,0.0012101106881649063,0.0044922996535500396
0.0,1.6496509151504987E-4,9.873746374013256E-4,0.003894960923608353
0.0,5.054875998653644E-4,4.6470595244022574E-4,0.002462632661502187
0.0,9.896893180794787E-4,0.0012798986628242608,0.0015858087079321512
0.0,5.945944520034912E-4,4.947735565616386E-4,9.884378531590445E-4
0.0,0.0019949983084546806,0.0024926776039741125,0.0015857837217302568
0.0,0.0035765662730295514,0.00217669096497768,0.00269603998249992
0.0,0.0010459937068633494,6.153452240327563E-4,0.001773947694820743
0.0,5.536367662719177E-4,0.0014405495273654273,0.0010856257747260682
0.0,0.0012378035661206855,0.002205136322023181,0.0023813946314294775
0.0,0.0026262131602531116,5.975256053012827E-4,3.586711216583588E-4
0.0,0.0012398610501610414,3.5090218162545393E-4,1.1666342770372437E-4
0.0,0.002233339338176642,0.0040205385211918455,6.856402378834946E-4
0.0,0.0010254436764371327,0.0024729663914034097,0.0032937956114015786
0.0,8.939886910434429E-4,0.0019774561923217226,0.0027326653922844476
0.0,6.160420117973246E-4,2.2343943132806558E-4,0.0020494655220952233
0.0,5.037418019519121E-4,0.0013218407187040183,0.0010154607359316242
0.0,5.677633860070313E-5,0.0038668343314040518,8.116830726718579E-4
0.0,0.0036148514123511854,5.716669775993357E-4,6.139806105273617E-4
0.0,0.001017312537011738,0.002867101625963269,8.012119326752454E-4
0.0,1.6878956134263202E-4,0.0022980234839366787,3.013595552662833E-4
0.0,9.287999378628536E-4,5.881671344118481E-4,4.264437262653821E-5
0.0,0.0012608896139294325,3.9212724838094264E-4,0.0028366715174942022
0.0,0.0014247321597523448,3.762984118563686E-4,0.002839190274693642
0.0,8.745794199810344E-5,5.343756161742367E-4,4.193182268479547E-4
0.0,7.836088765557033E-5,0.001489044851163071,0.004757974462844028
0.0,7.78886535001738E-4,8.483352361822262E-4,0.0031653442561602302
0.0,7.377837216006551E-4,0.0026441359372532036,0.0017727405546636695
0.0,0.0028787385746287023,0.001260462953328659,6.739228056138935E-4
0.0,0.0022128455677736026,0.001861514554453471,0.004301363330466841
0.0,9.67404483600209E-4,0.0016046538363083513,0.0015580593696879474
0.0,1.397542538220523E-4,0.001021436135610474,0.0012026125716979462
0.0,0.0017745921718345182,0.0033680001680201784,0.007387261095833687
0.0,0.001571456983440908,0.003894093664265774,0.004415979099034823
0.0,6.613445318351719E-6,0.0013325043681882654,0.002911054961840317
0.0,2.677361824330026E-4,0.001089981449477653,0.004926801234102579
0.0,5.176698473421586E-4,2.5890163348504103E-4,0.0011119479471662413
0.0,6.270892752909668E-4,0.0017572525429794894,8.880262844466856E-4
0.0,0.0033823658109901457,7.258005677628055E-6,0.002775469701473316
0.0,9.544233882204715E-4,3.8082094344093874E-4,3.5210992909101834E-4
0.0,5.610803814192663E-4,0.0014238316570264666,0.00268563061461292
0.0,8.487533925091248E-5,0.001846996811621111,0.003983333622284782
0.0,0.001813757123568924,0.0015064726141762448,0.00430652579435866
0.0,0.002911892240865426,4.646213930395585E-4,4.545102125507289E-4
0.0,9.726575128824774E-4,0.0010404802932620684,0.0019328233120900714
0.0,5.995539381078093E-4,0.0010562132798626438,6.109427596246937E-4
0.0,2.501464329797727E-4,3.7090430817247313E-4,0.0010939486427876711
0.0,0.0021482198811487723,0.0012357634413823844,0.0011691833755036
0.0,0.0012643226428722977,3.5934099022885197E-4,0.001756945060357665
0.0,7.885946403746934E-4,0.002149610743429684,5.924109653990232E-4
0.0,0.0010182885739979425,0.0032524643706221823,0.005749077937240069
0.0,0.0012424174459214035,7.449466733850937E-4,0.0019015657338164848
0.0,0.0015434746081873832,0.005396233030801309,3.613968324079674E-4
0.0,0.001123230813762271,5.760569870480808E-4,0.0018695054745322373
0.0,0.0033347882205159163,0.001439728248237111,3.513634131644597E-4
0.0,0.001424909415670486,0.001613557815088473,4.4340718387274916E-4
0.0,1.2013131677486489E-4,0.0015351444392337692,5.786912423500328E-4
0.0,0.0024784048595931363,7.473728526133529E-4,0.0020686047062487074
0.0,7.932040266262589E-5,0.001525284645839645,0.0017556423107700939
0.0,0.003994602918794939,0.0018486426991997718,0.0019180419163497377
0.0,0.0018921888957812542,0.003586402717190058,0.0034493779392772506
0.0,0.001293040614988255,0.002952928693351694,0.004506773624072728
0.0,9.204941106007732E-4,0.0010396858901093552,0.002347524950893115
0.0,0.0011622447238492963,7.174848713465554E-4,2.794195566202273E-4
0.0,1.9852710098821843E-4,4.155468948544147E-4,2.013242516894292E-4
0.0,0.0014400121172164046,0.0010230938063492594,0.00422598735556264
0.0,6.576369127544843E-4,0.003111061302336554,0.003851327483905702
0.0,0.002954555789524843,1.8708716097696356E-4,0.003994799022605739
0.0,0.001060313411041369,0.002258451322354644,0.0022756985535565444
0.0,0.004839481132599604,6.628398211108569E-4,0.0013089020881960568
0.0,8.53545367796173E-4,4.4255602359934593E-4,0.002341743029876929
0.0,0.0015004632032132436,0.0012970287203824074,6.044398861554034E-4
0.0,0.0017053084723400802,1.552387698298095E-4,2.416367546554354E-5
0.0,0.0015819135109882993,2.821157690253509E-5,8.000715100221816E-5
0.0,7.215741622148772E-5,0.0034993919947703526,0.0014960242238731822
0.0,2.3581448697287594E-4,2.1274100338153934E-4,3.299154505105877E-4
0.0,0.0040770277935775,1.4504537588489057E-4,6.779737882419667E-4
0.0,0.0017570030294779368,0.0029915228591694655,0.004047922751662552
0.0,9.958651220391844E-4,8.685184112039966E-4,0.0016953214485745445
0.0,8.057141687408694E-4,6.455642287337292E-4,4.365760557430816E-4
0.0,3.5973177135658317E-4,0.0015206109087720994,7.199874129447405E-4
0.0,0.001087357401726579,2.6228300268115574E-4,1.6038855487858264E-4
0.0,0.002177821322679285,0.0012907743817736873,1.0024042126537857E-4
0.0,0.0012471798038407992,2.2907416477737876E-4,4.5323758419559E-4
0.0,7.234486035549257E-4,0.002568668719394278,0.004007886422723474
0.0,0.0014114110694353754,6.134527904557381E-4,0.003998723449551985
0.0,0.0014469950339109352,2.7011783930414306E-4,7.564778122783327E-4
0.0,9.605890609478234E-4,0.0026189034659517664,4.5325529688972446E-4
0.0,0.002531209098201209,0.004999692062694404,0.0027176519298092922
0.0,0.0019387653411149762,0.0016113936748911994,0.004038619524870106
0.0,9.722348506280675E-7,5.422537617043536E-4,0.0037968193961124266
0.0,0.002167011779844009,0.0013663480094112787,2.2579424393128785E-4
0.0,4.3404195742483367E-4,9.035673036583066E-4,3.485836418588445E-4
0.0,8.05916036359018E-4,0.0014063350257689088,0.0036954746645163727
0.0,0.0022609477439878172,7.401725553529061E-4,0.003464121298315089
0.0,2.1879388217523448E-4,9.102643574782328E-4,0.003770318183752079
0.0,0.0024788463851822405,0.0015970150574449692,0.0015080582198955122
0.0,5.689164021697288E-5,7.93257522092279E-4,0.0025301201589833996
0.0,0.002715576616499908,4.054781000587989E-4,9.208562951345904E-4
0.0,0.00220149176799111,5.912932449979098E-5,0.004142669735356383
0.0,0.0016036043627841235,2.870031621841536E-4,2.1396603297115562E-4
0.0,1.2189785495130809E-4,0.0018498648468324654,0.001741637748332217
0.0,0.001782747444636508,0.0011675742360052882,0.002670833137432725
0.0,0.0018764009031025488,0.0030971880216212997,0.0029209255066597085
0.0,4.525639604219145E-4,2.2249767985279954E-4,7.667962032573166E-4
0.0,0.0011396376026478637,0.0012706132063511207,5.910720641131269E-4
0.0,7.477253402204012E-4,2.3332226661570393E-4,0.001963197025275198
0.0,4.01632502848389E-6,0.0019253106439348932,0.0034052360294984925
0.0,0.0011796289314229417,5.311574667976487E-4,0.0022132123787731717
0.0,5.107788867471575E-4,1.8054538990598093E-4,0.004257861752136995
0.0,0.0017239009453225887,0.001148899101518598,0.0032013825835571067
0.0,0.0012757031057326505,6.691233382742869E-4,0.002200223654245368
0.0,6.44465563477427E-4,0.0020610898765969715,0.0012279328337067557
0.0,0.0019177139760940816,0.0015766529815899883,0.001606609227610971
0.0,0.0020259420079805517,0.0012515240545823189,0.004759247601160512
0.0,3.6791449455938704E-4,0.003216033703471363,0.005250179460956073
0.0,0.0018842096704320122,0.004347748823443586,3.88554284352135E-4
0.0,9.418310446028851E-4,0.0014470345840692704,0.004171193385075735
0.0,8.21264644946911E-4,2.606488511689005E-4,0.0027413950427286862
0.0,7.477253402204012E-4,2.3332226661570393E-4,0.001963197025275198
0.0,0.0023084855779639604,0.001122624218077143,0.0012252311893022688
0.0,0.0028365280011645308,5.877161657373584E-4,0.004541708049265733
0.0,5.867040252267499E-4,0.001948351288925798,0.0023727074284764986
0.0,0.0013329213900377225,6.153997456812125E-4,0.0014533001873624112
0.0,0.0029340737766477016,8.829832974473296E-4,0.0017042770228631187
0.0,6.87352254009506E-5,9.95743450396919E-4,0.0012639183708582098
0.0,6.47959542276535E-4,7.50020624144193E-4,0.005788479797265966
0.0,0.0014462645132644787,5.915009052532179E-4,0.0017505277554454941
0.0,0.00159679053891915,0.0017477146695576056,0.006398029807795157
0.0,0.0023259000597555535,3.296784644714579E-4,0.0033773181424782304
0.0,5.214749412826939E-4,0.0026864656210621504,0.0015051932736310286
0.0,2.1657146981040026E-4,2.6067220541492323E-4,9.894741942184713E-4
0.0,0.0020470162882555254,0.0038806019866685026,0.00516879852332584
0.0,0.004212043002435152,0.0022655463775138923,0.001759394112105122
0.0,1.7190297336873946E-4,0.0018226259528150049,0.0010934156779572799
0.0,8.669817027811295E-4,0.0014657145130079422,0.003208574420396811
0.0,0.0020321893772539527,6.861402048728569E-4,0.002797357959159792
0.0,0.001000221734001289,0.0014857061653078373,0.0013657321271007584
0.0,0.0012938280974626557,0.0037500295291571705,5.106522461152948E-4
0.0,6.453478008342053E-4,0.0018179866220623191,0.003606184441114585
0.0,4.742827165635006E-4,0.005312112035984345,0.001631548434852501
0.0,0.0012844676262679787,0.0015955916993870244,6.247116797410888E-4
0.0,0.0015024555392377306,1.8827729814244895E-4,6.853977888086621E-4
0.0,0.001006135125531622,6.486854296875238E-4,0.0012243193007334782
0.0,6.057585124946363E-4,5.337008489856171E-4,1.8189606678275342E-4
0.0,2.897864351101725E-4,0.0021038258501920133,4.258101428634949E-5
0.0,0.0018372965429366633,0.0041250120474245104,5.264937372237236E-4
0.0,4.8552322326097836E-4,0.0019363245684626024,0.0013769208599049027
0.0,0.0034181168363760796,6.050368190116265E-4,0.002020557831971292
0.0,2.528407562788804E-4,8.348381401127093E-4,9.626071231708593E-4
0.0,4.7856278727524915E-4,6.133121476831297E-4,0.0014684862003362794
0.0,6.779523122659996E-4,0.0013089386304315478,0.002751062596449624
0.0,0.0010501918398456694,0.0020660966206356595,0.002434241869335336
0.0,0.001734684545558799,0.002825586135110642,8.053319233522333E-4
0.0,0.0011335973476159203,0.0016303846212734848,7.9805398967365E-4
0.0,1.802742434559423E-4,0.0017807059847257212,0.0022787766340018225
0.0,0.003245849279588864,1.8547502305559427E-4,4.2427385693103326E-4
0.0,1.2075168815575433E-4,5.848935991286573E-4,7.178543674212594E-4
0.0,8.109557211621317E-4,9.051992866111586E-4,0.002673475559479971
0.0,8.189671832601763E-4,0.0020947510125421515,9.040018574074459E-4
0.0,8.650475761813531E-4,1.8613136968895637E-4,5.763882587489413E-4
0.0,0.0011636516640290394,0.00275805876961114,0.0010148647192720567
0.0,0.0025107776253090065,3.1214611592829666E-4,6.119710472419889E-4
0.0,7.272704803825026E-4,5.070773386114805E-4,0.0013244691077837361
0.0,8.269999959524966E-4,5.794191828289594E-4,3.495499120558959E-6
0.0,5.673026117578292E-4,1.8669134069909253E-4,6.473714868103729E-4
0.0,7.531231821527783E-4,0.0014241583521729766,2.8202185741880173E-4
0.0,0.002055590161836684,0.0013540764739031594,0.0018172776429469812
0.0,9.342684724549973E-4,9.513038542176956E-4,0.0010905111498185499
0.0,5.790894653208564E-4,2.501686769180656E-4,5.361404172100244E-4
0.0,0.005018194863835169,0.0013717625481033963,0.0022832202542789246
0.0,0.001911547599368971,0.0010090133225010875,8.332869718258856E-4
0.0,0.0018802677398985015,9.091675141489777E-4,0.0020803169217999107
0.0,0.003187314104764221,0.002778743032923553,7.156172504390385E-4
0.0,3.0395909710961296E-4,0.005710641678429459,7.994230379661248E-4
0.0,9.756293270837321E-5,3.258984489973169E-5,4.1670634815506845E-4
0.0,0.001357376157244532,0.0018086045949900966,6.419088842476432E-4
0.0,0.0011744382761014424,5.089873741484431E-7,0.0019660885483345145
0.0,0.002412401435280607,0.0013385724085728484,0.0030384817308692982
0.0,0.004874197896857437,0.0023295415041952668,0.00703832953618725
0.0,4.01632502848389E-6,0.0019253106439348932,0.0034052360294984925
0.0,6.394391617634221E-4,0.0023257206017157856,0.003954506731123876
0.0,0.002353938850890192,0.0017223345695359259,6.649463177246847E-4
0.0,1.4513906535017042E-4,5.800030334083643E-5,0.0038121395176417424
0.0,0.003191425974246461,0.0010323542161777635,0.0012807616906324484
0.0,0.002258287858617366,8.527977324073078E-4,0.0017291938921570474
0.0,2.1344126054654143E-4,5.643003814158693E-4,0.0020559201105157096
0.0,0.0014949398305103506,0.004070614564961212,2.852263312941043E-4
0.0,0.0013904336307824514,5.707476938140297E-4,0.0015621760131557404
0.0,9.608744722163291E-4,5.525181198752443E-4,0.0021112819236153617
0.0,0.002866444702948598,2.805838252951227E-4,0.0034115130244653977
0.0,0.0013721024153193844,4.7230199410165484E-4,0.00420148465478674
0.0,2.7080883785220004E-4,8.341588185909801E-4,0.0010847313005640045
0.0,5.212831334300434E-4,0.0012672120385592161,0.0023062933013132465
0.0,9.204941106007732E-4,0.0010396858901093552,0.002347524950893115
0.0,0.001675166778728408,2.236316846103555E-5,1.6179637170201711E-4
0.0,0.002463842366635411,3.240590604368033E-4,9.229597277938839E-4
0.0,0.0015405840639775793,7.372692780855016E-6,0.0016823053253077808
0.0,0.0011950090240536622,0.0036057356798563133,9.030224320517422E-4
0.0,3.590679420485033E-4,0.003079806830483638,0.0011471588124884712
0.0,0.0011204982140901425,0.0021506527674875543,0.0021661163065913474
0.0,0.002791277162873201,5.879306002404223E-4,5.628653323697232E-4
0.0,3.371354984879104E-4,3.258272885690049E-4,0.0016640350929554293
0.0,0.001126940269153584,3.374320725537636E-4,0.004907967021985166
0.0,0.0012121129177301757,9.141897834235197E-5,0.0013149998228669405
0.0,1.687276763195348E-5,6.841350227819606E-4,1.9235805833282067E-4
0.0,8.692026839789536E-4,3.957271912988555E-5,0.005123689982922422
0.0,3.624042688168657E-4,1.5840677878853175E-4,3.559672399994127E-4
0.0,0.0015336787444567169,0.0025766115837237984,0.0038336697677315004
0.0,0.001055331057124027,0.0025437539960851477,0.004194100762665917
0.0,4.1181294460086615E-5,7.887820614414241E-4,0.003965862476308694
0.0,5.873079028750612E-4,3.6740029307133623E-4,0.0037961606140720946
0.0,7.189197669377903E-5,0.003140505434944761,0.007336870717339227
0.0,0.0011460886941862447,0.004366955133879612,0.004318100332753663
0.0,5.312572398755442E-4,0.0033017704983580084,0.0026737778478612634
0.0,2.791220800317148E-4,0.004140177557022436,0.001618320433589532
0.0,3.333648250353627E-4,9.593270802093416E-4,4.806042507740587E-4
0.0,0.003649854299701905,0.0018373991221606728,0.0019362498323332875
0.0,8.877060278285497E-4,9.505650740548741E-4,0.0015609839850381573
0.0,0.0021464621665571474,0.0026704825877313515,0.0018873770963122808
0.0,0.0010256258780511464,0.002672548712686269,0.0041702399255786685
0.0,0.0020197981460635633,4.6049080433845605E-5,0.0017727989128674643
0.0,4.039954693098766E-4,4.893282588335915E-4,0.001977167933504199
0.0,7.31316012268375E-5,0.0013581344864111676,0.001779257449854656
0.0,0.0010533793739057825,4.5613423577304277E-4,0.004130694062629847
0.0,0.0033052039009020453,0.003253546042416789,6.524211001472667E-5
0.0,4.7043903933038624E-4,9.260060068103332E-5,1.5870390690283148E-4
0.0,0.0016618197090202983,0.0014218908093981896,7.263821607080385E-4
0.0,3.6899831419421973E-4,0.004952986272003295,0.0036840049446567537
0.0,3.3703747024483997E-4,5.651198300016179E-4,1.221226889129096E-4
0.0,0.0018510488671678919,0.002218050297507752,0.003082372453762929
0.0,6.267160526121986E-4,5.675236267514521E-4,0.0014496234583476375
0.0,2.5590828548956916E-5,0.0018991677831164903,0.003773694440593497
0.0,4.5446935146962363E-4,2.6510870693646955E-4,6.010184499114608E-4
0.0,0.0010065627848057335,0.001543868800241385,5.480527119639485E-4
0.0,0.001770544374834002,0.003906301463586648,0.00183823949273743
0.0,6.80318100180089E-5,9.698957993451041E-4,7.416042406311331E-4
0.0,2.523542125518194E-4,1.912891581200703E-4,0.0016786553216423812
0.0,0.0014541611061169423,7.531010545794258E-4,6.616867509979654E-4
0.0,0.0014024079149940073,0.0016374685500987255,0.0030433559595195113
0.0,9.28474182950393E-4,3.01492665641226E-4,0.0029047128638757303
0.0,5.37723469279234E-4,6.875388776346564E-5,0.0032126837887112175
0.0,2.605979386518001E-4,0.0012553579651538298,1.6671731169833949E-4
0.0,0.0016630245149776882,1.6309760882501242E-4,0.0016803082980399004
0.0,0.0013371615136407817,4.191057079247831E-4,0.0011448636106722058
0.0,2.119818400167928E-4,0.0014823132912979793,0.0014444571882417053
0.0,7.002071910224483E-4,7.210998559005348E-4,4.296479418489899E-4
0.0,9.23552018220197E-4,5.213682209125625E-4,1.8076436151869322E-4
0.0,6.115595121459215E-4,3.4175160864768786E-4,6.123090483836024E-4
0.0,1.331195608290143E-4,0.0023471230413287135,4.4633670427684656E-4
0.0,0.0012787567062551967,0.005437222538087333,0.0026824386749218086
0.0,6.874520826119456E-4,2.0378548723778644E-4,4.477136102258223E-4
0.0,0.003558103712829548,0.0012365287530515803,0.001402085807834696
0.0,0.0021438716016269383,0.0014343248443953486,0.0019619269768344307
0.0,0.001102776063469415,0.0017207718707320826,0.0017655933071260776
0.0,4.650229797402489E-4,4.330264142019582E-4,0.0014259861296134146
0.0,0.0022079054221823494,8.800224147366445E-4,0.00216683464633784
0.0,2.0142684998883278E-4,1.2346537680365705E-5,8.414316006028604E-4
0.0,4.2791790313400697E-4,2.1959417872626462E-4,4.464865831100079E-4
0.0,0.0012116154974637014,7.405432041434467E-4,0.001291224289380994
0.0,8.581767487192231E-4,4.1249791348060085E-4,3.0691435551588033E-4
0.0,0.0013549883778454389,0.0010959409825146069,0.001822092470741159
0.0,0.0010423381197805657,0.0021692353059785613,5.10984119866115E-4
0.0,0.002067472462249533,3.7292234705499843E-4,7.621850217131709E-4
0.0,0.001030313005743276,0.0014083851514497155,3.7134393314093014E-4
0.0,0.002959666370743923,0.0015148792140363188,0.0041572557764276725
0.0,2.674648232145608E-4,7.322855443136963E-4,0.0011813720694444183
0.0,1.561192309257348E-4,0.0015615792907350437,0.0010289739857962958
0.0,0.003254758130182328,0.0014236567941056015,0.0030045757627653706
0.0,1.3458557440268118E-4,0.005338893135485127,0.003021429275791271
0.0,0.0010112692088131918,6.672344387765445E-4,8.032816655968039E-4
0.0,0.003578441242219085,5.102844789280108E-4,6.811542273718952E-4
0.0,2.224964269966936E-4,7.834064614968147E-5,8.178029538390215E-4
0.0,5.321772135870934E-4,2.9488550540154136E-4,0.001878965398609079
0.0,5.939499135651479E-4,0.004054890169973567,0.0030637164052810255
0.0,0.0029205232545795835,0.001957888811286713,3.6206813602568806E-4
0.0,0.0012901174787152184,2.908623550233383E-4,0.0023899612540454447
0.0,3.603483941628518E-4,0.002322417556089062,0.0011668737023684032
0.0,0.002180856536742465,0.0023056038254643174,0.002296795294269211
0.0,6.563702084830869E-4,0.0013025475349085134,0.0037027615783292674
0.0,5.469386316301047E-4,0.0018806476233411734,0.0027730002653458584
0.0,0.002963304323479638,0.0035470731435503803,0.0029179536871439126
0.0,0.0021818823409002265,0.0018195464470651286,0.0036645796714516723
0.0,0.001333733817230417,8.529485185865353E-4,0.003999260798165758
0.0,7.256439231140975E-5,3.0461396329635747E-4,2.907517460427722E-4
0.0,1.7642187160686105E-4,3.861082264694971E-4,7.878512291651875E-4
0.0,0.0015454824270062532,0.0035678036011192707,4.0431786051300846E-4
0.0,2.187896118403924E-4,2.6264499722898887E-4,4.1370833490749897E-4
0.0,0.002244893281569987,0.0014909236050525982,0.0024226932870967627
0.0,0.001302562484568781,3.932308690678148E-4,7.7523089149897E-4
0.0,3.7881654868245047E-4,1.45039206311293E-4,0.0013116029920729343
0.0,4.67972060069523E-5,0.0012901105626018678,0.004124720825712282
0.0,0.00293075482927959,0.0031444235671318705,9.047786659615403E-4
0.0,0.0017412229696579255,1.2791489262758122E-4,0.0027423539423810438
0.0,1.3868944422798158E-4,0.0031083170766261765,1.7418498050939085E-5
0.0,5.916376505020125E-4,0.0012973364275409177,0.002550960764812706
0.0,9.038586947900065E-4,0.0020792236042022644,0.0018554620676593876
0.0,3.391005174274387E-4,0.0016565450031548062,0.0013483041832286049
0.0,0.0012021400248959746,6.274042802301013E-5,0.0013732468957596868
0.0,0.0011786422076706484,0.0017793353527289352,6.082927292944342E-4
0.0,0.0010182580440307011,0.0031172743743436,0.0011044141652648356
0.0,0.0017725357190401143,6.665270774938128E-4,0.0027784447806578723
0.0,0.001018211753898764,2.125690806099694E-4,8.550610475312929E-4
0.0,4.0962485582171887E-4,0.002669738675978557,4.0585945192971496E-4
0.0,0.0010742983896311802,0.0011763825674981421,0.0015707136364491994
0.0,0.002535642947660851,1.0879802173195936E-4,0.0011393790524032086
0.0,0.0012395430549901137,0.0020088030149115477,0.0035901228975000715
0.0,1.7041974267770397E-4,1.1283449626780564E-5,8.685025567768537E-4
0.0,0.0025975138808615617,6.900600128282291E-4,9.412460529515122E-4
0.0,2.7991227539076353E-5,1.4009264466981297E-4,9.596927715847724E-4
0.0,0.001291565487224699,0.00204167671749121,0.001868607511248098
0.0,4.5990773042678683E-4,2.1564344202583646E-4,0.0011779402284098966
0.0,0.0013420632380173089,0.0018814153862021694,9.193973305696934E-4
0.0,5.272241404330032E-4,0.005897735220341245,4.5531332910198584E-4
0.0,3.193210503408751E-4,6.531813149851935E-4,1.9919258207869544E-4
0.0,8.481228187460833E-4,2.517939745323158E-4,0.0021139209551753447
0.0,4.997501249376045E-4,1.6742985855906038E-4,9.370789017246933E-4
0.0,0.0026533024737116083,0.0016228097077032226,0.0022177805611534743
0.0,5.690034859518869E-4,0.00201477624383879,2.7109870565791177E-4
0.0,0.003142653717741439,5.677437532184857E-5,0.0013443296644451747
0.0,0.001499870026934094,5.457882311995817E-4,0.002245727534972048
0.0,5.252321401038347E-4,0.0022045187050360243,0.00114014690609706
0.0,0.0014756692297366232,9.53127937280562E-4,1.424971675995706E-4
0.0,0.0018997187289201665,1.8269445958780237E-4,3.2071957006603454E-4
0.0,6.101643709859081E-5,0.0013403391072757441,2.7287267365510297E-5
0.0,7.043474611588907E-4,0.0019003629578427923,0.0023424461148348398
0.0,0.0022650401286274553,5.367205900469434E-4,1.3349643285614493E-5
0.0,0.0014902236028527635,0.0017001916574253951,0.001051680304445169
0.0,4.328821827343762E-4,0.0036637844358440625,0.002493998895327261
0.0,0.00169006230124089,3.2858264515211723E-4,6.322114209817791E-4
0.0,0.0034178087562707097,9.795539819147682E-4,0.004036602712634676
0.0,8.689731806572409E-4,0.0021930084726637556,0.0017304592919132555
0.0,0.0016910856943511414,9.302165999533126E-4,0.0013042307773675952
0.0,3.7162165472706237E-4,0.0011740117528771805,6.892893400926381E-5
0.0,6.594935873976131E-4,5.412105434436884E-4,0.0013650282155332567
0.0,1.4089024604750088E-4,0.003921397199327664,0.002973093395017281
0.0,2.2294706765461675E-4,0.0015687682516540749,0.005829734424583518
0.0,8.907666816573604E-4,7.579931352336857E-4,7.004588568297503E-4
0.0,0.0020126805936057472,0.0019617941331562436,0.0026292232842707944
0.0,0.002156693510820725,0.00222148756286483,0.0029968599213422518
0.0,2.7491998820749163E-6,2.138089998645437E-4,0.0015921216390651675
0.0,2.1996224247524304E-4,0.001813919499080539,0.0015065818983021936
0.0,9.095492364721308E-4,0.0020096037147242928,0.0038050583983734853
0.0,9.958651220391844E-4,8.685184112039966E-4,0.0016953214485745445
0.0,7.026098544475856E-4,0.0037890783716259774,0.001934174379588214
0.0,6.366020451787064E-4,7.348831956923696E-4,0.00299481642974062
0.0,6.41031952693258E-4,0.001612362419518288,1.9182829798272173E-4
0.0,5.145256825238646E-4,0.001233438971101843,0.0012556860381467113
0.0,0.0011843742275387415,0.001813095405048981,7.670872602294333E-4
0.0,0.002591501763498141,4.536834341327977E-4,1.0374759913388536E-4
0.0,6.127156095311884E-4,0.0017863475440106826,0.002789157428162696
0.0,6.735743135532145E-4,9.503613720106464E-4,0.0025341735574264806
0.0,6.999400965222532E-4,0.001112434521192129,0.003160165967840664
0.0,8.129548333987797E-4,0.0012194680465787105,1.2657763904797768E-4
0.0,6.385989340860466E-4,4.0571933970290477E-4,1.9554156585324252E-4
0.0,0.0014343584938105304,0.003106726756899947,0.001028728094342304
0.0,0.0017682544429914646,0.002800483001273335,0.0039028955741505942
0.0,0.001529195622886763,0.0014978607330647623,6.911929667771303E-4
0.0,0.0032613180972814893,0.0011121363887729263,0.0034562623946928716
0.0,0.0013568097551717997,0.001916094769399703,0.00410243138644247
0.0,0.0016312245116722193,0.001663694133845195,0.0014066876349745827
0.0,0.0011604849061477211,0.003980476407432082,1.9575575292241562E-4
0.0,0.0015859909253570345,0.0014195429410571085,0.003577147056165458
0.0,1.0058662855479612E-4,0.0018604965080078056,5.589509218534505E-4
0.0,6.998748695138885E-4,0.00379808136465482,5.276129099967923E-4
0.0,8.321831209732778E-4,0.0010735399070557425,6.608744522843723E-5
0.0,0.0012431769184948088,0.0015775713533610909,0.0013409400824079428
0.0,4.308398079377185E-4,8.714734695994105E-4,8.015928381083842E-4
0.0,6.282853006383931E-4,2.9989472593968346E-4,0.0022068848362110163
0.0,0.0010706592648120714,0.0013748183169678748,6.370822867788575E-4
0.0,4.929780049893676E-4,2.213796930545983E-5,2.5609522807852194E-5
0.0,6.140944330877463E-5,0.0015768681771155715,0.0023117925870305843
0.0,0.0016582238371441998,0.001775157674256203,0.001164659759009734
0.0,0.0020358547977831474,0.0016715189844755693,0.002350648136881853
0.0,9.29416072274964E-4,0.0022386307919901828,0.0017325060668905296
0.0,6.517426794331568E-4,0.0019888166102228788,2.9500301740438903E-4
0.0,8.482580865479422E-4,1.4982668879999283E-4,0.0025605719921782564
0.0,1.0024848391158686E-4,0.0022226140093113906,0.00266670686593593
0.0,0.0015274324051525274,4.327542168601804E-4,0.0011246209809819743
0.0,6.020393479638182E-4,0.0031791807941249474,0.001757770396345733
0.0,5.519125799269659E-4,0.001023576769680707,6.807871143916133E-5
0.0,0.0017737651819382586,0.0019292900400413229,0.0018911984637933943
0.0,0.0016374756616324042,1.601689747905917E-4,8.262055110414179E-4
0.0,7.923274043583894E-4,0.0018791050293735713,0.003397829657552585
0.0,0.001901622812687993,0.0015815581832925028,0.004667831068840873
0.0,0.0010216332053646874,1.9856175895860377E-4,0.003524173126267789
0.0,0.0016941019607644972,4.7286259312624414E-4,5.222893064904557E-4
0.0,0.0015697025162312887,0.0011295638129420868,1.221214157461316E-4
0.0,0.0012514665541043168,0.0010809374134960982,0.005608436386146644
0.0,0.0011992514051978591,0.005143127855793969,0.0036007870257541577
0.0,0.0011697871106033618,4.1803050671157424E-4,0.004523128526594933
0.0,0.0033198741723318055,4.142398981493861E-4,0.0013350503093371524
0.0,0.0016386555694029355,1.784691328196091E-4,0.002224211812940557
0.0,0.001066235333025934,0.0023219664926964804,0.0038319208683385447
0.0,7.33187045573857E-4,0.0021306140744619248,0.002033844072884337
0.0,0.0014953381249578125,0.002120221132367949,0.002992709657780236
0.0,0.0011643801547799796,0.0012971775415376262,0.0022280864773565135
0.0,9.82894486167322E-4,0.001334277005745232,0.002023521943494492
0.0,0.0011605365095463892,8.917862462315716E-4,5.91290401071228E-4
0.0,3.52097474872789E-4,8.037185068376796E-4,0.0037888812047388895
0.0,0.0012519895279092736,6.648443858529231E-4,6.864462229121711E-4
0.0,0.0021502226657052004,0.001207077825862597,0.003678011745343242
0.0,0.002696038349224313,7.809246172543187E-4,0.003197608875039297
0.0,2.844749885185451E-4,1.1902728751911358E-4,6.489558038493799E-4
0.0,0.0013158366918152211,0.0022203550052154893,4.214545893777676E-4
0.0,0.0016661549130574935,9.464347711447719E-4,0.001469111932709343
0.0,7.55678115894575E-4,8.899444619866438E-4,0.001859002667288265
0.0,8.381369596134547E-4,9.99652168733639E-4,0.0038888983974376757
0.0,0.0012089878898755625,4.5319280279893935E-4,0.0038461128432969644
0.0,5.261130417321042E-4,6.260861325859396E-4,0.0034729429242873933
0.0,0.00361893533189,2.09648803568487E-4,0.0011130197455328547
0.0,6.043443990856801E-4,7.603872062814415E-4,6.379199907419888E-4
0.0,7.78886535001738E-4,8.483352361822262E-4,0.0031653442561602302
0.0,0.0018741178020628528,0.0025567622764509873,0.0028393270816837513
0.0,8.856030150228356E-4,3.410490328537256E-4,2.640275820548513E-4
0.0,3.1667599961585205E-4,0.0012211350019220141,4.637200043603053E-4
0.0,0.001965999029291068,0.003459294531062424,0.001775351548566312
0.0,7.779234684716438E-4,0.001336414853226495,0.0016681281897907635
0.0,7.445461860286312E-4,0.0027226265377856868,0.0035460551224804995
0.0,0.001949633064079443,5.591216770044768E-4,0.0011272899931966827
0.0,0.0014991657682712533,2.1408660331546974E-4,0.00485146835172461
0.0,5.950137508979996E-4,0.001332510526796529,9.666815995730529E-4
0.0,0.0036491324088977896,0.004760792208828936,0.0012414393115401225
0.0,2.756366810565409E-4,0.0011048138495361797,0.002638112433719113
0.0,9.199511628717455E-4,0.0010809244687717456,0.005950394288651177
0.0,3.4403037978859586E-4,3.065427776188366E-4,0.0017845176241017056
0.0,0.0021176193670612658,6.552060523242322E-4,0.003017559387752271
0.0,9.493727267847948E-4,4.806679285804184E-4,7.480733507887081E-4
0.0,0.0029468909114779124,0.00205716304708099,0.0016275237339276423
0.0,0.001496135018006237,0.001149363201486245,0.00367712306271614
0.0,8.025621603155316E-5,4.7664600790675445E-5,2.843828650281479E-4
0.0,0.001642279480521953,0.0010605722505431117,0.0036018924683439606
0.0,0.004859453229380049,0.0026115805836792647,0.001852767628600905
0.0,0.0012288867382417715,2.132086650973129E-4,0.0029368261549803897
0.0,3.537197444511156E-4,0.0024349411326128776,0.00346828903908608
0.0,0.004444852407027638,4.231297578528281E-4,0.005357708735745013
0.0,0.0014144176884118816,0.001569811296249103,0.00208449862186606
0.0,4.128873190334217E-5,5.80330387907736E-4,0.0027881208551438718
0.0,0.001114663143842523,3.942956034082666E-4,0.001247941060929778
0.0,2.2522851317374558E-4,0.001997602652648339,7.215994383253554E-4
0.0,0.0012105948427212113,0.0068062609388538356,0.004497482098484655
0.0,0.002076779764323937,5.184991264862014E-4,8.89693221927124E-4
0.0,2.964240108143803E-4,3.1143024579071023E-4,9.333460418425987E-6
0.0,0.0020441411002695116,5.090150953595107E-4,6.009714368255719E-4
0.0,8.770077306674166E-4,0.0012517997069422604,4.914067197252047E-4
0.0,4.421479757754028E-4,4.0160578975197776E-5,0.004060422023224879
0.0,0.0017575816660562705,5.335470865718288E-4,0.001882614605589362
0.0,0.0010158417057817728,4.0206400401078106E-4,3.7599701684123385E-4
0.0,0.0020126805936057472,0.0019617941331562436,0.0026292232842707944
0.0,0.0011720167242684327,4.003537394143107E-4,0.0015898387701930112
0.0,0.001195943225414797,0.0015753149010628653,0.004389572589075349
0.0,9.619139050976176E-4,0.0018034849835692644,7.813972941836745E-5
0.0,9.429692568148454E-4,0.0018879881887194625,4.892871427191269E-4
0.0,8.078472556196646E-5,2.0190083261896653E-4,3.617797576039946E-4
0.0,4.723461393053277E-5,0.0013040899683773209,0.001184608568603688
0.0,3.626818671198129E-4,5.694594877008322E-4,0.0013600274253178664
0.0,6.695721077035997E-4,0.001755660067929492,1.223676427968773E-4
0.0,9.058418693321547E-4,0.001256251398952693,0.0012955262730963669
0.0,0.0018236870144246464,0.0011325639341749222,0.002960269993584398
0.0,9.285780487193684E-4,4.383757950552626E-4,0.0012623630111921384
0.0,2.653158083212376E-4,0.00191529719666097,6.519379676853002E-4
0.0,4.5395598004397305E-5,0.002948103766817739,0.0023718084855247736
0.0,8.607970745442764E-4,5.256934911847952E-4,0.0011836895656089249
0.0,0.001660830568117011,0.00119072994851077,0.001423109920678767
0.0,0.0020553645267601854,6.522770981271342E-4,0.002577884421228119
0.0,3.9788688691982113E-4,0.0018724285819539926,9.959776913154909E-4
0.0,0.001162071396988389,8.728547131750942E-5,6.305609936552128E-5
0.0,6.942751189090787E-4,0.0010445092476042723,0.0029502104372165416
0.0,2.0506450413474008E-4,0.001562781081829454,5.906807009639731E-4
0.0,0.001283750214424739,0.0018493401722798185,0.0011325906717600117
0.0,4.5075525022110404E-4,8.625411634087606E-4,9.024839365013023E-4
0.0,0.0016107724862279083,0.0022331927029532956,0.0013658068819619553
0.0,0.0016041516926759082,0.0013869547151646657,2.3325048143174574E-4
0.0,0.0015081397184718382,8.797418587606603E-4,8.371681188139643E-4
0.0,0.0020754971054298,6.635851746885468E-4,1.593993059412535E-4
0.0,3.078105975474961E-5,4.434832291376511E-4,0.0027335456275375657
0.0,2.4929941792775374E-4,0.001004125775480679,0.0065539252658996855
0.0,3.798786340296262E-4,0.0013345530812478759,0.0037251864666330388
0.0,0.0012938280974626557,0.0037500295291571705,5.106522461152948E-4
0.0,9.814032637935428E-4,0.0014725037797134863,0.0022790265628890387
0.0,0.0020124530449316907,7.703536169943541E-4,7.184425046146479E-4
0.0,9.763912899196129E-4,0.0032322211044012203,0.003959034525278537
0.0,0.0013777979301642389,2.575697142498425E-4,0.0031870754474299253
0.0,0.0011271203415117801,0.0015770559117069772,0.0015411161828992458
0.0,3.391005174274387E-4,0.0016565450031548062,0.0013483041832286049
0.0,7.82864367289587E-4,0.0016612185463539982,0.0010855752911096827
0.0,0.0015109709876687638,1.6688478995067398E-4,0.0019113447244106009
0.0,8.745794199810344E-5,5.343756161742367E-4,4.193182268479547E-4
0.0,3.637519046473375E-4,1.265795518697995E-4,7.476302026094743E-4
0.0,0.0017599906739508007,8.391972332727525E-4,0.007831358204544345
0.0,0.0011870705406020034,1.0336477694295207E-4,0.004001027955492327
0.0,0.0010833652835108918,8.453670953236387E-4,0.001165000403674933
0.0,0.0011110264615452363,6.612151092652436E-4,2.791467036027575E-4
0.0,0.0014526889691757166,0.0012834035796497091,0.0028135378191905236
0.0,5.783810635973803E-4,2.4903466820118896E-4,0.0016967929019534721
0.0,6.126396993694224E-4,0.002022114223480919,0.003956638708699532
0.0,0.0037012564717588442,0.0034747040938469614,0.002670916025951295
0.0,8.627803070640961E-4,5.328032157045862E-4,0.001246181110712015
0.0,0.0010144753622897676,0.002686107896854834,6.053478551150766E-4
0.0,9.83192717251011E-4,8.038076526477285E-4,0.0014018610824978266
0.0,0.0010968611529854442,0.002151237365002724,2.1903301692161186E-4
0.0,0.0019678403238158238,5.386821540621679E-4,0.0041000005800799965
0.0,0.0013076662259731019,2.515322135464574E-4,8.020248095585314E-4
0.0,9.561166798470855E-5,3.444936968317685E-4,0.0011180100537211432
0.0,9.67404483600209E-4,0.0016046538363083513,0.0015580593696879474
0.0,0.0030566112449066127,0.004488856280527524,0.0011283292490682773
0.0,3.595383587931876E-4,2.797184506688149E-4,1.6054219312445497E-4
0.0,0.0026147585264409815,0.0022624285170664443,9.834741916485978E-5
0.0,8.187060159572113E-4,0.0021405062229814644,0.0010116430654149228
0.0,0.001101869918160104,0.0018023618494916731,0.003568865520024991
0.0,5.226841963632661E-4,6.67574924188017E-4,0.004523773494484022
0.0,0.0012431713537579127,0.0010495103774388257,0.001464077033597216
0.0,0.0018911419205718334,7.53122128714392E-4,1.6108244177963894E-4
0.0,0.0026297419972170282,3.474524575527677E-4,0.004120575023533064
0.0,5.54303619216467E-4,0.001964212027481007,0.0017542925687093727
0.0,2.0506450413474008E-4,0.001562781081829454,5.906807009639731E-4
0.0,5.031815737436391E-4,0.002452419898482431,0.0014849802191570741
0.0,0.0016134460342651503,0.0022102874206013966,0.0035097603357533403
0.0,0.0018897403335869734,0.0010586358916376737,0.0013421119576215211
0.0,4.8630580047414555E-4,8.287497077383141E-4,1.4208079982963207E-4
0.0,0.002673406769452447,0.001624510326021217,0.0018534699158564614
0.0,7.178560141459324E-4,0.0013256604973569117,0.004798495486836313
0.0,0.0011940159483674751,0.002418951462250926,0.0044056736479988375
0.0,0.0035361458091664683,0.0022007780099739414,0.0023072866940813098
0.0,0.0017664406124000837,0.0013213315987863036,0.001664906927934291
0.0,0.002443455837054126,0.0010708385921015056,0.005377625443947239
0.0,0.0014647925480825988,0.0015786965276121077,0.0034332690592733407
0.0,0.0030220738927338414,6.349834005082172E-5,0.0016398315773766081
0.0,0.0016573104236307418,8.329788093197343E-4,1.1385018721657617E-4
0.0,9.560950998643209E-4,0.0012719488763629546,8.291145298564233E-4
0.0,0.0051233397164020655,0.0022408221159325166,0.002201294127929799
