5K,50K,500K,5M
9.76737015455982E-4,0.0011780214718132274,1.795036120517064E-4,0.0010148506714891838
6.896295225974021E-4,0.0029230663332519826,0.001285811371635736,7.842802654368825E-4
0.0027821185452721023,0.0016149603810265167,0.002005344841823018,0.005490853022544862
0.005914467437064516,2.8328751686981053E-4,0.004270637307932885,0.0016857185277905377
0.00424588047878766,0.0036385220593070176,0.0022003551887072683,0.006434664556883052
0.0016683465478006237,0.0032161475513526098,0.010643610456129628,0.0026844523147122675
0.0061241596708292685,0.0020918486998783106,0.0068886677700617845,0.011662141552217101
6.335132263059834E-4,0.0016800539009814814,0.0022653843709198665,0.00216427863859537
0.0012156276707812246,0.0031310632019819146,0.0042208085650827926,0.003121227294034367
0.0014144457343332154,0.007731405982924047,0.0029427410363421784,0.011135084947079679
3.942481856489292E-4,0.010087229615606017,0.010920805569505497,0.005949552717065815
0.0013323557580761634,0.0016797357947599678,0.01387355294108178,0.0028617739343573152
0.005189394981852793,0.002307428331258434,0.008117660334372665,0.0034167385516718665
5.358662204082268E-4,0.00122571262879895,0.004812910620195129,0.005208370658048898
0.0016496502149836178,0.001356281428000258,0.0017144581751003464,0.0017571639857537564
7.464555726591468E-4,0.0024399551918086663,0.0031907009841127807,0.0012553011322221522
0.003490432420404302,0.007195761305759124,0.002555731551205223,0.0035260954887813495
0.003175598575464554,0.0012105588376973815,0.002582507226000232,0.011618467628902701
0.01109391388951978,0.0014143088154426578,0.008571965516628626,3.265080561725597E-4
0.0015094750848829044,0.004573793706868621,0.006413097017227893,0.007129235152250858
0.007566474701136889,8.080804251163173E-4,0.004215190587410316,4.456275300786728E-6
0.005625764940880642,0.007954482959981022,0.0014332172600683116,0.019814239700026284
0.010114844118657207,0.002352994429830549,0.003843263494804289,0.020315196783017412
0.0015083403370340415,2.765214315467189E-4,6.249357241206729E-4,0.001208669296864542
0.0010238434822749977,0.0019112042634852815,0.002324600552540004,0.0031040940316986953
0.006752463917842119,0.005442122342755834,0.006755433482715611,0.009861457485208475
0.0021550866612335172,0.0019078572066560928,9.392617011761701E-4,0.0010356276551423459
3.648561526658604E-5,0.002881378833568151,0.006004686317466836,9.535251964318823E-4
0.00983519048500535,0.014265524154725803,1.6645831758941548E-4,0.001496067729846932
6.22760453616187E-5,1.8179221511239029E-4,8.22355934405829E-5,2.846065367127319E-4
0.0016191775135954625,0.0031134792560713396,0.004625218227427824,0.0067329368915600525
0.004880803947058616,9.453319814756453E-4,0.01024606868816463,0.0022872835151907214
0.0023837479465312434,0.0026213652918903665,0.00155813872047361,0.0020905375735451167
0.001279860709025934,0.006118429346451942,3.287227214801831E-4,0.005032509795443616
0.002251408573051551,0.0014996971374612634,0.004506057969904138,0.0012919957914812453
0.0017311449833880884,0.0022448465942446613,0.0012152206997843788,8.405935957632321E-4
0.005573073766869304,0.0013616872347697539,0.0010938554897210438,2.1301339896056848E-4
0.004467203494801065,3.5027262382762616E-4,0.00914170633800939,7.294399832714713E-4
0.0013726804404461303,0.003342335974768923,0.002543208663326507,0.0037993227262906365
0.012601830761383551,0.0068701290591766905,0.004088500605041347,0.002905067546424823
5.892268158287186E-4,0.004749708245849332,0.006982228810191037,0.006043675254871619
0.00270355011010673,0.0022014142473655105,0.0013604543302005933,0.005382489613061006
0.0015032053666725223,0.0028484476345217325,0.013473257090844789,9.486843924938238E-4
0.002038504641863646,0.002010481118913776,0.0011227676607666662,0.00415916449550568
0.003167746152506448,0.009302965399022027,7.739201479237354E-4,5.0198787013237806E-5
0.0021210959604007536,0.0040560554758600105,0.00451139923513525,0.006058098764696402
0.010135993729901002,0.015558170457970949,0.006746729559126258,0.01206613505727227
6.974199151062722E-4,0.0010315631669012809,0.0011087784104680462,0.0015436319057202366
0.004319146665562631,9.014069719522339E-4,0.0018992074127749741,0.004490829108232381
0.0018524269843025536,0.001984754181308724,0.0010638027209523668,0.010924122325232785
0.008872730747900683,0.0021986245768872382,0.009617218467279446,0.00876667614810743
2.6150813911466356E-4,4.824477045859241E-5,3.2640143420256733E-4,3.5100793661139935E-4
5.264443067347797E-4,0.001024891771410287,0.0026847373658189233,8.57790625425725E-4
0.010804602213611398,0.0011714096504909456,0.009149059321962355,0.0023479860810525005
0.0016766329736308387,0.0029792311213695123,5.135469480149987E-5,5.619283963525912E-5
0.0027929782477235454,0.0069600265684728905,0.001391234223838804,0.0035476923884099018
6.529989707913621E-4,6.558780489011042E-4,4.279364460216131E-4,8.665744875044442E-4
5.020231544410241E-4,0.012152962995964038,0.011341119833188801,0.016101913850361617
0.0017500544948116728,0.003547803634457067,0.004253056972800616,2.814805938087604E-4
0.006953623503244826,0.003986014210105779,0.004608025526670748,0.007758940278461931
0.004851959636360353,0.009921773822271366,0.004548548483250368,6.766687693654965E-4
0.010464261064519885,0.001062400328934693,0.004555322800967301,0.0012005642467766598
0.0059787917464150415,0.006460427501865653,0.0029405318323985946,0.00696753132486965
0.0023442763066005984,0.012828577118050008,0.00803716570910754,0.004011154284870643
0.001968982378504717,0.004140906738587712,0.005671210014211885,0.006213476382544958
0.00593573330160587,0.002230623837026785,0.007841329202381666,0.003652767732494829
0.005149901953224716,0.005562212911584267,0.010948864071116317,0.008593648766201582
0.008133678843073667,0.0040869861457085745,0.006142861817690713,0.008156662972219142
0.017664587278363186,0.001519532301566555,0.009244622672281981,0.003937507294287666
0.003000159705756355,5.185937870564744E-4,0.0029670780140466082,0.0020755107826335288
0.0014479221947521154,0.0028696701859997928,0.0019608334592653978,5.88366238493087E-4
0.005311646258357992,0.006034287464394939,0.0018123370412105747,2.5686210681681034E-4
0.0034791142014122026,0.002015012502016751,0.007387842395160539,0.002624146507694425
0.003398142494937198,7.614544649162184E-4,0.0032411686198666034,0.008258536854949618
5.373229825743244E-4,1.830022322444114E-4,0.0018853751292668439,0.0028355535407042953
4.0046781004805294E-4,0.0012990737501272056,0.010841505876051507,0.0072111577666051346
0.002339459208144631,0.002566484113903258,5.215988766937147E-4,0.0020483166555985374
0.0029105548816544848,0.0019041957527391217,0.008489691411580806,0.004788203003822558
0.002302293373516123,0.0010881718217428428,0.0013853422919644421,0.0013775748953621914
6.57325926197285E-4,0.009105047484131993,2.5742781641406446E-4,0.006989732064567779
0.002362758231613496,3.3732632214714743E-4,0.0012544138203269789,0.004367691484292925
2.1198161068675E-4,0.00320734899567798,0.011290494002122132,0.0018758795282647464
0.0015742805062929183,2.0344935216679212E-4,0.007762674370206268,0.004891070072143609
0.004594044638391467,0.005090101733658164,0.0038709589465376463,0.0018978833848772398
0.004242303110437145,0.006085298634475373,0.013090088059010598,0.005695564150034437
0.006750880622641366,3.9781514663455155E-4,0.005371974430194941,0.005071759600204279
0.010481642179369496,6.745676609827229E-4,0.004095673425865319,0.0022269723132724
0.007396399668539365,5.374013988760209E-4,9.140513179153415E-4,0.004057641084596907
0.005130110553692943,3.945570962784496E-4,0.0071675831202764355,4.99139243424105E-4
0.011190752906682637,0.015904107339609043,0.006788933438814438,0.004526398668185229
0.0012225996927018234,2.5800115954641465E-4,0.002205252082231436,0.0015207851519141332
0.005964474978668065,0.0020328417023152,0.008219895771831217,0.004819480136833841
0.005766747197278388,0.001802286201986883,3.850879897294938E-4,0.004312224364287388
7.400037272035356E-4,0.005154930416960836,0.005762655427869742,0.004560323032040366
0.005549877190927884,0.0018031446666075678,0.013294347328915193,0.013584745589027078
0.00634327406245984,0.014761108635208502,0.0032211631724239184,7.757361484184442E-4
7.03293850019068E-5,3.2783735004935456E-4,8.113574004299877E-4,4.804296978523478E-4
8.90925914754478E-4,6.119440445221455E-4,0.0023886276362735403,0.0032903572246605816
0.004084406878984413,0.003630664955761785,3.5838736688368163E-4,1.0503997530219692E-4
0.00513580807335274,3.7278870453478385E-5,2.181713859296922E-5,0.0014851210384231185
0.016703900039988118,0.0010031156423446043,0.016098294376265632,0.013790799686105212
4.3701180349277444E-4,1.7413529773401527E-4,8.718021768444608E-4,0.01318233497604328
0.0017826953683074544,0.003422960986756124,0.0033482868916139175,0.003387177444807672
7.506669168219344E-4,0.0016207419743273829,0.0016966631952121782,7.555424027362064E-4
0.0025249257344655872,0.0021748173496612465,0.008632809973126394,0.004787721248710378
0.006686176197019016,0.003355728315697773,0.0028504887544936602,0.012474702185671833
7.620945906502186E-4,3.372924066361954E-4,9.768596451762012E-4,7.672266576193844E-4
0.0018472712441067263,0.001956159248392183,0.0020439733808089175,9.99458711164008E-4
2.917003047847943E-4,0.0014593883844907973,5.695315565187818E-4,0.004805051243610277
0.0012690815757686236,3.193482601608112E-4,6.417805238779407E-4,0.0015865227429068852
0.0012991382925320893,0.0023325233607988227,0.006432865853802206,0.0037270947772718543
0.006939727605878889,0.00916078052523468,0.021508387798315362,0.008974817566065963
0.004322049146183692,0.012151859454785297,0.001357222980007625,0.009004104383806043
4.924194478643091E-6,0.006715386134778414,6.438777174590803E-4,0.0056783326552090905
0.002027779116654756,0.0017453221628734561,1.8573485548657517E-4,0.007082277848267332
0.007418893456355228,0.0067975249939914405,0.007768594575779537,0.01658519142615599
0.001993640882430728,0.0015795670548090109,8.348664319828254E-4,3.3150906832906495E-5
0.0012824501921473667,0.003664525006705396,0.0111250872766993,0.004242606306259941
0.010054179082281893,7.401239786225453E-4,0.0032008266152330155,0.003946145434895167
0.004937274709494806,0.0044210290673022574,0.0055658350235485475,0.01569313892476844
0.002933057190672023,0.0026983825422397427,0.0030379196000022237,0.00878745546825065
0.0048150307644415115,0.004930222771915095,0.011913648185383409,0.005717648049352759
4.3469003507516093E-4,4.1291362162662013E-4,0.0050875931982453,0.0059450177466441635
0.0028237666558530716,0.0023085696890167017,0.0073293995771717205,0.005311153970815709
6.337725397288548E-4,0.010233566114554678,0.007448257698126241,0.003954032331261303
0.0022727641033209924,9.785977637915557E-4,0.0016180181373459076,6.839507329453801E-5
2.719459362265147E-4,0.0016288975141461493,0.011276293771264448,0.007084096977653992
9.209998936955122E-4,0.003356451493447801,0.010655503505906844,0.0025927924884452465
0.004429343398435079,0.0015342616437316098,0.0011100237028933342,5.785417979573624E-4
5.831348157057317E-4,7.32010059041746E-4,0.0018152114901305643,9.97168751631494E-4
0.0011209339788249351,0.0019031619517892613,0.015000175208357008,0.002580614881102955
4.201564902806695E-4,9.965107221285591E-4,0.002282018597288545,0.0016278409893658687
0.011766607058086803,0.013121215436871373,0.00144909851160115,4.366301900266956E-4
0.0015721084032021863,0.0013361405248542403,0.0037950892766858944,0.0013545407902193825
8.789551368959294E-4,2.5959377966170365E-4,1.249279028428165E-5,0.0014020902105035334
0.005187993537560726,1.1749155192431504E-5,0.00886177389953087,0.003814442510999026
0.006424807877658848,0.007627392977956626,1.425700509700156E-4,0.004791945354389772
0.0053660416279959116,0.005081888277330078,0.015335231447225556,0.0037143168238031174
2.9480384115532194E-4,0.001567830757415936,6.138941120737963E-4,0.006477180630997545
0.001762690612390453,0.005317549316075829,0.0021662209494120338,0.005676961723354224
0.004529772778519913,0.001308700582676949,0.007124597862162915,9.739789409193434E-4
5.876752626465467E-4,0.0012133202444241384,0.0047616987014062785,0.005387611932376654
0.004467203494801065,3.5027262382762616E-4,0.00914170633800939,7.294399832714713E-4
0.006624904145308096,0.0037936553613514825,0.012260454607587687,2.8093334120911E-4
0.004649875781346339,1.409699259834573E-4,0.0021894244379960705,0.004468154877585876
0.01078674258421789,1.87080191478784E-4,0.008746347418382958,0.008867820237409653
0.01057907740462101,0.010479818540055976,0.004851778563311191,0.016895050076166415
0.0049024218514807354,4.492402568815753E-4,1.1422316114725936E-4,0.003176033996815565
0.0011923450093770092,0.009377352560445454,0.009682054915254737,0.0029995341954489915
0.013400876855310356,0.004374313819000346,0.006930971296963861,3.975176576481189E-4
8.027449844340514E-4,4.291039717911325E-4,0.0015612764619754476,0.0012941189136099962
0.0024747985611641822,6.366606763505252E-5,0.006319865991087888,0.0020885796559405
0.004725324304728717,0.002321025373188623,0.0021066291562171686,0.0035416449721082455
3.369867901902179E-4,0.002204258235211808,0.0012166931509024611,0.0015562751432208401
0.0057011137776158925,0.003493536031676156,0.007600589788985572,0.001892426430603611
0.0012491436336471808,6.778846105299957E-4,0.006904991717076853,0.0018195933283129855
0.004062339613905732,6.764575691319247E-4,5.311971202135149E-4,0.002195799733502418
0.004486602611003174,0.0062179151735692285,1.0668254315477916E-4,0.0018718081259303722
0.0036698150035865238,0.0031653362576863023,0.0019418166513171158,0.0012027048830296492
0.0035538995194796244,7.483001968146078E-4,0.0012667289018492283,4.487332639477484E-4
0.004531150171428687,4.347313144664791E-4,0.0021645877655410975,0.004918443883504375
4.507945407693333E-4,0.003427891131483684,0.010896320297442806,0.001978757177848693
0.002558051382333618,0.0012615497257877214,0.007603085803628979,0.003969710646316223
0.0055642992336342265,3.798711070538303E-4,0.0012178618057194061,0.0037798555193991985
0.0013729534533425134,0.005893094196340223,0.014032914908539636,0.0017532763801348685
0.004285964213812551,0.005405262607766628,0.015473165561407445,0.003039578929233497
4.1956751779933594E-4,0.003931078271055883,8.111457871165651E-5,9.807605403232649E-4
0.0022690243501780555,0.0010231926908558227,0.0039715070446088106,0.011040675654747305
5.437455706805E-4,0.0012984636783383023,0.0035322505357054546,0.006104420026745404
0.008857278309184487,0.0027901521686193196,0.00632026823928093,0.0018714453626289716
4.201564902806695E-4,9.965107221285591E-4,0.002282018597288545,0.0016278409893658687
0.006749292290792438,0.008398695318746138,0.0015458863877465473,0.006838043094586739
0.011047842236565183,0.0030497817367147375,0.0061310519227746885,0.011019769170054268
7.83003233862153E-4,2.2592831692474106E-4,0.0038164372156060736,0.004549381852515979
7.580873875334689E-4,6.437517526447757E-4,0.00916812785311339,0.0016771466054170817
0.0070493454179255954,0.005115038353962589,0.004338055462863924,0.01116736481932057
0.0016791459811035388,8.901542307125238E-4,3.65652130953616E-4,4.182536949052755E-4
0.0022589955900636635,4.2733038617008307E-4,0.001059134183129272,0.004314998913072319
0.013025069182991037,0.001575414762964119,0.0019124645397411966,0.004827411807944765
6.453732453699769E-4,4.6314791864461287E-4,5.674161319173048E-4,6.82725958686131E-4
0.007986883525201003,0.004487058189231845,7.337888892995648E-4,0.0017878202517500894
0.0023612318061499047,0.0035327701738262335,0.011807561797550166,0.004489990579532622
5.797473365748313E-4,0.0011179754922605856,5.430144528609189E-4,1.7324235569027987E-4
0.001544513457067566,0.005744176412385598,0.01637570180972146,0.00750693795493955
0.0021459433986617217,0.0037955874714910576,0.009585570640093357,1.7992547576010814E-4
0.00940249381221731,3.433399857953254E-4,0.003862634998524721,0.0015045062436567303
4.0001305547627325E-5,0.0031850430744532012,0.00843586246152447,0.010351055442825966
0.0025102547158245597,9.930696752467744E-4,0.001348710285440638,0.0026295946937368517
7.252691855900246E-4,1.6734988128849494E-4,0.007167002541753314,0.003715997903298226
0.0012241328517112887,0.005427788184995803,0.005474718555734973,0.00450474099015458
6.217159932587055E-4,0.0012053646694915733,1.2507995649932782E-4,7.830301553939197E-5
2.568398145594251E-4,0.004868093129106436,0.0019373313211565703,0.0011094883360718566
4.6881480567225413E-4,0.010216815040985839,0.009219832189594135,0.007688586156019734
0.001147278421653075,0.002358680502422079,0.002831293182464384,0.008590831786955473
7.994743559433476E-5,0.0026861023339782328,0.006513241664576114,0.0029676620568807295
3.9681731800517546E-4,7.034476657383669E-4,9.240105230337368E-4,1.1413939190824747E-5
6.789804952470509E-4,0.003131037058520631,0.0019119531827736303,9.494390309510827E-4
7.370698898544054E-4,0.004556768394296455,0.002891958666194467,0.006546502415810159
7.464017139816588E-4,0.001155446672696237,0.0010594586919457042,0.003330622638080789
0.009833859296407323,0.012263901269850871,6.952731376036541E-4,0.0042908707012248234
0.001267844942687624,0.0015051214680044953,0.007186736598018574,0.009951634441211495
0.011658057263538074,0.0015105782825267614,4.697632359232632E-4,0.0011982235897484365
0.001984515715467585,0.008385357510771683,0.003777528446171293,0.0020668998251014495
0.006028728755280853,7.87940708484045E-4,0.008699344897246959,0.009989834054548345
0.0017224463004278854,5.648802370178679E-4,0.007408129952036011,0.010300750285157393
0.004390906824797867,0.00858809353024803,0.0022060185546203194,0.0010298361785463714
0.002753086135587067,7.316946761517155E-4,0.013752820426661087,0.018058640213846032
0.004668393439048771,0.0033051660705358038,0.004973510772727598,0.0021595872509857224
0.008355103669866864,0.002007282467726631,0.0017408667523409586,4.0363367130341154E-4
0.0030384774694237828,0.005526303862850388,0.007446265172307461,0.00311564544416509
0.0025546191375139453,9.126178015095303E-4,0.012073663079846114,0.014446238556752799
0.0013703490329047725,0.0027151205719665927,0.0014247975435956093,0.0015676663772082261
0.003484504536387096,6.971441362492224E-4,0.003014489146738507,0.0036245608137485197
0.003584065048191616,7.297673127256336E-4,0.0022632701485237406,0.0011788684044927039
2.2253308118234816E-4,0.002605911565030164,0.014758064508634948,0.004368760620196891
0.0013957500690241203,0.002609319703922092,0.003154061244879118,2.042569764802941E-4
8.553237775590755E-4,0.004149118014784197,0.010241296573460557,0.00598926285758465
0.015293655802512969,5.7962452366559046E-5,0.022772282804828847,0.012635246940022538
0.0010782677265270446,0.0030594924841580275,0.012524345889349447,3.6059353581762853E-4
0.002276040668378661,0.0040206264322225444,0.004634065278239603,0.0041693119855661515
0.005785875579626969,8.177614066715214E-4,3.777090286354778E-4,0.0034957402766864244
0.002265896600441162,0.001643474998029207,0.00304696414438763,0.0031318597345087133
0.0012395957063657068,0.005341251607370747,0.0035755947772371367,0.0031871579486452343
0.02180134844419681,5.081336974266791E-4,0.012690513423925772,0.002198059954274884
2.8616397026404546E-4,5.401926577840849E-5,2.2775456046815934E-4,3.443463760386894E-4
0.008496482493543756,0.011725536557759646,0.014549292639285647,0.004652385175115259
0.00310656019749332,0.00738397322412743,0.002487410385647136,0.0013876943225042606
0.006154402870575349,0.006179803853127204,0.0025097365977397278,0.006817611528899291
0.0026690781559288754,4.71228634493375E-4,0.003449026418515056,0.002445820054410678
8.71014217366957E-5,0.0031575797438507668,0.005005815799817376,0.002644847870272022
0.005118339789455669,7.945891807015005E-4,0.008393733011114225,6.331816357121181E-4
0.008987606840569505,0.0051048234323016525,0.005823509140322532,6.60261542166403E-4
0.001110553714286694,0.005698998746219275,0.008153830476719845,0.0010471315808836081
0.006565818339158135,6.612273565320499E-4,0.0010610913807694467,0.004032361335400318
0.0020201347219297202,0.0014683741335380048,0.013079890449571288,0.0010818712739612101
0.0018905744281741128,0.0025287765602181795,0.005806034307774676,0.0029642575505194313
0.00811095090846497,3.2169858192525455E-4,9.373733885143258E-4,0.005308620707593475
0.01033295708152942,0.013347700365748564,4.288961231970352E-4,0.0013865528334483293
0.011289764577667128,1.8528062576976878E-4,0.002451022773761474,0.0011376083776404146
9.742583404918699E-4,1.4410600556235012E-5,0.005619756207022653,0.018487073565928987
0.010276838697130397,0.003727786477036978,0.00508620558437634,0.006641746870150076
0.0021422506914469813,9.468790959785785E-4,0.003563496346318295,0.0020273862196884766
4.830386760071161E-4,0.0024431903876056343,0.004817810876752191,0.0057672779725244025
0.0014512763823020264,0.006992563276978285,0.0065475090719293895,0.005893748821182776
0.001450428580403232,0.0015587217934810622,0.0019095965493351268,0.003943763015807964
0.001037657889040763,0.0031553243058340345,0.0060232496940288436,0.0020627042380842162
8.692796751908873E-4,9.791062962987815E-4,3.614515882026024E-4,8.822518758189837E-5
0.005330955356445379,0.007703951441227495,0.001473565768050396,0.01999281829561058
0.0035400842207277505,0.0036073644370189957,0.0030002515839755773,0.0069946306983653265
0.011031332594494929,0.01288071963408839,0.016889700181350623,0.016379499153413083
0.0033475789289937174,3.316282511550686E-4,0.0016932127420827316,0.0034824073592241633
1.5816352578074892E-4,1.8115869403230553E-4,0.0012602202278641408,0.004031957204909023
0.0012686044430235408,0.003711249238570768,1.1787570435670246E-4,0.002924055468092165
0.0015042596123408356,0.0031795073928133346,0.0011485601049673806,5.866092565788702E-5
0.011045311454018023,0.002364028847071038,0.006580926436532119,0.010823041659964798
1.3133671722824285E-4,0.0016576213193119525,0.008036537468828077,0.014591041526956016
8.770200211072558E-5,2.1652401182110456E-5,1.513793557727354E-4,3.471840293503673E-4
5.282922005035226E-4,3.05270481918042E-4,0.0051070238079986225,3.101641863024744E-4
3.497500787720002E-4,1.489200240313278E-4,0.005213125190706816,0.008757726284294422
0.004099438388115615,0.009641270449607966,0.008935476278326221,0.00938307654152261
4.1109637168302356E-4,5.803519899329013E-4,4.2039793171297693E-4,6.339701104213238E-5
5.388016711494966E-4,8.591722601049206E-4,0.0017222233935201387,8.443148623167112E-4
0.004029339699379266,0.005701230547567997,0.0046887827254217685,0.002990073833535137
0.003811071608161487,0.004252621426203098,0.008641128518074637,0.0035296068283130234
0.00195833673267252,0.001844635424035251,0.0026120467038449396,3.1348502880645035E-4
6.120423318609458E-4,0.011717383935224892,0.004862119828537257,0.0013515007306779763
6.981878916463829E-5,9.002364970355976E-4,0.001453202862337346,0.0031796731481336733
0.007069872802105777,0.0025850515154510587,0.012590411161542447,0.01034341662864414
0.0060865748229172335,0.00422563896960137,0.009800487725103467,0.0026818712017358712
0.004873476920283689,0.008219499148155415,0.005768933254728916,3.5603545822934427E-4
3.696152161057575E-4,1.3186949519126508E-5,5.113523646494398E-4,0.001933521732093807
0.0019011353692503126,0.002477439765371911,5.757363224465683E-4,0.001286981567732439
0.001022893136833416,0.0018362155925638762,8.968004647533515E-4,0.0018764126000507155
0.0011444334824068962,7.269453645889419E-4,6.561933507088277E-4,6.683067395934815E-4
0.0037838776026559258,0.004432291159220736,0.00456075228039656,0.0020987252269932953
0.0022829896141305425,0.0059644670996456236,0.015731810087634652,0.0032762977431198994
0.0038854615744785916,0.0016652340805596725,0.004186531361623276,0.006685446231098534
0.001649026026828431,0.002115497620817929,0.003708968063541004,0.007095116184475305
0.002544571827372805,6.974135677453294E-4,0.006581443819055928,0.009344455954396036
0.0018638178549819048,0.006867770337780407,0.004175020901588867,0.0035510432700919855
0.008619313299934305,1.9685729991498872E-4,2.0100806928442214E-5,0.002788671224111816
1.4211280628588904E-5,9.753533769313112E-6,8.266927383658699E-7,4.343436332903941E-4
0.004367963547983028,0.006535031773393683,0.002249779069967569,0.006736517812849085
2.947450928899536E-4,0.001153377392380871,3.21729517214764E-4,0.002665184160462051
6.580608225841229E-4,8.469029949284639E-4,4.906365298599692E-4,6.337924744540618E-5
0.0019115968644814142,0.0013748750359046317,4.025848789949659E-4,0.0033043817890697222
0.007220644619681174,0.012915779227615764,0.006680663213056959,0.0011062899678532397
0.004045844716385209,5.291945265565051E-4,0.008399307973504334,7.218095526290081E-4
0.007014359010610433,0.004030765816093358,0.012047250834291114,0.0024939285801628855
9.982120768732223E-4,0.005190459940374396,0.0022357900515350294,0.002497053814781601
0.006069658280872498,0.005351357760392952,0.00659845104791109,0.008604983472162568
0.002182661475477191,0.001778235357672722,0.0011530023852819164,0.00231744827231256
7.402113913036598E-4,0.0037026510245195907,0.010572856295958973,0.0021046696039733258
6.298087754201278E-4,0.0015296022602886439,2.7373610743751343E-4,1.6149306608805004E-4
0.0031061825474070306,2.1435406969179388E-4,0.001667214551876671,8.645566733001299E-4
4.0022330413278147E-4,2.6491199303768377E-4,0.006203026827002306,0.003678644060447878
0.0023225258952664393,0.0017436818924950227,0.0031575057564623065,0.0013787166587127225
0.005755021837131523,0.004989864118233196,0.011487069068885193,0.0015449966057715463
0.005705782991103545,0.005800937665536683,0.01541273109651927,0.0028783958785968964
6.710219139302294E-4,0.005937114873983345,0.005445978661250923,0.0012165159433291531
9.201342029354021E-4,0.002336679455021124,5.111326627261758E-4,1.473567295032806E-4
0.0024471698070639594,0.009255355390688542,0.002357687352246467,0.0056500840199960965
0.008296674027247609,0.0025974303982363753,0.010370565923365285,0.018805135165484665
0.00184199522981742,5.371432973037519E-5,4.355563341162252E-4,1.8478962731142688E-4
0.0046172695982778945,0.002718050803307602,2.650977476068485E-4,8.947108501783339E-4
0.002122748072067641,0.0031158858008167437,0.004636363314948922,0.006917139913801413
0.009101818729250581,0.002915707343375557,6.680727969651347E-5,0.007415375506750957
0.013717272468709869,0.0010755399326681932,0.007155020743991337,0.0017600161949527858
0.004284891480993451,0.0034742400249768105,0.0033069507330472938,0.0017126839059637868
0.00345871239320616,5.573633305253008E-4,5.588174446649068E-4,0.0021010211266744806
0.010435820113535502,0.01384830194864975,5.887111087816368E-4,4.806838276852163E-4
3.0405075384870134E-4,0.009743325684702077,0.016838717075444563,0.001488815079822872
4.3020560891704013E-4,3.1193110404028614E-4,7.325166641350805E-4,3.174540151309793E-4
0.003978516375977893,0.004304041759656593,0.0010152649621039485,0.0028325872785696705
9.976655661787404E-4,0.0020234358405548697,0.001373580070234534,0.001211233272443603
0.0015758174232035486,0.0035295564311474616,0.0038642227520160506,0.006260216973194028
0.0021391637948070374,0.0015610470690592658,0.010201443153042023,0.010173469107090898
0.0025004654719193047,7.079886358220172E-4,0.002629645022498783,0.0033350896149837864
0.0014402363291062344,0.0014330453938780326,0.0030955301455936994,0.0023462511111422718
3.795828496649131E-5,0.005252111329510516,8.07549386096122E-4,0.002746291153627272
0.001215273363048524,0.0028229260985740716,0.011449514128300212,5.15110609831909E-4
0.0028274194582032348,0.006797737451156292,0.00434432231474697,0.0070227256831252634
0.00634823245500509,8.907126688093422E-4,0.002544323515719294,0.0030135635760311585
0.0032629747838340403,8.372616582410796E-4,7.30550980312961E-4,0.003916070864418404
0.0026085751677600664,0.0014616075994944614,0.006439432688205484,0.018338355250721052
0.005561614018729834,0.00248143325290806,0.00858959724670911,0.013829027757177136
0.002184714591967151,0.0011029518240970129,0.0031718491541836667,0.005263563032399347
0.0010509657660881955,0.0038772293385916077,0.0037054209075083225,0.0013592126630739365
0.0025157990544913797,0.00715600796499672,0.014531825269477504,0.002761391220699693
0.0023398643487058174,9.566240326743502E-4,0.006077440131017531,0.003204193389890275
3.9274056658894014E-4,2.812565873439209E-4,6.244222081317878E-4,6.877846286555435E-4
0.002389066318549408,0.012498355373811491,0.009137172338318688,0.002048299031782284
0.0010407978025559227,0.001149281625666156,0.003782656253539746,0.004467947941780318
0.006755862617027253,0.0029820251375357143,0.008194397905364166,0.0015051096612713095
0.0011590602396366416,0.0025358021076090716,0.004029120125750478,0.0020226142213301637
6.013512438724437E-4,6.939173154862415E-4,0.0028417465739269273,0.002177625713740312
0.012165136863787833,0.0025382341542608653,0.0037698825085677066,0.002035454417639692
0.010889814057456202,0.0022014824515045658,0.008472134682086713,0.0016728162030552685
0.0034526506053536034,0.0018224475096699968,0.0027200970437525262,0.003432096530331914
0.012097890689649466,6.513887268416431E-4,0.00558923981780177,0.009580962304515503
0.005030125344963042,0.007251901146527276,0.0070230750885555545,0.005401669598380712
0.0028788121669060924,0.001983955259440121,0.008540846854482389,0.00474374508511863
0.003185024998899827,0.0013320219921836207,0.0034333954304445976,6.934249437741887E-4
9.742583404918699E-4,1.4410600556235012E-5,0.005619756207022653,0.018487073565928987
1.1181112035516613E-4,0.008798564897872601,0.009617686732032464,0.006472971842745863
0.0016034505743307015,0.0021780682672288367,0.005067546225060361,0.0024992333354344016
0.005704220100465752,0.0024705397564152324,0.01377312983103754,0.011052450773610665
0.005567152964118909,0.0015950180209319841,0.00909720426654644,5.961584858890134E-4
2.3238570608371747E-4,0.0011470165133908932,0.0012640036105894593,0.0023130264320808534
0.0029500812499746896,0.004505977662514269,0.0024110845939223457,0.0022890821192531057
0.0037281704437836204,0.0012840139714469672,0.010972755810635466,0.00420597164251549
0.004769506686192777,9.070950552442906E-4,0.008782906036450178,0.0019535752780175226
8.519757740403786E-4,0.0015839415167166972,0.002091173488805722,2.8406820276667943E-4
0.0020382485479584125,0.005144002454678155,0.009165062965453082,0.003675180629941338
5.367537365915734E-4,0.0033333803476538752,0.0030341091627278938,9.257910225402715E-4
0.004228946485236585,0.007906382630921078,0.00325114510689302,0.0010207367928937085
0.0030379861585342585,5.057158207874581E-4,0.0029672209055460336,0.004506378353659186
0.004145877418184072,3.691009405232184E-4,0.00819932564819043,0.001511625055356273
0.011535902353361266,0.0015766484730999303,0.0078458433468252,0.00499374269237384
0.001104176649962765,0.0029689682609758254,0.01700053927664877,0.003968192406586962
0.0023452345059765344,0.002963025935283402,0.005685335876532392,0.005369894691822356
0.005780023233097501,0.008758953197528303,0.0011306476067295132,0.008295279805540113
0.004578201543940913,2.8522103157588416E-4,8.077840716298253E-4,0.0028152241205367918
6.462303608956089E-4,0.003293850798637296,0.011890372918703564,0.0011415074957592756
0.008191626309458083,0.01460484362622248,0.009003082667691672,0.011898111422135732
0.0033869298707071877,0.001994503189589645,0.00783693067396334,0.0015439442577177948
5.862168915123945E-4,3.196443204000391E-4,0.005937310090071589,0.0063424363891782225
0.002007205602940161,0.0018977258843134739,0.0023635528694303525,0.0036477687792305443
0.0020493147308224095,0.0027889216412227595,0.0010918868536215884,0.004385359052961023
0.004859131429458944,0.004367400949442773,0.00488148543181595,0.0018437284814397687
0.00198045324284221,0.003816991584540483,1.12317219335729E-4,0.004456543536877042
0.00998452859721807,0.002002042365534158,0.013701184453109569,0.015043968432658776
4.6211338559263524E-4,0.0012191354476728232,6.687155528350677E-4,1.9524389606148512E-5
0.0022831191542908706,0.004899870243642115,6.211799316088697E-4,3.585626759646642E-5
8.788258654985963E-4,9.4723556878377E-4,0.004384676757052886,0.009076660794080803
0.0015931478825863127,0.008231926588345831,0.006549392967073201,0.008412051065181687
0.0021647474899260184,0.002039131437670391,0.0012625710085865766,8.507792435678516E-4
0.0010345522649719632,7.307067877033981E-4,0.0015851234059977844,8.220306766279898E-4
0.012983082649692277,7.382918724666289E-4,0.004547972601656601,0.009368136880339651
0.00296578542874521,0.0015610874300814907,0.0014389067768455837,0.005012002382612026
0.0016794728511570934,0.003897005471397078,0.00570423843193064,0.0017845928429308627
0.0017500717661046638,0.005431722295015568,0.0075838599246340465,0.004648380939115767
0.0046983170718425575,0.011114822477055081,0.0074695333974366404,0.005844589331022788
0.0016823867818970255,4.7245806131965205E-6,1.779544439202385E-6,0.0013825990121964435
0.013171092016943288,0.007071055363340518,0.0035402970399404754,0.0019807551905597345
0.004831878510812504,1.4093846282487007E-4,0.00574042679626185,0.005452565064983146
0.004158451828319517,0.006200085032311264,0.004807826867979166,0.008193328021232543
5.82721857552813E-4,0.0019087842286194272,0.005779765922859673,7.919193827567248E-5
5.441370226796481E-4,0.01301231114838092,0.0144038049405149,6.650298618898004E-4
9.662536827507223E-4,6.723116786925674E-4,0.003948918949919352,0.0020998203760779397
4.5540741025976514E-4,0.007930718901544762,0.00358064207020544,4.312737295937283E-4
5.222804824740868E-4,0.0018237945725601277,0.001960297856995069,0.0011660166128265855
0.006343104739970598,0.006351135948610384,0.0017586292129705486,0.0068786547266963104
0.0014623631314964346,0.0027875250432482226,0.012666882072738932,3.6107778332314096E-4
0.0043054612787195015,0.005322943638620499,0.0022473241988374454,0.0025894845114618854
0.0014205386362590464,0.005968010485915583,0.0017604471114343074,0.0025712407177050723
0.002055200161220882,0.009437340201134146,0.003045997886557362,0.008759018530806219
1.631989650584608E-4,0.003513747697051825,0.0026465685828878766,7.302958935965726E-4
0.0010036222639139545,5.627489297745414E-4,6.710331950126742E-4,3.381244316735025E-4
0.0041206791234535195,3.392779836229851E-4,0.001303654639697425,0.0032596037253701847
7.883297288768384E-4,0.007390222384934435,0.008392010390236373,0.0021416746419752847
0.0023165571759015346,0.002813732706129119,0.0011195973850673816,0.010700104147148348
0.009136658745381769,0.017000540206806896,0.0013992035055279705,0.005045592840507148
0.0019195854377105663,0.0060311189673768984,0.003698440552860604,0.009522347385893803
0.007419402451184459,4.46527238260341E-4,0.002537503109557985,4.7881370983542197E-4
0.007823954965549908,0.0012847367132653171,0.0011631906804535665,0.003912153831971233
0.0012019443493983186,0.005059160873051888,0.004488055586362219,0.0017198434292474685
0.004285964213812551,0.005405262607766628,0.015473165561407445,0.003039578929233497
4.986371611194538E-4,0.009841999894515584,0.004049225761676231,0.00611633331134465
0.007253049013872915,0.0010428042292213713,0.0025113987285372216,0.004016403291454894
0.0010623721346065967,0.003203185053716084,0.011213303827094298,0.0011457936372285945
0.0010762267924234504,0.003563980051621267,6.772662541026437E-4,0.0014335070516046306
0.001699692616551219,0.004212140757775503,0.003096122283606884,0.001163036301736739
0.0037313457621867665,0.0026646023092097774,0.005460329456960951,0.003702804843730054
9.313768523410042E-4,2.9479430655409344E-4,2.0151558323479908E-5,7.072053318953657E-4
2.5270408177045426E-4,0.0029414185471186086,3.836017685811716E-5,0.005070629943149193
0.0017849035775851004,4.085859066105519E-4,8.091062425742575E-4,0.012265886607097626
0.002802795202122992,9.83182388111846E-4,0.004879093872322557,2.7996793342240306E-4
0.00926590953292352,7.874996172031883E-4,0.002734583792156001,0.0034576155452098805
0.0017495669857017031,0.00746216596610302,8.209680059625721E-4,0.00924568270278467
9.696824985831737E-4,1.9402245249031748E-4,6.035893941575071E-4,5.963489402130907E-4
1.3493529307199382E-5,6.90641957733221E-4,0.005830823750579406,0.0016701404048002333
4.9959556705221114E-5,2.573055677749604E-4,4.705975322947076E-4,0.0023417055342782093
0.0036304145834303117,0.0012416011718214455,0.004627947114814333,0.0026962969250828705
0.0014374820344802866,1.2513187295304587E-4,0.004809686125700355,4.425759188603539E-4
3.420161043021907E-4,0.0014952663574167072,0.004661869310391135,0.004921181226729699
5.261553970941022E-4,0.0032505005165176432,2.993255917717134E-4,0.007946267043558936
7.333238378210275E-4,0.004560354906665082,0.0028829501721421747,0.0065473749487082724
0.0037505836364250937,0.00694437148404066,0.005145265494902355,0.00422119777953722
0.001608243299855015,0.006780264135291025,0.015173933622414811,4.1248125912427013E-4
0.0010944168879355935,9.557580658781478E-4,8.457560218345233E-4,2.742955627637475E-5
0.001953458943016103,0.004441330426195147,0.004609198421373037,0.003498083752176592
0.015778393271312256,0.001605800925805601,0.010778252315999447,0.00489877822431175
0.0017314950559353319,0.0027666785786002453,5.50098506125727E-4,0.0012650863430509502
0.0017675167119717533,3.2817610985206544E-4,4.7889242512849677E-4,7.403233054860144E-5
0.0013607022146543246,0.0025461898364709627,4.911571674834373E-4,8.42646053854059E-5
0.0025715517588045947,0.0029615471130889077,0.003042974746246341,0.0034279612567946786
2.9971450832372016E-4,0.0017088218446899871,0.0017227531446853532,4.599927321597899E-4
0.002751432859379451,0.002416555225690884,0.006452597208305538,1.8474613107805218E-4
0.006458722538446555,4.7054641307860584E-4,8.106830402227926E-4,0.003933379923098358
3.9328004169730157E-4,1.0506851735934675E-5,5.23389850691432E-4,0.002376894095783053
0.009247398112465312,0.0037978257238634613,0.001634896651705389,0.0053359643582263855
0.0017213542720949009,5.614231712655527E-4,3.3737105733310717E-4,2.0200761395767846E-4
0.0029364760398388466,0.006723822414171537,0.013364264115147621,0.003510340492295131
0.010064065786264691,0.007147346009673816,0.004893958879394042,0.006185965792169701
9.414141396379414E-4,0.0019258577103087294,8.258762225128018E-4,7.032507125569617E-4
0.004092824872830998,9.791883644053887E-4,0.0028695558912390498,0.0023829574263015546
8.3462869371089E-4,6.438782729441316E-4,0.004348278266132066,0.0023325787794012823
0.008889058430430993,0.001633944173595108,0.00782978681500944,0.0015603935991310334
3.7025009479548735E-4,0.0021434686594581044,0.0014971928201044607,0.0019098219712216276
0.005288189094576775,0.012631916530716342,4.780883473590862E-4,0.007198886852644611
0.00488000192137034,0.013993359753998699,0.011244830121352032,6.829753173667606E-4
0.0010790484742273564,0.004958260608395347,0.006561833501802953,0.004212256138498902
0.005565417916281354,0.0013282010129912478,3.3570058985463214E-5,0.007083707602401428
0.002345862320577985,0.012309589993362456,0.0024183345847043837,0.005242128713459781
0.0015796774133316766,0.00473430781542582,0.0018620871546579218,0.0027889410175453667
0.008605362664981485,0.013053067558693397,7.140075020783642E-5,0.003969509389765527
0.0036549504132514818,0.003837304613679651,0.0022072028427114355,0.0010749644276678242
0.013228087033471095,0.007137041891491287,0.0035212860393343814,0.001412813110020028
0.0038183435186451317,5.313815502143549E-4,0.0038631689411229224,0.0028689707420471353
0.006190822697064561,0.002209019578291507,0.005193326903280282,0.001355373560901025
0.0011359901410292802,9.98520002883767E-4,0.002004801299949604,9.593264963234426E-4
6.529989707913621E-4,6.558780489011042E-4,4.279364460216131E-4,8.665744875044442E-4
4.292257844505977E-5,4.8765042718278666E-4,9.494883922686503E-5,6.385381581732498E-4
8.566718813373569E-4,0.004519713936599639,5.030315438565416E-4,0.009301079490157323
1.4931922208199054E-4,8.669853271041276E-4,6.476079204700767E-4,1.1987198401725612E-4
2.0070662239464178E-4,9.757190547024345E-5,0.0014716450775773444,2.2808874834439997E-4
0.003797509258484507,0.007285830979795285,0.00357004826409492,3.7401164645904764E-4
0.0072584914476804254,0.007035485145511139,0.001472211288758011,0.002766084637515182
4.6329522383647476E-4,0.0046493658272830024,0.011189852197870172,0.0027547065535197283
9.15108755948741E-5,0.0012959059974610022,4.40679935855873E-4,0.002126213086903597
7.420741567571315E-4,1.9922370391584144E-4,1.884869285096392E-4,7.495081299868582E-5
9.282245334192894E-4,0.0032583918518280294,0.003320433081066439,0.002815656889559124
3.7000147059129365E-5,0.0017180798961138706,0.0015597674691730549,7.464638376997993E-4
8.001287846239407E-4,0.0024444141111989314,2.6363854116322216E-4,0.0017540605000045976
0.004401413292202946,0.0024944326540897745,0.00230800897825736,0.0011386674126159053
0.004942901313152581,0.0047339665071880754,0.00671779544486195,0.008243680600016933
0.006758048771148505,0.002243356464650577,0.01062006946088844,0.008910522397883544
0.0037784391249800447,0.001855217285526297,0.008252347968587943,0.004326995777906691
0.003595266776046767,0.0032091935588276187,0.00859557590937208,0.00853219344117537
0.0035203742415489984,0.00336942926370475,0.0017086200383490697,0.0012653793975135792
0.001168112127655765,0.003643647120687638,0.012057692768686902,1.729777193690045E-5
0.002314525433811026,0.0037907081449510822,0.005242496764126224,0.0018606016873378086
0.0060535387726780255,0.00787001442950798,0.00118569401140973,0.007880462242240522
0.007104040445659178,0.00893415389658942,0.004329589903796288,0.005665607895236849
0.002015454318751739,0.001320749233626647,8.075734869874512E-4,7.725472563331779E-4
7.85398502335674E-4,0.013231637908966136,0.01653903163809328,0.022874532692553472
0.007007038217648473,0.005823460233266155,0.009462385560287155,0.009131281495340742
8.209357549243792E-4,0.005115938108265899,0.00590939588788851,0.01711545278582226
0.0034728671168326925,2.476965326213309E-4,0.00172475563940533,0.00202095278449764
6.657532435539969E-4,0.001423485033665423,0.010463035880867954,0.003467490814427829
2.9480332958292476E-4,3.287656376394064E-4,1.2070177914575874E-4,1.301999186091066E-4
0.0029467769626321644,5.225791850256749E-4,0.004922382003329821,8.932036334731461E-4
0.008161320986738416,0.004032982404747213,0.01506874801200942,0.008739504008287732
0.01813095476259382,0.007992186372571635,0.013096669131494295,0.0011811793864968249
5.410301363945743E-7,0.0022155279750791118,0.003005464873359595,0.002514733360536473
0.009412987389502745,8.473871977331382E-4,0.008148630650581558,9.46635946773167E-5
0.0010275005242353756,0.01110738568641108,0.01061755642074697,0.015367872410867149
0.0036571939152030453,6.358594467567417E-4,2.521307780700196E-4,0.004522430290324452
0.006399660597022662,0.006210037752614338,0.0035030370330146774,0.007155172004665955
0.001388457998817162,0.0021199459468366957,0.0013653126881712524,0.0069126123876610355
0.0016856619492786977,9.092388918742006E-4,0.0013364836607828669,0.008610134364714413
0.009532713661933293,0.005630544632203697,0.001868257633286157,0.010464065324990609
0.007865458189721074,0.0023246003092508944,0.00733969773192837,0.012663873717025102
0.001714245967492181,0.004438673345151533,0.008340823331161852,0.013080058587252972
0.002859600456353468,0.004346937829450613,6.5992609502668E-5,0.003554975566629389
0.002339459208144631,0.002566484113903258,5.215988766937147E-4,0.0020483166555985374
0.004283257172249406,0.006228044773859326,0.003277709040361784,0.0021271015864851874
8.95065272018428E-4,7.040599309251267E-4,6.909322709367827E-4,0.005029615477771168
3.145491390428787E-4,0.005393658609824197,0.004975531263923889,0.005923721836417931
0.01049042481540235,0.0010860496838337676,0.0049515421349751645,0.010807960793585415
6.042461927942647E-4,0.0032638584859681773,7.937063032056277E-5,0.007964067363318148
9.000696119206214E-4,5.752556869224136E-4,6.439953887392028E-4,1.6741262041679536E-4
0.015495028762609362,0.0046980835800582614,0.004962598039683134,0.0013388534698071544
0.004970869930626963,0.004663430393680848,0.007477546820975215,0.005837229682223843
0.005118339789455669,7.945891807015005E-4,0.008393733011114225,6.331816357121181E-4
0.00250670962913232,0.00245263624805536,9.378623324850799E-4,0.0010134541540763637
5.381819083969659E-4,0.002695115709100695,0.0019445791455730659,0.010033719981727047
0.011904130819860886,0.0020870546012443708,0.007416556902728996,0.009882005614709732
0.004405552387970649,0.012415139401490503,0.010154577560308197,0.00858821435375379
0.001390748651742062,0.0014710625055446556,3.767410497638841E-6,0.0038628541105450846
0.002226257098432624,0.002631687643948722,0.00555259291848707,0.0024355555672317974
0.008773909928754247,0.003975733509887273,0.001045455690572307,1.1849013238660812E-4
0.006521611789228164,0.012230045823628256,0.009329921304427953,0.006426692649273464
0.0033747009023995644,0.0015658560475215722,0.007743029190618107,0.006159842339698934
0.01873867185197866,0.007523334358484597,0.004354320494324966,0.007594423741118769
3.29356635920788E-4,7.335760101780495E-4,9.398475094698091E-4,7.715264414516936E-4
0.0021616669369675934,0.0015875449075804498,8.843531441344165E-4,0.0014271395139326946
0.0012685875248907418,0.0032741969450269955,0.013334232777704727,0.0043364801838491835
0.003963775299128328,0.004317756677105797,0.0011953120867700207,0.001256251779132921
2.446143245291665E-4,0.004038973568213523,0.004307225969642256,0.004681158628799976
0.0013943467146910037,3.1826511282584375E-4,0.0035460642446069964,0.004085380950011268
0.0031382448466984055,1.0934649297329044E-4,0.002771858601914627,0.00323942598996365
0.0012441202858728955,0.002546073883893802,0.004537950149585154,0.001937336752801952
7.006423506429295E-5,1.6523502057784283E-4,0.0013317035673855592,0.010873970673212737
0.0028466003001478475,0.008043084784701178,0.005363853679207072,0.006125364021135164
7.015189993519573E-4,0.0035908256573881437,0.003712951344519508,0.006426628510058468
0.011024277941894898,0.0029464874570259538,0.006032737317912288,0.01101407572445372
0.0023471544747336506,0.0029767580407296435,0.008639227270781627,0.0026475986709445388
0.002242886410397975,4.07492261305591E-4,0.003754448797330296,0.00185781355522225
0.004603936146589115,0.0021656413133980482,0.00824000429536968,0.006299505940371312
0.0024581196945946777,0.0011059253827056558,0.00779799829735076,0.004751333783443394
0.001783720007483467,3.209371845655373E-4,0.0041878595250403015,6.959399321138293E-4
4.129741343508165E-4,0.003395172656621955,0.0018326082700425126,0.001269261712772108
1.497464028554264E-4,0.0025258010282001226,0.002204510792416,0.0015263862473973273
0.002363068198917599,0.0017594109992659476,0.002141206038617114,2.684879287446433E-4
0.007967185853051109,9.741753522315009E-4,0.009158861695092908,2.592862133862824E-4
3.842728622815653E-4,1.6180494542975275E-4,5.127303016038069E-4,4.6199247265227056E-4
3.0243627565697235E-4,1.3002338366444713E-4,9.463199525645832E-5,0.004181892438873031
0.0030982219875644447,6.50449785711293E-5,0.008916895672276205,0.01649773857337713
0.007686361258560157,0.0031584244916841218,0.01416623433120293,0.003622558682464185
0.002290282361563815,0.005959816173549615,0.006197923620360153,0.0033173970058282907
0.0021360911392608655,0.006454221780756689,9.413630360944299E-4,0.00406835841460976
5.168411425995819E-5,3.4995997620787685E-4,0.005872225063298615,0.0037784175681314773
0.008740846009874062,0.004142752107785786,0.017874702992135373,0.004158294526838239
0.0026523170662199292,0.0036690394601667227,0.012333662307865579,0.018412272986425785
6.350638641606772E-4,0.0031990279802437635,0.0050827421646611045,8.380559684744732E-5
0.009209473340051972,0.0012720744145844854,5.503409639490565E-4,0.0017933498226456793
3.4448154275575906E-4,4.903444209407811E-4,0.0012614169190177272,2.6833513537719987E-5
0.003475619073399694,0.013028323484534253,0.008009431141013991,0.004803957427252219
0.004392625884031775,0.01246773976740789,0.0018915701090772878,0.002967452265429544
0.00987932130651067,4.055834257281384E-5,0.01872219391931979,0.01138912810802394
8.64351061735126E-4,0.0010272411910409915,4.834486552828885E-4,5.703196733902332E-5
0.00712298882822693,0.004697484955633706,0.006615402145205666,0.011173402624965087
5.247310923949748E-4,0.0036232561194234013,0.0030958243982113216,0.002345977463949114
0.00379567906882857,0.009084084204460025,0.006665981663659048,0.0024972579841810345
0.011318351366622856,0.011314086949686872,0.0074026363344794725,0.0029243316562992884
0.001162883364829732,0.004858920991343729,0.0065256513241426384,0.022064238908088323
0.005930637827241371,0.005284992777584614,0.014771445925561908,0.0027959377305578044
9.307459220243804E-4,0.0021767495725578683,0.004818457704242453,0.006288518919456312
0.005528919724072323,0.0032525742889158134,0.008917408059754689,0.006810998239420093
0.004103286107881291,0.002696347606867929,0.0032512516726783723,5.457775453042821E-4
5.237353122076718E-4,0.003029426393713098,0.0017797569457350172,4.4276657636024836E-4
1.7601518637031053E-4,1.3197874012992256E-4,1.0277317105771178E-4,0.0041127274960872815
0.0031099168639201215,0.0034569412311433057,0.013889630751241217,0.011793454542885577
0.0027938395748424096,0.001136248906924526,0.002380692463923985,0.003398176457804197
0.004687695731690375,0.0013813989296638715,0.00431990365843801,0.0011615466194541911
0.0043055716965299945,0.002712448640975041,5.717437186985188E-4,0.007914593882306278
1.656016895968129E-4,3.3483938799258253E-4,0.0033949105530836276,0.019259340171275615
0.0018679094981883975,0.003939208566838488,0.007041659253619237,0.012253741098918861
0.0024919309683909085,0.004145861788268904,0.002634949891269744,0.001577899279747495
0.002590860143505869,0.0017672564108786155,1.1296245266226515E-4,0.0019727691968293593
8.779378235776161E-4,0.002393450836103585,0.004374372174772566,0.0016363602755496863
0.0014391936184638225,0.0014016196090665132,5.632064547866889E-4,4.172234097184175E-4
0.0019088217920628645,0.0041089297269923135,0.011015389159126514,0.009069335939796731
2.8847688058898305E-4,7.976566419687452E-5,7.262541420564207E-4,5.239246837912668E-4
0.001084807666133283,3.921328731661338E-4,9.794314596698232E-5,3.8225717896111394E-4
0.008874807123477648,0.0016441075439617013,0.0016482262703130365,5.054725654944497E-4
0.008700333106104815,0.0018901481811708489,3.1909775938124946E-4,0.002536533454311503
0.0040787460869871435,0.002007840152492954,0.0018928947568878575,0.012101941163719104
0.002726284339668149,0.004241489237971468,0.010027127391480598,0.004161536343364335
0.002588900553630682,6.057051957367221E-4,0.0058485145605994705,0.002645818721746793
0.0021618502842642253,0.004331186325849322,0.002250969054636074,0.003549665100442325
0.0030886223497534762,0.0013117813846372966,4.086927085943577E-4,0.0034006838698526017
0.0030324827981127378,0.0023737507008501292,0.008051319942752343,0.012615023162686746
0.0045639473065710095,0.00772083728730753,0.012537874314371665,0.016660549206235633
0.005038042950869564,0.002064292179631501,0.005748307374554691,0.0011620659627284086
2.3263725168163764E-4,0.001632465736209336,3.3420975676083284E-4,0.003766389425349599
0.006979139741855452,0.003037721241923223,0.00797709555620946,0.007086185922031511
0.00397159004398222,0.0010996615102025567,0.0027575445891118927,0.004011285021057652
0.0022392370878676774,0.0037363709516577697,5.635638982271154E-5,0.0028809928033582104
1.9428327978263733E-4,0.0031652849264545944,6.549659375561979E-4,0.014460145631666671
0.0035055340514672023,0.0012825449804786837,7.024868406778161E-4,0.005585276547101573
0.0018977203835891907,0.004380913609128764,0.004068199789131638,5.9962453553530365E-5
0.010327494418214895,0.002636727407920587,0.009198579889743139,0.002352922165002729
0.0012116162732985615,0.003065406426167087,0.004947438649337133,0.015077450118421898
6.019084152963683E-4,8.85150800213286E-4,0.0012893445176789297,1.1141486990330575E-5
0.0017495767004162192,9.332388266760173E-4,0.0037967599886489724,0.0024528224340519037
0.002623245609675093,0.0017922985329900875,6.010024206287471E-4,5.716403877630599E-4
0.004167456454060546,3.3128804541442846E-4,0.002214130473168898,0.007584805556611815
4.4578110635408494E-5,0.003680647699828932,0.001254945884117388,0.0016157493756850686
0.00449014340000761,0.0063333155445240655,0.0060693127217933355,0.004583686758342853
5.246473410516611E-4,0.00630894813687806,0.0029016443734381898,0.009849673231790784
0.0036021119155784775,0.0017302047353122847,0.0032933238447154095,0.004205425000795609
0.003590750434454184,0.010385971449239646,0.01848648990397655,0.004062078741421327
0.0013165025119610029,0.003516336458614794,0.005001867570696548,0.004033463859750102
0.012286419930083984,3.633922201813979E-4,0.009272768153369401,2.702682084281023E-4
6.005292825068912E-5,1.4428386771030236E-4,2.0662333139662828E-4,7.767168707805622E-5
0.003056768475732513,0.005179803039674049,0.001226212675387523,0.023705630079829676
0.001011820503424847,0.0034429763356671806,0.002725723138622639,0.0018541808264702642
0.0011835795504189517,1.8066666681941485E-4,0.011053737758207094,0.002879618934538709
0.001489385435211953,0.00106329942248827,0.00251638558885749,0.002033676382080721
0.0048596643854031205,0.003005695295806365,0.002805113551664067,4.0891226331842315E-4
0.014245526657193062,0.0033408826463343835,0.011526575289341142,0.011392793393515491
0.005389773272669471,0.01141309546204151,0.001983599399625264,0.007634988088301108
0.0015920070112779405,0.0036676206692792834,5.515000426609942E-4,3.862252137954605E-4
0.008925770351542324,0.011782924438650425,0.0013638136643269844,9.374415426030594E-4
0.005679732888097508,0.004313193146884729,0.013181428208051182,0.012440139915739444
8.168966183385373E-4,0.00330576351318544,2.481562247023395E-4,0.0033293967786014573
0.004317032102778673,0.0034055426129895807,0.006737627390871762,0.002101875665420306
7.77634359725182E-4,8.913545969071615E-4,0.0021294169915612865,0.005223939019274329
0.0011866339197546543,0.005946983994583301,0.017263318112204558,0.013492198753054763
0.0013909668827391576,0.00642855405522553,7.176399217688938E-4,0.009593216483964507
0.0022005134028677976,0.0015587185288257646,0.0019964438804824353,7.225842667189551E-5
0.00409381537993359,0.0020576604610013484,0.002195065480053552,0.0038214772920087347
0.0010692010052773073,0.0023582785226358926,0.0019245613634710594,0.0036044075056402753
0.005213057914929073,0.012475805776137461,7.095929698567741E-4,0.007423544741336883
0.003484218598650781,4.7040975617927927E-4,0.0030493432252835483,0.006286819068567943
0.004072390269575881,0.0015957980551576357,0.0013285610473177053,0.001652158999626885
0.006334537747097506,0.00817519018321519,0.021829331729099306,0.01991927315938638
0.0032365948904526255,0.00121540923842119,0.0056361713013673735,0.00320737590952867
4.0943891087580754E-4,1.2879703470214123E-6,9.14135535568178E-4,5.587951371071835E-4
0.002570497489103947,5.653789402435702E-4,0.006928841836729781,0.004946326502526694
0.001110553714286694,0.005698998746219275,0.008153830476719845,0.0010471315808836081
0.003318444974711024,0.007147770186627973,0.010512271616052081,0.006392141068915566
0.0020605438984530903,0.002115822343806014,0.0014333018121348946,8.145846179921076E-4
0.011300318795305785,0.0013585281049661832,0.008889752476768828,8.047817164691476E-5
0.0055940082029386174,0.008986565890862119,0.0033426276785834103,7.07315635726556E-4
0.003763343513428449,0.002533700069236223,0.002222252680687724,0.0059247501944578165
0.00500306326308927,0.005485799443871019,0.018623102990781463,0.011525102226525938
0.0015884455004735185,0.00231787565657674,0.0032064602077282517,0.008304838718902292
0.0014263383109133997,0.0014068332859475323,0.007224828153625368,0.0011822763330240579
0.0063193413837757985,0.001668086980925661,1.565880155010789E-4,0.004880917439924215
0.010914767817171087,0.003212800126108737,0.005622342711980964,0.011619975734697932
0.006841665382748953,0.0023460755012798453,0.0046418067397982765,0.0023665779088815355
2.667072767349816E-4,9.413957632144728E-4,0.0012431014940794635,4.485550588700037E-4
0.004558934570828866,0.004026188520856127,0.006866482996701284,0.002741321862327591
0.001995312406109614,8.666196382225588E-4,0.007506676117233894,0.008498269730657334
0.004873476920283689,0.008219499148155415,0.005768933254728916,3.5603545822934427E-4
0.0030752368460570207,0.0011998698317474263,0.004601103822184826,0.005298132256991888
0.00294568483029446,0.007143414453319085,0.008533238886676012,0.001787076353379697
4.8191603760556275E-4,0.0012813804646223978,9.015778260680564E-4,8.047704472832791E-4
0.01570592231542473,0.0036002838231057955,0.01680362387940542,0.0024529630742696385
0.005029466281442116,0.004119221337087955,0.0073359438017642315,0.005527740794618269
0.0031748640893459004,0.0020835025883859043,0.001360372683506289,4.2949605453804023E-4
0.0012469775530162999,0.0039031160051978347,1.47406062327166E-4,0.009311357361160174
6.898281912177651E-4,0.005223413761200267,0.003982249456495796,0.006787922202538646
8.072402640434714E-4,0.00143732141095945,3.771627225336324E-4,0.002658514182435975
0.009473247835668034,0.01640883935678185,0.005851229740336323,0.007083168667630829
0.008710506666758003,0.0028829648365204896,0.0021823768244299525,0.004364800639990109
0.0010627959525361613,0.002449183193128976,0.0014451925642242215,8.265057307725274E-5
0.0015465896958112046,0.0036187048565513003,0.0026786641769576034,0.004067013087450426
0.003019977726473315,1.3793683164356685E-4,3.262043376792261E-4,0.003696293460754921
0.003034225968609826,5.093205859201167E-4,0.0029581595578879643,0.004505507590013415
0.003050331362062781,0.005279263506511463,0.005971629043114666,0.0031953631704085637
0.0012423566852064803,0.003293293227279458,0.0027449183548115793,0.005789609482087792
0.0019565972332936665,0.002253583192865513,5.578075301036895E-4,0.002792937117347558
0.004790804416075385,0.006630565170970944,0.002696470665048489,0.006058292477810805
0.013769572182898713,0.001868175426090303,0.0021077195374115056,0.00936440348930599
0.003938204871003888,0.003351259854872234,3.797889393049095E-4,0.002442257106782531
9.087712748321123E-4,1.3465319049138795E-4,9.568660470565104E-4,1.475821465192447E-4
0.005938252359142597,0.003958206375616794,0.00760683186620309,0.01618191545857069
0.0012352631284162675,0.0028217187079434543,0.010595775997866774,0.008634812240176938
0.0014143654521411814,0.0028376473393866048,0.0037837014643061816,7.414620510156108E-4
1.4873685462755924E-4,0.0023845825798061372,0.005241007431193781,6.772429874977631E-4
0.0020676243712300507,3.5191440182775075E-4,0.003163015144477606,0.010644112677696903
0.0019021076231366194,0.001757909992927084,0.011533796015438406,0.003992068496715658
0.012265686904759737,0.003759686849269022,0.0012284988292052012,0.005038504691183148
0.0038180745012878375,0.0029294197186051757,0.0013199693342850882,0.001001891658527842
0.004668473444870911,6.456483547229259E-4,0.01289378888239058,0.00132441924826637
0.005716529440261277,0.006542846049049556,0.009506368546914685,2.0079702715267343E-4
0.0022652220925118214,0.0036221522909090863,0.004383923203534821,0.004305819305892336
0.004070268473702393,0.001172360920039219,0.0013261368833526184,0.001781938781636333
0.0036819151697815504,0.002790794197596175,0.002118556014366975,0.0023120033198688883
0.005470359865325077,0.0014474917373658005,0.005576105297434329,9.705931876138644E-4
0.0015504998752871523,0.0020024393552131783,0.002477168431127709,6.961265433555019E-4
0.0022684530473204754,0.004099522957892751,0.008527378096068551,0.003501116907279395
4.1189306049399136E-4,0.002333095503014254,5.54219998348221E-4,9.096638806372311E-4
0.009815301995216786,0.005426476684326422,0.010886389532080189,0.01963908236559714
6.908027856220431E-4,0.0026234750076299896,0.005722959322915718,0.00205755627909949
0.0014141534936422389,0.0012838080103510295,0.013850178764793853,0.003898807772100437
4.421966773230632E-4,0.001449856673759859,0.0014601979144289237,0.0011276192593648435
0.004850035947519914,2.9710514005197206E-4,0.005430141212001247,0.0010143959418784266
0.0042449463684742055,8.949378928005521E-4,0.007063652885439013,0.01041443179199167
0.0025588093332287224,0.007958392566732348,0.0015321364202096248,0.00817751804451865
0.002105986650941811,0.001264519146455847,6.192246742229322E-4,0.0033108483317909666
0.0025990412348387893,0.0029258663761329165,0.0036479210504173423,4.352950185813813E-4
0.0021523223943179246,0.007751289929768113,0.001659833749536226,0.004226434820045392
0.0036787515896252944,0.003624791810607014,0.0011376525622770796,0.0033065013743455865
0.005751791928848854,0.007485523999299472,0.0062489658790242176,0.007380740260825844
0.004059648596205547,7.317720935040754E-4,0.002235067739814913,0.007005773559661631
6.656752639388362E-5,0.0049430868102241015,0.0014153527445020914,0.004010614021758182
0.0050578160781708185,0.0056201508800164555,0.008079410574623963,0.0064365919902706625
7.782096949615245E-4,0.003069718694265374,0.001903480060279476,0.0016838994085362408
8.949541969608546E-4,6.946830912096716E-4,0.0020002025735932965,0.0035645790368398437
0.0015354621560853803,0.004051313803626136,0.009222938209056534,0.005930497342227619
3.058344232573187E-4,0.012628568610821629,0.00793225434830028,0.00977864586436403
5.49814409843467E-4,0.001656810706576936,0.0054154957921071206,2.4822537319579683E-4
3.285156189226734E-5,0.005448759324503986,0.011458438803622836,0.003887136669770996
0.0021983821948101485,0.0010921160115916196,0.0030862556722047268,4.1140168619180334E-4
0.005448508058151316,8.133404724394883E-4,0.007879660662541614,2.2746200521128493E-4
0.0024842527172758825,9.027319428169072E-4,0.0013980547660645004,0.002575850318324596
0.003467250148905301,0.002421200214328929,0.0018998751345425658,6.882826711155093E-4
0.003633244738552445,0.0017886737266761257,0.0037246358678487065,0.011930916767916288
0.002463967619904409,0.007437496733001679,0.0011718553598618108,0.008472384113962972
0.003720501908896606,0.002241498638941003,0.002272391178089446,0.0021689108468408405
0.003154401144144852,9.350971703233796E-4,2.987487470920889E-4,0.003742737666041793
0.001680726181594928,4.971028230289369E-4,0.003576405507288756,0.0039037864652096237
0.009262115797221263,0.01719996471940018,0.0016718957539023445,0.005718710335129523
3.503518641522588E-4,0.005068864973476608,0.006130283205414463,0.005404581166554814
0.004641917573922699,0.003983385947999144,0.007286777698015187,0.00643846363916675
0.005226063308408904,0.0033298637978612365,0.009319500619128751,0.0012973079498427107
0.001750080696346802,0.0034255545665076883,0.01191828064782116,0.012924691406413377
0.0035196011550705326,0.010068150207996463,0.01814438010775999,0.0041778970221929045
0.0037616763648271488,0.0033802783816991385,0.007500504252635069,0.004944382574623546
0.012232162778295618,0.002694625684725645,0.010726050414690906,0.007271391648349782
0.0026147423436404236,0.005037297577975964,0.003919304493951547,2.7862938448476766E-4
0.004060454270774534,0.003962027027059586,0.00879646565285551,0.00879577968665
0.0012572219526487225,0.0025495860531101738,0.004160079309788071,0.009128536196584682
0.012903559118975031,0.006599795148655179,0.0036495534115237285,0.010890802205192845
0.00520719069457733,0.00812184853830514,0.006417563076468422,0.0017440420896835522
0.0012898169588111184,0.004251111882944946,0.007395062238175653,0.002319057822791224
0.004062339613905732,6.764575691319247E-4,5.311971202135149E-4,0.002195799733502418
0.011351924414767647,0.0011765525785187025,0.0014884721250339908,0.0011769461784803257
0.001860500322809193,0.001246170916248033,0.008123499876415011,0.008296947442514694
0.009808090113168147,0.001957603850169973,0.0036709498905331435,0.0017802508748186122
0.0014728642179298495,0.0021738185924380345,0.004211538411930832,0.007177412657634826
6.473286891370356E-4,4.0144103565695546E-4,9.724460094246367E-4,7.785458587245075E-4
0.011680555034720139,7.862991523130098E-4,0.003630194867082345,0.004699723425471832
0.0015268626741086712,0.005138906206802615,0.01120865617604226,0.0010241883495476223
0.005692027230146067,0.004983396156819902,0.011728234061109587,0.005750325158111766
0.015713093670680193,0.0030670627000554417,0.008416146820953372,0.006115080355636606
0.006853305283319782,0.0031137881792831987,0.0011083286715829423,0.00978840048411124
0.01833074945794417,0.007908533773314748,0.0057210822339227784,0.004232733988473467
0.001585079702020147,0.001797309770231275,0.0022056934653436958,0.008741146100818836
0.012255713551039124,0.0024071181680779545,0.010526083661485573,0.023322603498561065
0.0027364399279569025,0.0026216204935874407,0.0019230314030997883,0.006471622083270344
0.0017769877260360746,4.820444619641176E-4,5.839288911190065E-4,0.0010979145076150064
1.2879274661833345E-4,4.77142885089275E-4,3.520385675178597E-4,0.0013067413737940202
0.0016711146143459817,0.002264420456320787,0.0014637252087305365,0.002111466745054992
3.126660700896703E-5,1.3868586831881615E-4,4.528788510887343E-4,9.583628953043826E-5
0.002133028380424492,0.0021188801614347563,0.0012109124127687742,8.061454329924443E-4
0.005549877190927884,0.0018031446666075678,0.013294347328915193,0.013584745589027078
0.002201842455476049,6.292989639960028E-4,1.5335174855511422E-4,0.003351833358511446
0.0011707222757828663,4.563689387032522E-5,5.573671475932652E-4,2.2627383591205578E-4
0.006403183335064205,0.004864175732240026,0.00854641380871462,0.015395059874761457
0.0013834725277591434,0.004907988917762249,0.0025585289509695605,0.0029114128274706753
8.591159637197426E-4,4.4036970595114246E-4,0.002427517104077543,0.0011158244775211882
0.0010793699174756575,3.1033638988269794E-4,2.296309025360007E-4,7.056377924838802E-4
0.0028903496639869947,0.003682411092895413,1.222102434592345E-4,0.0012605675099045194
0.005912409450938264,0.010506005476132018,0.006051022350258324,6.91164317822684E-4
7.841679591441126E-4,0.0018118853512742936,0.0019374452990692022,0.0030767347299099764
0.0024638580740178042,0.007013739562495876,0.008345616808988023,0.0034028061218147982
0.002879630473504479,0.0010666096477300819,0.0021562472142305643,0.004998443932964895
0.005769062639405119,0.006845490227101163,0.015040555918273016,0.0064885002314086036
0.004391298392066838,0.008402795424981124,0.003956222176107074,0.00191036790717754
0.005960382271900019,0.0020026379857281144,0.0013854690210499878,0.005730541212303389
8.02849500348351E-5,0.011653527381324767,0.0023411924866838254,0.018041732787640107
0.0018363015151561547,0.0030548696270898674,8.736432974368897E-4,3.0756767129166285E-4
0.0032491283992505207,0.005546074214622553,0.002469395146089744,0.006840032392194552
5.897764999371738E-4,4.1639397537093163E-4,0.0011468203708408888,0.0036559471017452005
0.0025189757829930993,0.0020433956557658057,0.0018926365419298177,0.0077072114131011525
0.0024388743348895455,0.0010521997483668316,0.003732819903581233,0.00872385115693608
4.975937279144725E-4,0.0026235733578182934,0.007970691365569781,0.004443934790273182
3.920458958161285E-5,0.0014735794327156164,0.0016895568423398995,0.0010753396898031964
0.005311842411179498,0.012689748481543433,2.364097123511286E-4,0.007205693194802555
0.005791088968451487,8.204743486860817E-4,6.273220807535792E-5,0.003149334034490047
0.0051426036684286015,0.005083013397280584,0.007421651643418571,0.003560171044634741
0.0038266057130556777,0.0036795173972747415,0.0018110594836386312,2.2967248445879016E-4
0.001620052474136836,0.002276152752130927,1.4827207167438078E-4,9.263166225469328E-4
0.0019895247533475236,0.009486897021999697,0.010427349436058381,0.0061832015528245085
3.623298767331923E-4,1.773038219462694E-4,1.0397124906569115E-4,5.426593449491649E-5
0.007197539664048659,0.005442354598178313,0.0069545078958054484,0.00988903753786209
0.005513055469777264,0.0010912800976087202,0.001266245831083283,0.0019794529648716327
0.006255969806791018,1.5422841528592258E-4,0.0030102615572326547,0.003989487796060203
9.352995122570385E-4,0.005169309623780382,0.004284210648222656,4.0575288449331876E-4
0.01038969822873066,0.008906765012664672,0.009875138447987408,0.019271309192247704
0.0010275005242353756,0.01110738568641108,0.01061755642074697,0.015367872410867149
0.003593958362929623,0.0010385494673543871,0.0024992465257684714,0.004236337987040136
3.507308188743865E-4,0.0019671609841858686,4.773949313836395E-4,0.007033937839429018
7.443054722145708E-4,0.0016467827048667438,0.0010462262841171258,2.8110825050861485E-4
6.540442273053034E-4,0.003477713197484174,0.003064855741645031,0.006224372361852021
0.0037387907122036997,0.0038473713708139707,0.0032668435057667993,0.0011982509551001664
4.3898178005768686E-5,7.689862100965305E-5,5.9275372787379014E-5,3.8130424687994325E-4
0.0026062581767768963,0.0033319829963165378,0.005002028608248742,0.0010137287326281385
0.0026136129816345995,0.012933050147304505,0.008821635319917922,0.0021100704151731536
0.005677773671707216,0.002760870835046367,0.012455626090152301,0.003643433451385836
0.002818101526033803,4.493885511323632E-4,0.005813482616028754,0.0020009235043552485
0.0021877368995521693,0.003203802710079436,0.013864880214194693,0.004706920879180046
0.009248482266059607,0.0072594285830086215,0.0019906946542557315,0.0031860597047709107
0.009752723570976648,0.016944857489337755,0.002639610605964324,0.011389323956299546
0.0021930146096499647,0.002992360371146992,0.012805927705574094,0.004739469237804038
0.003926280600330936,0.0034247566651857903,0.0024611227023804963,0.001097604723661688
0.001968982378504717,0.004140906738587712,0.005671210014211885,0.006213476382544958
0.005658679417790208,0.0037214997861101037,0.0011012965343697295,0.0038840183498052945
0.008859601498136844,0.006936266009842175,0.010747571499630851,0.00489610108589723
0.001202974270611447,0.004521284884999754,0.001780256948479893,0.020082927399917076
0.00291092842893786,0.003886805708749952,6.249525605978771E-4,9.113748257678084E-4
4.4232421090913723E-4,1.0344447975368293E-4,0.0010712587704322781,0.0013549857023397488
0.01357834053293283,0.0137897857246454,0.0048655621123772225,0.0017526172907806835
0.011047105701470585,0.0032558312697044374,0.007696680612751006,0.011254038972648893
0.006629554409397,0.012551950335835579,0.003415003884411093,0.002398271124931565
0.003809695545971886,0.0026125899484239295,0.0021777036838916803,0.006452265845593139
0.003947995347028598,0.0041646804771533165,0.0027475159110468,0.001126380363403737
0.001894661635716547,0.005501938987014203,9.330214417466226E-4,4.099656446858472E-4
0.0026092381536488457,0.006130837659483602,0.0026886711359784994,0.003445643961883419
0.010046729389774809,0.006392800002065718,0.004003932984655372,0.007753075368747303
0.005121146272491948,0.003951061150429853,0.006056059700522394,0.001820499070304997
0.001740004166137979,0.0016295820974776476,0.005263945368128348,0.006425811337051245
0.006463852574903448,0.013805340849776089,0.008219406568826934,0.00473527466851942
0.002571846890686123,0.0026442100861216885,0.015151921345001743,0.004116597279619254
5.550972950374085E-4,9.07720339517511E-4,6.57027818339287E-4,0.0047898437439465565
0.00408707663886011,0.0035347303475897532,1.8579995513849821E-4,2.3778959342838613E-4
0.005016542808245444,0.007647952748218605,0.006377206925493172,0.003563185445741205
1.7166980038279197E-4,0.001292289962210542,0.0011323831747560877,0.003645715189877719
0.001094501292898865,0.008998734564912356,0.004465837428769261,4.1105356001217306E-4
0.0037150688240718084,3.3574291510995123E-4,0.005613842437825667,4.45242565380578E-4
0.0010473100810208676,0.003505733587931538,0.003238454030801398,0.004157623793037503
0.002543767052114637,0.0024411962732451987,0.00475019781224992,0.005389686375173123
0.0027650960250514356,0.0022557604920280506,0.001665202515277788,0.00362776806125684
8.854424614027382E-4,0.003118608805648618,0.0021157189496272383,0.01103469908401961
0.001601247152387828,0.0030795537027262718,1.4868252287369082E-4,0.0034429669901437075
0.0012765529841561628,0.0018524611521300058,0.0025150864205270404,0.0030036020339996128
4.637679635874554E-4,0.0016484524035826707,0.007562608344719924,0.011329455436374527
4.144918488986513E-4,8.229614331522033E-4,0.009161480927972357,0.005461328812023159
0.0012112020271476036,5.482261567232868E-4,0.010076167808640853,0.0029776284390510563
0.003524263831553497,0.0014377209132800275,0.0018131469880779743,0.003393297414312255
0.0017962994612229577,0.0011027825295681132,0.002648987412438284,0.002883398332688414
0.0018554451840634236,0.002813657754035926,0.004408347826727494,0.003450524018960649
0.005610133176550085,4.682036206835735E-4,0.007905144280767804,1.4800052216361122E-4
0.004589991174765251,0.002084779863388184,0.00647545833862715,0.002558573848394944
0.0037331425934422307,0.0013360288454857057,0.0019332467022666144,0.0025293377918901277
0.013367032126836173,0.007083869479126023,0.003584840073996611,0.0018591494977576587
4.6724703015354064E-4,0.002687086101445641,0.0018650371987759219,7.023850886843096E-4
0.001941061500774081,0.002444307925871173,0.0024944960673050644,0.003284477620979729
0.004471734503981728,0.013812323787216836,0.0021149706424445397,0.01826821146593796
0.01841764518585773,0.006076064165904878,0.011927668397391858,0.0036035422414307547
8.83996497100954E-4,0.007474545196095879,0.004234617673042244,0.0019759833288785786
6.314473601517518E-4,8.39044350019299E-4,4.880488414419398E-4,0.0011247375480575397
2.2954382656485144E-4,0.00445648687983322,0.004543779666443538,0.015948595993698737
0.0035028877881344233,0.004982538881485847,0.008842736286757658,0.00557362058373659
2.3306524665581073E-4,2.6976054743701745E-4,0.0011279498729575134,6.042701828308637E-4
3.1529319625583235E-4,0.0014311182909519033,0.007194696105234777,0.011066612697788887
0.001583992725787782,0.004977524399335639,0.0010525643444861672,8.043263115201795E-4
0.003385565552953461,0.0013829856578329853,0.001453099036111573,4.2277449204356643E-4
0.0034390213851989465,0.004209564532715552,0.005515538505653376,0.007764604441746675
0.0036371709505024557,0.002502688323501525,7.847850721099534E-4,0.002656458337828859
0.004964067121664931,0.002564243738521753,0.006903426315026422,0.0019009370304064355
8.89481663064714E-4,0.00442002406522422,0.003950342806472417,0.004581588329673381
3.6174654316938987E-4,7.720844500158759E-4,0.0016290850302819121,0.0019177545729854582
0.0022409690754776196,0.0021670650962721176,0.002025756018450982,2.9308941486672063E-4
0.01223934583227738,0.005837124552149646,0.004192336392028546,0.003250417936584996
0.005120820145247775,0.0012475129583027983,0.00801344487920228,0.0012099172021366106
4.0288867837885153E-4,0.002348093682834583,0.002045378812826145,0.0035215612908623753
0.0018933340563898123,0.0034732979558248535,0.003426427250463771,8.871838617177018E-4
0.0044807292193416596,0.001653886893639948,0.004342362823544605,0.0042435269861999915
0.005213184147748118,0.012902822427697051,5.213829864165864E-4,0.007088935025119377
0.003990096548299286,0.0013344442147441775,9.042959770747659E-4,0.005788618764113831
0.0023612318061499047,0.0035327701738262335,0.011807561797550166,0.004489990579532622
0.001982230617394382,0.002109301324135251,0.001824715396214202,0.002759759104546211
0.002717953297427785,0.006233840728043336,0.001943498421140222,0.0016561598575809888
0.003404294890286612,0.004200353037310965,0.002229662767265482,0.0064313594941409254
1.391900718456962E-4,2.895335479599917E-4,4.395205631678046E-4,0.005463224694555857
6.386590324347945E-5,0.0015759991043466706,0.0017884026489878298,0.0010819917520087884
0.004093370743582821,0.0013811545863477335,0.002408396719828615,0.0034247157284734305
0.0038203007198618186,0.007196502720915127,0.0018784818517151949,0.003382177315292106
4.540239538958186E-4,0.0028674022455841696,0.01181016632528751,1.8283577898766437E-4
0.005849873645967785,1.370730932022333E-4,0.011320454107707266,0.005685018482784697
0.009992471926972838,0.005937861536148219,0.01153245593496017,0.003321767589751811
0.0018558164202917957,0.0026101930266643147,0.004157558983036087,0.008896716154994088
0.005211063934282333,0.0015356303280331517,4.519243152725051E-4,0.002753683538215561
9.087712748321123E-4,1.3465319049138795E-4,9.568660470565104E-4,1.475821465192447E-4
0.003329599582272166,0.014656652117724734,0.010328895154952902,0.003838794986341854
0.00537562469922836,0.003222006506242196,0.002656716341619659,0.006955194941378191
0.0011941649884148473,0.0018348649770095348,0.001061242283509363,0.0010357931678946432
5.140625549331206E-4,0.005029329234640346,0.009717917642480546,5.268566725417404E-4
0.012074533459579184,0.005217090711988286,0.0054342056953434305,0.011236344340945906
0.003152978212492625,0.0013983523437384449,9.532800145886736E-4,0.005931240283596086
5.288273094028314E-4,0.002667700903686361,0.004183754761311198,0.002015894777683422
0.0021413341947208214,0.0027165437759595814,0.0025149779883907107,0.0015695432841483115
0.0010884150727971218,0.0030232226664292493,3.817903586306526E-4,0.006048160197994515
0.0015774720954615138,0.002087623590916178,0.005116706953828149,0.002445481935360636
7.14413633399186E-4,0.0010373128371215295,9.064871665856473E-4,0.0041341991888708424
0.006960753060828474,0.005307006249486873,0.010307121823626532,0.012006916115756692
4.795459503776419E-4,0.006859960701187177,0.008634285527182976,0.018186258907017284
1.7273439574463226E-4,0.00212411457562486,0.0026474107373784233,0.003132407262349308
0.003064649202091444,0.0020386705885171424,7.258723175906286E-4,0.0026096857260920134
0.009597868922931877,0.007934983018843876,0.007998984341865481,0.012122288554211293
0.0031344272952636447,0.009850055484099894,0.012231898572982418,0.009198421952851227
0.001027564105438389,0.004777436064770043,0.01291810250570878,0.01376581500646988
6.04132091909747E-4,0.001658375857777533,0.0011480463901895827,4.973507928523926E-4
0.0023635475982216416,0.0011907157150079627,0.004957316076203774,0.005341987543962144
4.233010388144738E-4,7.469493982129018E-4,0.0050232005725693064,0.0051224840678991065
3.4673728265053407E-4,0.0028428526584557386,0.0022737851482970872,6.407045695425155E-4
2.139382627106233E-4,0.0018749551187412811,0.0071419609522111165,0.011223186946419146
0.0029599161666369225,0.0020232071122181948,0.0011671715996918457,0.004409985350271692
5.191139144959504E-4,0.0014806141386505666,3.1470695823291234E-4,4.244952268051621E-4
7.724279006877188E-4,4.6902721049863107E-4,2.6367772506131793E-4,2.5503001929269983E-5
0.0018412750786840674,8.890458478144986E-4,5.848381652758192E-4,0.0010894560300653763
0.002806164748396707,5.952349198295273E-4,2.2387091850332573E-4,0.0035362129606630517
0.0016112623117345484,0.001144266358643668,0.002505335924555759,0.0020881475546944248
0.006270734764899064,5.220952702476656E-4,0.010794594024972947,0.0029737209876864
0.0028351536253786017,0.003924046669667223,0.008635821979355016,0.004260385073856801
0.001841507580805736,0.0015293747454552863,0.003738351718643603,0.002695354028178361
0.01742463032480789,0.003527247704820708,0.013058466771039452,0.003234284237363033
7.786087762587263E-5,0.002278326953943482,0.0024830415920417902,0.00199732661085742
0.005784753337174389,0.002524692273984963,0.0031487217875817083,0.0021783922290175605
0.011920877970075273,0.003422567013694524,8.274033757902392E-4,0.008718439187945657
0.0022143625314282596,0.00173299894787695,0.0014387890791293528,8.701600415218791E-4
0.004830961615529518,0.00299002972130428,2.7494942094686973E-4,0.0014988529389864012
6.069278008972658E-4,0.0036304156373223755,0.003595179265241287,0.0017857558220507835
0.001306607774969551,0.00290085654876749,0.012893629617708529,1.4521428118744576E-4
0.0016532839332917104,3.609057577461374E-4,1.762940583129087E-5,0.007767522624193019
6.982197557374682E-4,0.0031771114328950005,0.004408794302614792,0.01827788126636677
0.005565459809549356,0.001738644346656772,0.008949494059028026,0.002607030862546061
0.003428514144665512,0.004857521585457636,0.008639323783224977,0.010428925794252052
0.0014442519477688375,0.0014046947616760644,9.228716224600373E-5,0.0021781485955484773
5.279844883085539E-4,0.0012723593501105298,0.019079648917171285,0.010363320571220356
3.964195542778428E-5,0.0026048969366134467,0.005741497923098334,0.0010446716883135997
0.0010594822096731684,1.669602677465446E-4,4.6531772646327864E-5,6.373747728870435E-6
0.0015973891978296666,0.001889665101166657,0.005049210676551757,0.00611901414905551
0.0013218121061671028,0.002643412605294604,0.0023224985357782318,5.344556998343299E-5
8.735297627171315E-4,7.962617905792829E-5,0.003699302466796734,0.006000976886239547
0.004143189576318317,6.529267308769968E-4,0.007549394627529809,0.00111803601737109
7.509617451737923E-4,8.154714779526005E-4,7.959231810796332E-4,5.470973435578774E-4
9.481179430809945E-4,0.0025213512268855414,0.0019625099726685814,0.007172064106778675
0.0030881868781674022,0.0038278998431665965,0.0036225890571470153,3.2286534049027E-4
6.151354335210918E-4,0.002389507817553193,0.00848568656189206,0.0038629242907796926
0.004572460800846408,0.0016482788580353845,0.004095149930529799,0.004225437732121315
0.009709662196705228,0.014065504201189946,1.0582409486874128E-4,8.257764077735297E-4
0.005492511052202557,0.00831673628339954,0.0017957224009774913,0.006500721358806817
0.0033787388105505686,0.003568014398314598,0.0013771009395603094,0.002247498380300644
1.5357483618381332E-4,4.4045382000135186E-4,0.004877487877836579,2.576454133400586E-4
0.003883977089979322,1.1450051237128797E-4,0.008563405024288397,0.004532361759919479
1.782165191049093E-4,5.302221838565834E-4,0.0011446083333159177,0.0022118498123922135
0.011371199375825878,7.254749976948783E-4,0.0030506664833077905,0.0024281171685620355
0.006862395959081611,2.6493760781061482E-5,6.985660674130532E-4,0.0033361820704870403
0.0012762087682637502,5.7949147542011266E-5,0.0020713474871686395,1.302365711295519E-4
0.0028401292824972646,6.748979401630082E-4,7.026725569427566E-4,0.004891208934111105
8.910416591889914E-4,0.0030917229309525575,4.6405926525019384E-4,1.6165719530539406E-4
5.061768708585381E-4,5.277337770113718E-4,0.0061621563620792305,0.005424988264201074
1.990064646195412E-4,0.0028277896473092507,0.0021410039331968764,0.0020588504817618774
0.004073738479027156,0.0038402180311193517,7.308448682331181E-4,3.075488710976753E-4
0.004549006656687253,0.0016937147054900833,4.961018837568976E-4,0.0024585321869184666
5.848637516019172E-4,0.0035199760367003886,5.568367598303713E-4,8.977185889975989E-4
0.0019287376884779507,0.002092835154575635,0.0018330373024559306,0.0030685124573223534
0.006054100063468385,0.006024069111455927,0.002202289327905146,0.0070328673926043144
0.00276484619154941,0.004122801424097327,0.0036960402337669236,0.001421792152567961
0.0037624764910194784,4.050003255439848E-4,0.006152675423973072,0.007806852310655221
9.431452508403608E-4,0.004570182309420913,0.005179346178598445,0.00398679235164035
3.206757893699257E-4,0.00498265120588089,0.006189090143809866,0.005351278276246546
3.3850063126205764E-4,0.0027199079786273403,0.011417948284093902,0.00697276556864445
0.0055253547674505655,0.008596294708809208,0.008601361271253992,0.004357831441779629
0.01566065204805567,0.002572032917844677,0.0025343097536568446,4.717273586537208E-5
1.892322522058912E-4,0.009873577407932042,0.010468010388150905,0.004512856902024887
0.0010324644697403183,0.0017590254974251894,0.0078088740527518475,0.0033385394473431865
0.0026012251357606904,0.0014980214907499058,0.0027973728284848304,0.00813469462603305
2.8512659740832024E-5,0.005388366941913945,0.003763320589829939,0.002873684950120606
0.009852662924690675,3.8930419559010025E-4,0.0032341527376046554,0.005715360182314728
0.010508652256347471,0.013927666431392918,5.602067608264624E-4,7.187888694240026E-4
0.005696990366231044,0.00331018715592613,0.012005473623587271,0.003238637626349236
5.690227689255535E-5,1.7029440635382345E-4,1.3958879707738514E-4,4.277193785539055E-4
8.880633166623191E-4,7.591954629579765E-4,0.002991277687112696,0.002980136814718497
0.004453432040027358,0.00928840038921456,0.012915135243022593,0.008203042431305426
0.0021072845755069087,2.286808329870934E-4,0.004916414861469124,2.6294482951336716E-4
0.0028173395917312706,0.0013361435207353072,4.958312527182402E-4,0.003731343172938408
0.0022089486996499,0.016226422340542807,0.0035986368174848937,0.01221749421539137
2.531925137247985E-4,7.589059815781177E-4,9.957903093337475E-4,6.327989943028463E-5
0.003756777699591996,0.0010905601686409918,6.882326941821869E-4,0.0016236268565914542
5.333516759636029E-4,0.005693525733178057,0.01316572298182474,0.0013792794974362868
0.0018613645243443057,1.1788833534644927E-4,0.0013806416010019422,0.0026197514384603397
0.0022093688601861885,0.0031065824727398847,0.02203403738054354,0.006661892215951612
8.309867631429234E-4,0.0024565349034903557,0.0025835235893194707,0.0023210147809607563
0.0015740906778383185,0.0025458402998195986,0.0034740403002817277,0.008554177445734133
0.0018127245743567535,0.0019726408515710558,3.4728474572995576E-4,9.275791796934281E-4
0.002879630473504479,0.0010666096477300819,0.0021562472142305643,0.004998443932964895
0.0026643062386724533,0.0019944839194107494,6.296316802368646E-4,0.0028482377839010534
9.183567558125133E-4,0.002775898565659558,0.0025529507835721187,7.049512479449003E-4
2.36897009497361E-4,0.00275920914007263,5.634005338404646E-4,0.005373435485220737
0.0034115994380895776,0.013178158631316382,0.0077920908801319124,0.004727515627202216
