5K,50K,500K,5M
0.0,3.4836126417236566E-5,1.1157922424855482E-4,1.009877428577285E-5
0.0,3.619681477416061E-4,2.3340884310056806E-4,1.897494917033248E-4
0.0,7.561045182666311E-4,0.0013124253173028015,0.0012114894982579274
0.0,5.892034764760865E-4,0.0019124877991364192,3.4409788627794445E-4
0.0,0.0011496850149640863,7.353411959000198E-4,0.0015036648466639955
0.0,5.342468385652524E-4,4.6750020705266086E-4,2.645089487502114E-4
0.0,0.0015274454105617598,0.0022077052545633317,1.8790904727592115E-4
0.0,3.1473644106637383E-4,3.5530793934701756E-4,2.4845231964489966E-4
0.0,0.001110289345934781,2.707121618597464E-4,8.406541188519919E-4
0.0,0.0015334265879104493,7.189851001982427E-4,0.0018270412200904593
0.0,6.161553039231088E-4,1.6858369399719395E-4,0.0011554811752203906
0.0,5.783934164804756E-4,6.53386880846708E-4,4.2595377576705765E-4
0.0,3.802847500869745E-4,6.177779146091217E-4,3.5950152888071994E-5
0.0,9.375068567841486E-4,4.559743671322217E-4,9.649069352606959E-4
0.0,9.932118430128168E-5,1.9298354304160146E-4,3.232676678927535E-4
0.0,3.044342601312969E-4,2.6315512791810406E-4,1.2391799372951596E-4
0.0,3.058435390004763E-4,5.463080502476484E-5,2.711727444421853E-4
0.0,8.832781889391123E-4,2.504010270811953E-4,0.0010555872864943545
0.0,1.2725389100334543E-4,7.888271254792757E-4,5.979387759448105E-4
0.0,6.29569336245101E-4,2.5804030877897804E-4,0.0018874896931071522
0.0,3.979832754818589E-5,2.2325179562091886E-4,3.7954745841636054E-5
0.0,9.098259156158218E-4,0.0013417523621286776,0.0018456912204032696
0.0,1.281292774788776E-4,5.318316103969441E-4,1.7676795641440954E-4
0.0,7.769642314794071E-5,6.924274379088557E-5,6.653528040126658E-5
0.0,1.778335523423109E-4,5.8915931392895156E-5,1.5087608083260578E-4
0.0,4.1733997582875474E-4,6.903541244504205E-5,4.2329330485249675E-4
0.0,1.8843633399515187E-4,4.796300801943768E-4,2.797682870679245E-5
0.0,1.1387405419458617E-5,1.607475537768751E-4,7.794297714736219E-5
0.0,1.986161763263346E-5,8.595266695708099E-4,3.9888824271868317E-4
0.0,3.6101789720258E-5,5.546494393171964E-6,1.7777195811434483E-5
0.0,8.414619177822011E-5,4.19330485100899E-4,0.0012091790107240446
0.0,7.230718426241252E-4,3.2148352219507804E-4,4.03979672890261E-5
0.0,3.837977044186503E-4,3.058478941959834E-4,3.9985167258253134E-4
0.0,1.193798787624658E-4,5.249603672626192E-4,1.143980424312778E-4
0.0,6.379202595927133E-4,0.0016400720654828943,8.357899083342109E-4
0.0,1.8608658341628942E-4,4.788983133131853E-4,7.419220083226618E-5
0.0,3.168805163052071E-4,6.292299888771959E-4,1.4193445879884782E-4
0.0,8.588030510069856E-4,3.205789794555013E-4,8.351844357305954E-5
0.0,3.7239217277969667E-4,1.1793145206912624E-4,4.2038530194523423E-4
0.0,7.571735879392885E-4,1.530390569950031E-4,8.004316292150727E-4
0.0,4.533320623044105E-4,7.934301186270551E-5,8.124957003146085E-4
0.0,6.143959514772307E-5,6.857638603324747E-5,2.7526980075655354E-4
0.0,5.975164854251319E-4,8.215575548845542E-4,0.0015076414751877165
0.0,6.173023038773446E-5,4.2187795549351837E-4,2.691448464420334E-4
0.0,4.678708403758348E-5,5.121081288965108E-4,3.327494027119755E-4
0.0,7.98971739034736E-4,0.001825124596984411,1.9420209935238586E-4
0.0,1.7465255080789717E-4,0.0013799540786874453,1.5291575578333264E-4
0.0,1.037775271875266E-4,3.899674974719442E-4,5.277449440395658E-4
0.0,1.1601158223789325E-4,5.322494292387459E-4,5.529359281547593E-4
0.0,0.0010172746352205815,0.0015367981032881391,2.2281512883462313E-4
0.0,8.10286877399174E-4,0.0018849333363069587,6.780758978863177E-4
0.0,7.07564989568539E-6,1.1541951075305503E-4,8.498607996511321E-5
0.0,1.1488608665868064E-4,9.414926301125404E-4,3.156442188227154E-4
0.0,2.3207376334648307E-4,4.7051419335476536E-4,0.0010074328831724268
0.0,6.751884762098623E-4,1.9906645136244725E-4,2.4748678155967553E-4
0.0,5.559839915536831E-5,7.011841761955655E-4,5.661361907687829E-4
0.0,9.09936182777184E-5,1.7035495466030258E-4,4.397919683815596E-5
0.0,0.001373453381132702,0.0010840376598237288,0.001264951970793172
0.0,5.00817335704508E-4,4.925993028645978E-4,9.029305538253994E-5
0.0,3.1382572020473043E-4,2.468533471500115E-4,7.229082797042486E-4
0.0,1.79573472701942E-4,3.452538357137823E-4,1.896595483568586E-4
0.0,7.87151471361006E-4,6.941821113271114E-4,4.922098652041226E-4
0.0,1.1205147499684074E-4,5.871181147592611E-4,6.565606844643271E-4
0.0,7.099621064108319E-4,0.0010633873312989337,8.627167298268277E-4
0.0,5.996086267257095E-4,6.431777010149572E-4,0.0013337701402460524
0.0,3.51352823186757E-4,5.916211675932736E-4,1.2546286822053945E-4
0.0,1.8901972936475928E-4,3.456439801415355E-4,2.319680523248801E-4
0.0,1.0392546938074852E-4,3.68295095117895E-4,9.18899697425118E-4
0.0,6.292545620874218E-5,0.0010465447833596982,9.639475830817463E-4
0.0,1.396698725502332E-4,8.884777783402834E-4,3.2609890409597425E-5
0.0,7.559608153946825E-5,1.2812282844348457E-4,4.8132460287398016E-6
0.0,4.7362476166597515E-4,4.1689244738169666E-4,5.18468863992811E-4
0.0,0.0011251802109567212,0.0013066000286561658,8.951077247739002E-4
0.0,0.001309235523480635,0.0013970747608057772,2.976811080825532E-4
0.0,2.89229013596794E-4,1.7229178471635004E-4,8.184862023210617E-5
0.0,2.1859201930985665E-4,1.7631717437580847E-4,6.485644518670784E-5
0.0,1.4222949292536997E-5,1.0591006923557498E-4,6.975140640509735E-5
0.0,1.9349851767986167E-5,9.28797951813428E-4,8.272009780872443E-4
0.0,8.475835732355862E-4,1.4737888318905402E-4,5.188526289794296E-4
0.0,4.985474861053989E-4,0.00106206476803245,0.0013575311879147494
0.0,4.0167571550819083E-4,0.0014595183619444977,5.993758948496167E-6
0.0,5.980992467279464E-4,2.6502858778605155E-4,1.5667089112415413E-4
0.0,4.276865227720183E-5,7.559718303250564E-4,3.358743645909446E-4
0.0,0.0010260383668838108,0.0018427752309332396,6.772563021790194E-4
0.0,5.793947055286126E-4,3.0881220996487193E-4,7.507253372020185E-5
0.0,4.005726202165071E-4,0.001745023592192385,2.385161827399434E-4
0.0,8.432822650598657E-4,7.718728825317535E-4,5.39010569818052E-4
0.0,1.3339382604327935E-5,1.3840569499854672E-4,3.367391962649533E-4
0.0,5.444420542528381E-5,5.592712841188814E-4,1.1589569370773478E-4
0.0,4.24007582069735E-5,6.269348688342823E-4,6.031552003468537E-4
0.0,1.1504116855615243E-4,3.411536562626839E-4,6.15206181467077E-4
0.0,2.914036363570822E-4,6.796045355373641E-4,2.4145010118219816E-4
0.0,4.0272850680750724E-4,0.0015272725328488409,2.3826198082063185E-4
0.0,4.3925453638785794E-4,0.0016571123479008792,0.0014733482630845355
0.0,8.096315443151617E-4,3.693099549022393E-4,0.0010562245742919685
0.0,6.412352798053178E-5,0.0011717652546294369,1.7975882125852925E-4
0.0,3.310654415900788E-4,1.778466499670972E-4,1.1331312003068585E-4
0.0,4.113552426920483E-4,3.198532202954211E-4,2.9765728353024334E-4
0.0,1.425581146434158E-4,1.8674989250221476E-4,5.062601769730958E-4
0.0,3.132555308245641E-4,1.3530174828529638E-4,3.028359014213375E-5
0.0,2.344103650131675E-4,1.9690079234041183E-4,0.0010383584072178901
0.0,0.001659954995677176,0.0025716225721888796,1.9083071688290939E-4
0.0,3.9922551569511943E-4,4.6424447528171105E-5,2.9153306218471177E-4
0.0,3.850164002813044E-5,1.1652929051278535E-5,2.3376571623154001E-4
0.0,3.516390714452507E-5,9.386952906681518E-4,8.116487851023051E-4
0.0,4.086389517306382E-4,0.0014463524894032514,0.0010052239177029095
0.0,4.2064215430771145E-5,8.791328307374487E-5,8.455138105885627E-5
0.0,1.0163660708465711E-4,9.030117032346923E-6,2.0470289265238007E-4
0.0,9.160837262881911E-5,3.3797141276972786E-4,8.650782578915732E-4
0.0,1.576319959674098E-4,4.98802702075304E-4,8.613083934076699E-5
0.0,1.4268432630310382E-6,4.5162745949635244E-4,4.2506066401931463E-4
0.0,6.667419605998433E-4,0.0024060207480017656,9.677150952217838E-4
0.0,8.369792794531123E-4,0.0020492110371520267,1.8979122687341675E-4
0.0,3.9195577736530274E-5,2.913274731988183E-4,7.032458543331381E-4
0.0,5.643408645601747E-4,0.0014250849757555086,2.3613968912299116E-4
0.0,0.0010778156560149685,0.001010411445196115,6.06456819921656E-4
0.0,1.6162560828756974E-4,1.2504049635902122E-4,5.76013389131641E-4
0.0,0.002409209106600913,0.0023934922266373045,0.0010114569310419668
0.0,8.633575290820368E-4,9.60210264122497E-4,3.546872895920721E-4
0.0,2.0679923540354488E-4,1.202582488266893E-4,0.0014840929168192711
0.0,0.0011480433668837507,0.0016285118289169746,4.6735301304978244E-4
0.0,0.0010693499212783082,0.0011233395479046306,7.48152495780659E-6
0.0,9.680559902410712E-4,5.505477509894483E-4,0.0011506184763868646
0.0,3.3417381835272787E-4,9.230077458812702E-5,1.1025926969042932E-4
0.0,4.4037557992340136E-4,0.0016784408457701729,7.002904600300722E-4
0.0,1.7443361299961532E-5,3.725118226513781E-4,8.47797561011451E-5
0.0,0.00172355123367962,0.001892953932038931,0.0012772538967063304
0.0,2.5286350624104744E-4,9.673709155714385E-4,0.0018049286480888713
0.0,3.3050404560831044E-4,6.344982353205056E-4,3.754275369148614E-5
0.0,7.438161930718879E-5,1.0674462326483813E-4,2.3609703542242384E-4
0.0,5.537630310641022E-4,2.2842461571601E-4,0.0018980285725638904
0.0,2.0689056561518508E-4,7.136514749876546E-5,1.668299671218838E-4
0.0,3.780053544521016E-5,9.20159373876777E-4,6.465252596489008E-4
0.0,1.637224230212032E-4,1.5912218839586178E-4,3.9813544239504696E-4
0.0,8.543268137139212E-5,3.0837260348174305E-4,1.8817031251419379E-4
0.0,1.2197559251359064E-4,8.790740850342086E-4,9.089144438676982E-4
0.0,2.255288644260334E-4,2.67388198870684E-4,6.84060529322491E-4
0.0,2.2886988281079905E-4,1.8460541058045146E-4,1.716864389267716E-4
0.0,4.638682899046797E-5,1.732596777898398E-5,4.713408425610354E-4
0.0,6.398599429078342E-4,4.7401789711909437E-4,3.2455424768193595E-4
0.0,2.5382761600038598E-5,5.468159943975305E-4,1.3184507017623956E-4
0.0,9.866792102739817E-4,4.833021631590311E-4,9.993329340114902E-4
0.0,8.588030510069856E-4,3.205789794555013E-4,8.351844357305954E-5
0.0,7.856920630221425E-4,5.845074019862819E-4,5.162862109553696E-4
0.0,2.948955687714518E-4,4.648085396767754E-4,2.1445883602140222E-4
0.0,3.3214150298086783E-4,0.0017498554161532115,0.0011621405054555727
0.0,5.018386490556237E-4,2.037527883873356E-4,7.976952208310132E-4
0.0,3.302604253783635E-5,2.9162331817007635E-4,1.8804636161222853E-4
0.0,2.240116152429804E-4,2.0053124258500985E-4,0.0014514289795705322
0.0,7.39677051269006E-5,8.334111688252594E-4,4.5435449710206705E-4
0.0,8.913971297398035E-5,3.1839317599931857E-4,2.8837131975475483E-6
0.0,2.745335237284796E-4,6.29150915613017E-4,2.6195188533920626E-4
0.0,6.528514300100665E-5,2.8070331093330746E-4,1.73156725167912E-4
0.0,3.138029698533564E-4,7.957033391973523E-4,4.890643553043429E-4
0.0,1.8168304300304018E-4,8.232138805295906E-4,1.0279121479349198E-4
0.0,3.0685224408271203E-4,1.318109777343206E-4,6.835010123205037E-5
0.0,1.7352526593511688E-5,7.916300257942661E-7,2.413016525034742E-4
0.0,1.0604845717423117E-4,7.049200250943832E-4,9.602368352528861E-4
0.0,2.793767715237466E-4,7.679236676224132E-4,1.0473269382035856E-4
0.0,2.2180696063163366E-4,2.1255514183530906E-4,5.592490529431714E-4
0.0,2.4026495290768612E-4,3.399033992482568E-4,2.539551520674977E-4
0.0,6.838279806856564E-4,3.585659739801231E-4,2.3179029759607664E-4
0.0,6.582953936520964E-5,0.001036493022298121,0.0010720820520281145
0.0,4.25532520408159E-5,2.3310444251777737E-4,4.4774996477765273E-4
0.0,5.0349989955302874E-5,0.001016233102121403,6.123733350390711E-4
0.0,1.9985981949733567E-4,9.448524130732871E-5,1.3989649961640137E-4
0.0,4.723707250480252E-4,3.2004755542129094E-4,1.98566379174402E-4
0.0,0.0010255493591175397,0.0019722762869586745,0.001951489723459941
0.0,1.7891937903396083E-5,3.1510880711774165E-4,0.001136411093934691
0.0,1.8274485986360787E-4,8.140200987607682E-4,9.684685559061298E-4
0.0,2.0689056561518508E-4,7.136514749876546E-5,1.668299671218838E-4
0.0,5.501782254936621E-4,0.0013096087873125616,0.0017464708344993216
0.0,5.475435141347053E-4,8.542473043511744E-4,9.683446920525428E-4
0.0,0.00105908437111917,3.920166016505957E-4,7.65175140477662E-4
0.0,5.987519818328413E-4,8.775603838510469E-4,2.289516237740038E-4
0.0,4.602116973807041E-4,6.263900562309465E-5,3.818979366749966E-4
0.0,3.620413368063905E-4,1.7587728822759054E-4,0.0023150501763604956
0.0,5.882477765674498E-5,0.0012083829939112732,8.988372593830838E-4
0.0,3.879241814298557E-5,3.3098828018616895E-5,1.8311281821080293E-4
0.0,4.418940096673351E-5,1.2181410571800989E-4,2.009652945256353E-4
0.0,8.798828082892621E-4,0.003035418337913796,0.0016878138685326018
0.0,2.1893026258477426E-5,9.489138223358676E-4,3.242667380238134E-4
0.0,1.1069672910662421E-4,8.37893749342306E-5,5.261985617639308E-5
0.0,0.0015626315153742301,8.426814688268147E-5,0.0022826225909497954
0.0,4.6298498045270134E-4,4.3476119708561907E-4,6.990296855255558E-4
0.0,8.334363397623954E-4,7.619567045295312E-4,6.270038754376992E-4
0.0,6.318734831208418E-4,7.241425587531681E-4,0.0012062591487314968
0.0,3.112117315640264E-5,2.806977763924705E-4,1.9518204580446294E-4
0.0,1.8075621861376846E-4,2.4204368122804695E-4,0.0017637687699302179
0.0,1.7568358454941613E-4,3.85478350765925E-4,1.4192313821828005E-4
0.0,2.6036872046160994E-4,7.131404476106713E-5,8.091257321339723E-5
0.0,5.249000903620578E-4,3.4749229775875003E-4,5.250776377304015E-4
0.0,6.756552327889985E-4,3.735496347012256E-4,0.0013942942110552498
0.0,7.839280015642751E-4,0.001203957266921783,6.290626144573025E-4
0.0,9.81304234822384E-4,3.446087627337024E-4,0.0011248888670377143
0.0,2.4272377956218442E-4,2.5556110728558614E-4,3.259273444409097E-5
0.0,1.4170540661329647E-4,3.35535860763939E-4,2.0272550891699522E-4
0.0,2.2217502493066714E-4,7.504913016783722E-4,2.6356462661186806E-4
0.0,1.6030764693883185E-4,2.0676406549456677E-5,9.70970720746441E-4
0.0,1.6485445948409902E-4,5.203327127651778E-4,2.8413525332263053E-4
0.0,2.1483064747440368E-4,1.1272039599465614E-4,7.827457144609373E-4
0.0,5.896002963718469E-4,5.641140451991196E-4,5.778981632470385E-4
0.0,4.7911421434713736E-4,1.7174964663674503E-4,6.217748029883025E-4
0.0,0.0012351848049206712,0.0017804840973239752,2.2247762719737198E-4
0.0,2.4398166508271237E-4,5.320800765908946E-4,9.543349854461481E-4
0.0,2.3860220536522567E-4,4.3802282110820843E-4,4.251455833000834E-4
0.0,3.718727254858143E-5,2.357525525995429E-4,0.0011919862794982793
0.0,2.390933221814397E-4,6.827196137012225E-5,2.0143616513347746E-4
0.0,7.099041380779436E-5,8.80066591918845E-5,1.089093056475586E-4
0.0,1.1526587682655593E-4,0.001039788941833266,0.0011057350510559171
0.0,2.5530717651830887E-5,3.9611771716377116E-4,4.3371027763368093E-4
0.0,1.43438634254435E-4,1.1019521491174107E-4,0.0015280375419763348
0.0,2.1460972141163024E-4,7.530052687361364E-4,3.674586420554284E-5
0.0,5.0484374073832504E-5,3.4587280778322003E-4,5.116399167456752E-4
0.0,8.165033699157042E-5,0.00107111619614851,1.1130238907225136E-4
0.0,2.546263387771035E-4,7.130111626605792E-4,2.571055005499069E-4
0.0,6.742937133085986E-4,0.0011923808852706576,1.6204605187166723E-5
0.0,8.713480962866725E-5,7.488021760737332E-4,0.001102623255236016
0.0,6.4500272159122E-4,7.544321280472754E-4,0.0013887657661009586
0.0,4.841757936411836E-4,5.656775274562424E-4,0.001448891526721835
0.0,4.729120752364751E-5,1.8108853911282162E-4,4.1167221978684386E-4
0.0,5.656488468760211E-5,1.6853579899805832E-4,2.872103881723881E-4
0.0,1.594192936475542E-4,5.561830882754611E-4,2.5852403860634245E-4
0.0,7.255300324715399E-4,0.0015550889255363431,0.001151667349691857
0.0,1.0182000372582253E-6,9.653281030120133E-5,1.1356634999067432E-4
0.0,8.28103478765605E-4,0.001359877198535288,3.65007336210096E-4
0.0,4.575038739434592E-5,5.554484409199568E-4,7.003332272046337E-4
0.0,8.994452709218016E-5,7.657868434959525E-4,6.759489002274671E-4
0.0,2.4762620800169375E-4,5.013885065270128E-4,2.6777712911294285E-4
0.0,3.313415301381259E-5,4.784424857225266E-6,2.4343113961997512E-4
0.0,1.3260798625242167E-5,4.700795681177639E-4,1.6204585943844794E-4
0.0,1.5644977926156494E-5,1.8919816294200547E-4,1.5038734777422729E-4
0.0,0.0010929240753135318,7.382575889598554E-4,1.74085356917846E-4
0.0,4.564612213305263E-5,2.62979812153386E-4,2.607525381788179E-4
0.0,1.3913154225239305E-4,0.0013013246053834755,9.466450734813338E-5
0.0,4.426895630036435E-4,3.428691531646388E-5,8.730875694553332E-4
0.0,1.443509421933552E-4,5.978654154867611E-5,5.286023240671015E-4
0.0,1.3405953875683733E-4,8.957879320795313E-4,7.442602748665595E-4
0.0,9.530401124189166E-5,1.8070031593005745E-4,1.8585885660480408E-4
0.0,2.094080884252121E-5,7.197075299640304E-5,8.077641470362097E-4
0.0,1.0363572002711525E-4,3.631801150643174E-5,0.0012578377180557374
0.0,5.226540122087587E-4,5.620139755321195E-4,8.32489586125688E-4
0.0,7.169249477007388E-4,3.289993434273045E-4,1.1043482788974086E-4
0.0,2.778617790986376E-4,7.465397504763815E-4,6.14107201917504E-4
0.0,1.7575869070972418E-4,3.6173530886198326E-4,7.022619439471837E-4
0.0,9.535747724204238E-4,2.7845215481736265E-4,0.0011148566531910304
0.0,2.4979576085953043E-5,2.143069120983971E-6,6.752786531564006E-5
0.0,9.327964513856881E-4,0.0013174199172573066,0.001787878502020422
0.0,2.4085508068588766E-4,5.330118362169827E-4,7.125991210420102E-5
0.0,1.1355955406992056E-4,6.598305819610705E-4,0.002101775193494388
0.0,2.306229197088513E-4,7.300002309476398E-4,3.532648708646801E-4
0.0,4.0522603156455556E-4,0.0011686863555864307,3.3354949774108363E-4
0.0,1.8978437265165754E-5,0.0013001112540245532,0.001598522206514029
0.0,7.230961202941767E-4,2.449951705675145E-4,2.585499064376353E-4
0.0,5.997400364774324E-4,7.943965298911392E-4,0.0010752410220895012
0.0,2.9048255168918007E-4,8.550560634270541E-4,1.0396320954907317E-4
0.0,1.414681899097036E-5,2.1014818007062832E-5,5.097367736868086E-5
0.0,5.5844437761666824E-5,1.0484828112992551E-4,2.877404030540139E-4
0.0,7.51201470661122E-5,7.595081095793377E-4,2.025088481007315E-4
0.0,6.359330030774027E-4,3.480606702482321E-4,9.440105683923656E-4
0.0,1.9162869549162978E-4,6.874528904954077E-6,3.4848552337663544E-5
0.0,3.2879265936985725E-5,9.460054742643388E-5,2.5559161097667355E-4
0.0,1.390555645202081E-4,3.2340201970323186E-4,1.0282442778495258E-4
0.0,2.3289342910423087E-4,5.868712827110116E-5,3.9839699847602405E-4
0.0,2.2332793982294725E-4,3.4772014562219777E-4,0.0015136390791496838
0.0,1.2114077772183886E-4,4.6024791770137366E-4,6.389303067710305E-4
0.0,3.458613422592213E-5,5.150546163371614E-4,5.269003247010933E-4
0.0,5.135193140921825E-4,2.1519094819552606E-4,3.090384700222536E-4
0.0,3.9971198841547856E-4,5.922071119429592E-4,4.9469570607608286E-5
0.0,7.536131136159915E-4,1.799394910463748E-4,2.3223800493229595E-4
0.0,1.6353498863223593E-4,4.478788359386757E-4,3.5504425427730673E-4
0.0,6.373055272620921E-6,6.809373297778704E-5,2.2356309718238462E-4
0.0,1.6753099643337547E-4,4.626959780753892E-4,0.0010768926006795446
0.0,2.3134026663105707E-4,8.486217320372183E-5,2.927150399484829E-4
0.0,1.1423720822262641E-4,3.65208304069439E-4,1.9796018252015959E-4
0.0,5.749737977801358E-4,8.203987053850707E-4,2.220994099743411E-5
0.0,7.48225923650962E-4,7.446500680030254E-4,6.502932753472515E-4
0.0,1.3774894953922124E-4,8.507383484594701E-4,1.2209065816929182E-4
0.0,1.642297378506549E-4,4.4027622129611264E-4,3.8902757098036386E-4
0.0,3.737826931837675E-6,2.817880310018446E-4,2.6883249199760264E-4
0.0,3.618211535146878E-4,7.308243046706029E-4,2.1259668326816113E-4
0.0,5.030778545265539E-5,1.3153217627639364E-4,4.062697837817685E-5
0.0,1.1157708033677667E-4,7.155450726972462E-4,7.036652681623319E-4
0.0,6.44029123286567E-4,4.414186664560366E-4,1.8505571816033702E-4
0.0,1.498615927384855E-4,1.123543330871099E-4,1.0904390412989991E-5
0.0,1.830229045777773E-4,1.3190163464746747E-4,4.1183570252751933E-4
0.0,1.974460195475006E-4,2.4512315862190606E-4,2.743828455796173E-4
0.0,7.383479086498392E-4,2.4322427800697232E-4,9.156676360446508E-5
0.0,3.38097932054653E-4,2.1550209583864877E-4,1.730819218001023E-4
0.0,4.0243237280758595E-4,3.979600486585842E-4,3.405056260321816E-4
0.0,4.5308766399155723E-4,2.697689814873222E-4,2.5135106223541986E-4
0.0,2.8714216595110247E-4,4.189390503987856E-4,7.345169096862594E-4
0.0,2.1613566820480087E-4,6.57491203124358E-4,2.816349663272811E-4
0.0,4.098056465566048E-5,9.08707734450945E-5,1.6095823459945964E-5
0.0,2.0883355400254397E-4,4.612225969517797E-5,3.924258829871058E-4
0.0,5.08847135284527E-5,3.7394183023044513E-4,6.954781616915052E-6
0.0,5.624789856419386E-4,6.784666149209171E-4,3.5111650369433717E-4
0.0,7.43404269831975E-5,8.874711766706067E-4,1.9899687523026042E-4
0.0,5.0797169685271105E-5,2.2282533569027704E-4,2.6440046193253907E-4
0.0,1.43433510390222E-4,1.779198770854481E-4,2.569490627756264E-4
0.0,1.0040656584234462E-4,3.8466260771994405E-4,4.3965239343699285E-4
0.0,3.484022707784755E-4,0.001590008909394484,5.931739665551612E-4
0.0,4.4796386393398344E-4,0.001075307141417804,6.724820074586229E-4
0.0,2.923486702963728E-5,6.484802069861056E-5,4.6067491184179496E-5
0.0,1.7789941492508761E-4,3.8136021230590513E-6,5.356714412187316E-4
0.0,7.38176570666848E-4,0.0018728971771096341,3.782186150692343E-5
0.0,0.001218755309035494,8.812987605918911E-4,7.093789540144013E-4
0.0,6.118187214156309E-4,2.978019693628889E-4,6.114617040282557E-4
0.0,1.3023693996012334E-4,5.681599927576332E-4,2.044793686844603E-4
0.0,7.007264028928718E-5,2.1552027168986047E-4,1.487100141105335E-4
0.0,2.671824290043836E-5,7.813455597908553E-4,4.589055264126934E-4
0.0,0.0014700661092149733,0.002039077473295276,0.0014972571108612402
0.0,1.7294822256085954E-5,3.8941028227770326E-5,6.559106111785908E-5
0.0,2.721561915572194E-5,5.408121024433488E-4,1.7941309972663828E-4
0.0,6.540907624171673E-5,1.6363400692596158E-4,2.140246760323307E-4
0.0,7.206741050329853E-4,1.4403879244538902E-4,6.32415985470973E-5
0.0,0.0017456142361554677,9.165750403540163E-4,3.958936420445879E-5
0.0,5.078905264441903E-5,1.5101174446823353E-4,8.980673680052509E-6
0.0,3.720119938927417E-5,4.686591783439844E-4,2.6202317878944886E-4
0.0,2.864706929619054E-4,9.101396826733815E-5,6.579754041539434E-4
0.0,5.817528249181174E-4,6.316933080889181E-4,3.6295906405435713E-4
0.0,2.3367439621060592E-4,1.0909681751915869E-4,8.599217442059667E-5
0.0,5.183492211740815E-4,6.978782513289426E-5,2.6354767590851545E-4
0.0,4.6837434242887754E-5,2.3364782268724233E-4,6.441744177133241E-5
0.0,7.228699283746253E-5,6.038369018422909E-4,8.212940598181281E-4
0.0,2.808938702704331E-4,7.970080770388865E-4,5.353093597074215E-4
0.0,1.3610098495626802E-4,2.9399928673949096E-4,3.7312379352166553E-4
0.0,1.1056840689930309E-4,3.1020486690971476E-4,2.2168317918939395E-4
0.0,3.459600900660358E-5,9.196605080066919E-4,2.0196943084898684E-4
0.0,1.2835289820624596E-4,2.308492516740692E-4,4.5938442957824174E-5
0.0,5.739740880248589E-5,1.1647673562201954E-4,5.9796016708348926E-5
0.0,7.040037795372382E-4,0.0011378037137962636,0.0011493157130547155
0.0,1.6250180401492786E-4,6.0779563248869605E-5,4.339636370476747E-4
0.0,1.5951784520172165E-4,5.148737738747193E-4,5.677136014993853E-4
0.0,8.072332970052335E-5,3.972247407996094E-4,2.4219453819521967E-4
0.0,1.6435490944781823E-4,3.4598770412217785E-4,3.964996209906783E-4
0.0,0.001540434536353193,9.661368608961069E-4,3.2485464156417913E-4
0.0,1.8056444993784634E-4,7.23497203646878E-4,3.1806829325965E-4
0.0,8.835028370154521E-5,3.217672987921135E-4,2.660599594998052E-6
0.0,2.7804532513997704E-5,0.0012293964242303963,0.0015112051617326967
0.0,9.138597966028763E-4,0.0010685108200324729,2.0360879095141442E-4
0.0,1.662757324618013E-5,9.403736675229965E-4,8.307953855838314E-4
0.0,1.970620188939091E-4,1.542981070697156E-4,4.236075506577583E-4
0.0,2.094080884252121E-5,7.197075299640304E-5,8.077641470362097E-4
0.0,4.22664190368327E-4,2.4128622223341364E-4,0.0013011560310902202
0.0,6.769122572623249E-5,3.7535915634451803E-4,1.3785446734097154E-5
0.0,8.697763013382284E-5,1.4889782837661112E-4,2.460945492630503E-4
0.0,1.0437054155639966E-4,4.042828217065844E-4,1.665027216270315E-4
0.0,3.500427317439706E-4,0.00125808386405641,2.7473726449140875E-4
0.0,0.0016887359943056081,0.0021666265589788403,1.4464148802639313E-4
0.0,8.897917762297139E-4,6.464305209585005E-4,0.0015264624073280382
0.0,1.7650821075368916E-4,1.7470836385885646E-5,3.9796565829914454E-4
0.0,1.1684271800250052E-4,1.605607468328588E-4,4.6168496709011965E-4
0.0,2.8205785901081934E-4,1.520980165823311E-4,1.3958498098914785E-4
0.0,2.999722740790284E-4,6.948953913736703E-4,1.67368133268995E-4
0.0,3.52725153531685E-4,1.0827759601322383E-4,9.420272847158918E-4
0.0,6.93793075916634E-4,1.8541739291966938E-4,1.9869420099073463E-4
0.0,9.415934633364728E-4,4.1672275107400796E-4,1.579461428367644E-4
0.0,9.660947548289407E-5,8.830848643319421E-4,1.6652274184313903E-4
0.0,6.481567401518629E-4,7.695698509836368E-4,0.0013656184190051885
0.0,8.064401491966573E-4,0.0014043611172301856,5.491442061593611E-4
0.0,5.346210390188465E-4,3.3202022826583276E-4,8.044480089809479E-4
0.0,5.8043899660979944E-5,1.6657333001549458E-4,2.4975588180659454E-4
0.0,5.255769216138767E-4,7.355634395444879E-4,6.268950439693222E-4
0.0,1.0408916850910692E-4,7.6279139120025054E-6,0.0013938946790549456
0.0,1.396155559157392E-4,5.128927447621457E-4,0.0013656950357370339
0.0,3.6015599936136723E-4,5.377899063214482E-4,1.9740289604982332E-4
0.0,3.707686819840323E-5,3.7289269846413375E-4,1.0132427806307454E-4
0.0,1.0629802702632014E-4,6.3676464251245985E-6,3.3898134483314235E-5
0.0,3.7599564463491516E-5,4.430496952465595E-4,2.397226272308326E-4
0.0,2.600231570725116E-4,6.245540013763255E-4,3.629886592398461E-4
0.0,1.9806677496154917E-4,8.179566120295835E-4,0.0015160763784691472
0.0,4.305014215710024E-5,9.110603124563609E-4,2.570003995385902E-4
0.0,1.5551947417214844E-4,7.106178254873616E-4,1.2698102935422185E-4
0.0,1.4982076215301541E-5,1.1607131958142283E-4,0.0010415856927447063
0.0,5.233790592736647E-4,9.683925141393473E-5,5.932612659397071E-4
0.0,1.7065941722979846E-4,4.6558928687421186E-4,6.444244569714432E-5
0.0,4.394976946442137E-5,8.247080055821046E-4,2.300358697113679E-4
0.0,3.2753301660005226E-5,0.0012110140546018687,0.0014748654630846545
0.0,2.8762219545627916E-4,0.0011016551000181864,6.45522624217782E-4
0.0,5.925494199182186E-4,1.2549217685883497E-4,4.584181729498925E-4
0.0,2.3406743974797555E-4,4.172594059747768E-5,3.3301324585754884E-4
0.0,4.517354259970579E-4,0.0010864691864092466,0.001366329980808896
0.0,7.423085576566567E-5,3.166514857597259E-4,1.419500480847413E-4
0.0,7.273957317344767E-4,3.7135161227835005E-4,7.143646503219351E-4
0.0,4.303186211281156E-4,4.822130457677689E-5,5.946296500313146E-4
0.0,1.723157239162474E-5,0.0019406573394853326,9.972803196008294E-4
0.0,2.7539601033329977E-4,2.2890704595201404E-4,6.292081853345239E-4
0.0,0.0014986470809305714,0.001780992635561652,0.0012998360659636663
0.0,1.6193683703695012E-4,1.8941723358986085E-4,1.3398311945488924E-4
0.0,1.1448487630390986E-4,5.146071824953019E-4,1.4828672676659457E-4
0.0,1.2552158090063295E-4,1.1180305339265863E-5,2.4047984811201103E-4
0.0,9.839817185781528E-5,7.816710256480047E-4,8.269307317970561E-4
0.0,6.29178159902883E-4,7.64327742745792E-4,0.0013732048467705186
0.0,6.844086978906178E-4,1.4810795437567457E-4,6.881107839279138E-4
0.0,2.516578480737966E-4,7.026875600783405E-4,4.826465237799547E-4
0.0,8.079756253076674E-4,0.0019032434410842993,7.147811376864523E-5
0.0,3.2329479689530567E-4,2.7226051847004204E-4,3.1224260671141197E-4
0.0,1.0034975136060422E-4,5.395424590924237E-5,4.532631574533275E-5
0.0,5.112597016221252E-5,3.600625064016178E-4,2.022349561344977E-4
0.0,4.4135984812184906E-4,8.438998434670569E-5,0.0011723870317830898
0.0,6.301260248773557E-4,5.232932917475916E-4,0.0011771714221166778
0.0,3.4880596079613156E-4,0.0010578808608368404,2.0107880755309188E-4
0.0,3.3136646939487525E-5,0.001377857354870608,2.909790568984139E-4
0.0,6.883750168269364E-5,2.091619533259543E-5,4.939915122115288E-4
0.0,2.4357809382405634E-4,9.553887487345981E-4,7.686514298065424E-5
0.0,3.3647201166943656E-4,3.805648554588468E-4,0.001041164451124218
0.0,1.9985981949733567E-4,9.448524130732871E-5,1.3989649961640137E-4
0.0,8.006057759938952E-5,0.0012837642567322509,1.4677058505648625E-4
0.0,1.0274186508025678E-4,3.0172606415795146E-4,1.1606785889218976E-4
0.0,6.239300689714249E-4,4.254452986665015E-4,2.3442739271773062E-4
0.0,5.136300730583037E-4,3.7427680129396254E-4,5.405838377321224E-4
0.0,4.615917931803902E-4,1.2391705453651853E-4,5.742994422106485E-4
0.0,1.8751213954349688E-4,4.5555005853757896E-4,6.0676436678518E-4
0.0,3.201879463404937E-5,1.4952925566975742E-5,7.241435147969408E-5
0.0,2.6763200763290794E-4,8.45779941736455E-4,3.713827026535547E-4
0.0,7.083596910348874E-4,6.515988113675458E-4,1.9476958330686908E-4
0.0,1.3991118716337298E-4,4.547946035809398E-4,5.1393083612626785E-5
0.0,8.57212253131773E-4,8.932527337748315E-4,4.0687492190070513E-4
0.0,1.951148612201817E-4,6.327306724466334E-4,2.565513377524821E-4
0.0,6.003349618037081E-5,4.0836742760565556E-4,2.3128931180120297E-4
0.0,9.40350716631067E-5,8.755836175778021E-4,1.6429702904883424E-4
0.0,6.193323668897794E-5,1.5790450629709282E-4,5.992972046304096E-5
0.0,4.041755025035982E-4,1.1139012354614532E-4,3.2439981050565983E-4
0.0,5.422211395184925E-7,2.716423589049362E-4,1.0501268584195495E-4
0.0,7.348388095369658E-4,0.0012464222152514977,3.4712194350831546E-4
0.0,7.391741008129329E-4,6.190703197385751E-4,9.003691557989187E-5
0.0,2.229469897209371E-4,7.513004232975447E-4,2.627624198030131E-4
0.0,9.689146293825565E-5,4.0755655987096177E-4,8.901499586176982E-5
0.0,4.0929264691494236E-4,5.766536394422803E-4,3.3368299408927804E-4
0.0,7.034696294747512E-5,8.76208886998608E-5,1.7860086148702018E-4
0.0,0.0011555925049085624,2.2123718704743418E-4,0.0010745910578328416
0.0,3.583192020959672E-4,4.477437786543264E-4,8.66620901126029E-4
0.0,6.120479840413956E-4,2.662050432500986E-4,3.741657507587776E-4
0.0,9.162921250440511E-6,3.709417875913151E-5,5.151648348937396E-6
0.0,7.008668519398239E-4,1.5220263560913538E-4,1.1340293683919102E-5
0.0,9.15714787335587E-6,8.959227377540269E-5,5.811526674381339E-5
0.0,1.5108452769773537E-4,7.920007584197317E-4,2.74058492986198E-4
0.0,6.301492655219676E-4,9.258308625096559E-4,2.861865151770423E-4
0.0,6.339966738294872E-5,2.513371860177652E-4,3.832617847361993E-4
0.0,1.144342089916175E-4,3.135526290175214E-4,3.9468763518903696E-4
0.0,3.37848408407611E-4,7.889989699336956E-4,5.221467254620503E-4
0.0,1.4167270335849985E-5,5.6078409905962445E-5,4.806622439464302E-5
0.0,1.8325953224994284E-5,0.001204077914486094,4.8262879333950734E-4
0.0,2.2129076411883466E-4,6.643777225822489E-4,8.822981091299135E-4
0.0,1.7767088531890675E-4,1.6743385878893917E-4,1.6055264247415152E-4
0.0,2.7948802772726722E-5,1.6317470485697921E-4,7.094104294659808E-4
0.0,2.0440538743941435E-4,5.699717612605032E-4,4.056441360225806E-4
0.0,3.734020863221163E-4,3.4991103885098005E-4,0.0016792067914599025
0.0,6.70635433503013E-5,7.238326056114533E-4,1.142412960662918E-4
0.0,1.1948328694598284E-4,9.498810207093522E-4,5.635421814120398E-4
0.0,4.510786046785686E-4,0.0014521770873457223,0.0012622906592923214
0.0,5.267128288907426E-4,0.002701488356504979,3.975069458734455E-4
0.0,1.8552533352188204E-4,5.160368816436455E-5,1.864778515880766E-4
0.0,6.227340257172376E-4,0.0010680277719002772,0.0016542039978277797
0.0,1.9365368582224433E-4,7.762457970645439E-4,2.284640905429657E-4
0.0,1.0147940371830463E-4,7.190392342401949E-4,4.1440566533782055E-4
0.0,2.902746014591958E-4,5.958229260024185E-4,5.982182918550343E-5
0.0,7.184275240496165E-4,1.1964910481462275E-4,7.777657167074615E-4
0.0,5.3555748195907646E-5,3.466572467063063E-4,4.485985578604605E-4
0.0,7.577701041926863E-4,8.803100043245455E-4,6.393395102068724E-4
0.0,1.7444269688196334E-4,4.26213231890822E-5,1.3741539147321522E-4
0.0,9.09936182777184E-5,1.7035495466030258E-4,4.397919683815596E-5
0.0,2.0674501029623635E-5,8.032653697452893E-5,1.7023794935746097E-4
0.0,3.867571073490978E-4,8.512332909081516E-4,2.685843190082072E-4
0.0,1.1903734966463894E-4,7.030353873913323E-5,1.9886794664111514E-4
0.0,2.1799994973240296E-5,8.948494982350026E-5,8.864082035008891E-6
0.0,2.8768048503928083E-4,4.527427393157085E-5,0.0011204894218345017
0.0,1.7724821930833388E-4,7.587395874928051E-4,4.0753736307908885E-4
0.0,4.7003142820964205E-4,2.777867224308775E-4,5.908047029769048E-4
0.0,1.5427078006900486E-4,8.525439266961851E-5,1.4217253644580312E-4
0.0,1.364982781337497E-6,2.152666431616616E-5,4.4107379617232014E-5
0.0,2.3485706868205546E-5,4.982283831557785E-4,4.817464603243622E-4
0.0,1.5718587283212817E-4,9.585916592922296E-5,2.437660387756158E-4
0.0,7.228972543917755E-4,6.285248686575504E-5,4.983285018654882E-5
0.0,2.0772324361012414E-4,9.774975267458155E-4,1.105841728906952E-4
0.0,4.32611876697459E-4,2.0533987021170922E-4,4.722004572655558E-4
0.0,3.051724140682527E-4,0.00113397470144795,6.381312652501041E-4
0.0,6.032328530161576E-4,7.107022325470057E-5,3.994827102393082E-4
0.0,0.0010103951904242015,8.017179126303202E-4,5.455894737891669E-4
0.0,2.574153564014171E-4,7.833797879368033E-4,7.153442774378863E-5
0.0,6.213654799566458E-4,4.878632777093021E-4,1.3433409364157844E-4
0.0,5.991206334222167E-4,2.96676248231374E-4,4.450052608555198E-4
0.0,9.538858367555791E-6,7.788806502241073E-4,9.015244682437204E-4
0.0,4.233598485981377E-4,1.8850872357534954E-5,7.24375767617488E-4
0.0,2.035537143418743E-5,2.048183573975121E-4,9.09168904971255E-5
0.0,7.020559362184789E-4,0.0014673632345265763,0.0016965324980605845
0.0,6.394142238301617E-4,3.468293036043773E-4,4.3807590413838293E-4
0.0,1.1417899093673111E-4,1.6941322604010272E-4,9.366754486789022E-4
0.0,1.4092354365613237E-4,2.8955860266364466E-4,1.9144834164373605E-4
0.0,2.532166246693974E-4,1.7406803792082058E-4,9.281853152200229E-4
0.0,4.285200056001662E-5,6.396006182325832E-6,2.4613651445581588E-6
0.0,3.564048722007646E-4,1.4847649849362591E-4,7.79758333900633E-4
0.0,1.5308365941033532E-4,0.002377350091833563,1.2877651315181796E-4
0.0,8.162361856563192E-5,7.964128320093907E-4,5.456382437686091E-4
0.0,1.2545864060849898E-4,0.0019607233747044248,0.0010391619993746159
0.0,1.0814907178202889E-4,7.511236951191116E-4,6.084743949761892E-4
0.0,0.0016073697007147165,9.258085171081691E-4,0.0012447599889106663
0.0,3.137188597504612E-4,4.289935430538532E-4,8.394087428094656E-4
0.0,3.4635106982987745E-4,2.128465099521862E-4,0.002151185027927589
0.0,2.6049412433318053E-4,7.134501544515934E-4,6.459948800375437E-4
0.0,9.340550247055404E-4,9.275116136214061E-4,6.935874576870926E-5
0.0,4.403449454198474E-5,0.00194551791736554,0.0017124695487867256
0.0,5.04500418337308E-4,0.0017068668085924712,6.582178033014519E-4
0.0,2.5215414479018803E-5,1.8900996805469125E-4,6.604580068135707E-4
0.0,1.3844589644305063E-4,5.053942732430735E-4,1.0788102442249733E-4
0.0,1.4222949292536997E-5,1.0591006923557498E-4,6.975140640509735E-5
0.0,1.0623300558543938E-5,0.0010845526671079974,0.0012243308281247626
0.0,7.298452415923983E-4,7.999075780152434E-4,8.18383803152882E-5
0.0,3.582320260497526E-4,2.2927244931150059E-4,6.651985091933099E-4
0.0,5.582362951934287E-4,0.0011697132689160656,0.002713525508224383
0.0,7.562952489028393E-4,6.118272951483509E-4,8.562916878641643E-5
0.0,6.51231474379887E-5,6.32446935922282E-5,9.215508137830118E-5
0.0,5.496744993643085E-4,6.87445936163126E-4,6.980722764591779E-4
0.0,1.564647965087886E-4,8.776485822315975E-4,0.0012169135300216815
0.0,1.3260798625242167E-5,4.700795681177639E-4,1.6204585943844794E-4
0.0,6.50205616395416E-4,2.141499738649721E-4,5.577632320147333E-4
0.0,6.149937287636227E-4,4.349509330851865E-4,0.0013264153446448212
0.0,5.878372988606936E-4,8.909147622973443E-4,6.145195161496037E-4
0.0,9.594431177980086E-4,0.002293054012993511,5.813671057204167E-5
0.0,2.436137957191848E-4,5.855918081859638E-4,1.9524930509012549E-4
0.0,6.495025125066565E-4,6.871579948156165E-4,6.66004487482925E-4
0.0,1.3879119029804935E-4,1.809310643612107E-4,2.329631756199818E-4
0.0,7.870706228452598E-4,0.0013424830978405655,0.0010392601083787291
0.0,1.3842749849619394E-4,7.945080634764456E-4,0.0013084269838893985
0.0,2.5495541233062316E-4,1.1800513761075433E-5,0.0019984358566151697
0.0,8.151782793838491E-5,9.336113934253227E-5,2.4245289472506434E-4
0.0,1.761563954400559E-4,4.146342216043264E-4,2.051893453341171E-4
0.0,2.7318623160900047E-5,9.478714848273091E-4,3.2294932892324086E-4
0.0,1.4860499000790163E-4,8.499729516483817E-4,8.959115971670055E-5
0.0,8.321234179594543E-5,2.587470448886937E-4,3.5746453791045234E-5
0.0,1.0141055421017677E-4,1.8748382576700732E-4,3.258753263570524E-4
0.0,8.838874115086558E-5,1.724080649519521E-4,6.148619883323892E-4
0.0,9.369530681876179E-5,4.530071343297048E-4,2.292480481678191E-4
0.0,6.544630447857036E-4,7.677629222748862E-4,2.2586213259700874E-4
0.0,4.1880355697724247E-4,2.6155025493124456E-4,9.342520647233334E-5
0.0,0.0011434702763575336,5.520086580684732E-4,3.975576048574066E-4
0.0,5.537140014228951E-4,8.733396823934449E-4,9.972396852635978E-4
0.0,1.0519265334566128E-4,5.853502387692437E-4,5.198463455183584E-4
0.0,2.9611262637226364E-4,3.345881498647216E-4,1.6257968988657621E-4
0.0,3.2282339355865655E-4,2.1240823156940352E-4,1.4396984779931833E-4
0.0,1.3697735596569273E-4,8.629710374065218E-4,8.227397062473661E-4
0.0,2.02608270104196E-4,0.0014232567175054979,2.840762075574252E-4
0.0,2.3335214819662553E-5,3.5800490639515753E-4,2.1353867326538294E-4
0.0,5.206045808791716E-4,3.162626428775678E-4,4.927128027689686E-4
0.0,7.403510497654356E-5,2.6333943070515375E-4,2.6291500386988235E-4
0.0,5.072446543018653E-5,5.958681045933682E-4,1.1234002407117681E-4
0.0,2.615102678178108E-5,1.3934661357171694E-4,4.591656203099526E-5
0.0,4.8607554886719885E-4,0.0012413967481543758,3.6901114792547854E-4
0.0,4.155957451771973E-4,0.00154688654974226,1.6994287659988122E-5
0.0,5.547650566172973E-4,1.017120576894702E-4,2.0302009624301341E-4
0.0,2.1060393559421922E-4,3.6381673866276153E-4,3.3753615965149996E-4
0.0,3.4907792485702836E-4,2.443563728810486E-5,0.001108247236993538
0.0,8.405371002551113E-4,4.8717883890134824E-4,8.826148219389661E-4
0.0,7.825571654310307E-4,0.0011613375812171217,0.0014409865512985684
0.0,0.0010883241487450563,7.929907870559491E-4,0.0020717041574390195
0.0,1.2274363187147867E-4,2.542866202918248E-4,1.1866323260653711E-4
0.0,4.4664080906205785E-4,1.4107919303954822E-5,3.9074818371596546E-4
0.0,8.982081167401907E-5,6.87839127444453E-5,2.3766362447747297E-5
0.0,6.966153966157521E-4,0.0010690704333626538,7.555749935983782E-4
0.0,2.9885177679843274E-5,3.236496446303843E-4,3.005394928257654E-4
0.0,1.1042237233675895E-4,8.788148195489008E-5,4.321106110181609E-4
0.0,4.510462795826545E-5,5.3480327535749604E-5,3.528964443692065E-5
0.0,3.756294020147224E-4,5.650762620119651E-6,5.871441163921107E-4
0.0,1.7970444260547255E-4,3.7294776954496984E-4,2.4543802969825185E-5
0.0,7.440253329727445E-4,8.361061903849097E-4,5.878672775090564E-5
0.0,9.809236683122119E-4,0.0012470704426161712,6.82118284969086E-4
0.0,7.887156560407865E-4,2.9307518973936822E-5,0.0017733045389647858
0.0,1.9914004629129726E-4,3.386782721701243E-5,8.675125953133406E-5
0.0,2.227308084295491E-4,4.810676426276751E-4,9.514444900525391E-4
0.0,9.431771209120717E-4,0.001002724907194501,6.025926124484415E-4
0.0,1.545698501425013E-4,1.6305008994954955E-4,4.795144947247788E-4
0.0,4.6556903077562883E-4,2.864471834791104E-4,7.10382111470216E-4
0.0,4.7534347539180365E-4,0.0012418080280054392,3.754636977286231E-4
0.0,0.0010587660045522172,0.0018167322260101025,5.268867142348637E-4
0.0,7.339060647297668E-5,3.312067991446141E-4,3.9316867130909414E-4
0.0,0.001023207954268487,4.886919489874064E-4,9.616796932496173E-4
0.0,2.765385068392922E-4,6.70981466481455E-4,1.1643272418433045E-4
0.0,5.596096813976286E-4,1.5731268281508204E-4,9.972842047973587E-4
0.0,3.186569493807711E-4,6.879332498891903E-4,0.0010146992998012535
0.0,2.2316013126615005E-4,7.013701439179167E-4,2.3236673870096394E-4
0.0,9.27255116425841E-5,9.828049075416495E-5,2.3255438316159246E-4
0.0,0.0014844953512441388,2.5422325294633714E-4,9.782132568880663E-4
0.0,1.237942482506962E-5,6.467037197629826E-5,6.830513517485191E-5
0.0,4.727903666153928E-4,2.7361019916288104E-4,5.716785352280887E-4
0.0,2.138084140977941E-5,7.278424760765291E-5,1.4652025275833116E-5
0.0,2.58685074740866E-5,5.110897084310331E-5,3.056573831837232E-4
0.0,2.3139409845446873E-5,2.3214507476911915E-4,2.1096322171398906E-5
0.0,8.178647951528198E-5,0.0014699487654276956,6.23888762564939E-5
0.0,9.943071676288872E-4,1.0090352036611343E-4,7.201864434179401E-4
0.0,2.9346853064468847E-4,8.96832866291241E-6,2.6783072030896887E-4
0.0,7.519818848858997E-4,6.396380283581804E-4,9.740673764829973E-4
0.0,8.05764809210753E-4,0.0011687362993114748,3.947940681005532E-4
0.0,5.59715343150844E-5,8.563371366121446E-5,4.001718970455663E-4
0.0,4.767280006101403E-4,1.9139711274341077E-4,9.535914683321282E-4
0.0,0.0018772216724514041,0.0016942406864267302,0.0011474063101211145
0.0,3.7901042085897136E-4,3.8637564155493217E-4,7.25752280897401E-4
0.0,2.590388172387544E-4,5.63381342156991E-4,1.2724181137335565E-4
0.0,9.400902913329279E-4,0.001077138429200597,6.946363209051665E-4
0.0,1.1180448867205856E-4,5.733279742492372E-6,1.9957043090389548E-4
0.0,3.139883073208552E-4,2.253264239236204E-5,1.9208086139464189E-4
0.0,2.7247961846546325E-4,0.001554232672524002,4.2619000216288094E-4
0.0,4.589414204318553E-4,0.0014788687978786747,0.0010467816657634395
0.0,6.251999049475614E-5,5.406120211884597E-4,6.465067478076332E-4
0.0,2.0229748303784905E-4,8.43503780789541E-4,6.226120429985796E-4
0.0,8.567360543383626E-5,3.6167058078427424E-5,8.968119803678668E-4
0.0,3.3077662938500203E-4,1.489035146416383E-4,3.834996148617137E-5
0.0,4.797503754956158E-6,2.697242326975615E-4,3.3697628854814074E-4
0.0,3.0569225429702006E-4,1.4902113118688492E-5,3.1008661348826285E-4
0.0,5.794763447769923E-4,4.2786363014757936E-4,0.0012399948250650364
0.0,5.413898917026542E-6,2.08812760339501E-4,5.318561039822023E-4
0.0,1.1943935674002572E-4,7.594092748238477E-4,9.105134322688179E-4
0.0,6.658844628152948E-4,6.901381005796486E-4,3.024586904651373E-5
0.0,4.8215973386040817E-4,1.2151446298906216E-4,7.84913018462523E-4
0.0,6.006280074527703E-5,7.83798048120822E-4,2.962082687825122E-4
0.0,2.2828865703891158E-4,9.499077662686858E-5,0.0015366142198893842
0.0,1.6747494209259816E-4,7.347218735822906E-4,4.814493319842971E-4
0.0,2.4657940756236635E-5,1.2443883684340869E-5,1.730575716599527E-5
0.0,8.11309531283339E-4,0.0012373943699469897,0.0016592255584747051
0.0,1.2874624558783474E-4,3.279757028813871E-5,6.874010547978468E-5
0.0,2.696358356566128E-4,2.3441204030845775E-4,4.183415952392562E-4
0.0,2.723972988456288E-4,3.094855492626655E-4,2.0467838083900104E-4
0.0,1.6253287106980942E-4,2.445787662646851E-4,5.854142413644761E-4
0.0,5.520881064569756E-4,0.00116655637973869,8.704394421921243E-4
0.0,6.103390329750908E-4,4.0255507151878555E-4,2.9940786899759525E-4
0.0,4.3324995062732726E-4,3.675006729450345E-4,1.579891408051522E-4
0.0,7.473511411680176E-5,0.0010317382843094832,4.745782614638348E-4
0.0,0.0019077691296176308,0.0015973660834888964,3.169937618360453E-4
0.0,5.72938705727679E-5,1.0568772399817817E-4,4.603737516558719E-4
0.0,1.939522871539676E-4,5.888242241781111E-4,1.080198511760785E-4
0.0,0.001327769140130102,0.0015226310068999686,5.581066598112937E-4
0.0,8.114571223656797E-4,2.264435107321732E-4,0.0013353636522874027
0.0,2.5126855450820305E-4,4.570785153597531E-4,4.1222386671109756E-4
0.0,2.475225229444232E-5,1.539742433687015E-4,5.782687911548476E-4
0.0,1.3199410539695578E-4,7.003958227043068E-4,2.8799066025946033E-6
0.0,2.156993696910518E-4,4.7355957583007055E-4,0.0015006151891020299
0.0,7.719700668628031E-5,8.90787098498965E-4,6.292805349693681E-4
0.0,8.068775929958192E-4,4.6697240741182033E-4,0.0014402710540508737
0.0,1.8188360140516787E-5,5.043411561240822E-5,3.753503719743579E-4
0.0,1.439466698737619E-4,0.0011134875280701753,1.5989008558075886E-4
0.0,1.62147799898164E-4,0.0011046895013859647,9.596898289824041E-4
0.0,4.015400376265479E-5,7.949956680018325E-5,2.0233911016530955E-5
0.0,7.966906194140156E-4,0.0021689043074741804,2.7307067761018415E-4
0.0,0.0010929240753135318,7.382575889598554E-4,1.74085356917846E-4
0.0,4.00571872450156E-4,4.370429829593962E-4,0.001488278019119756
0.0,1.8461331309562503E-4,4.7347169788298566E-4,6.542499558693767E-5
0.0,1.3660463169069405E-4,7.982068455620248E-4,4.895386627793827E-4
0.0,2.472852241479337E-4,1.7278106913680208E-4,4.307396966889689E-4
0.0,1.9465136917478664E-4,3.95873274181984E-4,5.012562540572546E-5
0.0,7.922295507717821E-4,0.0013209450727505211,8.581925175543947E-4
0.0,7.50853918526097E-5,9.143873981277725E-4,2.485409169516023E-4
0.0,1.9717889595894994E-4,3.432612440107819E-4,4.5386567274193797E-4
0.0,3.8357523081938464E-4,0.0014237852964960572,1.8242452820312188E-4
0.0,6.03767434649495E-5,3.49954120695901E-4,1.0989867762394061E-4
0.0,2.434864291587927E-5,2.245316831660503E-4,9.413737616785857E-4
0.0,7.005387095624247E-4,2.4385905129689186E-4,1.551429841535444E-4
0.0,3.4084171486750155E-4,9.68974937283132E-4,2.8729605469929397E-5
0.0,8.03624090675655E-5,4.77921696405708E-4,7.492403155599683E-4
0.0,7.536131136159915E-4,1.799394910463748E-4,2.3223800493229595E-4
0.0,5.221039650744389E-5,5.762264693557837E-4,1.3284612437960503E-4
0.0,3.7588378178841035E-4,9.046950867341061E-5,0.0011293776554964898
0.0,6.327152188865652E-5,9.059240045140969E-4,1.6184480131267105E-4
0.0,7.670936694835579E-4,0.0010802966893019468,0.0010403482224501587
0.0,1.837031835796253E-4,0.0014251147254635854,7.695615149039712E-4
0.0,1.3099979960473545E-4,1.8938201182607255E-4,4.708163604495933E-4
0.0,0.0010358104902315067,1.632017715492868E-4,8.819653204466083E-4
0.0,9.557322520762038E-4,0.0022957303801357186,2.5699346396032113E-4
0.0,2.4770267343207662E-5,2.663828775647136E-4,5.264214574693598E-5
0.0,8.466864925374115E-4,0.002966830975418639,2.6160267339816204E-4
0.0,2.51895500790984E-4,1.158187201944499E-4,8.113224894183893E-5
0.0,1.7777352791445642E-4,4.870882187861142E-4,1.4888664361187854E-4
0.0,3.597255515969404E-4,3.342437433790681E-4,7.056080780432739E-4
0.0,2.4821465203460662E-5,1.6682379334936366E-4,2.3162723474473579E-4
0.0,6.930207477305191E-4,1.862272730272224E-4,1.978923642683854E-4
0.0,1.365504122748038E-4,3.1554785481079464E-4,7.799333998226898E-4
0.0,2.2092530562439918E-4,4.534186270936977E-4,2.3627171049754513E-4
0.0,2.5253312154035925E-4,8.775256350319502E-4,2.828209195112614E-4
0.0,2.0983473549649785E-4,2.7456656277550124E-4,4.3530127409297485E-4
0.0,4.6127724869221715E-5,0.0012273091017240187,0.0010016105447728733
0.0,1.5479516236812957E-4,3.832677606576114E-4,6.542110229944243E-6
0.0,3.135648638459979E-5,5.3298209091213626E-5,2.0923992030551586E-6
0.0,3.532423499049568E-4,7.291934771832114E-4,3.86395667944266E-4
0.0,4.896616052264847E-4,3.4470574061438314E-4,5.99282100414969E-4
0.0,3.994759985911911E-4,3.0032575971069485E-4,3.0691863106217154E-5
0.0,2.2487699032747307E-4,2.4730859643635155E-4,8.428831948193895E-4
0.0,2.410095747366439E-4,6.336963213767681E-5,0.0012529953921456768
0.0,4.6577044599477595E-4,5.753674798138514E-4,4.68472376646825E-7
0.0,0.0015331969987166048,0.0017408451597683689,6.793182987249471E-4
0.0,2.344505808110633E-4,2.8240266184828723E-4,7.490190356382922E-4
0.0,2.971137556439393E-4,7.713974945999917E-4,5.34257364160096E-4
0.0,1.7525277700017867E-4,8.565030541549636E-4,9.617148545744792E-4
0.0,6.713849299175504E-4,3.2932807677690316E-5,0.001368207924216154
0.0,1.6826924785235664E-4,4.7033571360123025E-4,5.053622471571691E-5
0.0,1.7057336180587807E-4,1.9996430544753726E-4,0.001643332870781561
0.0,1.4768160009101752E-4,8.793650262204953E-4,1.1800427036721056E-4
0.0,2.0504107945234847E-4,2.839849750477315E-5,0.0016423215828718176
0.0,7.297200358754443E-4,0.0010404549880397422,1.0251862218033556E-4
0.0,7.007409755594353E-4,2.563563994494535E-4,6.744127960311582E-4
0.0,6.712942938243953E-5,5.2983387831823416E-5,0.0025442209846319335
0.0,9.830342474175006E-4,3.640738227377155E-4,0.0011028933668942446
0.0,1.2865262980427946E-4,0.0010419134983951873,4.380255745675362E-4
0.0,1.305343913543999E-4,3.2491247922854736E-5,1.8138377275098375E-4
0.0,6.969660898864549E-5,4.000247030098134E-6,4.394634073357605E-5
0.0,7.021330303807699E-4,1.2621534541362237E-4,0.0012238689317577156
0.0,2.5843208678080727E-4,5.239013701194602E-4,2.501168338831025E-4
0.0,2.16857713953066E-4,1.423156181430924E-4,4.2108621674115826E-4
0.0,4.3747138873745294E-5,4.02629398290338E-4,6.080243309591801E-5
0.0,8.189520289275251E-5,0.0012563606065893902,2.506407943034482E-4
0.0,5.031691243588782E-5,1.3267270585352108E-4,6.381819019469841E-5
0.0,3.2968118613517505E-4,9.507721764119958E-4,3.5409906509592244E-5
0.0,5.841655574480902E-7,4.4790962584573393E-4,3.3171610119763635E-5
0.0,7.383159982274445E-4,0.002378823966824958,5.824986897034453E-4
0.0,1.2084150240214054E-4,5.881409692834007E-4,1.7100795502758012E-5
0.0,4.405384007695386E-5,7.557210127159449E-4,5.690058849863409E-4
0.0,1.4457137339853724E-4,6.519874483529244E-4,1.6409474999223503E-4
0.0,1.6459677090799118E-4,2.458298173518273E-4,4.751113694828249E-4
0.0,7.272030638057425E-4,5.097923122179973E-4,4.5602505405268793E-4
0.0,3.9683197608039096E-5,1.7090855215746425E-4,3.0009854985256886E-4
0.0,6.928998726733861E-5,7.896016310542718E-5,1.6969665976862075E-4
0.0,2.0663651050427048E-4,9.630848137438365E-5,0.0017460540211441718
0.0,2.943172230138777E-5,5.960476266448494E-4,2.4623755557604134E-4
0.0,3.427325677123904E-5,2.9582833347554583E-4,1.9860824055143765E-4
0.0,1.3208804131252628E-4,2.550904780597698E-7,4.0829421331721E-4
0.0,1.666558161593409E-5,3.6402228044289474E-4,3.8777079014982795E-4
0.0,2.3571949772315356E-4,5.783786007548689E-4,2.9700185853457294E-4
0.0,1.6133097493522928E-4,2.605017845526939E-4,3.9724270366831856E-4
0.0,4.745525172555382E-5,2.0733968817264502E-4,1.4797561653502635E-4
0.0,8.881199175957915E-5,2.016927051591701E-4,4.970439001360065E-4
0.0,3.4452840366042196E-4,9.861197970511206E-4,2.2311532738566653E-4
0.0,4.779058806351286E-4,2.532278549163899E-5,7.468940090870985E-4
0.0,2.1285700865464644E-4,0.0015924200771810198,1.1413042382974127E-4
0.0,2.7604282786952635E-4,2.4184559143655934E-4,3.305209510086305E-4
0.0,6.874340025045869E-4,0.0010322883964540496,9.512939151070033E-4
0.0,3.8483309322635164E-5,7.914158576537852E-4,3.488665762992238E-4
0.0,2.1146753823048014E-5,9.623606821083843E-4,8.670542668400993E-4
0.0,8.906303812430061E-4,7.218428411829921E-5,7.77512436979813E-5
0.0,1.1540715314271252E-4,7.231664687392032E-5,4.0913449743702044E-5
0.0,8.27728058382378E-4,7.168461176347001E-4,5.044784801352734E-4
0.0,7.238259088448269E-5,0.0010034725745190422,2.63501429404194E-4
0.0,0.0017371057481735826,8.915854430563993E-4,6.871762689240768E-4
0.0,1.0215483807329434E-4,6.958284314592116E-4,9.351707346684235E-4
0.0,7.280530100213842E-4,3.814177682478953E-4,8.737865441415093E-4
0.0,1.7352526593511688E-5,7.916300257942661E-7,2.413016525034742E-4
0.0,1.436035187234771E-4,7.360414301030908E-6,7.200754482908404E-4
0.0,8.022411392530819E-5,4.361850723661032E-4,3.8829516685094217E-4
0.0,8.268188203844306E-4,6.972928500846064E-4,5.667808531811427E-4
0.0,6.944296927877579E-4,0.002027800234553705,8.763934695310999E-5
0.0,3.21392615730836E-5,8.207757853949693E-5,1.1264327122290007E-4
0.0,1.367964317801947E-4,1.153489535808268E-4,1.76709391389966E-4
0.0,7.218508723455533E-4,8.384066209897245E-4,4.7509511584555464E-4
0.0,0.0010767320079768678,0.001141428123639056,3.923273853634079E-5
0.0,7.911824944681994E-4,5.204251118438667E-4,0.0012309535413526057
0.0,3.806863227788126E-4,7.847165049989246E-4,1.262744415393832E-4
0.0,5.828740360623751E-4,8.90195106967451E-5,0.0010843689547159051
0.0,0.0013395698420497948,0.0016211612308825408,3.7979657072478244E-4
0.0,4.7114556497317536E-4,0.001490368904779852,0.001055056818356373
0.0,4.5127934545702476E-4,5.028392651775191E-4,1.984939700802739E-4
0.0,1.089752816334728E-4,7.923144053768429E-4,3.3807352264920477E-4
0.0,9.010980580512816E-5,3.483076667273315E-4,1.402453648442587E-4
0.0,4.187661918199879E-4,2.480036908204532E-4,5.292781524416745E-4
0.0,4.5811122914077874E-5,3.222692965580218E-6,1.866005386614625E-5
0.0,1.6793755062257756E-4,4.7715964558738336E-4,6.085124048127159E-5
0.0,8.096315443151617E-4,3.693099549022393E-4,0.0010562245742919685
0.0,2.1568552039267849E-4,5.166247399127795E-4,3.496099850118176E-4
0.0,9.89939358091294E-5,6.590235506904088E-5,4.4094736241468746E-5
0.0,1.4350851473249435E-4,8.990774432544032E-4,3.4966119017151853E-4
0.0,1.5999088491367548E-4,8.287666981473898E-4,1.8780023186210047E-4
0.0,1.1674996742567596E-4,5.784263530444594E-5,3.8599889830299815E-4
0.0,1.0696926698103612E-5,2.801213729357216E-6,8.770896982098877E-5
0.0,5.449910342005863E-4,3.387810196188975E-4,6.142334345125451E-5
0.0,8.261338320611628E-5,5.13555626930717E-4,1.7812464517861601E-6
0.0,2.0086603464150024E-4,2.683263037731981E-4,2.572633775627073E-4
0.0,3.0224120802623943E-4,4.07056944304371E-4,0.001135867343045103
0.0,4.360986290787683E-4,7.709584911688862E-4,7.153041468000206E-4
0.0,6.29426625089185E-7,2.9933047649071613E-4,5.491321752270545E-5
0.0,3.9093134846882884E-4,8.133617760965207E-4,3.79298224311006E-4
0.0,4.359922409717663E-4,0.0014134072089378713,1.9378448941250538E-4
0.0,8.187083072300046E-4,2.578053496340114E-4,0.001859847069601817
0.0,1.1307509182290536E-4,1.0935416384598104E-4,6.38909266654887E-5
0.0,4.792604095159293E-4,9.480476039013542E-4,1.950949481410605E-4
0.0,2.3945004673384758E-4,5.737957891447993E-4,1.0553898892171514E-4
0.0,3.758196268369802E-4,0.001356399101576634,6.270604610272891E-4
0.0,5.208013167058635E-4,7.907110419238033E-4,0.00161906248820079
0.0,5.010234946901729E-4,6.650198064151019E-4,0.0015029388006418027
0.0,1.1751251266674483E-4,2.2615327443384984E-5,2.0299762130170112E-4
0.0,1.0825340296070675E-4,9.649229328070137E-4,5.367870819203181E-4
0.0,4.4031040438442646E-5,1.5584555319020553E-4,4.7073763614122156E-4
0.0,1.737231627146799E-4,0.001150881472901467,5.213723755496951E-4
0.0,1.6639803515174542E-4,8.425693731193368E-4,2.3821503856554703E-4
0.0,1.4310267053808267E-4,2.964639920803081E-5,4.0915761405844174E-4
0.0,0.0010759382618031335,0.001161514978598601,0.0013469194465735867
0.0,1.9738065205772297E-5,4.4283514436226674E-6,1.8162819145291958E-5
0.0,4.440084807398082E-4,4.3781523238765134E-5,5.64947778242795E-4
0.0,2.2308822078317945E-4,1.592517701207167E-4,4.540944926900196E-4
0.0,1.306847001009211E-4,3.1055951214190844E-4,6.536148083291284E-4
0.0,0.0013208455535393064,1.2814860083219966E-4,0.0012617546995093067
0.0,8.739859035462443E-4,8.478374503987922E-4,0.001983652900625603
0.0,0.0016073697007147165,9.258085171081691E-4,0.0012447599889106663
0.0,4.7595839028551095E-4,8.244910279877801E-4,6.740690967594605E-4
0.0,1.5744532813338438E-4,7.392319767866784E-4,3.95987907504162E-4
0.0,5.00621746212827E-6,1.962654066732527E-5,4.3651937282386814E-5
0.0,5.762078785533002E-4,3.938055858998358E-4,0.001133049776440297
0.0,1.815766424777076E-4,3.271014768159601E-5,4.6096157382109846E-4
0.0,5.268785041252696E-5,1.1559428078093638E-4,3.6399299531887725E-5
0.0,5.778282406459597E-4,2.861016855657146E-4,2.283078848422677E-4
0.0,6.817291908023664E-4,9.784264699076114E-4,9.92600453094144E-4
0.0,3.3783330135045924E-4,8.040274912304269E-4,3.5142287855532246E-4
0.0,1.2448024929210112E-4,9.101791015556484E-6,2.942306273903426E-4
0.0,7.780459002300183E-5,8.251159265302228E-4,3.2378158866865065E-4
0.0,2.4849727592808613E-4,8.775756747145334E-4,5.541127931988322E-4
0.0,6.490447823762539E-4,4.26665048163009E-4,6.810126612843544E-4
0.0,5.974980444351996E-5,0.0010382404342254234,2.3576428420868105E-4
0.0,1.5538359593198273E-4,4.522731153654268E-4,2.974169561850791E-4
0.0,5.996086267257095E-4,6.431777010149572E-4,0.0013337701402460524
0.0,4.2559494385261526E-4,2.3697877560987545E-4,1.3353228016572518E-4
0.0,2.569529553681847E-4,0.0026825548493995296,0.001164994094069014
0.0,7.507756951469263E-4,0.001143351356624747,0.0013311190321675615
0.0,1.40410895723555E-4,2.0000898740669083E-4,4.1871185814204885E-4
0.0,3.128848238816806E-5,2.378903886904833E-5,9.777894434625904E-5
0.0,1.23792607984499E-4,0.0012039228781218008,8.453585993764823E-4
0.0,6.536429088841334E-4,7.746126834598669E-4,9.759357541046411E-4
0.0,7.100228124432257E-4,8.189396797482733E-4,9.607475262538537E-4
0.0,2.4329378487839896E-4,5.3025182520669E-4,5.406054403957328E-6
0.0,5.835800777656615E-5,1.8552850881070114E-4,2.222568685011886E-4
0.0,2.6261806375380714E-4,9.71615203488436E-5,8.973174789918632E-4
0.0,1.4340016059402993E-4,5.622851391689657E-4,5.029260106446992E-4
0.0,1.1198211462478053E-4,0.001176562034781976,3.006963356067333E-4
0.0,4.9874644856536696E-5,8.033604814472272E-5,1.43116751232529E-4
0.0,5.076788556834067E-4,8.16050210634495E-4,0.0013411976456177577
0.0,7.434847813738982E-4,0.0011154946335005138,8.10063059899654E-4
0.0,1.0898810514405925E-4,8.346283075894095E-4,3.656062711674273E-4
0.0,3.442591819917395E-5,1.7023387443039153E-4,3.091964529424426E-4
0.0,1.375101917428261E-4,1.8840433973009725E-4,4.917790999996986E-4
0.0,2.837497602207932E-4,6.006524479152889E-4,0.0011892993018876902
0.0,1.3893415805336557E-4,3.595935846177642E-4,5.06987505015401E-4
0.0,1.5633994654767053E-4,0.0013492974887456043,7.940226295721657E-5
0.0,4.656317010161512E-6,4.915833005409173E-4,2.9209572205608666E-4
0.0,3.4736417262671004E-4,7.096822251815202E-6,3.587133207179674E-4
0.0,2.98121421974404E-4,6.553984432376072E-4,0.0012522948629223255
0.0,1.936124870189718E-4,0.001171043931598988,7.980570823141535E-4
0.0,6.363658799443237E-4,6.129613899974522E-4,0.0012656217830357933
0.0,6.274471795300997E-5,1.1856036713118768E-4,2.5507161141195226E-4
0.0,2.799081681927078E-4,4.6573419757624556E-5,1.9307062057665584E-6
0.0,1.127212911899941E-4,4.3299567106309006E-4,6.361332698263077E-4
0.0,0.0010094341327361077,1.414317682344683E-4,7.935129067197851E-4
0.0,6.374854769417682E-4,4.373506258639574E-4,7.669090357212649E-4
0.0,1.7377908835600875E-4,8.27611618742985E-4,1.0351531931236672E-4
0.0,2.5009007382276996E-4,2.3022523125577308E-5,7.678299439147585E-4
0.0,2.900070684176968E-4,1.356618601626225E-4,0.0016109143631249981
0.0,1.6256853626148133E-4,1.6340372209969247E-4,6.056001896449926E-5
0.0,4.956408899925627E-4,7.746794228996653E-4,7.092434070986431E-4
0.0,1.7350379066587904E-5,2.8490428139517127E-4,3.934858149867026E-4
0.0,6.924112543973193E-4,2.2723124204358065E-4,8.036879491646153E-4
0.0,2.88632981713784E-4,7.9425372193091E-5,9.327850391843051E-5
0.0,3.2171696103550115E-5,3.669023201076509E-4,7.428095360956149E-4
0.0,3.559001080408925E-4,0.0015714235335522156,0.0023143489569626397
0.0,6.031320712825566E-4,0.0010278925785579406,0.0011714149077937316
0.0,3.2909719346233354E-4,1.3154556163654326E-4,8.725081830663013E-4
0.0,9.530943815759939E-5,2.0334247182221535E-4,1.5399896163020594E-4
0.0,9.477625342173647E-5,4.652422061152482E-5,7.246857525835375E-4
0.0,6.381254253761804E-5,2.0309171222493598E-4,6.919326584536821E-4
0.0,7.083614274382184E-4,4.138368638592405E-4,1.5795947388184872E-4
0.0,1.1042817877358524E-4,4.0394101058623794E-4,5.965629790174185E-4
0.0,3.417651150350664E-4,5.04446273762978E-4,5.017385869065546E-4
0.0,3.673407796301493E-5,2.535960558681531E-4,3.735521561190959E-4
0.0,7.329511634349606E-4,0.0021574843132230264,2.536548225465354E-4
0.0,1.2710685297479706E-4,5.919451008220681E-4,3.394038420472711E-4
0.0,5.761683815487172E-4,0.0016783040898829163,3.333808403423897E-4
0.0,8.495892794972017E-5,9.143364998703869E-4,2.536665502908225E-4
0.0,6.058696117257715E-5,9.324689745173853E-5,3.463295331091463E-4
0.0,5.385323320265635E-5,2.90127385158536E-4,4.8143698107497475E-4
0.0,7.009664097022266E-4,3.288293236158281E-4,6.445945148202349E-4
0.0,7.77172238780704E-6,4.191031881093311E-4,3.0281736960541494E-4
0.0,4.147622462259179E-4,3.521085754385151E-4,1.611758448522872E-4
0.0,1.302182486667245E-4,2.1628542372326425E-4,2.6168391422144797E-4
0.0,2.518728848793908E-4,0.0012704167813947966,1.719290604534551E-4
0.0,8.108126264688961E-5,9.221545701074341E-4,6.044808711488116E-4
0.0,1.7070809377729373E-5,5.840012343107583E-4,2.0659281313848325E-5
0.0,2.1893026258477426E-5,9.489138223358676E-4,3.242667380238134E-4
0.0,4.999029842563039E-5,4.1559995931770053E-4,2.9459883904497594E-4
0.0,2.0744943542949675E-4,5.080770667398748E-4,3.251603324330328E-4
0.0,1.7184534107497335E-5,3.358619098395923E-4,5.506202416107277E-4
0.0,4.753499242739228E-4,0.0013260961424924772,1.6171091954092197E-4
0.0,1.2356920784394157E-4,4.1499421173417855E-5,1.7440911992476615E-4
0.0,1.3805222925309326E-4,8.161181577000904E-4,2.370252999655779E-5
0.0,3.379131746545211E-4,9.824986997447806E-5,2.9372782824271354E-4
0.0,6.406328160233031E-4,6.181055810888119E-4,3.868101770679803E-4
0.0,1.5171199895830406E-5,0.0011659743444092953,9.566944057111728E-4
0.0,2.683830519247901E-4,0.0028355231495981012,0.0010786796260012195
0.0,0.0010571197260153572,6.385062703403766E-4,0.0010405924546447107
0.0,3.059713362920503E-4,2.5571153573863135E-4,1.9460026555777858E-4
0.0,3.135648638459979E-5,5.3298209091213626E-5,2.0923992030551586E-6
0.0,6.089009491077727E-4,0.0010998786730081103,8.616875913984309E-4
0.0,8.590901964514895E-5,9.352465046884536E-4,1.2255693399044963E-4
0.0,5.1264761682748865E-5,4.096266182944641E-4,5.356225720291334E-4
0.0,4.091585092628993E-4,0.0013354884483273602,0.0013550621816434546
0.0,3.9499099434379443E-4,0.0011919412941255563,6.159241586901716E-4
0.0,8.698448554625434E-4,0.0011443068523839424,1.356221902750542E-4
0.0,5.789303075146841E-5,4.0379495442925673E-4,1.9768302489839016E-4
0.0,1.078241669062996E-4,1.5776306695544203E-4,2.475602704175918E-4
0.0,5.562914368154891E-5,1.6896465618445437E-4,6.13873068715366E-4
0.0,6.453945356664845E-5,3.6023852298263753E-4,1.0359967810918089E-5
0.0,3.3267471501488306E-4,0.0013324571425129851,3.7997936742041827E-4
0.0,8.903694054819406E-5,3.772679763374688E-4,0.0015778340729816864
0.0,6.040779117448272E-4,7.87483932646738E-4,5.769791492165334E-4
0.0,2.436035815921888E-6,3.9256161168108115E-4,5.112247366856821E-4
0.0,3.3744577712943445E-4,8.215424836116684E-5,5.734261452557571E-5
0.0,1.1475129942748084E-4,0.001134019954607183,0.0011193246611240204
0.0,5.710479106037455E-4,5.813876739383548E-4,0.0011897140225586107
0.0,3.1810339100422035E-4,3.098230870075831E-4,0.0012121067787435624
0.0,9.545883495620494E-5,1.1103699696363148E-4,1.556814092246789E-5
0.0,4.6725624944363786E-5,9.813781637512395E-4,1.238830991621293E-4
0.0,9.061786227342175E-4,3.54955739450122E-4,9.337873581734497E-4
0.0,4.055946309894475E-5,3.928053047942922E-5,6.72219752483187E-5
0.0,1.1622483237163828E-4,4.3477387429057056E-4,5.225829914748445E-4
0.0,2.819415290020214E-4,0.0011746279513699836,6.603165235166457E-4
0.0,3.63885561944789E-5,7.637129231355099E-5,5.849859095938979E-4
0.0,4.741119367001171E-5,2.1464751581857947E-4,7.54677477691417E-5
0.0,1.1807604715474585E-5,1.1577865080646662E-4,1.551316841854055E-4
0.0,7.165423470569093E-5,8.89117425095681E-5,1.900491838677745E-6
0.0,3.203523946352334E-5,4.8328704333921513E-4,3.712282582475861E-4
0.0,4.6730498871140634E-5,8.341434512605701E-4,2.1310468180509197E-4
0.0,2.4454903567584866E-4,7.346004020681203E-5,3.083938219850319E-4
0.0,2.3779069885991374E-4,3.3392039892674887E-4,1.5686189931652918E-4
0.0,1.2601609883293436E-4,4.35390550388277E-5,6.831018593780448E-4
0.0,5.246007808587463E-4,3.9311320622586646E-4,3.22986227592152E-4
0.0,1.779571750362495E-4,1.5765767243793968E-4,0.0013481340511183445
0.0,1.2133423177480074E-4,0.0012037579881982495,1.4384254324412347E-4
0.0,3.3704973608606636E-4,3.000187973964483E-4,1.44086197496939E-4
0.0,1.5459052383067878E-4,1.6301470509939422E-4,1.9440961728521414E-4
0.0,4.2602460878961936E-4,3.842790318859345E-4,3.234395989979099E-5
0.0,6.132408407134527E-4,7.262651651973061E-4,0.0014560448340184171
0.0,0.001250017874462154,0.0014014009809574521,3.3356817780034483E-4
0.0,7.580994225369921E-5,4.612270545654528E-4,3.6967044393455486E-4
0.0,4.577842060029937E-4,5.189075899205096E-4,3.2341336733805785E-4
0.0,2.9027006333094923E-4,2.4605403727802886E-4,0.0011335984538286283
0.0,1.073963853331834E-4,1.449865027728466E-4,2.768047052337319E-4
0.0,8.16275858051234E-4,0.001162912336174791,0.001035744476130567
0.0,5.439572469043154E-5,1.358734009570048E-4,1.4819081954608342E-5
0.0,9.800040285277108E-5,7.322221694594278E-5,7.498208887063585E-5
0.0,2.443118885185904E-4,4.835501357033219E-4,0.0013276339926850363
0.0,3.148218894378199E-4,2.1258252756443333E-4,1.452698908747985E-4
0.0,9.948230427344828E-4,0.001426395552114494,2.778633316778885E-4
0.0,1.5086393605796185E-4,0.0012813978355760815,6.263612179093618E-4
0.0,5.514901268310094E-5,8.748233396309249E-4,2.843719643819442E-4
0.0,8.513401962902597E-5,9.69846316453558E-4,2.2373362324331223E-4
0.0,1.2206101670256902E-4,0.0010965753298627526,2.6858556474796454E-4
0.0,4.2143545507334425E-4,6.5891299528309E-4,4.068761253297283E-4
0.0,2.307240617834186E-4,0.0012796496571141922,1.7328309904430546E-4
0.0,2.4137786466068305E-5,9.312968267812793E-4,4.209384724043189E-4
0.0,2.068952162661203E-4,5.965687678036269E-4,5.743585725403767E-5
0.0,2.7735493848477286E-4,3.442803427413159E-4,3.3345628857202266E-4
0.0,5.9200032323816416E-5,1.8746346227297778E-4,2.909194033997812E-4
0.0,9.45049150588426E-4,2.414699641970328E-4,1.1563792319918822E-4
0.0,8.055493574733108E-5,8.703668907871116E-5,9.550506984930837E-5
0.0,8.387591983306504E-4,7.499234797668955E-4,5.028013149638836E-4
0.0,8.363599922505737E-5,2.570912552651953E-4,3.65609178244484E-4
0.0,2.6663066527117833E-4,7.605334635381097E-4,7.026244363890477E-5
0.0,2.4677474997027474E-4,6.249890456880605E-4,5.237919852829173E-4
0.0,7.006550352691483E-4,2.0437404363651013E-4,1.73746640003391E-4
0.0,2.3380891625922166E-4,8.240587865161877E-4,4.1978968612052157E-4
0.0,2.157222735535068E-4,3.830393375106677E-4,6.539430416574826E-4
0.0,1.5359821168041787E-4,1.8895683845913534E-4,5.662531233888543E-4
0.0,5.045176847439336E-5,8.990587497461877E-6,2.80217843794885E-5
0.0,6.8586049268998E-4,1.916133721567988E-4,1.2654365946882128E-4
0.0,4.722516306840498E-4,7.628418709368387E-4,0.001956419128276901
0.0,1.0186349186090933E-4,7.988690964938705E-4,8.324672151734311E-4
0.0,1.5567083440470517E-4,2.324170395716438E-4,4.934033845914859E-4
0.0,6.333503554471344E-4,0.0018374112997396825,0.001093938710850797
0.0,5.159560016722732E-4,5.32350368854894E-4,0.0015766266949384818
0.0,4.755245584293901E-4,9.386582527624958E-6,7.511183586827974E-4
0.0,1.5184456077457144E-4,3.9976357717319127E-4,8.159051889805913E-6
0.0,0.0010658736177340865,0.0010726154445403744,5.239108720262556E-4
0.0,2.728250361354794E-5,1.4936897397629985E-4,0.0010299370033160624
0.0,5.817244922600222E-4,5.944004317122735E-4,0.001702037263573268
0.0,7.508981962977539E-4,3.01344939354527E-4,0.0012708890213474226
0.0,1.1584613445929734E-5,2.4771158069198583E-4,4.5309556766246785E-4
0.0,5.420487563570303E-4,1.6993728294019305E-4,2.545542630063738E-4
0.0,7.210712667905095E-4,5.599813867731998E-4,7.549341375491274E-4
0.0,3.999772928183936E-5,9.563551732444927E-4,4.847397878740045E-4
0.0,6.020827705535776E-4,9.505314084851755E-4,0.0016682809681508573
0.0,5.565763926906395E-5,1.34861984778821E-4,4.1769319204583175E-5
0.0,4.457492869148759E-4,6.483661185703172E-4,6.413647615908196E-4
0.0,0.002201033328100741,0.0029745167717511517,3.21342823215317E-4
0.0,1.7726954350832013E-5,1.5524424026405623E-4,2.812677115139394E-4
0.0,2.8859002409780528E-5,8.427288813516186E-5,2.216681449133041E-4
0.0,6.40467536113977E-4,0.0010965589842159853,0.001964100389820344
0.0,3.5740163049276615E-5,6.253172881767253E-5,6.64430085529227E-5
0.0,9.193936358195866E-5,1.6464093181706667E-4,6.190479813015485E-4
0.0,6.559313783551151E-4,5.527484860284902E-4,3.3659580696332323E-4
0.0,2.7197673419856815E-4,4.1454448510058474E-4,6.197218457911019E-4
0.0,1.8646264962415547E-4,6.403766387036313E-4,1.8437088422376314E-6
0.0,2.1930965459597706E-4,5.406066726222431E-4,3.729532542206226E-4
0.0,5.4496776156540224E-5,9.198554636226523E-4,2.8093803391424256E-4
0.0,1.6362470273690685E-4,2.4098389740578516E-4,4.1222606823376057E-4
0.0,4.360986290787683E-4,7.709584911688862E-4,7.153041468000206E-4
0.0,2.0049113315443546E-4,0.0016079849366081131,3.2571017361638E-4
0.0,2.4423906702894554E-4,3.853975067610062E-4,8.272055544800281E-5
0.0,3.194282103135742E-4,5.865792518453947E-4,2.1498165337659447E-4
0.0,7.205187735168383E-4,0.0010574239868449556,7.720659994713976E-4
