5K,50K,500K,5M
8.962934256838344E-5,0.0010364655828597692,1.0262134865695343E-4,0.0014088936137420145
1.6546904772855698E-4,0.003570760871888725,0.0015152223112068035,0.002604767680232585
0.002087272322117401,0.007761475787464747,0.012140296376015571,0.0027085665122601947
2.778912056127973E-4,0.0022240026821620236,0.005030808965817973,0.003813434802237396
0.003864030870480604,0.003067560778748895,0.009829657100074475,0.0026199453907337937
0.0017711554769974005,0.002466047616173116,2.6215996631521603E-4,0.0030918911425106
8.092824765722086E-4,0.003916619950691414,0.0032760420135534364,0.005831924168078441
5.755149640352107E-4,3.2856483998767603E-4,0.0029837289929782016,0.0015509481036244926
0.003290019522627474,0.001334986820405972,7.541129106100454E-4,0.0014379174314964602
0.0028493932587067244,0.004215903628287331,0.008630002172060185,0.0018685894706663073
0.0018842958875865234,0.006447864722719674,0.002626296415965273,0.00620904908319173
0.004233119645194421,7.921005980978144E-4,0.0014502105887900065,0.005771425837995771
2.7931433776119154E-4,5.4906943698492E-4,0.002801090518788281,0.0015839070200140736
0.0013682984582398822,0.0023033009816406996,0.008593502292177693,0.0015585333394688306
0.0015569634184749625,0.006418556792344516,9.331118300073181E-4,3.603388551282521E-4
3.676569191144838E-4,0.0027747876267505116,0.0013267647767894542,0.0031239041664638083
0.0023565765744616675,0.0015418742426457181,0.007516323170616456,0.0011715798975009328
0.0018134601027765711,0.0038431696138588054,0.0015405069057618185,4.4843679980634266E-4
0.0023942537909019896,0.002755684482836464,0.002498719043798935,8.055478690112022E-4
6.231496347463161E-4,0.0052129044858965036,0.006415220663856139,0.004944443261427443
0.0016525483763667084,0.005806671963777079,8.55455584653971E-4,0.003936409504847099
0.00287329834593861,0.002861513492559775,0.002626396280726181,1.5538319312764597E-4
1.6746121850530124E-4,0.0017091106910471822,0.00406647506295085,0.005983371143824665
6.731344359066314E-4,9.340736388110639E-4,0.00371155221264368,4.755502193583097E-5
0.0011348099202321937,6.691301975035935E-4,0.003801113323860572,3.1760311711491636E-4
0.001201629243452739,0.0035850815512141043,0.0027524960981407443,3.236453820005173E-4
1.5350701154908693E-4,1.7629304454473822E-5,0.0025348561183007705,0.0030198139055621245
6.01002171598502E-4,0.003006458457091202,8.262702068005988E-4,0.004963344981213228
0.0026067776218165156,0.0010165523945863532,0.004995313107922759,0.004232850117330054
2.5183265584370417E-4,7.775028373407761E-5,4.0517666379889615E-4,7.717144032627597E-4
6.669116220112563E-4,0.008332703926652653,0.0015864289715357114,0.004779652309126823
0.003975392324505919,0.0033495635190958764,0.004234189924114543,0.005327697667514866
2.174575276564303E-5,0.0016688797233826078,0.008155444896133802,0.009529777852565006
0.00312664245459621,0.0019798698891469596,0.012978363045168903,0.0022579675055053525
0.004403690583100138,0.001765632614726837,0.004116057849973647,0.005669357577297989
6.525311057028813E-5,1.5014623787805128E-4,0.0022990568201975885,0.0027479877318016934
0.0019035709228192896,0.0024618427441570902,0.006493587795696781,0.006846332219929937
0.0036157321777083866,0.002972438453889242,0.003881248501042772,0.004230492758611043
9.167784663646032E-4,0.0013783823948467734,0.001563328986187112,0.002704331420681719
0.00204949764339802,0.0012033484930385522,0.0021063514652617903,0.0021561957470351083
0.003367771762498926,0.002525914816044502,0.0062979196004920085,0.007489895438609363
3.212406154791878E-4,0.0024053394085526898,0.001914825596034802,0.0015505107719037334
0.009225976149769782,0.0029690236010712144,0.0017520567104851964,0.002650159266016858
0.0021747091741660973,7.676427967626133E-4,0.006645594052716847,0.0033626674552321655
5.918198229482868E-4,0.002448030207583351,0.004796577900325507,0.0054307141924521095
0.0023768454343991528,0.003692074317493132,0.003779378045071572,0.0037641630844325543
0.005825418962496593,0.0016035139922878738,0.004154421626729753,0.0025028654348149934
6.722886304171699E-4,0.008916456744224435,0.0018915486024469299,0.0070801999996748565
7.266924148563294E-4,0.006396752540267275,0.0032523331006514148,0.003929973962376444
0.0048247311273853285,0.004891838310677724,8.642746231346767E-4,0.0018319919030009245
4.259016398864144E-4,0.006294010222707253,6.503320218546015E-4,0.001526424886464556
6.910814856575589E-5,4.483475101356706E-4,8.095828059750095E-4,5.536874563375397E-5
0.0022917855242483706,0.0049849077557088135,0.009690114467431432,0.009470792102540962
0.0024132919731135365,0.005042907555410776,0.0018302164142206647,0.002504626661947819
0.0040422605219161715,0.002742775135817906,0.0037641128263367412,0.0027182768826494964
0.003643287279567748,2.0104294038045796E-5,0.008365880232571083,0.0043597093768447046
8.581603996663822E-6,6.650784935039093E-4,1.1584743213777933E-4,7.962512800407533E-4
0.0017826616305812286,0.004063999555561858,0.006334306127168482,0.007282797648235385
0.004398401925600699,0.0036678944591489126,0.0010300507967105057,0.0036505910474017144
8.406580932228769E-4,0.0024874414248968538,0.004042626782596835,0.007755714341816912
0.0029909115646185682,0.0027069643070127243,0.002795084812404208,0.00331612146531146
0.001761202418486128,0.004170784901363807,8.389723448010562E-4,0.004513798311524645
1.8406578083151766E-4,0.0012097417072348161,9.572301017305076E-4,0.006246399348237416
0.0010484743664478653,8.13733890882381E-4,0.0020540627636128008,0.005255003165475054
8.723610659560431E-4,0.0028547384012907883,0.005502601619762385,0.005621458440409662
1.2256301525829334E-4,6.262237531608783E-4,0.0026818494132236463,0.002414507351425761
4.3031155752845326E-4,0.0017465363998931177,0.006645946000299892,0.0016353181758252944
0.005265887656055338,1.1313430589737285E-4,0.005763683842996741,6.35056477128449E-4
0.00241204783778158,0.0023518803054748765,0.002064757279293862,1.6454439509444105E-4
2.745833619188499E-5,9.179903702137867E-4,3.23228748154945E-4,0.0011431908810978096
0.001143695156874237,9.416370114570793E-4,0.002274550650747767,0.002237909509047407
0.0019633981587363434,0.004646033694447275,0.002830190879667056,0.002668392042575634
0.001395808769869054,0.0032306155317472674,0.007199693464092372,0.001493564169552488
0.002279578012456565,2.5220617914361297E-4,0.004539350006001989,0.003398445731183432
3.0643195584837465E-4,0.00393461466912152,0.0013045405669779824,0.003612246479595354
0.0015089932821692046,0.0013837603051932228,0.004272197900493002,0.0021801341159099724
3.8590531720226665E-4,0.0014387849819232118,0.001265401616117442,7.05942215326029E-4
0.0025697385560055513,0.0016980619991783213,7.266356175575168E-4,0.0022766724087736395
2.3342255739494504E-4,0.0021045108352477147,0.0020111461170437745,0.001964545689211405
5.360313155361403E-4,0.0013728732717690714,0.0031257395657793285,0.003925553569962612
0.002800600476421295,0.004080703215965358,0.005559019240026913,2.910360292303812E-4
0.005376900749447663,6.76959990702105E-4,0.001481524263950274,0.004180734554314023
4.2119165951699256E-5,0.0037181298928900004,0.007062484411894292,9.798843035830906E-5
0.0017926489475570716,0.00601764585695097,0.0013672472801675177,0.006302372841295173
0.004696811313719864,0.010404183643930568,0.00803965641114157,0.003912916868919609
1.2229112841053547E-4,0.001516318390076521,5.017571452780143E-4,0.0026253859713992276
0.0036741603410105563,0.0026620236075063845,6.095911530111677E-4,0.004461523409668324
2.477457483522613E-4,0.0011086389588698777,8.322596117616143E-4,6.349210105479976E-4
1.7133120140200055E-5,0.0011077814245566127,6.954657688814485E-5,4.3688579276038384E-4
0.002609330811094721,0.002739936957556672,0.007307416966211389,0.004533417244804589
4.905637252076582E-4,0.006351183596169294,6.135498009822606E-4,0.004971466224640339
4.3536542577752354E-4,6.650346773121064E-4,0.003456244996314678,0.002633746289517844
0.004263906601442406,0.001018229703918902,5.488996597828157E-4,9.651027297943515E-4
0.002542783808344504,0.006182648394657949,0.007817615356874776,0.006003905500031918
0.0013709625223411114,0.001351365219691505,7.185624436496041E-5,0.007007794940705454
0.0024819625551170065,0.00206305627486391,0.0029684857281538856,0.005621985447260511
2.3129948344604532E-4,0.002820729636857475,9.958264193828483E-4,0.0010779179794442192
5.309613177181134E-4,5.1818486346362E-4,0.0036806727197387693,0.0017372030088872242
0.00217964041135579,0.0022330857401760256,0.003024698885512411,4.1535301513655887E-4
7.462799526808592E-4,0.005172959635548664,0.0012330357376321894,0.002521327979844361
0.013829601272189879,5.288500201175851E-4,0.007195360928516979,0.004998738973074983
0.0024875820667966905,1.100300788163488E-4,0.0033327316698723206,9.258901712314661E-4
5.018542161023292E-4,9.683694608986019E-4,0.001061461547098452,0.003205344120728866
2.8783796763009294E-5,3.930871623741794E-4,0.0010931740723426908,0.002223134227247665
0.002716084117833614,0.001820492809881861,4.85082161472958E-4,0.0022176628789048443
0.0017882776093544825,0.006897137402284525,0.00364474016815398,0.009324967959091861
7.735964321346235E-5,3.730134661502272E-4,2.572523269830974E-4,9.061051395511644E-4
1.9170522626866644E-5,0.001210134878757759,0.0011647419233856424,9.423551064354301E-4
3.222157224266707E-4,1.744898995010298E-4,0.004471043550885217,0.005000122033614861
0.0014536562945320975,7.520350454857894E-4,7.594511147358787E-5,8.909635983215658E-4
0.0013333862942640786,2.1576972520823167E-4,3.3575702464370494E-4,5.045634367706694E-4
9.977667023406958E-4,0.002644315290476045,0.0027705583821577917,0.002142234911475404
0.0023069182459099437,0.003017254966364618,0.008831605746135706,0.008048648038195843
0.002349167875396116,2.3162252648118416E-4,0.012848843095997875,0.004203788817812111
0.002064597483214268,0.0050029239034243556,0.0036741360883888693,0.004561836251789168
0.0040325120932070534,0.0027648110256962375,0.0019362921672886927,0.009176814454820478
0.0032197193741098774,0.0015173998839239295,0.007334168043563999,0.0012023449421800973
0.005110526149071927,0.005821521501801342,4.663474036380265E-4,0.006075056394191812
0.0036685672259486367,0.0024924240104508997,9.53919874541109E-4,0.002573473201067531
0.0037376155481007906,2.1436238578356435E-5,8.8830980752207E-4,4.8044723758936106E-4
0.002571473180704865,0.0017297238072495062,0.005260041993392579,0.002887617211846675
4.478061130393784E-4,0.0026502040929280925,0.002509175608375507,0.0049481169380170865
0.0013682840543971805,0.0022442496479085795,0.009410261901099152,2.870143707841418E-4
2.6088690602563553E-4,0.0033252599578316,0.005572093519787883,1.2223481584416055E-4
5.751648349141126E-4,0.0013344924239031654,0.005577174115802147,0.0015044270858725574
2.836239470610831E-4,7.407138857883649E-4,0.01175474824776593,9.971967304117377E-4
0.0024353102190145907,0.002974954403136672,0.0033851804121066125,0.002734020908008149
0.008884734800961167,0.0017489793939407248,7.700522139553282E-4,0.0019770721040839015
0.0024146317508225105,0.0012099795407367851,0.007606440713719807,0.00709688490465648
0.0013067653012446446,1.4317958419466837E-4,0.001301445907217549,4.227584776332695E-4
0.00238276461580907,0.004794519212938569,0.009761250149457112,0.012216238840884778
3.25615258875216E-4,9.749438960105323E-6,6.235683883291438E-4,0.0010653458259017939
0.004333392854489709,0.0012672920830733997,0.00518741647107326,0.003650588429140222
0.0013170151990239889,0.002886950201022126,0.004501982790044075,0.007346417574835817
0.0011676951892770125,0.0018944698284167076,0.007595681225346288,7.2403193387499E-5
0.00838048570198085,0.006953504611899843,0.007688063657320601,0.004766774188967531
0.0027394218571775296,0.0010869210297534454,0.004500989050525198,0.001336378306158306
0.003589392979542958,0.002568569296515855,0.002897117435178344,4.459643604836103E-4
0.001042761991249185,0.006221704335667247,2.631705303655076E-4,7.493127180930516E-4
0.0018997691713089498,0.001960302892178777,0.0018372415402009156,0.005566209609619732
8.260782406518287E-4,4.281563638050906E-4,0.004352685292768746,3.1038748972042575E-4
0.0012859981448673937,0.0023324275843719915,0.008701702273241942,0.0014927745015855555
0.0036157321777083866,0.002972438453889242,0.003881248501042772,0.004230492758611043
0.001987491464195164,0.0033359673695787908,9.706084285534956E-4,9.118175373721039E-4
0.002164993581256544,7.212152278104287E-4,0.0012571305702649004,0.0020718984734410502
0.005464223918838892,0.0045043186435737995,0.01152369089207691,0.0022047280119630963
0.0026540780813517546,0.0059517458700687155,0.0018118817949175539,0.009748894662550864
1.4984689633494856E-5,1.004789909706828E-4,5.68338962479884E-4,5.816253664228381E-4
8.781133913957984E-4,0.007511000914537402,0.004247804182312732,0.003476867501148861
0.0021823336446732886,0.007275617232100364,0.0010374900284143699,0.0038061869844654406
5.129946931241946E-4,0.0011817783073678658,0.0013632418832101238,0.003007440850276514
0.005747827454183126,0.007591935429792949,0.008608959197943387,0.0079148742187702
4.101604875705683E-5,0.002918148236738162,0.0022519590986862545,0.003722243272757913
3.8161713435697525E-4,0.0012866543876600834,0.00369649467766378,0.0077288822308627285
0.0023526137603975803,0.002207716462914906,0.001734983946076963,0.0018184171739173294
0.0013129742969978477,0.002152320718759157,0.008045157652472,0.01012162655696396
0.001171561064577173,6.493946121285012E-4,7.329268371670381E-4,0.003269897782984302
0.006420338230084886,0.004513328460285742,0.008250605367298993,3.1064161535729356E-4
8.218785585564427E-5,2.588036942252355E-4,0.00385021963841165,0.004237075499452738
0.0020146535100651953,0.00859403316553082,0.004296657941483884,0.0029986997309708117
0.0025336386136440617,2.3989117790928393E-4,9.718608219922159E-4,0.0021835523336464556
0.005207165046494584,0.0016582046850575568,0.0024156814653607727,0.004533885338059463
0.002539983064417103,0.0013049178777040308,4.127372739936461E-4,0.0033386221333440856
5.435918253064215E-4,9.664888813821727E-6,6.518787911079313E-4,3.3431105215062356E-4
0.002710634289735269,0.004542306122963966,0.00783187177522828,4.6508795172762806E-4
0.002866524193108619,0.0023374815957545097,0.003789321285307819,4.961844395959701E-5
0.0053325290220772766,0.0013721434245939734,0.0039012702098672122,0.0036098778866256055
0.0032730902357290237,0.011463044109083139,0.006698394467024094,0.0034543334608737437
0.001019823617102271,0.005690162650814632,0.0037707312583433426,0.004018046615136423
0.0057867699998234035,8.67951439567255E-4,0.0027103482146423473,0.0021522200198112514
3.25615258875216E-4,9.749438960105323E-6,6.235683883291438E-4,0.0010653458259017939
0.001411229694929819,0.0031053432561351513,0.002810935127940828,0.0057854934915988875
0.005273615431506713,8.663596985718561E-4,0.007917602401458973,0.00270324402308277
0.001257955169580771,0.0027605656338638715,0.009427846441924086,4.0134993153246576E-4
2.316728194736632E-4,0.0036391290314822756,0.0033444673220082628,8.517122995537174E-4
0.0012014417300759694,0.0035122930255895597,0.004444337994417603,0.0010147716494604108
0.001486967058813154,0.0017625056062645643,0.008668103154819739,0.01376902818546782
0.0018767761875523791,0.0037944314911217076,0.0026358722069936887,0.00566872376017524
7.439077818409088E-4,0.0022978503947054018,0.006093302275611975,1.7101604282548615E-4
6.067939440790443E-4,1.3623205640441065E-4,2.9971728862401994E-4,5.922938143093121E-4
0.0020829165758759973,0.010118543101891968,0.005584786726243629,0.008391235911893816
0.0028006849532061706,0.003357691832994631,0.005148170868019959,0.003240826772174409
6.658775802256352E-6,4.3529528065230694E-4,3.111022940432453E-4,0.0019016985649606623
0.002207322686929027,0.005895619429732282,0.003690919001781585,0.005434938939556352
6.743117664602339E-4,0.005055641145775332,9.541140181238601E-4,0.0013553913790263117
0.0032067217043996272,0.003958560658840435,4.7402504225242046E-4,0.004826873201590317
0.003584283264121897,7.7712879239873E-4,0.0011254514259843088,0.0019262182163671104
0.0014255012295298116,0.003669152219625357,0.010614854084921464,9.162117128091097E-4
2.0149269322768777E-4,0.010243357192270016,0.010260818592430228,0.002441610378416423
1.347614188258169E-4,0.007585955900203472,0.0032216655512082217,0.0021132763955225096
0.0014667003089444289,0.0010636291482970998,0.0013195133335783867,0.0011873384102146134
0.0014494014001572035,7.31151948936339E-4,1.5689560912652485E-5,6.843273464734366E-4
0.0019142073544840198,0.0064712003737558655,0.003176131774133634,0.005465743230341973
0.0027725956971884776,0.0037317366725352075,0.004660018832235793,0.002232047244506793
0.004210810138026083,9.624317311719459E-4,0.001108016004023344,1.2809779119378673E-4
0.002031667947779575,0.002251807312166311,0.0016953395739405942,6.214630154549286E-4
5.313322634744231E-4,0.006376890833337879,0.005062717451317512,0.0031142138871577585
2.344990088728973E-5,0.0010671695731609423,3.0218046194283764E-4,4.4627015475730904E-4
4.329024297780748E-4,0.007628163721533146,0.010648201953633477,0.00823206467322504
0.0034980575642871476,0.001474000662412812,0.006032499057403644,0.0022074450579083163
0.001969886613207004,0.0021891691326583005,0.006679579624634695,0.0010374128357980154
0.003668567225948401,0.0026869594525368986,0.002897057429392246,0.004335322803081951
2.294046982523884E-4,0.006078364104853433,0.012708088062372922,0.009613782554655385
0.0011190586561612983,5.554496533156129E-4,0.003604502458193313,0.0025797243384087084
1.828258321235947E-4,0.0027377781094622246,0.006076793278378683,0.002371068012443928
6.767183126421433E-4,4.976862210824037E-4,0.008446622576415258,0.0015618717840709033
0.003718884034795492,0.0014246279212451467,0.0015050041873271379,0.0011110045386091966
0.005749544784118006,2.5873865647740954E-4,0.002337453352984255,5.771268721795755E-4
0.001689444485978947,0.0016408272010832435,0.0040723137545851,0.001110628321549271
0.0020253518795645222,4.542413018952464E-4,0.003040900972481445,0.006697632642459303
0.004519072049600601,0.0028409239987349046,0.005740725643947116,0.009175463082322663
5.218256529252226E-4,0.0055322078736076774,0.005111454348492242,0.0034943593171792835
0.0028434128325012216,0.007847462286170033,0.0018163011569795426,0.0025740846300872098
0.0016837723977480943,0.006091008187904716,0.008814376434724876,0.0048784311874043446
0.0030975544457239644,0.0038025082415117572,0.0034491733255015544,0.005310896466898968
6.803053866022516E-4,0.0018594277182258372,0.0023739396894570195,0.007273698856671237
0.00479769701252434,0.007933529932521784,0.011740474623848602,0.004179746455831031
0.010064966006312752,0.0016766267907740724,0.009672817164403238,0.006913320544530056
0.009356845384931875,0.0027578445986522165,0.0025015403168769175,0.0025775328772223724
6.491503217063046E-4,0.002684450289162388,0.005069268249469219,0.006683225884418203
3.3952630544891306E-4,2.1592802212747845E-4,2.6057384463605993E-4,8.766072867376441E-4
4.5496227796436885E-5,3.4828873270959903E-4,2.0787881631859713E-4,0.0032400253892310386
0.002785196707311287,3.454945282126693E-4,1.6532021732232013E-4,0.0041086907029937066
0.006035607046149275,0.005519363492244588,0.0029442682469103115,0.003558992293226955
2.0761883034361878E-4,3.312829956801307E-4,6.691188254467226E-4,2.004346652526271E-4
0.0073983838416011236,0.002044837653383295,0.008163140200495455,0.007607826605875367
0.002621136892882787,0.002536450735062469,0.007621491607844228,0.002803889184500164
2.6954239534614113E-4,0.0025693683621026346,0.0013493211600724684,0.006933092963160687
5.484018845885917E-4,0.0010737192964931019,0.003619478390782014,9.415359898956734E-5
0.0017348641801464388,8.510860347695458E-4,0.007202481626395196,0.004384095787711925
5.499269524813353E-5,0.0013865377504333413,3.940307836084819E-4,4.3290240028039654E-4
0.0014453237862341517,2.7530858427257253E-4,0.00476289883123951,0.0033753300672131124
0.0014994141613461514,0.005297922214636367,0.001317104734617926,0.007103901060292645
4.130239228287312E-5,0.001016924294868478,2.5514498622131334E-4,3.249516831157319E-4
0.0017952303909552151,0.001022188528092625,0.006795401709226819,0.004695193048127316
0.0034541335156336324,0.001471830847133219,0.003811930710000096,0.008359570821143443
0.001269498204538026,0.001508271145614166,0.007433523934598346,4.999493482667354E-4
0.0025752253286987653,7.174375673273412E-4,0.003729971617367105,0.002311266159463452
0.007400387938614721,0.010104983017046465,0.003294085937360601,0.008435160578479367
0.0028980379354411477,0.004221541094447745,0.0013335672314496064,3.1150316042090483E-4
0.0020840124271423303,0.009442439697432956,0.013055494779894422,0.004295506630765508
0.007333171540426179,0.005937742477415251,0.01609235214503782,0.008722277394332942
0.004491931333637147,0.004262062091914076,0.00356368571092566,5.105774733692379E-4
0.006456382782905111,0.010108787761513374,0.00433780966412748,0.015425950103554855
0.0010663881818444795,0.0012153093114130285,0.0036214848155764734,0.00754903888062048
0.0035574910517067225,8.462031931187339E-4,6.168072477680255E-4,1.0691346843106878E-4
6.499460524588978E-4,2.809701887186741E-4,8.336634184640027E-4,2.9770533103912477E-4
0.0028168192862465928,0.002777651034276507,0.0027169053597131585,1.3849914150738815E-4
4.1319493293216587E-16,0.0020123738646183973,0.004883280136168883,8.607748352312066E-4
0.003295182324858409,0.005301350187452118,0.011040897899762732,0.0037707530767564527
8.272281895457174E-5,0.00143499266528464,3.0581377065843544E-4,0.0010286917500828832
0.002047111390458219,0.004778249410597831,0.00482917131864772,9.674134222520943E-4
0.007708106512441508,0.006679301061826262,0.023584221596669865,0.0031585828052972525
0.0049776577096508285,0.001627083490584398,0.0016984693055465592,0.0013881602633865203
0.0055202229877040765,4.3267682236590443E-4,0.00626749080178695,0.0014245192168495387
0.0032350184691798097,0.0026983718856989393,0.001369722056114608,0.0012615521473307713
1.6495163756117962E-4,1.801908753832743E-4,1.2305096697764152E-4,6.919521874840531E-4
0.0013129742969980398,0.002226217550028731,0.0055972170270509655,0.008377712219659042
8.499232741117285E-4,0.00785941143233244,0.00477694519350182,0.00548844063503328
0.0018432934339559885,0.005522979616550018,0.0023534534665847007,0.00653943043639265
7.283538457957887E-5,5.073973008675037E-4,4.13091655906599E-4,0.00116085907990339
1.4716657845613285E-4,0.0014745331725979536,0.0037027469059750556,8.578821525090202E-4
0.002726899910155246,0.006757096195503615,0.01007442744757633,0.007164668960317089
3.948893231876567E-4,0.0036736996747242655,0.007040224788116557,4.8777681262774904E-4
8.781133913959026E-4,0.0065688924371502585,0.004123589969336752,0.002710754924149057
0.006227316788722552,8.633681091728433E-5,0.005256490423005118,0.009643014417384278
8.192753339384492E-5,0.0021115773542739052,8.209998824439618E-4,0.001068287665731015
0.0016986540004125359,0.0013031099622412344,0.0018890390646432,0.0059976042274589355
1.8327699799469197E-4,0.0010859790674157949,0.0027854645689203723,0.00445817761665618
8.467280546037893E-4,0.004794390140619377,0.0048634990724985986,0.008742678542587635
1.934461391382953E-4,0.0016482942536689665,3.4932778988172826E-5,0.001521544788762924
0.0060084648738059345,0.008108583191059473,0.007161392464351542,0.007684414273543391
0.0011170858839016538,0.004827876340506809,0.008049985461261868,0.0049176348145847796
0.0013747078222310465,0.002220958126262592,0.0032269303029970344,5.377557210311212E-4
0.001088105382746395,0.002504155280127525,0.002071765253007056,0.0022066746658521053
0.0010006657950076007,0.011970154630430118,0.010523372074196746,0.007153466692430323
0.003264714318578228,0.0023158567124841887,0.009808001659476309,0.012187975604785278
2.299676051033394E-4,0.0034326517841022255,0.006776426323322428,2.657021635015663E-4
0.0019221979388387676,0.003335682362668336,0.0037120583159906996,0.0019995405436417563
0.0020539505454115784,5.154583044575453E-4,0.004642849520826649,0.007962445472032285
7.642129778474395E-4,0.006092571948717275,0.0025904221992055017,0.004513855858172904
2.2146815960113594E-4,5.399528518358353E-4,5.344824302836605E-4,1.084118275487716E-4
4.2597804797541014E-4,0.0027940265064651266,0.0021645531126728308,0.006904936341541837
0.004504827927505081,0.006144875809687884,0.0052993705653796245,6.665044207071089E-4
6.658775802266306E-6,4.591397690018256E-4,1.8606585378811116E-4,0.0018039056691154984
6.603014756406481E-5,0.002528389393725312,0.00617954364164278,0.004562938514068178
0.0032143449797099465,1.1689554194076097E-4,0.0015146760045431306,0.0032861948457457045
0.0037216901603343054,0.0038488734161354113,0.004022953713455864,0.0054236175993578875
0.006679962878672982,0.002551110053817772,0.0015891028927874945,0.0060001064647791135
3.1098594303276175E-4,0.0012606877432498153,0.0012305543559240116,2.600442444237024E-4
0.0011628461331811661,0.0028321220401245277,0.0036128986070099456,1.1592175057971218E-4
2.852051492376789E-4,0.006315782783916093,0.0015831086301875308,7.286905127860497E-4
0.0040619448739702725,0.002267255901267706,0.0065064000703449944,0.0034228294377661754
2.8985935232864494E-4,4.761790821778957E-5,5.447620372068968E-4,4.444850771028266E-4
0.0038506162346879725,0.003428802285374489,0.0014445698784175808,0.002453298414636696
0.0016110952948524594,0.0032255038626617097,0.0035382804918937297,5.257637881532184E-4
5.48401884588522E-4,0.001050006686256894,0.0057069083315722515,0.0020756183768995615
2.2612116935485373E-5,0.0014201388726911442,0.007212733875718561,8.499630281678565E-4
0.003325870058850037,0.002363711441156284,0.003506266450714587,0.0013029481470926306
8.698505688747031E-4,0.003962921486031325,0.002723508338155482,0.00548935653619846
5.080969636109335E-4,0.005310729957152618,0.002388273546329019,0.003219831276714859
0.0027428372102281237,0.0010939677978320384,0.007502932582898053,0.005693136805637512
1.4379633945418212E-4,0.0012433481433060413,0.0026023932541488167,0.00879052331186506
3.3005382355990784E-4,2.387072413347617E-4,8.96158524772223E-4,3.6022919633355756E-5
0.004234457346692743,8.012252270068931E-4,0.004251186742397571,0.0014593337278969694
0.0020146519196298424,0.003850140968594772,0.00399750922812834,0.002950546830190864
0.004543608299538116,0.001778823324790082,0.0014014750631564364,0.005516412561567054
0.0052107335747390154,5.841094583540943E-4,0.0010108683737719336,0.006986445822520283
0.0018659871208306894,0.0026018254369959888,0.004026982669984749,0.0030411264467382917
0.0017057514111992937,0.005248646268100383,0.004624782052318918,2.627683625426814E-4
0.0024291111894566638,1.828617625143245E-5,0.005379232336554634,0.0028141580130102103
0.004265493196693638,0.001233938682033208,0.0010141521084116828,0.009205025419916222
3.854928217833874E-5,6.670306928077275E-4,0.0011158463377980872,2.469296299684698E-4
0.004767034236995033,0.0019059948001034722,0.019594385715367174,0.01201754130334778
2.624272052794394E-4,3.074587859841865E-4,7.627395262506455E-4,7.819328322727551E-4
0.004886744567490275,0.005507052754256361,0.0036379292391176413,9.210290983638087E-4
0.0061428557594583235,0.005547539743097396,0.004608724473215281,0.004892996026410901
4.0724280301503835E-4,0.0030817679731314322,1.6736271147330998E-4,0.0013929230831643733
0.005567363667711143,0.0090059979151947,0.005664249456794145,0.011206666063540429
0.001594471316111733,0.00330644856024012,5.069317375435485E-4,0.002663532955567301
4.655109230969197E-4,0.00317470855564182,0.002608275735164463,3.246411606652975E-4
0.0017658507969514135,0.001865250779657063,7.940262477542227E-4,0.0028156358461822115
5.059944892745038E-4,0.004569917463405598,0.0015898749324996,0.0037402848370755443
0.00220615280711292,0.005808683888804451,0.005075312829917822,0.0011716870624256428
0.0028027176260759052,0.0018371047510415209,0.007635219443371587,0.003428677901271832
8.549639262445515E-4,6.058978454375684E-4,0.002291836038517597,0.006714366577362019
0.00227729667294974,5.133389816652103E-4,0.002078474966941988,1.0153598088175614E-4
0.003999290409394057,0.002407273881377042,0.0019227659002429044,1.3708346156794579E-4
0.006329038147228732,0.002050870279554465,9.598478410079177E-4,0.008748630408272028
5.32899308995781E-4,6.89741498779109E-4,0.0026968051325724288,0.0060631496952777515
1.3412555176842364E-16,4.259688507709769E-5,1.4595877903550393E-4,1.0937521445605132E-5
0.0010180444872831703,2.7024995297245563E-4,0.0015500446671605933,0.005349272274826613
9.363269043729823E-4,1.6115969042444498E-4,0.004589213070586959,0.0015365665266454539
0.003349616919758483,0.002842189224208282,0.004761531008902945,0.0017569512825051706
0.005592625335028392,0.009956448302631185,0.00832364666281869,0.01106564670323186
6.218846618476222E-4,0.007653278146348461,0.0014192625772494404,0.004468544041584424
2.2387201655647037E-4,0.005521154077914656,0.0028822692622858075,0.0013799984157778775
0.005823855698958377,0.007905326034042835,0.0016720229664066134,0.002360063249086932
0.002503031214721002,0.004120956333766146,0.0016991565948645327,0.0017991895086721607
0.0053065755542135,0.001246815492756631,0.009338953754018667,0.001233082139133515
0.0034796619495421335,0.0013896285272369591,0.01276805620380708,0.011044727009255285
0.002626438004639665,0.0017896686716850675,5.36024917228873E-4,0.0022529415514721033
0.0011063403779701427,0.012105034438028132,0.0027373546219126633,0.004999203525680112
0.0028980379354411477,0.004221541094447745,0.0013335672314496064,3.1150316042090483E-4
0.0033156036371143967,0.006856624203220316,0.001085390211005556,0.004946775431327507
8.757395689654781E-5,0.0024988595883146587,0.0012110713446097266,6.36858300693352E-4
0.002051391988613108,0.002542073174811225,0.003401872707543275,0.0018427648844463675
1.0713472573432635E-4,0.0023532451007570268,6.222799874541468E-5,0.0015977999840671307
0.0017338998641656944,0.005728206900713076,0.005276323143513787,0.0022520605055759146
8.674296113049622E-4,0.004397201951330926,0.0018649210676090764,0.0057050095786684496
0.004913522542931321,0.0019202101861284851,2.2349461787555156E-4,0.0024652086742520643
5.0381989186144614E-5,0.0018006326008635433,1.925465566170216E-5,0.001668990835105583
6.655293103819842E-5,0.00399297925135778,0.003226556157317055,0.002307803249199434
3.5281462706735454E-4,0.0021098620288072826,0.005239304567444484,0.001941737093271326
0.004491931333637231,0.004016961462792501,0.001280312566234568,0.0014908835703877044
0.0029606047687610296,0.0012121278070952846,0.004919686926486294,0.0016025707614776717
0.0018508348101932475,0.004971752593454328,8.131393449762747E-4,7.335841167448144E-4
0.0035293825040993033,0.002487001962279592,0.00483789299864363,0.005323830681135813
0.0016894444859789338,0.0011925730441055622,0.004081742308291195,0.0010061782467250234
0.009438312674007542,0.0026684750144834487,0.0026275780264662756,0.0014410544627777415
8.496567679667987E-5,0.003573670010543139,0.0027637248412673964,6.9413051211886E-4
0.0033457754781206117,0.005931863787367953,0.002478677921460228,0.009970718884928686
1.4551454931089223E-4,3.297169421346866E-4,1.1215201792108653E-6,4.770577872598088E-4
0.004732370233271894,0.0038733599892540266,0.0025856512987943187,0.002533352526134954
1.5392061184164133E-4,5.218829427020426E-4,0.0020924993954153665,0.003940073628232413
0.0026753898358780415,0.001203974803809361,1.4495129358152767E-4,7.645803359876446E-5
0.001121784307504579,0.0016648617081584643,0.003360839949443248,0.0032143584542352875
0.0016667356676159885,0.0042948553644185684,2.1980915672580625E-4,0.004016316926381219
2.167952533611782E-4,0.001949383483322063,0.002438773680787335,4.7554646172139455E-4
6.831502255949016E-4,0.002256903153858848,0.002081402859877726,0.0025599904393118675
8.697177712639173E-4,0.00606109700790251,0.003777242269886708,9.161484726297587E-4
4.068854884656703E-4,0.00556281920619814,0.0024042055202923023,2.1267671931256415E-5
2.2749796072526248E-4,0.0063065444686626945,0.001961659145965217,0.0036393958126182705
2.1146864255300264E-4,9.9723658197154E-4,0.00372881642320004,0.006281403736140773
0.0027068269855913558,0.007944384762323575,3.5239605701261207E-4,0.005383154081548477
0.0030267392950532658,0.0038267260927727117,0.009067566539425817,0.007301295435039574
8.070556472111504E-5,3.831273446011806E-5,0.00245147962933218,0.0026760198596455257
9.58503701907283E-6,0.006762504848608309,0.002900639326533778,0.003733192042088067
0.005309770660574028,0.0040167325605521016,0.01137483633153813,9.721405013282755E-4
0.0033675098212374464,4.7550058190914046E-5,9.852299915463975E-4,0.00241530323840776
0.001334557859421573,0.0021404041947462754,0.0019770933915398275,0.004484047057229584
5.210075637568887E-5,0.005118621949116742,0.007993599479872071,0.0031828196491612394
0.0018201384060300976,0.0018215824544975854,0.0030780689438430365,0.004826418624119336
0.001266939283451245,0.001831830610392259,0.0075519623575957045,1.0998958077362397E-4
0.002513179324886599,0.002541271424233371,0.0024404016849729625,0.003249108016068055
0.0063087582005075015,0.002319807714202402,0.0021886050193660076,0.004493749582356731
1.31477428715457E-4,0.005116876967902988,0.006182737425418561,0.006674496048890116
0.007409963892105475,0.005954514535338715,0.013784217763304461,0.010300951113441006
0.004265493196693324,0.0017239656469672105,0.0015958067852242955,0.008752750102417673
0.0027142751015873934,0.002087146238185534,0.006303756053670352,0.009326218334353015
0.002901193067470938,0.001662204930614744,6.006742099612764E-4,0.00425497560787264
3.109859430326572E-4,6.418215901082546E-4,8.272846765853277E-5,8.229388857249434E-4
9.966487389910441E-5,0.002384386445086203,0.0014199565819449367,0.006885026097328106
0.009504181663838053,0.002635958403414917,0.0027438741170411583,0.0026362566133779977
0.003912918968004163,1.3693830218977173E-5,0.005066140174630828,0.0018124709068113565
0.0026622123226813814,9.296556117812521E-4,0.009909264816912922,0.0021328525135899147
9.21352529103302E-4,0.0043670890012111755,0.0016555704726139173,0.004875628028589879
9.162164402076513E-6,0.0015608320446117868,0.0035866737425995204,0.0020276205738192013
2.4718684968366906E-4,5.701187226029447E-4,1.8966013262530467E-4,0.002081760776888746
6.006338524681203E-4,0.005780127141219068,0.005066412313907468,4.869310647914E-4
0.0038589908959207517,0.0014759942519174543,0.006689018916940296,0.0020358344514573683
0.00228573089479301,0.0014044198596789863,0.002488283320390083,0.006896284415528443
0.00300236487063997,0.0036914529716831246,2.1799045312760726E-4,0.013284154738671632
0.0032201305714652244,0.0038274338994813612,0.010984990873277468,0.00399403156786309
4.6032684550686564E-4,0.004599202304014975,9.155081908976049E-4,0.0011938387527042616
1.3832013202720144E-4,4.4454314243327827E-4,0.0018918358012467741,2.3010882222624537E-4
0.003426462284714096,0.0043565737362956805,0.004722275166945354,0.009631398029860534
0.002866524193108619,0.0023374815957545097,0.003789321285307819,4.961844395959701E-5
0.004366328149717495,0.007104895347827268,0.003338587572557546,0.0032765291933195195
0.0017012938219707837,0.0030636292216710283,0.005459075394063306,7.14106036634549E-4
0.004693984150404527,0.0016625354253095362,0.002059747174408512,0.004175523806834218
2.4156009620329765E-5,3.149084564473056E-4,0.001623897864048948,0.0012377304407171533
4.349710938578531E-4,0.0037286203981567734,6.175286198701829E-5,0.011736498933333938
0.009357486845178196,3.7249093900301527E-4,0.0185908771230543,0.009601966303778672
5.405620979904642E-4,0.0013469384449873061,0.0013906962570542085,8.041687698931945E-4
0.0010673900539371125,0.0034652800815725324,0.005741047929031655,0.0023945150577314805
0.002813079016195869,8.179568270487246E-4,0.004058324863764147,0.0019654035036036415
6.49412724643278E-5,3.1924545030625654E-5,0.0012043291263675387,0.0020600091770142997
0.0037139944189751475,0.0027924304759447773,5.884757534250023E-4,0.0015231906957985633
0.0031856595477829427,0.0037038269546114827,0.001985132615081686,0.0018454020198513839
0.0012364170239552161,0.00160186432821678,0.007518338863746002,6.987118414775127E-4
0.0016657658399900543,0.00470650936428542,0.003864243734331176,4.1922530480300444E-5
8.003427150706528E-4,0.0013435000074926387,0.00430658917639782,0.001542603474543545
2.3342255739557517E-4,0.0013744224214228202,1.553549187459452E-4,4.560672399048777E-4
3.460794965400857E-4,6.800356181495555E-4,8.997988036701469E-4,2.1553606301709702E-4
0.0028697315073954914,0.003006065419460539,0.004867309500103361,0.004625557973259746
0.001834336744839832,0.003559127747420145,0.0050391028062820396,0.0020444812898943857
1.4517578968183754E-5,0.001071510918053555,3.042356975141728E-4,4.523155798152963E-4
0.0030495389034379443,0.0030182456173677,2.6058781846231187E-4,0.0023344882619688615
0.0016163380426987976,0.0056616101098843725,2.6124993075980074E-4,0.007448549688434668
0.00136727896034297,8.421097501307074E-5,7.203258933601909E-4,0.0010385484593546169
0.009047990751745776,0.011377824522320402,0.005188147076287531,0.005646879922754855
0.004921826230690616,0.0026110182355163713,0.0033068501741995962,0.0030645900373493184
0.0041190184062355525,0.0026869258114909787,0.0030750023097416406,0.004013305383693541
3.2112457941887496E-4,2.5823054037944066E-4,7.689305472872843E-4,5.5547304236743215E-5
0.0038339848327753677,0.0025285634795035286,0.0031884936870962147,0.004419804964558618
0.0019674283275915205,0.0029314996057275876,0.002016779799452811,0.0017690610926489171
6.51516058828938E-4,0.0060163061369877995,0.0025187404568591085,0.0017184251515904303
6.89333506540019E-5,0.002457157830030817,0.0024489456123926202,1.9259291166734527E-4
2.4190236960291528E-5,3.949844768451926E-4,7.314766440020008E-5,6.037727977382627E-4
4.323942247908649E-5,0.0021869215944269136,5.018673638009261E-4,0.0015966033941968944
9.030174348957858E-5,0.0025542158808119844,7.477976004353413E-4,0.0016033405248398612
4.127970892542396E-4,1.3538539204162108E-4,4.153775283288305E-4,7.853623299186451E-4
0.005723434170338823,0.01157739407662624,0.019753255336388876,0.016653277049348894
0.003365440868254143,0.0018160482208343447,7.172233324992153E-4,0.0021067287322681606
0.0015526126972734131,0.0015471121919139416,0.002273716636211305,9.989905412210757E-5
0.0044052021834558395,0.0034409391984226525,6.901906277732411E-5,3.288566363403286E-4
6.550913021554648E-4,0.005826705525417681,0.0014674972618186316,0.005089504933357281
8.506647948120053E-4,0.007976890160976038,0.006214541593824402,0.0027244324689592167
4.2168647939530123E-4,0.006184124515458588,0.0021006998159094265,0.0026583401231670173
0.002788214297797535,0.0012679397769486734,0.002626926528555413,0.001648975128513093
6.003602161296501E-4,0.0010632957528926765,3.9365774506039094E-4,0.006420495221583208
0.002073329104403117,0.012375798494458858,0.010174030038523973,0.005478473549716419
0.0020528554289512553,0.0058899181792425315,0.002130023130382393,0.0010720122745840248
0.0021025706175418902,0.004814601736056428,0.00497217953396847,0.002126359615608948
0.005523930456984114,0.0034932004175911055,0.012238566813060318,0.0014658081399727331
0.0024432243148147107,0.0014643269953346972,0.005573171112219843,0.0048675586483146105
7.218537191814983E-5,0.001369332217086093,0.003313135095181995,0.005090063183163108
0.0025058334563565375,0.0016086538852684736,0.0026762791617498533,0.0025979571741514165
0.004887840255482708,1.4046292398918264E-4,0.0026980761467089677,0.001016547697836934
0.0020124755663796464,0.007825887937076724,0.005250071434001338,0.003387094899677262
6.360353050075092E-4,0.0013181782604480153,0.0016688027522402753,7.784934751262563E-4
8.581603996663822E-6,6.650784935039093E-4,1.1584743213777933E-4,7.962512800407533E-4
1.690710160443816E-4,8.436191129156218E-5,8.853250017725154E-4,0.00122359021058949
0.004004851583556869,0.0057172018621420755,0.008332202937061835,0.004895582506937107
0.0018312343001852449,3.211019596355595E-4,8.719425169150122E-4,7.359769748729008E-4
3.7544703928527517E-4,0.0029415881163428635,0.0022438804982781607,0.0019284050537237492
0.002795440602117646,0.0014109850404446112,0.005284008984594265,5.966801713655935E-4
0.0024936705841606343,0.0018042647152537751,0.0012621032602633936,0.0049361774411991795
0.0010785787154180726,7.098349243693334E-4,0.003962762340817008,0.0014409968775265548
3.3419973084151543E-4,3.59093039297124E-4,3.7193357303516177E-4,0.001151890458317298
2.904944831870134E-7,1.4542819058002563E-4,4.05652865517422E-4,3.9772741067792856E-5
0.005625277108222677,0.009546009275815153,0.007279162492742122,0.012249719412163448
5.211123384436745E-4,4.792961160739197E-4,7.866067523870122E-4,0.0012208553377641381
0.004317107253331547,0.00933432863757452,0.006840247111278706,0.0038185411465964177
0.002161459361658112,2.5877902773309143E-4,0.004551298449981676,0.00687698362450149
0.0032412257522291764,0.0028031467202799224,0.006219974856237871,0.008317818451345852
7.940358252866244E-4,6.783171312721508E-4,0.0037115694760355075,0.004453063064335091
0.0014112941946608222,0.002184517509155591,0.004511053566093229,8.818837303716715E-4
0.001236417023955125,0.002219732378826249,9.472636864442696E-4,0.005833649318869414
1.6907606592604416E-4,1.563711571710766E-4,0.0035669728419000265,0.0043171202865961
0.004269009832377718,0.0016474387235874066,0.0022597117798244686,0.003974267253856473
0.001658826614299332,0.001049722291883844,0.0011294602607228904,0.003446903672242391
2.1276779885704607E-4,0.003475455811884175,0.0017862068109530558,0.007974919080308975
8.406580932232598E-4,0.0014703594413401997,8.484025625449408E-4,0.0030249557145667267
4.7933246812405895E-4,0.0011123997264571959,2.813816552880323E-4,0.0021571019003734093
0.006027148890086516,0.005484636230866888,0.005598106324570965,1.2183108486806018E-4
0.006486022126273454,0.007492480992121771,0.006906763993548227,0.00702994098042006
0.004001860800037843,0.0016430683026938283,0.00427863526450192,0.0012657086342557178
0.0017143183771126688,0.005614669120334826,0.004353614642413207,2.629940869650254E-4
0.002650658043581488,0.0015816964423275791,0.003079581470873887,0.006559135332521051
1.8728836069366115E-7,7.253376578470844E-5,8.71215818515878E-5,2.0478824069574393E-4
0.006660221134336164,0.0019467831657603934,2.2526583023325906E-4,0.003987407658514673
0.0030664158054944154,0.0027820438753576203,0.003867238315880771,5.6752856167656345E-5
0.006514392825603817,0.00444902143212874,0.01054555915890664,0.001967900230510426
4.475796862363829E-4,0.004001670890424431,0.010307452736864479,0.0026236165924830865
0.0027235173818437155,0.0031149106009523376,0.0031055075106175777,9.407626167873861E-4
1.322223279053775E-5,0.0023289167223491114,0.005157883150063512,0.0068007585244605605
7.393894063300464E-8,3.8662868162932153E-4,0.001218672088035752,0.0018066198720638573
0.0017118395072249482,0.0031228220129472985,2.6466075817396963E-4,0.014621681224203242
0.0017751761078731029,0.006251787565152663,8.657211726691045E-4,0.0033559523521414494
0.0018040989664546688,0.002174441430000874,0.0032135909575415284,0.00142387482384775
1.900544598746996E-4,0.006606846623924019,0.008370161657619994,0.009067824288605785
0.005642213645790622,9.35095068744378E-4,0.008587150254364927,0.0035336091439617016
0.0013267602963675674,0.00622459307139264,0.005249763782036188,3.108746905239432E-4
0.0012302770482764773,0.0035269910935955356,0.006038697981910303,0.0017233371258299653
3.8590531720226665E-4,0.0014387849819232118,0.001265401616117442,7.05942215326029E-4
2.7695414138166873E-4,0.006225562545827167,0.004054477390615548,0.002950264739204603
0.0015901332279416132,0.003211000362886603,0.006405201017743531,0.0012714072362681437
0.0030614295180759195,0.0016164883257125777,0.00698277995570477,0.007782400512555357
0.006663359190043647,0.006555989392593885,0.014240373245334711,0.005053216538938052
0.001892502437472794,0.0036170267327981,0.005016677766234641,0.001991318779247971
0.001335006589410436,0.005960529284940493,0.0026782022754458265,0.0032382822432546997
0.0024253236287480645,0.0011052894417512393,0.0042458055220097315,1.7192744080191263E-4
9.051830192495046E-4,0.0026813465739897115,7.734926469149996E-4,0.006765872871250929
5.499269524813353E-5,0.0013865377504333413,3.940307836084819E-4,4.3290240028039654E-4
0.0037791128301572457,0.004714584381711508,0.006564860829771234,0.0020545148545267756
0.0018612672005089354,0.001242938063474464,0.002121472418653214,0.005805382178138207
0.005198377191405887,0.0028238786050888507,0.01093715888198783,0.0035445423886612333
0.005413618933139787,0.0025840823974898073,0.0049574935919845875,0.005346703821138125
0.005225179723361361,2.5424445388885997E-4,0.0018955612724250153,0.0016147609290265716
0.005190211833825922,0.0018311890981386955,0.0013106848070711659,3.804329076947635E-4
4.6076490138647846E-5,0.0016352898280418248,0.0014920270686487275,1.1314914148093618E-4
0.0014580409757707674,0.00659653839690578,0.0022255848304737146,0.005544403683933057
0.002640385529032109,0.002970721729847782,0.0015659729832851019,0.0020534735990977633
0.009051148528156725,0.0027571244858304498,0.0025979972592635094,0.009878124394927213
1.0126130442952981E-4,4.864988479878982E-4,9.503575521927572E-4,0.0010552202252369816
1.4384160637267392E-8,1.632687977122832E-4,0.0013278043403963339,0.0014996437059864019
0.0024127314362158174,0.003481113454974959,0.005434187133235481,0.0035699427878745616
8.141768727104667E-5,6.697268484772819E-4,0.0037581469733829237,0.00543455112125786
7.309054907303844E-4,0.0019790691163121448,0.0021330245495814596,0.0021046288762887537
7.089031476534543E-4,0.0014087208434630924,0.0027946374184727673,6.310092717141445E-4
0.002075943770525143,0.006854285655952804,0.008995844741609289,0.004711419382003617
0.005703180804396362,0.010278526363402,0.008521614720700902,0.01120012166285925
0.001892502437472561,0.0033958511462666937,0.005196402046241603,9.904839914426004E-4
0.002077484488174884,0.0023629607572368426,0.0011576751750265678,0.0034765080187961735
0.0016395226002287912,0.00325079516447724,0.00364934807756333,9.251379267237535E-4
0.0051351340560880036,9.827121750192512E-4,0.00777853590997516,0.0024468451376939526
0.007305900281852356,0.005071736799431086,0.014924693786802225,0.010378927338226467
7.48396204900497E-5,0.002597470373748964,0.004590817473987523,4.225679200846479E-4
0.0016410635828192353,0.0058704911393604705,0.0020232384237827243,0.0019124865696602338
0.0027322915412994176,0.0026650700853016415,3.949432354068314E-4,0.003443716866401699
0.001893488763317233,0.00926719780576548,0.003102419600454384,0.002134619923688809
0.0016294308756160014,0.006394523862713715,0.02675279726874666,0.011437261805977919
3.4390089411478136E-4,0.003333659672481695,0.002902004837540536,0.003514907201611366
6.757339084298837E-4,8.063879661636096E-4,9.765541617592667E-4,0.0025431992764487574
7.604974159570531E-5,0.0014928295470090804,5.578502709201779E-4,8.252201285789125E-4
3.8549282178313064E-5,4.045155776907028E-4,4.942926834834941E-4,5.485288297836014E-5
0.002120567592492779,0.005094776670382742,0.0048690274728727155,9.354046089310757E-4
1.1921575683054542E-4,3.937972228349372E-4,0.001533315763733784,0.0035330507046274157
0.0029726146692580493,0.005338880363544487,0.00348572486177799,0.0034577453152267804
0.005515692383809789,0.009825180028488952,0.004636477277445957,0.015493264426102632
0.003501564425898959,7.999354969822018E-4,0.0030801526218795145,0.007657151682306585
0.0017029554740576366,0.001902519198008179,0.008821385739497981,3.975049671077839E-4
0.005516531879243991,0.003229944720643052,9.351522154809408E-4,0.005289444969038445
0.0049796199083973905,7.603533611113092E-4,0.0058318547399605096,0.0022949347054433706
5.049971141630268E-4,0.003149871411636482,0.0023688396848415374,0.006813470162301119
0.0011490584828318345,4.276110603980983E-4,0.007358950557807923,2.776197619769631E-4
5.6670946597009305E-5,3.353624968561373E-4,3.228798656660722E-4,6.240560626535961E-5
5.352595790082085E-4,4.5552295126896473E-4,0.0031914409875895802,0.005010301561723334
5.334454746144004E-4,0.003579461996509909,0.004235134729865898,0.0050795587236582805
0.014833474620818117,0.0017149367993347774,0.005018026739563724,0.005074748001585674
6.379786059894065E-4,3.035507416409417E-4,8.26131492295195E-4,9.839581865135761E-4
0.0014382744285759781,0.0033371683829810568,0.00241760402360968,0.0014893215793523073
0.004638558777023927,0.0023346805931691683,0.0020111975572275976,0.004062851190368153
9.043682635233081E-5,0.004120323982735032,8.179148683757411E-4,4.049947865698027E-4
0.006431216243542265,3.2246004865425364E-4,0.005830369202432064,0.003216354648026103
0.002414066855574433,2.5737666487308977E-4,4.4920616327024656E-4,0.007789652659055177
0.003113744431063834,0.003906974848348426,0.0025397582547734185,6.486813348965167E-4
6.516469316646698E-4,0.007406243650817645,0.006042984631947469,0.005527556013262638
3.854928217816796E-5,6.132860956256265E-5,0.007747384304307706,0.0058885948362413865
0.00522517972336074,8.085884361899768E-4,0.0013717600882183656,0.0010739947736629013
4.485081542403258E-4,0.0010897874149657003,2.6776053506368604E-4,0.0022162875469589525
0.0020296332969178027,0.005143738763752362,0.005102253340746334,9.611390025960088E-4
6.52531105701726E-5,5.037538678485222E-4,0.008255319488995612,0.004976335843323937
0.001537281120854322,0.0058964354093182176,0.009343115443316088,0.0035807792700268386
0.006099547779023491,0.002532160999633329,0.0013918835491969503,0.0016602025737100592
0.0018182742944488765,0.003466947709266752,0.0054624844906858835,0.0011247222956008375
0.007572748480748236,0.00417074893078544,0.002348052638227667,0.004181510671212714
8.540146548171758E-4,0.006397039419666721,1.3435098055600476E-4,4.4885576902228776E-4
0.0014501695761686782,5.577367050454043E-6,0.0032505712850683555,0.004584899648214481
0.0011692647792422282,0.0026663210861260483,0.0031025885161783907,0.002241052781552375
0.006260531615174971,0.0021366048828984066,0.003572619208237437,0.0030477165763246887
4.5301880158774135E-4,1.1895484451255463E-4,4.0419985604459686E-4,3.154504443247109E-4
0.0025016129283527417,0.0021883946824004037,0.005228285676749186,0.003099864833257501
8.070556472125138E-5,1.0834948317859021E-4,1.7036725541720146E-4,8.292190091842722E-5
1.7450136558850942E-5,3.4332574180844725E-4,8.544603465961334E-4,0.0025058101645346656
0.0027676024103390996,0.0025608305950230487,0.002123312326143533,0.001982364537581797
0.0021684537633521054,7.890169977406004E-4,0.005317225909697439,0.003967335531403366
0.00685538734827836,0.003255235975479508,0.00458045717417636,0.005205073210951255
5.866463595449547E-5,0.0020068633982476152,0.005692396335013646,8.827606558163754E-4
3.3776394541007795E-4,0.0017384742374115109,0.005133660747330688,0.002265465631241187
0.004518433219673445,9.77203577145181E-4,0.0012528132375546897,0.0029885301286361092
0.0010209006350619919,0.003704288310084514,0.0033794947834494306,0.0020227808639120648
0.0015582019749734747,6.657052307307795E-4,0.0025877691288796424,0.006171478549274818
1.3222232790660183E-5,0.0025342040980440256,0.0015595269681799283,0.011098753980892846
5.928115768155319E-4,0.0037060428319724992,0.012300911099987802,0.0026944546502912607
0.001115993903392311,0.003150897473199169,7.712476709135276E-4,0.001015365427154876
3.300538235598882E-4,5.821150444833603E-4,0.009149300829511216,0.005797188916725861
0.0012364170239556162,0.0029226531577043226,0.006698762114783576,0.002778784694441196
0.0014334301990250027,0.002532391131892162,1.699417717371603E-4,0.0015156183343006163
0.0032220112092775127,0.0016060144178894793,4.4139517819379546E-4,6.29342914352254E-4
0.0031064722720568244,0.00965507615948389,0.006612576191067653,0.0043354749621474864
0.004728450598285952,0.00598764822352992,6.569297238240333E-4,2.2476174681572338E-4
8.590900321829968E-4,0.0014010250068485764,0.001308218211055751,6.446270692832948E-4
0.0027750365778890377,0.002615570595130568,1.2195456868067225E-4,0.0011454742237585961
0.001451148370633468,0.0014330237507312574,0.001592832230249956,0.0011597119748054641
7.351164672063543E-4,0.0011004371585659868,0.004619332831320831,0.0017434469315086949
0.0035177033787557473,0.0038318866952196285,0.0016708380829671282,0.0036189919082365335
0.005362582865445807,9.56930765564406E-4,0.00908387959523292,0.0023958823642213417
0.0035763250386725903,0.003011805895860957,0.003908126651552552,0.006029397295685942
1.2981824807890204E-4,8.581278553531561E-4,0.003373974276481552,0.006954300354131469
0.002543534875876758,0.0033852629612575926,0.0012797888884691245,0.005197785099991658
0.003719698455654496,0.002973563496740961,0.0033814038115167148,0.002672456020884304
0.0027893455304574704,0.007649791185374122,0.006599566637138662,0.005017893973222329
8.781133913958173E-4,0.007222379281420164,0.005961051764534997,0.004794991798669096
0.001028185380394504,0.0029737005025815763,0.0017751299603499257,0.0011902275872128453
5.612996563625502E-5,3.559197973183568E-5,3.462624801724637E-5,1.4820772025738E-4
0.002797158938897134,0.0013590518393451086,0.004061908564736261,6.592219647172937E-4
3.535154762431519E-4,0.0038975327096261113,0.0035227583743037303,0.002320107956875421
0.002580241255523701,0.0029839695114209155,0.0012911420004928153,0.007421766934138042
8.070556472140018E-5,1.8207418054952474E-4,0.0026316672622192423,0.001675871711819684
0.004782509830751684,5.040480634605915E-4,2.65900724700008E-4,0.0015545245497358225
0.005289283550968479,9.302275637237437E-6,0.007600960892405898,0.002772224449335212
0.002889508310540065,9.806062545881947E-4,0.0030000167277929885,0.0020780263793121674
0.004159232805038541,0.004489210721252953,0.004082662761831767,0.001246855277949485
0.0036817094607825085,0.004190006911240039,1.3281340994447158E-5,0.008447342440010193
0.0013682984582398803,0.0019607659156230437,0.01691011499086321,0.0042657970511527105
0.0026910123121693607,0.0027490099325438158,1.9295546571381368E-4,0.004534610708404413
1.561495463432692E-4,0.0018233975923041762,4.5899300792333174E-4,9.934633345914446E-5
8.09810012411928E-4,0.0014590822043790497,0.005226245566688498,0.0037196850654000685
0.003839899545733583,0.002007012703126842,0.007660578211748782,0.007430985392375181
0.0028253611477719763,0.0032690837254734434,0.0018744397001922285,0.0033369110506005937
2.3565500977467334E-5,0.0013255209712863527,5.949862987449539E-4,0.003208835176407055
4.4923336708849425E-5,0.001356302567358014,0.0014841541202439865,0.0011056877194408476
7.482683870003489E-4,0.0074422388243516255,0.003085558923550431,0.0037815597106784027
0.002581571463578092,0.002108053490354266,0.0027186049233378653,0.0017108655628460625
0.002487586568705331,0.0011653685143057852,0.009797868641340694,0.001086358615733636
1.977753750326608E-4,0.003328256415923891,0.002595344327574303,0.001394100002884993
7.76732096282919E-5,0.0016295904477172606,0.003789959941231323,0.006604116078142542
4.475796862362816E-4,0.0041894820737355815,0.0066873482511025425,0.0015518164027803147
7.735964321323983E-5,9.454328766257672E-5,7.985213282331979E-5,2.3047054935795267E-5
0.0027235173818436873,0.004853784103119039,0.004198270503995238,0.003134216303738372
0.0014994141613461514,0.005297922214636367,0.001317104734617926,0.007103901060292645
0.0019257581000528495,0.003609887559194766,0.009011016790016143,0.006077318506587875
5.805582184839275E-5,7.023520266912528E-5,0.002283155046008822,0.0027254001450797895
0.002320004997191002,0.0022232873349083393,0.0026597447291842337,0.0011523032375963696
0.00368581213537817,7.210578691399682E-4,0.00275885193598603,0.003287636810971347
1.295478587649565E-5,0.0019340698586562913,8.814742621441598E-4,0.0011880583706191526
2.330732060018769E-4,0.004916440540477575,0.0036233522755884364,0.004665954152756199
1.2934729381175474E-4,0.003490383529589751,0.006079971661574709,0.001582601566944902
0.009490811431258687,0.010111887785095915,0.009597474626093571,0.012039540282229323
0.004034006555548035,6.861785934698278E-4,8.793243594380619E-4,0.001999172010080553
0.0018767793544406776,0.001106606559038447,0.003572621902791838,0.0014559365545421523
0.009262770818717554,0.0028291479191661553,0.0026017571132884026,8.801974546352461E-4
0.0037761485077256137,0.0015613764442109334,5.333613401069833E-4,3.330528094772095E-4
0.0010868712333000376,0.0012375355212663746,0.004754651554498214,0.00647715775968296
0.0032315164215119146,0.0011657901349894097,4.7475365237195156E-4,5.937984733494381E-4
8.467280546037893E-4,0.004794390140619377,0.0048634990724985986,0.008742678542587635
0.0011301585663650443,0.0017327283033046071,8.449018050499456E-4,1.1334994239935461E-4
0.0015414230070829136,0.005191975417820427,0.002021298226976083,0.010598147048271613
7.548441629115124E-4,0.007663097205089542,6.435306116624012E-4,0.00400074511028712
0.005210733574739154,0.0024903463752128157,0.00740293691330537,0.005757277406022245
0.0026506580435812924,0.0019159925306490696,0.002794951266383043,3.979308973490008E-4
0.004429018942816601,0.001835611466750452,0.002805457580364113,0.0019064272236247327
0.0020346997732374967,4.171648187244189E-4,0.008302329030018134,0.005789162132331394
0.0018059399472618429,0.0010018444038885645,0.006570779070682853,6.476223949698536E-4
0.0015233895031447635,0.0021523879028554687,0.00751484176820661,0.0013110067389055164
2.0626815658384608E-4,0.005452210015880261,8.295126251034023E-5,3.495786115743537E-4
2.2976371353061582E-4,0.0020948381496683774,8.670806389075192E-4,0.014844606736882593
4.449950718358152E-4,0.0014230302248809414,0.003341705198689521,0.003065629835118265
0.0012181171292157847,0.001909542664407739,0.00504937721470347,0.010443117047942988
0.001733848436305308,0.003392198303776126,0.00594296327207534,0.0012738308668723609
0.0018597835344509918,0.004967394334390672,8.151922847773558E-4,7.275369920675949E-4
0.0022635266086843873,6.923569577684223E-4,0.008056093968512585,0.010188126260802127
0.0016657658399902222,0.006609767918446921,0.0018717349104940206,1.8688426725142646E-4
2.7902138091926543E-5,0.008963763576310074,0.006265871580528515,0.0017265135445369072
0.0011221064386294304,0.005887437651841954,0.0023705160193561283,0.002462021307224176
4.766580817652202E-4,4.936008872178276E-4,0.006053439787918879,0.0028804164792490196
0.0012493557923138208,0.003930243868516414,0.005811232788049734,5.827646971076477E-4
0.0011504988791668598,0.0012731502105338963,0.0015775238130721564,0.0016988066535657403
7.87254070989329E-5,2.3814720864594484E-4,0.0020940551545517395,0.005852288748594752
0.002129884399261666,0.002363566923610572,0.005416789063770255,0.0028199594850905896
4.5713682773692633E-4,7.874993107214954E-4,0.002346758765552198,0.0030438733751271367
0.00726570059626244,0.004867069061494655,0.011806555309114869,0.011041198959724387
0.001999854743038325,0.0012233210427701113,0.0016193282242211217,0.0033182390100455037
1.0112608612845273E-4,0.006011934846215547,0.008991918939757504,0.004533458636346641
0.0048137705793576185,0.002859009536871013,0.0020100893410659073,0.005136531441564918
0.0020408701441111572,0.002695107558691948,0.004271902407355318,0.001759869443862981
0.0029520621133717903,0.002902262699472475,0.0021287623641649597,0.005090318691414215
0.00441291519137616,0.00207130481516124,1.5708066718172323E-4,0.0032495432707175123
0.0038144950813091506,0.001082797308569238,0.003434113986626759,0.0014489691570677042
5.069836058837501E-4,0.0022741433660283658,0.0038106094028298983,0.0024004438160626267
7.861897173030356E-4,0.012099402649625056,4.4290170863564186E-4,0.0020545509393173384
0.0016808483838392254,0.001916866947162273,4.120097695464472E-5,0.003953445684878708
8.129175804561115E-4,0.0075438494132995335,0.004405642230028074,0.0027657757882766382
8.496567679615923E-5,0.004470033399044062,0.002055591221809367,0.0027764139475890725
0.0020985952239227735,0.0017111531401076997,0.005217331927884733,0.0015720121339045708
0.0028274039286009965,0.009850972148895291,0.011700995367450383,0.005147992147851011
0.004829053365572433,0.0021950788306209874,4.4444370046894987E-4,0.0017559091760848491
0.004331070181493742,0.002169528704081394,0.0031729829746828834,0.0031412062073762886
3.7625934640284666E-4,9.79952264913335E-4,4.4391047846553417E-4,0.001066452027896419
0.0012524281670593111,9.555159988746294E-4,0.007235189071293452,1.792936236728682E-4
0.0011693890245433195,0.0025927636821295595,0.008854341225862488,0.001475340363783113
0.0027240104135699706,0.003376313089825137,0.0016207849980288604,0.00284139705194539
4.8903591703198803E-5,0.0026216062921890887,0.006373975134554821,0.004672851861166225
0.006597255023203794,0.0011110070407162487,0.0055738418586721615,0.00349936642286788
0.00241614604751294,0.002001027021249046,6.97462251093614E-4,0.0034217734396155127
3.874361793218412E-4,2.3060762552950482E-4,0.001074692413132635,0.0010757338413894526
0.0030213103317532995,0.0025142641252101213,0.002612641274018128,0.00283384692413894
0.0013981530015449116,0.003623513898532556,0.0027401164271251017,0.0010600816176052801
0.0013784500994717462,0.005318350379841394,0.0060108417443872015,0.007266223545620282
9.966487389943247E-5,0.0032339598224908547,0.0012843866296551078,0.007502616095669012
7.642978349753841E-4,1.1730866763947909E-5,0.004230677098053537,0.006569235939543842
7.598741534023619E-4,0.005112742379934056,0.0017560415384547782,0.0017871795512031789
0.00119317585333814,0.004408526567103619,0.013675781139450893,7.578079390956534E-4
0.001944844270393501,0.005807248352512941,0.0072822058388097985,8.272726161843617E-5
0.0012021952397340086,0.004510846269852446,0.0076202120073569106,0.005648367392824476
0.0021579912221571683,0.0029933706316104098,0.011760598961285607,0.0019061411749444314
8.300354469495446E-4,0.00715633770489447,0.004709257723826772,0.0015256676282184543
1.2835328658446061E-5,0.0010950469796394574,8.219904638853816E-4,5.892016507329425E-4
0.0013449042060619356,0.0037590977702531667,0.010425603841954428,9.12459151269152E-4
9.994935604675183E-4,0.0032891378577974218,0.002957118386667673,0.002870716572518906
0.0014880417001810694,5.459009975163006E-4,0.0034584167834331094,0.0015509184818968658
0.0028168192862468382,0.003669612225560987,0.002100268163288611,0.0021900874836101106
0.0050926150849451455,0.0015944095615843673,2.0799625285264242E-4,8.70874477875348E-4
0.0019649944045682733,0.006247359522461991,0.004649442820332241,5.287714482844733E-4
5.069692144308131E-4,0.0012633044419619764,0.004202887814415299,7.982623209462835E-4
0.003002364870639942,0.003979062810643516,2.79011641241258E-4,0.013377331569276028
0.0032558112873890084,0.0025177946381981843,0.006166609884787083,0.007879259726302478
0.0031616021498137763,0.004976803152829582,0.002837890949605367,0.002851917446003137
0.0016155989509157589,0.006940706191447679,0.001956320524347781,0.0015336303666971603
5.611609779075546E-4,0.006845523112816075,0.003863701188916522,0.0038987929309812837
0.002661842541387134,0.007479443454336367,0.006836565985598902,0.0045119992674609085
0.0026538447087964987,0.004559244676654653,0.002589468295790926,0.0044934172609576075
0.006450505809681357,0.006499196190935876,0.005858138555350679,6.525202913433933E-4
0.0014402854282978622,0.0019463972761624869,0.0060090386869452025,0.006838819974481669
0.0011858457873130746,2.1797133571797403E-4,0.008202017480488821,0.005140937869680257
2.4156009620162865E-5,0.0035822602239518717,0.0063775415216443835,0.0011479893619274018
3.503937276633097E-4,0.0014821716845047673,0.003004252337678577,0.0016643733827230174
9.24176602319455E-4,0.002703524877077343,0.003884155541742706,0.0075034123795364675
0.004355442785321537,8.358837147372859E-4,3.401696011888238E-4,0.00229335099819467
0.001171561064577173,6.493946121285012E-4,7.329268371670381E-4,0.003269897782984302
9.689528788705264E-4,6.0373101598185E-4,0.0033656155133117856,0.0015305921802749368
3.2865597058072746E-4,0.007502117669183989,0.0010380481618501446,0.004596891655877094
0.0032787919672653478,0.002835438947823416,4.205129981448788E-4,0.004712015236918224
0.002313031038237536,0.004976387518489957,0.0041488883426927985,0.0037865870944468294
1.6907606592655351E-4,2.478428358823834E-4,2.0638857069764312E-4,7.485626464886667E-4
4.1765884352048307E-4,0.0027037084954724044,0.0014672939719907214,0.002389748138453734
1.4724353387869874E-4,5.844585113460847E-4,2.641671946833662E-4,0.003245561129800077
5.010109033246323E-4,0.002573143917342407,0.002676191401474754,0.004919969983607528
0.002848716337973006,7.471897196993282E-4,0.006991698185339716,2.862110609007204E-4
0.0017877221873895208,0.0026803161888901126,0.0017026257688928217,0.002206424631998655
3.6527964639107064E-4,0.00802364395424682,0.0064031453954488645,0.0031281181962407745
0.0014053533156524148,9.419743924432645E-4,4.856915496921012E-4,0.003359449252208057
1.4275603735222528E-4,0.002801620214020464,0.0033738210907657768,0.0011818520748383284
3.5777310740353814E-4,5.657113505785038E-4,0.002039824828953358,1.799594134313154E-4
0.0016826748880642123,0.006850951104441355,0.00190377573699387,0.003429620560359763
0.0015660627633488032,0.0021627298892456107,0.006597644188800752,1.5943924795036425E-4
0.0011301585663650237,0.0015715827574828034,0.002301276837373424,0.0020721190882735173
1.42416186811994E-4,3.5876424201854016E-5,6.405360639078292E-5,2.51866049805772E-4
2.4156009620099636E-5,1.2976762060232347E-4,0.0022611979418009132,0.002699633452286644
0.0013709625223411114,0.001351365219691505,7.185624436496041E-5,0.007007794940705454
0.004091120580983329,0.004849280312894779,0.008019491942391726,0.005432240834607512
3.0312383620623005E-4,3.2176098526833793E-4,1.108786588089013E-4,2.1702839701556726E-4
0.0019134667771591948,0.0015412674004231966,8.723436665156086E-4,0.006476960451428923
0.00441211316074495,0.004649400883940103,0.010227288657566856,4.836555146340625E-6
1.1720215540812975E-4,0.001487272444774763,0.002813780279130933,0.0010099777264622931
4.2082831290999267E-4,0.0012967685197314974,0.0010840173880544614,4.218319310930615E-4
0.00530040881317285,0.0023663962328877805,0.0032966793134891637,0.002287431398143937
0.0012946691066431813,0.0032884646291578574,2.945529483388068E-4,0.0031716124063372163
0.006469225861849874,0.00432596133544944,0.004316397700209038,8.265773252175002E-5
0.0027285129481564472,0.001908860086181583,0.005570513101639555,0.005850606748350126
3.487795966700272E-5,0.005805347707923259,0.0085458590858887,8.803947538027826E-4
0.004179501919338544,0.0053217716309766384,0.0016699557792020042,0.001328757601202841
0.005109218962488665,0.0053662531780224185,0.0027696693228979156,0.0018822584943544018
0.0041799996179989266,4.6053339508183504E-4,2.474306182646591E-4,0.0017772476773982471
0.0013044698026829975,0.0055633395746416195,0.001691204390677972,0.007068791774285028
7.628728632202622E-5,0.003436482485431801,0.0033194941204167205,0.002241146686323883
0.006883206397562242,0.003594408399123991,0.0035803742690378973,0.003505968495863831
0.0011397584276925583,4.805750716937192E-4,0.002817861380831915,0.0033476660349692888
0.001593023097546997,0.00359907954984914,0.010266772854272336,0.0011590721844907197
0.0019576183763980745,0.0010030497581779252,3.900730309026734E-4,0.008836194155766973
5.949476473258759E-4,0.0014221291428836067,0.002563871985565198,0.010189346470696184
2.8041639483308866E-4,8.795501326570579E-4,2.0296676995951114E-4,0.001211487127319907
0.002965724645242175,0.0012142653903047483,0.002578996335861083,0.0017030594954428276
3.312213335247945E-5,6.877671073594998E-4,2.276193210048746E-4,0.0013937344022145735
0.0011733694707077183,0.00660276493055373,0.007654417037664592,0.007633529522724699
2.952357217750456E-4,3.391208474408582E-4,0.00408587653763793,0.0051526257954244495
0.0033752450703301335,0.0013638969914661838,0.004965363606055676,0.0013197149866239501
1.96972281370123E-4,0.0014584701085957339,0.002422194273504042,0.0085298871859627
7.418588566874934E-5,2.8266773529391267E-5,4.838408372360264E-5,6.867357064955375E-5
0.0012530789438647562,0.00289434283561353,0.002445891873603239,9.92572970101624E-4
0.0021912646196847485,0.008022659142950025,0.00535556336990984,0.0032033357503618966
0.00513746969973399,0.0023463366800839203,3.197604016438092E-5,0.0014305103674251915
0.001350823038609006,0.0017876013124430473,0.0015624282387554397,0.0011940421607193376
0.0028338334581725754,0.0014744983840879204,0.0023666232205934046,6.457784978488929E-4
1.322223279053775E-5,0.0023289167223491114,0.005157883150063512,0.0068007585244605605
4.116308006283148E-4,0.005835273220604727,0.008661808273429954,5.30113803872171E-4
0.0017284232660557232,0.00491089142425817,0.001428569594602957,0.0010822110537977187
7.900987628295053E-5,0.002713273016459368,0.0018231855016494392,0.0021761228915289027
0.0011777868040086308,9.858909090683238E-4,0.009296918632972074,0.005127001568803402
0.0049435861944638485,0.002352415391662267,0.0021131388127880375,2.3360327669392903E-4
1.3181135155721307E-4,6.25179183254014E-4,3.451914554428031E-4,1.0612535850986332E-4
0.0019482653324199605,3.2082538062801707E-4,0.001092486651369795,2.7320962803601686E-4
0.0012010668722802068,0.0018884450549572327,0.0063581724233187295,0.00480260817695947
0.0015185945137426305,0.00174474390312575,0.002596785174057581,0.006788399466796591
3.511453197710766E-5,0.0012406674114797732,3.726880805535913E-4,0.0013465213877887129
0.0017101844986828474,0.002502083303941955,0.0035890577972212422,0.0015500759878558253
0.0029777786070449936,0.0031867428534396915,0.002592334752556527,0.002402373073374134
6.731636518677572E-4,0.0028236127414729157,0.00792978341841433,0.010239198642056272
0.0028775712790392277,0.0024132782773013052,0.005868004447982975,0.003983779720407897
1.9083873848697792E-5,0.0019788668950874457,0.0031138625908050353,0.005899977209173503
8.723610659560431E-4,0.0028547384012907883,0.005502601619762385,0.005621458440409662
0.0014269719892118905,0.002367966916791385,0.0029096269805396523,0.004489298279818486
0.002917117209935824,0.004628970540853601,0.003977961364424184,0.0012596477181158802
0.005011365446615839,0.005122162512721034,0.005803972014015004,7.772239293640214E-4
0.0025937753711199846,9.427838125146609E-4,0.0022381053610211394,3.320471820873709E-4
2.238906235060781E-4,4.440690386583662E-4,0.0011277324707112304,1.0437467296730786E-4
0.0025633885474571167,2.2848190293432038E-4,0.003597013931972379,0.0025841535248726827
0.005118575621626314,5.742840572129283E-4,0.007357918086249267,0.002479210828216142
5.844042681754086E-4,0.0019121325474107727,0.0029702353216107184,0.005032162593070564
2.0362581874205351E-4,0.0014136032103703655,3.899509085116391E-4,0.0011393808320383555
0.0022111598165353093,0.0015034071203747668,0.002426685958088218,0.0020252063597532496
0.0014415090112986195,0.002030823627271428,5.722936821582392E-4,0.00799601511052622
5.812836574764114E-4,9.460231508937366E-4,0.006991073880740003,0.00196307325727477
0.0015585412096757643,0.006708486447963536,0.005468501694186112,0.006940232602271254
4.806886295243012E-5,0.0032699129529913163,0.001189960725490097,0.0018320486836440307
0.003680753829683679,0.005187246561138124,0.001401857236961684,0.0015617610771528235
6.9262047772145E-4,0.004623285145992666,0.00566498201405941,0.0039037663234841534
0.0016971585188687353,0.002159659609889518,0.0027419071566699236,0.0014264318222244358
0.0024503865332129735,0.0031820251568024306,0.0029879597134033434,0.006243214904134657
0.0021942698068913766,0.002236377762683347,0.0030052942460705614,4.975174039403845E-4
0.002529144653822778,0.0013228422171056374,0.002436751792805796,0.0066968168527371955
3.973363844035994E-4,0.002812198685366555,4.911866869105429E-4,0.002477391090625057
0.002383183862413883,0.008417856135652,0.0033201810163084665,6.537123758383946E-4
5.310377625272457E-4,0.006556153613256945,0.0025437789869107753,0.0043131705160377905
0.0010471906132627192,9.487362658321963E-4,9.944354332355567E-4,0.002808555595031418
0.0010795156981500125,0.006533947490321301,0.0031433181755092855,0.003448871549081738
0.0030563799757638475,6.539318779660227E-5,0.0011697165287822297,0.003392036352307549
0.0019142455559285141,8.501322886445017E-4,0.0036834932091519934,0.00680230162778683
1.3275021203537814E-5,0.0014274626363566798,2.1614450682999565E-4,8.241148794159741E-4
0.0014319544552723966,0.0021263608783159515,0.003640940934348425,0.00257723948391652
0.0031329585667178544,2.1330737313766596E-4,5.874949722042652E-4,8.296224019763633E-4
0.0062893416203551695,0.0032005225541489003,0.003006274127803711,0.014949229706776085
0.0010144716563929596,3.9466292502707376E-4,0.0022448829084907754,0.0014232165031844175
1.4730695723195435E-5,0.0021983339936692005,4.5357921033567E-4,5.865826667550874E-4
0.0022581693394584045,0.0016706224311293018,0.001576096573761212,0.0017257816833173728
0.0029155923001180153,0.001844392588551755,0.010097229318480345,0.00492820999795157
0.0011162134079116444,0.0033269775553675667,0.0013100164316633097,0.0038611299329233445
0.00520125116616219,0.005899988604377338,0.0045670661522678345,0.005782244577323454
0.0020540427389398176,0.005899432038159753,0.009481859182069929,0.002863961738439014
0.002498983676477426,0.0013643882092083041,0.0023463135975017495,0.00322652556017828
3.3621228703224813E-4,0.0034005107439457768,0.0029259497742562916,0.0034791477068008628
3.740747753002236E-4,4.773366271347838E-5,0.0041388142569797745,0.0061517206638182515
0.002807862013638137,0.004463197003358551,7.377486588624341E-4,0.0011589080462404632
0.0020457643070894314,0.0063479606488033614,0.005182558237478894,0.005299384249554641
0.004777119909142474,0.0017616501254145986,0.003548459336299193,0.003137818158621967
1.4873754675009094E-4,8.626504818134194E-4,3.325337214480116E-4,0.0012139061889805008
0.00426903299991729,0.0025787413577247824,5.585471786859895E-4,7.113904990574776E-4
0.0012445351344220561,0.006232959522015937,5.533898260685189E-4,0.009880848470574709
6.69374722054744E-4,0.0064187673829880325,0.0020511929482289176,0.004813541616725169
0.00312906954435793,1.68823065221797E-4,3.405624085532403E-4,0.0016709664219981854
0.004613664263901742,0.004573368736799233,0.014483868052630468,0.0036537239902840447
0.004892726246176755,4.123166423371558E-4,0.0017023707026029829,9.66886208839155E-5
0.0031445872218234345,0.009887574096349543,0.013031140161499595,0.0069494603206335095
0.0022330691292073396,4.2763534164464307E-4,0.0012385175646859076,0.002291297339838826
3.3890817049511115E-4,0.0011390204511884765,5.01290659546446E-4,0.0012951869908147174
0.005246707462510756,0.0036419669587834315,0.00635158619534016,6.414095093448298E-4
4.337546087770947E-5,0.00160156259325875,0.003530439333493421,9.784322749741942E-4
0.00120827015671922,0.003029060912791849,0.008070100067375713,1.3858193336319623E-4
0.0024079158144185158,0.001635966233319253,0.002216592379134305,0.003648167475571796
2.6390902654445936E-5,0.0015112918669938087,7.323637946642199E-4,0.0016129589830931588
0.0032628928146769412,0.0031379600375930476,5.583953156228167E-5,0.0027947226207860687
0.001863928034684296,0.001411299229710274,0.002960982792795106,0.001898054976398904
1.1894534605600684E-4,0.0014020347510179376,0.0018535862099530408,5.8951581315054794E-5
0.0027971215056157893,0.0012874332878059017,0.002754390713483791,0.00155725900220503
4.380579245990766E-16,0.004647920617590189,0.006904496068314812,0.0015680430418119895
0.0028006849532061706,0.003357691832994631,0.005148170868019959,0.003240826772174409
8.14176872703963E-5,0.00192151922373097,6.846778929473491E-4,0.003942416078746018
5.937787576548934E-4,0.0010109185595698715,0.007553696457467328,0.0016154410831383495
8.230694563265025E-6,0.006116036489129702,0.0019171603431885947,0.00431476203435964
0.00203854728046693,0.005135854264224388,0.002560346004520253,0.0018580555105134873
1.4185729682638778E-4,9.967701665320238E-4,3.435730924692232E-4,9.559794718345179E-4
4.724800178088554E-4,3.4040915071899605E-4,0.0023391554119690182,4.2694010614937266E-4
0.0025785666407395855,0.0010198504258343856,0.007006592595514235,9.762782195737017E-4
8.496567679677795E-5,0.003402720968714677,0.0025773267033265095,8.453987913686138E-5
0.0019282157676035908,0.0036703536444048918,0.004738121020940828,0.0010882352540905825
0.002899616474674017,0.004972035007323431,0.0039581712667626345,4.033084154424829E-4
9.769255666350915E-4,9.588586503409887E-4,0.014611075347640091,0.005789075770514672
0.001419047640402282,7.854628286871277E-4,0.0013710957749489532,7.313501899815943E-4
0.0011504988791668598,0.0012731502105338963,0.0015775238130721564,0.0016988066535657403
9.125274312793678E-4,2.0793560830442913E-5,0.0032319879876634297,0.005754156005914584
0.0012478834930578105,2.308947370344411E-4,0.005558127111192595,3.276969884232756E-4
7.381814145559634E-4,0.005167113840984462,0.0031790157870176987,0.002277100672148301
0.0014706148636224583,0.0010163130368255786,0.011287399528465948,0.007332003583851045
0.005923476104999806,0.004310225767896474,0.00525645061871595,0.005823634519084096
0.0019016819412930837,0.0020150303831290278,0.003907669052859449,3.2644256645791977E-4
0.005473337151968444,0.01000094162476458,0.00850379753221689,0.011120027404855144
8.573210240528636E-5,0.002188199116685801,4.6746083003417166E-4,4.270163454763289E-4
0.0016675395313014406,0.003364040421792052,0.003824085770883504,2.7763957431627444E-6
6.868946537350368E-6,0.0024094667947552055,0.0010200223398805866,6.331046899014216E-4
0.002043832922990298,0.0059512451778362735,0.005040105281267355,0.002047420253049163
0.0021544041149492046,0.005566703184963815,9.248768421839901E-4,0.003284864545694395
0.006536726023768937,0.005392102776772731,8.870031565793547E-4,0.0030848732738989098
2.0310045562611244E-4,8.66955338520431E-4,0.00466200246387309,0.006708914131196664
1.3799483580931944E-4,0.0033562885983181925,0.004999043500141726,2.1318768767191154E-4
0.002141622484465427,0.008182037870817994,0.0116736223322708,0.004372869832203538
0.003288222005019386,0.007803375930982274,0.0023410565186263933,0.004914071405203355
0.0027685995415958767,0.0045815889877375005,9.32252425740946E-4,0.005284418928981015
0.0011237053175779887,0.0017154500989539259,2.876534908035658E-4,8.74941195282751E-5
9.084996110538871E-4,0.00782444913394764,0.00559213113562767,0.004166444087833281
0.0017348730623068245,0.0029238771642075855,0.008731164002899089,0.0019112153061886204
0.001430624353652011,0.004040765704741948,0.0028352539210615454,0.003061273495378903
0.003308789853677898,3.0485746652048404E-4,0.0010114902082588178,0.0012605070451123328
0.0032855920011432265,1.8589536107055374E-4,2.554507888757788E-4,0.002541804455935029
2.18802026698089E-4,0.0013728503534226018,0.0021358914953865725,4.999406876102611E-5
6.003318393604006E-4,8.831260647527079E-4,0.004444980570482208,0.001129214526063057
9.787310063101424E-5,4.5920102771885473E-4,4.418103362346688E-4,0.0011022099206532895
0.0016657658399900285,0.004535367354259742,0.004051880737154612,7.372560685819848E-4
6.003462321563758E-4,1.2554590133719075E-4,0.00405260758860346,0.0027319258437407045
5.0083461754078416E-5,0.0021694362300689104,0.0023677557794393182,0.0051552655682385465
1.2743923052903602E-4,0.0022997093257430593,0.006063329290802938,7.727222033820593E-4
6.9001249977904225E-6,4.281978051446961E-4,0.0015903439225314845,0.001798090826474489
0.0020263799466679225,0.0018220305288704905,0.00595461715415327,3.9297587039810884E-4
0.0013622736000407374,0.001213596770050425,0.0013382755323306788,0.0028660347804380292
8.545685835999467E-4,0.007793403725360808,0.0044051002656843455,0.0022753888943092566
0.0011946681965987348,5.003771483601725E-4,0.0030102000470538623,0.00500997847630834
1.859727238521988E-4,0.0016873281524738988,0.005618900955588856,0.002790057636407938
0.0029524834603488325,0.0031677496077324213,0.006781612066470655,0.0021726663689970523
0.002748644965851606,0.003669091018345568,6.919926251914571E-4,0.0031807702688902858
0.009438312674007675,0.002977964934232577,0.002320447710742926,0.0025769546864365333
0.001111875443387067,6.592342820751409E-4,0.0038464610914145203,0.005158294941403588
0.0028325976835924345,2.910239839681602E-4,7.52175252974883E-4,0.0030965810775721928
9.513545617699227E-5,9.81061193285956E-4,0.003993572075691931,0.0027526195908363425
9.794424058893977E-4,0.006183875865559568,0.0016898408856761138,6.979482472354133E-5
0.006305080396498563,0.00968314849084643,0.010770934771421964,0.008169437820021243
0.0032757470567834767,0.0038008372686442085,0.0019962304057410504,9.922990028177262E-4
0.0014905370414037,0.004698947826910854,0.003405323658724676,0.004012231843787111
5.34078338712454E-4,3.562397407238036E-4,2.8495552730825027E-4,2.1805071445089308E-5
6.803498710831054E-4,0.006276901273581796,6.918367938395372E-4,0.0038745732422269374
1.5901293951789527E-4,0.003041832969869893,6.22745152076034E-5,0.0029535978343303163
0.001892502437472206,0.004537223497160017,0.002219781636530517,0.0034632348854246263
0.007949895971258105,0.0141885879166464,0.013557120292457772,0.0157235639210036
6.541193451046278E-4,0.006436084291018261,0.002213727765246631,0.004555330017114609
2.92048257642945E-5,0.0037447997817889314,0.006542631925131837,0.0013421516879397535
0.004825964107252561,0.005793364602926696,0.0036736842566623975,0.004946979838833053
0.0015257793499658656,0.005702506276938069,7.189543644084001E-4,1.9509408836009912E-4
3.2657099381661215E-5,0.0014736059238552545,0.001952455308900788,4.4726750462649663E-5
0.002606777621816476,7.297912258577667E-4,0.0054896945830281586,0.004138809680175327
0.0015537699086152882,1.2206728751820302E-4,0.005070099258821331,0.0032776805634232
7.444740350340762E-5,5.365315656542737E-4,0.002219916406617712,0.0036653624998827625
0.001289432356735821,0.0023799262368952067,0.0057187894338385364,0.008834789232237197
0.004287503157727615,0.0036086262950391617,0.006779905758656046,0.00187140590471783
0.0014011694299610896,0.0019640411262344558,6.585323943618302E-4,7.931897149508304E-4
0.0036469258631469663,0.005434011349563878,0.0014462059449366438,0.002236057479674585
1.9529386927507909E-4,6.769036839590954E-4,7.315753314533081E-4,6.759205046934427E-4
0.002005683729053342,0.010277431815924826,0.0032756394021073937,9.351228213932163E-4
5.209442299327014E-4,3.2211118625420685E-5,0.0047067377292810695,5.656917182082152E-4
0.0039688909033908475,0.0027973955419326466,0.0037039638167258282,0.0030316897558773956
0.0024260003531203778,0.00128914982409129,5.363467239062502E-4,0.0026530022910643855
0.0011074033384128464,0.003105263810192908,0.002395993228561154,0.004356865306124653
0.0021211798627079883,0.0022258860531694257,0.0032486330972271516,2.175024455360849E-6
0.0012774540188366297,0.005795186143782846,0.004103130801226641,0.0020777358415144972
0.0043348819334429484,0.0041520059111864165,0.004569967561559004,0.0026721972608285934
0.001158727675904202,0.0027781199186740404,0.0038168293670109064,0.007286092705007643
9.12225931497688E-4,8.601674391796005E-4,0.0035888683852237915,0.008056317018631722
0.005129772328016189,0.002089323953828964,7.108918091506448E-4,0.0010920445517080743
0.009390174712494573,0.010137721268962181,0.008918259526338918,0.0042222171684020956
7.571138672849661E-4,0.004583766390285578,0.006228331983572578,0.006888534619056318
0.003345156402687011,0.0024323075653912506,0.005976253368563035,0.007881564460885289
5.008346175482984E-5,0.0034231046736383133,0.005422467579789849,0.003663545004978423
0.004133552210622197,0.0025506129179598946,5.548086796716671E-4,0.00686251961154892
0.0017171144653458754,0.007145802581375365,0.007538354345949017,0.0033218268383041565
0.0019332546978410446,0.004004213822026213,0.0035198895858822125,0.007901470942223912
0.005262768085651407,0.0028271084137395652,0.002868915051632037,5.048387966596662E-4
0.0021514331805683063,0.006386254402146196,0.007917117052790924,6.74318007852971E-4
0.008502072405606026,0.007839900037322614,0.0027081580330602464,0.00477534157313594
0.00375240274622252,0.005010974551745763,9.217449643406494E-4,0.0011899300628491068
0.002606775223184381,0.001323918926555608,0.004830516113369269,0.0034437358156369636
0.009462100593552054,0.002388925485274142,0.002744419973314205,0.0021458060287508243
1.7451931827382596E-4,5.981207230664745E-4,3.297889450166625E-4,3.245679060024352E-4
1.4730941885726602E-4,0.007516459402592598,0.0011423616317315407,0.0031948205882759155
6.945509766073963E-4,0.011139053787522364,0.0016085011161117203,0.0038377702818578265
9.002185168851178E-4,0.0024549788567803095,0.004620085612837594,0.008434073150450146
0.0015553897726528587,0.004069835060020753,0.004987168973064478,0.0017124811758322484
0.003409907958413127,0.001729979742524638,0.002913003016400677,0.005651642534002078
6.900124997794194E-6,6.221288626932271E-4,3.5534013376928346E-4,3.1751539076264044E-5
8.50585423000437E-5,0.0021367271503526766,0.003034541181685966,5.815517267375429E-4
0.004672260769309428,0.003912100784978114,6.782268507448603E-4,0.006785742464145178
0.0026693366844154666,0.0033509301722458315,0.0011506753680433773,0.0019587287968831765
4.05351415060442E-4,0.0038475745546112734,0.011002690098200929,0.001202648126758216
2.5250197663757076E-4,2.3702545613888507E-4,8.89550827885168E-4,0.0016068205253700007
8.932192245417878E-6,0.0035948767824071633,0.0063549949337755015,0.0012131962284137677
0.004083139971394232,0.0010275672580193776,9.304078981816947E-4,6.827370506453447E-4
3.487795966700272E-5,0.005805347707923259,0.0085458590858887,8.803947538027826E-4
3.2072822645168623E-4,0.005057947568724388,0.005960976953018712,1.3415734050527763E-4
2.4200215825167034E-4,0.0028025827026329432,9.520926794866607E-5,0.003139039011258596
0.0017052206983305645,0.004005394814674376,0.0016058460756582093,0.002196004256064263
6.003602161297308E-4,4.954320202025058E-4,0.0031546443384212314,0.00486882785548878
