5K,50K,500K,5M
0.0,0.005549344547515287,0.002294900292516087,0.004910001127226793
0.0,0.001913998978226852,0.0017822523534175487,0.0015834897919586818
0.0,0.0018671170159639554,0.0018974891616265126,0.0020942713360075135
0.0,2.288646870648301E-4,1.6063341654630573E-4,8.84343717367212E-4
0.0,0.0010869244743973504,0.007428964895300379,2.48454341146679E-4
0.0,0.0029466301764074013,0.005377948786896,0.001406308438959867
0.0,0.0015853680164315388,4.670477290088765E-4,2.3998460760773726E-4
0.0,3.7131373652205506E-4,0.0017667501148717773,0.003144686709701003
0.0,1.5478887133027567E-4,8.351563233994103E-4,5.428768766685632E-4
0.0,4.5507848675453813E-4,7.912446843869989E-4,0.004628252643855608
0.0,0.001325482411468984,7.748144393800181E-4,0.0012834963580745768
0.0,6.210212590780476E-4,8.751509709083559E-4,0.0026621073891499886
0.0,5.810870817820353E-4,9.09701742418599E-5,2.356614864758631E-4
0.0,0.002245324160839838,0.00265912380530811,0.0017524015769106842
0.0,0.001999511052721912,0.00130679638926885,0.0023367734226072733
0.0,0.003124375135319135,4.4839196393251436E-5,6.649241057097246E-4
0.0,0.001512893930579669,0.0012456388690912743,0.00236791720593846
0.0,5.846174570526467E-4,7.414587306916425E-4,0.0010113676868677365
0.0,0.001199732676271336,6.518900520353631E-4,2.186648726171416E-4
0.0,0.0013209662604782638,0.002101152111493534,0.0013266520379632716
0.0,0.0029332768564233357,0.0018879463528124665,6.192522642056546E-4
0.0,4.0506762657170446E-4,6.358029876420868E-4,0.0025684781511321683
0.0,6.121311721563385E-4,0.00294621161870957,0.0038383809207258256
0.0,6.595768302528855E-4,0.0013065095921952312,0.0016991529234811383
0.0,0.0012008834385376086,0.006634485956570225,5.283356008093942E-4
0.0,4.460049003360106E-4,3.819532992846047E-4,0.0022549191095697766
0.0,0.0030052872843290474,9.93197236091199E-4,0.00312131981533445
0.0,0.0012440066851012186,0.001800045129968625,0.001123821858081073
0.0,1.7711372181115662E-4,1.090843081831172E-4,2.869812936988016E-4
0.0,9.400341397460297E-4,0.002868870222301066,0.0021533364766256405
0.0,0.0013932579456534114,0.004052595807806613,0.003791576941625077
0.0,4.8072811668367844E-4,0.0014535383119335082,9.558959277189763E-4
0.0,0.001972093578351297,0.0016604588735630455,0.0024048488819745665
0.0,8.908762207723492E-5,0.0013637492407613154,9.631474047714612E-4
0.0,5.029346415297155E-4,0.00482225264886777,0.0016231412632461974
0.0,0.002020835142838287,0.001758473690766834,2.831654172521819E-4
0.0,6.0788780443809276E-6,0.0013175527326372346,1.1235660356690791E-4
0.0,0.0017194865347048868,4.250183942407248E-4,8.51518668284006E-4
0.0,7.013789600072335E-4,0.002232877302318335,5.397091128955009E-4
0.0,0.001094077404399649,6.449878443067326E-4,0.0020776977571267162
0.0,2.8737151176181E-4,0.0015001193159254128,1.596931870866771E-4
0.0,7.955062002187056E-4,8.823068721679308E-4,2.7601211160250478E-5
0.0,0.0012131932051969118,0.001036016359923613,0.002219186305861502
0.0,7.970862127602473E-4,8.213629484269713E-4,0.0017567558982639552
0.0,0.0020416855939780093,0.0012928812740392555,0.0024589458564563673
0.0,6.352769625459063E-4,0.0015041620727992938,7.432113483114346E-4
0.0,0.0015792953518079266,1.2159057548053256E-4,7.303635657782232E-4
0.0,7.833153847997255E-4,3.9454606888396127E-4,0.0011406979281849761
0.0,9.926807309161764E-4,1.840640373846135E-4,8.112264175895232E-5
0.0,5.602383772418605E-4,0.002212929182802237,9.463997816177192E-4
0.0,4.2742945535619736E-4,0.0016764851928764437,3.1862330380044615E-4
0.0,6.689768798939861E-4,2.83044256965084E-4,3.5655791155924255E-4
0.0,0.0012800263344860494,2.5985886995910646E-5,0.0019201734925993438
0.0,0.0012701206914206256,0.004538955589233042,5.627669574996018E-4
0.0,4.6111545793119785E-4,8.814053709707175E-5,0.003509563414161165
0.0,2.264365847613455E-4,0.0010915429902514052,0.0014805454514923162
0.0,2.2215698890847891E-4,9.246466769921858E-5,4.3666304895121987E-4
0.0,0.0013170033657434028,0.001189732543799705,0.0036968952469683116
0.0,0.0018583110281642059,0.001079137981568535,0.00282840982734918
0.0,3.2299569855998424E-4,0.0016306270372398836,0.0011437286043239814
0.0,3.4512416188866245E-4,0.004347614930183661,0.0013736160078450358
0.0,2.1314095292669855E-4,1.961866207334994E-4,9.539355573017728E-4
0.0,0.0025475012350183457,0.0030869638940550625,2.293745392360559E-4
0.0,6.247690735279703E-4,0.0024688284181107775,1.1165244054589552E-4
0.0,0.0013236884530302396,0.002865402789365375,2.250574574970986E-4
0.0,0.0017230586350924085,0.00423532156161153,0.004397630064116575
0.0,4.28755313270408E-5,0.0027506531858151905,5.326088714700267E-4
0.0,9.76904396545914E-4,2.682318378920272E-4,0.0014563739082330755
0.0,1.4902824742740918E-4,0.00268187389589174,2.2632105637911064E-4
0.0,2.679884511733767E-4,0.002226552435313205,9.582254428520402E-4
0.0,4.821947799737191E-4,0.0034037758761900363,0.0027564577417043433
0.0,1.4836919749413753E-4,0.0010989945955581855,0.0033937512729316703
0.0,9.802983736701058E-5,0.0026869669202506455,8.712896800150558E-4
0.0,3.597939248402916E-4,7.369452165643154E-4,8.601103639502832E-4
0.0,0.0031473997868840743,0.0013526287321209115,0.005245832438214577
0.0,5.501423971889871E-4,0.0010273509602295688,0.002523902583537596
0.0,0.005928030484862943,8.765914129447801E-4,0.006194229640623118
0.0,0.0014146319700210333,1.4199150835728542E-4,9.741017750055045E-4
0.0,8.100897339478547E-4,0.001115052013761222,0.003712465278642413
0.0,0.004157432721179767,0.001416481795650158,0.0067592426468159154
0.0,4.464930152928332E-5,4.595214750087285E-4,0.00113851133367497
0.0,0.0029655285997778223,7.076873763208672E-4,0.004584522662477686
0.0,0.002035231670647584,0.0031119480939122523,0.0013659970468786484
0.0,0.001028520352725277,0.0029411720166658993,6.66144470688582E-4
0.0,0.0016695113978193795,0.002309436531125024,4.925413088655541E-4
0.0,7.013455561526952E-4,0.0019266816481321686,9.13337689671146E-5
0.0,6.007858407047223E-4,8.443363374717033E-4,0.003861300072073616
0.0,2.884158982624866E-5,9.165239457365456E-5,3.51564857994581E-4
0.0,1.1351017501747695E-6,2.471971131379964E-5,4.628844603557149E-5
0.0,8.271276428929774E-4,0.0036190708053425776,0.003417216838751862
0.0,0.001393897122885092,0.0012167345420150551,7.007037257732926E-4
0.0,0.001331973226371123,0.0032500993242789624,0.0024601078860105167
0.0,2.9585478672475184E-5,3.2079980744665254E-4,2.3170990687025345E-4
0.0,0.0017989444308506002,0.001099183612026399,0.001026827706346965
0.0,1.1701839230628888E-5,2.8641703407693358E-5,9.26180929793338E-6
0.0,9.075409846044089E-4,7.562146311857499E-4,6.864287617354197E-4
0.0,5.307473902252261E-4,0.0051346629568865,3.650581585804716E-4
0.0,2.626856158258522E-4,0.0012670119843244932,0.0021816611223333337
0.0,2.4163589684727288E-4,0.0015701876502380746,4.34997239325677E-4
0.0,0.00269743504012342,0.0021012671927086645,3.9771305514235576E-5
0.0,2.50198759946239E-4,0.0031105555160034523,0.0028603250493523377
0.0,0.0017121997583778822,0.0023327874988677746,0.0013232591844273577
0.0,0.0018866311274480302,0.004570263762619626,3.724616531950524E-4
0.0,1.3648482498079906E-4,2.9474264700043675E-4,4.212820627332657E-4
0.0,0.0024933597151515106,3.4661217041200595E-4,0.001081179610322691
0.0,0.0013787078642489203,3.220491972239722E-4,4.989103324705231E-4
0.0,7.509143791582496E-4,0.00152474323771463,0.0037410585329672743
0.0,0.0010465745105472583,0.003185842895222899,7.120238879287159E-4
0.0,9.330373875371466E-4,2.2801717449129626E-4,0.0010137444968758025
0.0,0.0012696493215151167,3.8552283010487277E-4,8.725453411348854E-4
0.0,9.696898929723448E-5,8.04433821822605E-4,0.00343070036682527
0.0,0.001323712286575365,9.336222708067279E-5,8.33263012024201E-4
0.0,8.126606847657088E-4,8.24717057663271E-4,0.0017948978504029028
0.0,0.003471565764995405,0.0064172764460584284,0.002171090461843055
0.0,0.0018051822125346717,0.008152499082336123,0.00250958505697849
0.0,0.0016265986161879665,0.0012398074908700249,9.420187722006E-4
0.0,0.0053403297578606835,3.355209484508073E-4,0.0016571349261119998
0.0,0.001985311466673992,1.0971541721992467E-4,0.00111520322224524
0.0,2.1871464093615192E-4,0.0011229810965005717,1.2020855546468465E-4
0.0,4.246907696068581E-6,9.122076703936038E-6,2.9561417149684208E-5
0.0,7.774568300981439E-6,8.197470615319321E-6,6.014537553524586E-6
0.0,0.0010785789278034128,5.892756332103714E-4,0.001237436381433908
0.0,0.0017041386707521836,4.050672661135213E-4,0.002860492220143623
0.0,0.002725145904648,2.5827904191519294E-5,0.002423420233649135
0.0,0.0015476709111101332,0.003877482207520366,2.1267518377283056E-4
0.0,0.0016594638604560254,0.003263312584075817,5.765191284184625E-5
0.0,0.0022368283765303327,0.0059777655719567705,4.04031994246665E-4
0.0,2.5856373179720027E-4,0.001320039836044578,0.0020403061592147325
0.0,0.0015844066246704705,0.0027758724802020014,1.7146610199229214E-4
0.0,0.0018138304314508622,3.093920985639536E-4,5.031347046822535E-4
0.0,0.0020779203474108176,0.001532656283369425,0.0011431793474877645
0.0,2.315937155702299E-4,0.005154487587062025,0.0022402186119480417
0.0,2.670694239964423E-4,0.0018586977006589376,3.0348887820665814E-4
0.0,6.054651074820984E-4,0.0014973346713644457,0.0025439322210575057
0.0,5.147263566939141E-6,8.355087385876729E-5,1.8532342856463516E-4
0.0,2.7164492872782937E-4,8.096487932246829E-4,5.341785493687335E-4
0.0,0.0028838992063102255,0.0022933192432682166,9.792765085786406E-4
0.0,2.0856629334568355E-4,9.646964521310847E-4,3.777122672620792E-4
0.0,0.002319677340138196,0.00290557354446199,0.0020523885523916017
0.0,2.3839081769331372E-4,0.00532179998083126,0.00166333786814466
0.0,0.0026994435170082432,3.3875740970997387E-4,8.855411780774952E-4
0.0,0.002279736538739904,0.0021310310258581128,2.9519670442754388E-6
0.0,9.89986771174042E-4,0.0031527500140722193,3.8035019044107643E-4
0.0,1.86841183080858E-4,0.0024592148138618537,4.398722434002678E-4
0.0,0.002625885264308085,0.0047661054845184875,0.004570381780825248
0.0,3.2860140160201573E-4,9.859399345343235E-4,0.001218091909793595
0.0,0.0031838524500225887,2.605000851917547E-4,5.799064690307284E-4
0.0,0.004935952585010228,0.002239490020923726,4.52537533286552E-4
0.0,0.0023885284859638677,0.003448780792060938,0.002513015438874707
0.0,0.001604196250568189,0.004373385765088183,3.992058033369186E-4
0.0,9.062264062019749E-4,0.007683939562111524,3.7735339680611865E-4
0.0,0.001467193280653316,0.0070884995815866415,0.0034532174244039466
0.0,0.002311847208318152,4.782402746109256E-4,5.16840905935208E-4
0.0,4.934524327623614E-4,0.004503178696622605,0.0023696021561141157
0.0,0.003271242557972518,0.0011179197325359087,0.0010922881815963285
0.0,4.8346377204649586E-4,0.0012846533665754702,8.57256734731577E-4
0.0,1.5738139796064198E-4,0.0017976845497591875,3.880096313934318E-4
0.0,6.79985988106767E-4,0.0025375958714503612,0.0017619538169105103
0.0,0.0013046187258352814,0.0010514896451675737,0.0016831542247401335
0.0,0.001400721019769706,0.001449215434235517,3.3225322684639645E-4
0.0,0.0016708664287882838,0.0029796376900222687,0.0046472382544047175
0.0,0.001267455993012641,0.007200014962085762,0.004151074816076443
0.0,1.1954892294295743E-4,7.080054345784539E-5,4.802173506851383E-4
0.0,0.0010184110241732967,7.507251006336027E-4,0.0035112269386552808
0.0,0.0019376760494470174,2.1372769372337045E-4,0.003983327626120176
0.0,0.0011422853253109742,0.0015526803432354002,0.0013670460030221056
0.0,4.055306774978058E-4,8.232802041985965E-4,9.401791776081942E-4
0.0,8.801655235254718E-4,2.0045408390533117E-4,4.345193234386907E-4
0.0,0.001002290438267444,0.0034104700829676315,7.513017613789882E-4
0.0,0.0021247560916862846,0.00485744007146404,6.394187266746741E-4
0.0,8.481867762982951E-4,0.0012552400694918944,6.291758928480298E-4
0.0,7.857957960772085E-4,0.0016791823753305273,9.425068059173491E-4
0.0,0.0014445206393682742,0.0016769553064692906,0.00244893679630965
0.0,3.4230115301183664E-4,1.6624094505568557E-4,0.0018349498693670968
0.0,0.0013444170245547906,0.0019771722565633826,8.502807244403136E-4
0.0,0.002221899520119801,8.607643067724067E-4,0.002083597739504708
0.0,0.0017136992335520537,0.0036915692477622344,0.002244692641595581
0.0,0.0010748101295990182,0.00743214587878742,2.621626767109715E-4
0.0,0.002508757874893843,0.0021351167162169146,0.0011903968443508772
0.0,0.0014533691158188213,1.1687393077129851E-4,7.672696420554319E-4
0.0,0.004993917011416376,0.004674460943343986,0.002749736383572887
0.0,0.0012103807265933747,7.892173298637218E-4,0.0014306725274115853
0.0,7.80486773848497E-4,3.809461689192413E-4,0.0011360078552060684
0.0,2.7277631233685854E-4,0.0018805989076079886,0.0012002420494902854
0.0,0.0010686694811626808,3.601707098711562E-4,5.089654984126403E-4
0.0,3.071100185023359E-4,0.00481943034014039,0.001361348156085065
0.0,0.0032413978031625105,0.001821702191511054,0.0028983899959097157
0.0,0.0011425152501614293,0.0022457189832627835,9.92409896741748E-4
0.0,0.0014625052101052733,0.001455927841237882,2.944491823760853E-4
0.0,2.1467865309468182E-4,5.007152167003087E-4,0.0029219435962023594
0.0,9.77781723922672E-4,4.97635071503006E-4,5.751959981752237E-4
0.0,0.0031852675886239264,0.001808657032270805,0.005695104474197057
0.0,1.0745587604961338E-4,1.564881378129632E-4,9.3456764218608E-4
0.0,4.1491673405160876E-4,1.2477959383338358E-4,9.61909470218829E-4
0.0,5.990877788282228E-4,0.003277736837823089,0.005433007585161986
0.0,8.485362463204851E-5,4.426064274163428E-4,9.126321945452676E-4
0.0,0.0025554294796322364,3.9038022688567346E-4,0.002769321879859413
0.0,0.00109275056597529,0.0011876693693150093,0.0010750950353766266
0.0,0.002510806981503842,6.975935648869838E-4,0.006796260890168488
0.0,1.34238775884442E-4,0.0018070169267329706,0.0011616428600546818
0.0,0.00529478161348141,0.006314931181664117,0.0028919396709027457
0.0,0.0024466955891468112,0.0015316900534917256,1.2567034540103477E-4
0.0,3.4026991038582795E-4,5.92424404696546E-4,5.967700351358958E-4
0.0,4.3892744338847934E-4,7.049899415938233E-4,5.710740124388961E-5
0.0,1.6080679400502673E-4,0.0024480928718233325,6.326438405897221E-4
0.0,3.097234441227642E-4,8.899935520253969E-4,6.330731925901992E-6
0.0,5.185279069879771E-4,0.008700180585321848,0.0034741874142711583
0.0,2.6193395399326275E-4,0.0016681027539606427,0.003106220303212138
0.0,0.0012397237328171183,0.0031368839951409857,2.9980120275846948E-5
0.0,0.002672497189349012,0.005738261736310822,0.00288621827006921
0.0,0.003223286090885168,8.741937706094707E-4,8.407538703757183E-4
0.0,7.444113540379739E-4,0.00329954124872811,6.057385045591098E-4
0.0,0.0011324689656103575,0.00280986866801404,9.721757788060486E-5
0.0,9.103433085235507E-5,2.1654380456307375E-4,1.8825316430272765E-5
0.0,0.0026788242206184612,0.0022170735285936076,0.002065934692097034
0.0,8.00552156610838E-4,0.00232425747252323,0.0072766947892849
0.0,0.0018773820313575842,0.0021153084429478054,0.0020865558106547893
0.0,9.511878943890173E-4,0.002255622174149313,7.713382333362142E-4
0.0,5.558321354693837E-4,2.623826997957027E-4,2.971962182352679E-4
0.0,0.0014053230295548854,0.0016956272888018855,0.0015960639288553997
0.0,0.0016926269598107428,0.006099140985635769,0.0036681037105211808
0.0,1.2277248377909887E-5,3.26425008655561E-5,1.9401455690443102E-4
0.0,0.0040081213894320985,0.006185603936024395,0.0017436678729967634
0.0,3.7914828761005187E-4,9.984917353559246E-5,9.88267494796665E-4
0.0,6.075567125003479E-4,0.0010982178430831203,0.0037714644298194977
0.0,0.0028403911149773647,2.2176156616276536E-4,0.003348580096218148
0.0,4.615698421273956E-5,5.843014001066238E-4,4.258732921438432E-4
0.0,2.3119038198386827E-4,5.195526848206275E-5,9.884545133584234E-4
0.0,9.511306754737824E-4,2.2905998292866675E-4,9.833490413187218E-4
0.0,3.6777803160926493E-4,0.003112507760619022,0.0018335534306863524
0.0,6.462599987915436E-4,0.0036676804099110305,0.006127750805184715
0.0,0.0034221180815839705,0.005104043541083514,0.005014532708012252
0.0,0.0012804728586852953,0.0012869846821774989,0.002225263773746019
0.0,6.920315202211524E-4,0.0012069701640448419,0.0031798960685818396
0.0,2.2112520556442298E-4,0.00159958336082791,6.500322663450964E-4
0.0,7.023578171419628E-4,0.004527813093500629,0.005287107362631537
0.0,0.0012905065986257007,0.004164336041061119,9.45515743067289E-4
0.0,3.0489325211895975E-4,1.4748281896508346E-4,2.7050505889163054E-4
0.0,1.7769823973526135E-4,2.3725368943015103E-4,0.0013258897915283485
0.0,9.24418445064811E-4,0.0054956286554767985,1.7105957554589758E-4
0.0,6.271129337319678E-4,0.0018484919098057553,6.428412485533192E-4
0.0,0.003150975286548801,1.7037599309066995E-4,4.7731166758806774E-4
0.0,0.001950740725741137,7.83985914320744E-4,0.002024033109203575
0.0,1.358523150203863E-4,7.561923748182277E-4,5.136713902284906E-4
0.0,0.001923917551781724,4.2123617172636914E-4,0.0011766903564046937
0.0,4.205523939936737E-4,0.004617417075856672,0.0024929171758637414
0.0,8.021129704224003E-4,2.743929791957356E-4,0.0012435882006634493
0.0,0.002000996861094277,7.644957489969705E-4,8.060691928080438E-4
0.0,0.001446026057396096,2.3086010836482267E-4,0.0018835273300186466
0.0,0.0022128392348545827,0.002400392982902524,3.0785130253602514E-4
0.0,4.095520516636079E-4,0.0015447604989569262,0.0013333254545059097
0.0,0.0013636123074762068,0.001711741459712815,0.0012437510123376142
0.0,1.20714850222385E-4,0.0017921970317379132,9.406045391960867E-4
0.0,9.133879304847641E-4,0.002773976371102843,0.00159179119936594
0.0,0.001383049112506968,5.9090609356057E-5,0.0041475380017992215
0.0,2.0582138768917253E-5,1.4757527679968959E-5,2.372583278450125E-6
0.0,7.490748700001465E-4,1.698328904685058E-4,4.1031556984226443E-4
0.0,2.0073351543136144E-4,0.0010394916082909853,0.0014470382439599877
0.0,7.140489090205504E-4,2.0990298963225989E-4,7.746828863253885E-4
0.0,0.001947217422670496,0.006103892451652847,0.0023208170750440515
0.0,0.0010708531083292335,7.590433940886328E-4,0.003925426476180495
0.0,6.093497096014164E-5,4.6763032388627036E-4,0.0013258688720604855
0.0,0.002458027369790969,0.002096123213329831,0.0010164751691802301
0.0,5.218366442919605E-4,8.753716305377581E-4,2.760453215188268E-5
0.0,9.731007582824118E-4,0.0011606074311290829,1.7504702130767725E-5
0.0,1.1652462095766488E-4,0.0015698705817591366,0.00260799310402611
0.0,0.0022944021246627646,1.925815940553617E-4,0.0029794931941507794
0.0,0.0012256199254683194,0.0014922023205681467,0.0012694751514459731
0.0,0.0020676869369468313,0.0015702821664534757,7.349137705219847E-4
0.0,0.00254764470864108,4.2219681524033645E-4,9.383108220971691E-4
0.0,7.331464329789877E-5,8.919570154058238E-4,5.936566732099099E-4
0.0,0.0014929644778291025,0.0020174672305541563,0.003385539984357426
0.0,2.082768587265059E-5,3.7044620962192894E-4,1.5430139727158618E-4
0.0,0.0012755555772143953,0.003780811151810631,0.003197290833028355
0.0,0.0032815248969450816,0.0014791907501021289,0.002769310874842276
0.0,0.0028954644284936108,0.0038096791097328416,0.001824574784184113
0.0,4.711724392599682E-4,0.0017203853195912205,0.0043605001756982795
0.0,2.0381370506051337E-4,6.282532019942002E-4,8.754740081483313E-4
0.0,0.0019142380958605658,0.001555908923175973,0.002699465826895327
0.0,0.0036786005555952597,0.003736870319138378,2.0756982049365306E-5
0.0,6.824023338553623E-4,0.0034802126256144603,0.003237260335333775
0.0,3.5818680563302923E-4,0.0010904747869147754,7.702399279542673E-4
0.0,2.477202855852157E-4,0.0031496496657621815,0.0015874993618279383
0.0,1.7359393889790285E-4,0.002729778082160314,0.002334343127687894
0.0,6.733947193663415E-4,3.2088884888875223E-4,2.0170549361561813E-4
0.0,0.0038795356504463187,1.8508465250388818E-4,0.0027087700868780686
0.0,0.002912269534707001,0.0031373819876680574,0.0016359785246833332
0.0,0.0013130995634557457,2.165302265941695E-4,4.7352926815067374E-4
0.0,0.0020026976512851702,4.251340423994862E-4,0.0034092109031782906
0.0,0.00181299705312418,0.004028545158820804,0.002905363880675564
0.0,0.0031486088086621973,0.0036734951168321795,0.0010676477667328956
0.0,2.0464065802809544E-4,0.0013323116497736918,0.0017533858538263647
0.0,4.787613950331486E-4,0.002296675120133852,0.0018751688317144317
0.0,0.0016379426110506622,1.4656497017056952E-4,3.248532588823261E-4
0.0,0.001981417207160625,1.0714797204145035E-4,0.001107058447975073
0.0,1.7789440566149618E-4,2.6619408696266914E-4,0.0013515037669833002
0.0,0.0018094805729344946,1.6392926578146E-4,0.0036123915091127025
0.0,0.00303673116881788,3.880153821687701E-4,0.00245166186347241
0.0,3.493822851263844E-4,0.0013079922823009387,9.557685077045116E-4
0.0,0.0013988689542624457,0.0022099523656603994,0.004416531116187718
0.0,2.5904573350226604E-4,5.486339019779628E-4,0.003945540655701855
0.0,9.07585650966126E-4,0.002518024789803553,5.005475718968833E-4
0.0,0.001573252093891434,3.402499605764911E-6,0.0045831304170359695
0.0,3.9910953084132546E-4,4.92046951419027E-4,0.0011071168692055795
0.0,0.0016385192435580825,3.144919009219369E-4,2.0682710687375827E-4
0.0,0.0011623005644737431,0.0026494949150777398,0.0041272420481420205
0.0,0.0027135121892022628,0.0026542575321844416,7.080448102545239E-4
0.0,3.376415226207421E-5,0.0020011418249671216,0.0011469120681675288
0.0,1.915826779572415E-4,5.006076034975565E-4,6.727764350411967E-4
0.0,0.001179927357041975,0.003985912029984497,5.097305190559992E-4
0.0,5.73069509482439E-4,9.059517507825823E-5,2.357494133231667E-4
0.0,0.0014480047862375992,5.849887580434386E-4,3.3771271059432025E-4
0.0,4.377001474981135E-5,4.5209373764915826E-4,0.001287417531485835
0.0,9.40187129854204E-4,0.0011594227202789595,0.0013699874266298467
0.0,3.2759201080915915E-4,7.293462376055438E-4,5.393816003840579E-4
0.0,9.452011371891832E-4,0.001560231357420073,0.0030183132619603105
0.0,2.5465116529155145E-5,3.168889564753755E-5,6.027499576599073E-6
0.0,5.78095104338471E-4,0.002386065402732489,5.140139616527554E-4
0.0,8.045865989244113E-4,6.273642914924312E-4,9.109599600756205E-4
0.0,2.4755986464872296E-4,0.0018741998751531095,1.3627835163571502E-4
0.0,3.4977045588252526E-4,0.002352756676304959,1.5181283995095973E-4
0.0,0.0018062002714459772,0.003311899204383775,0.003122820270506036
0.0,0.0025803070377428557,0.008132586988970736,0.003048506273811486
0.0,3.1557477840500614E-4,0.00363096973525772,0.005058682268563501
0.0,2.667656803817368E-5,0.0016264099262084095,2.620659966057892E-5
0.0,0.0013776492472322992,0.0025728151456104586,9.015387264064163E-4
0.0,5.929486173719755E-6,2.679137772616955E-5,1.92080730167955E-5
0.0,8.61546852929475E-4,0.0014515787403200273,0.0017247239322176078
0.0,0.0020388813954434815,7.959529453254882E-4,0.002406992968230292
0.0,0.003036811979532879,3.917807994096942E-4,0.0024583984668136286
0.0,0.0033782494215398202,0.0016222687630561639,0.003180323945714969
0.0,0.0024178346156006987,0.004713756391913573,0.007115717537631659
0.0,9.795932196914375E-4,7.662738810750937E-4,6.360877660857283E-4
0.0,2.499160188706969E-4,0.001430903651782063,3.222292245162205E-4
0.0,0.0014346123620695382,0.002052952229339233,0.0030517494938585863
0.0,0.003337116493470309,0.0036431476932547763,2.4096145217991462E-4
0.0,7.436002571098345E-4,5.770915733637267E-5,0.0032575616122203464
0.0,1.985915021838337E-4,0.0015845347558365811,0.0017967804511224191
0.0,8.915729562843616E-4,0.001197380217591047,8.152882183617157E-4
0.0,3.2738655345050904E-4,0.001413279391693178,2.0364001986623813E-4
0.0,0.0013845694342392888,7.56066523152997E-4,0.0024911932114533588
0.0,0.002173594669875167,0.008781090644085957,1.1876202514658926E-4
0.0,0.002021118403445409,0.0018143431978988346,8.411555736756273E-4
0.0,2.0715281751876175E-4,0.001343064214876275,7.171107367784042E-4
0.0,3.271457859845756E-4,9.309981149869113E-4,0.001762783898625139
0.0,6.184875863942224E-4,0.0035828693145298894,0.001026948312085173
0.0,3.73693540899428E-5,0.0014784549195327686,7.820462402968384E-4
0.0,0.004619885113807704,0.0019852009809471745,0.001952876373964005
0.0,3.9788957433556366E-4,1.1821346685179492E-4,0.0012108123996376504
0.0,2.6660807840895564E-4,3.236241173246187E-4,7.701869653569015E-4
0.0,0.0012178962203855666,0.0018278024633217869,2.3116547729994956E-5
0.0,5.729614971379388E-4,7.741816916341067E-4,8.904621169836103E-4
0.0,1.1032247845588292E-4,2.9665454396691604E-4,2.708694022054295E-5
0.0,0.0031428027027558883,0.0026792336806493937,0.0024327293685253307
0.0,0.002362374540667616,0.003112731759601536,0.0016687524729485199
0.0,2.506913607807658E-4,0.001438989782584308,2.7911846283724446E-4
0.0,9.335223863938615E-4,0.0018427964309403028,5.528835385160715E-4
0.0,7.705062695878155E-4,0.005248602199986623,5.166584081966086E-4
0.0,0.001978912421127497,0.0017674422558331645,0.001935400627833967
0.0,0.0014932094208143323,0.0024810615965472427,4.306332583429939E-4
0.0,0.0015798908663544886,0.005765648665083899,0.0023549875881564626
0.0,6.985477878203706E-4,7.878147649981673E-4,2.2228169879077617E-4
0.0,4.1558542735602676E-4,0.002361175139432059,0.001223637605558209
0.0,4.928019971285507E-4,2.554827505792663E-4,3.4871672062249905E-5
0.0,4.4117308109497497E-4,0.0024681861408891196,0.0027040121346596988
0.0,6.640277277129005E-4,0.0034055470954498066,0.0069574765140857035
0.0,0.0025274906164536146,0.0017556800606559585,0.003793228684042041
0.0,8.809432890019792E-4,0.0014562556806433935,0.0020689171150800197
0.0,4.287180107617114E-4,0.0013790794366607363,0.002465618768809927
0.0,8.120802018233982E-4,8.135276804330085E-4,0.0018574698356009403
0.0,0.0013382412505023853,7.790850938372501E-4,0.0012763848150832689
0.0,2.4735901046816865E-4,0.00130351937573556,4.2802615677831865E-4
0.0,1.192006405901509E-4,0.0014612383893131075,0.003151290130194734
0.0,1.0728797082027827E-5,0.0016073569958438125,0.0023902493573262004
0.0,3.640788600982949E-4,9.202089450745597E-4,0.00111803911213918
0.0,1.0321409534273627E-4,0.0013238775781215688,4.904690175260855E-4
0.0,0.0019990216357759143,7.63454190850226E-4,8.274996689703678E-4
0.0,1.4053448762125077E-4,0.0030530830706506635,6.020784528346634E-4
0.0,1.114216753718919E-4,6.536313335377728E-4,4.0811948136850834E-4
0.0,3.769609209332644E-4,0.001489558471023151,5.829455863838332E-4
0.0,3.7626094171739266E-4,0.0021577076723875124,5.1537635150031E-4
0.0,1.2290276996489816E-4,0.007914955352009753,9.412901520621171E-4
0.0,0.0017837927308049846,0.003305306851048167,0.0015919289341994886
0.0,9.43313473363855E-5,3.862915033096756E-4,3.0714484305848176E-5
0.0,2.0132366693487188E-4,0.0018559266543481945,0.0013275405637147928
0.0,3.154017793427228E-4,3.098252880715581E-4,0.0014009454122684039
0.0,0.002111304267112212,0.00252453990330741,0.0017847361326837805
0.0,0.0017495538722185095,0.0017607025718747184,0.0011500669537776486
0.0,0.0030798544642754626,0.0027300506798277396,4.262341513601953E-4
0.0,2.1643523331511477E-4,2.3077813122677766E-4,1.1590444924820203E-4
0.0,9.812383382416504E-7,1.0997024864234435E-5,7.4146448780157934E-6
0.0,0.001627962709448666,0.005450326645468644,9.898604784758964E-4
0.0,0.0012639632997945747,0.0017459766107474927,0.002713832944936513
0.0,0.004664490766610158,0.0033161971285342383,8.45315858622368E-4
0.0,8.786957076110721E-4,0.0027695990440946973,3.383388786329236E-4
0.0,0.002548730281555901,4.0162044042774483E-4,9.307563085453322E-4
0.0,0.0018467802309729158,0.0037729073218813205,0.001294241838060886
0.0,0.0012209937863451943,0.0015952551969809904,0.002051897760741198
0.0,0.0011342094465581212,6.918946863895531E-5,0.0016273846749991793
0.0,0.0010323343762216842,0.004755639869687022,0.0026015211588130997
0.0,3.654490685487015E-4,0.001511523963562967,0.0032907568816877048
0.0,6.347896821571153E-4,0.0074633883559963405,0.0012724678036151918
0.0,2.584286945185483E-4,0.001024617623637672,3.9598313267087925E-4
0.0,5.464977199370663E-4,0.002789825886549801,7.817805748184981E-4
0.0,9.190184816786072E-8,8.030495310261995E-8,5.090266319183281E-7
0.0,0.0047152160841338496,0.0035733439194149124,0.0020057987531261535
0.0,0.0011189342699467228,0.0018173749238007421,7.240386501579038E-4
0.0,0.001932762818084644,0.0019894752205507466,0.0018316248633111264
0.0,2.5149344347580825E-4,0.0011688199343519255,8.557027357222709E-4
0.0,9.658555594847883E-5,0.004423362270354745,0.006774892367669048
0.0,4.332415710540866E-4,0.003697093323019319,0.004425519003042255
0.0,0.0022364843016091165,0.005553626830672415,2.9477213641488476E-4
0.0,0.0031171202671651916,0.0023238974244108104,0.002312523996009386
0.0,0.0016388852570384865,0.002453443606066113,0.001233478638557682
0.0,1.5003504485312143E-6,0.002080566371248947,0.001727429109554854
0.0,4.6689834791964116E-4,0.002032347559410072,0.0013457859931788362
0.0,9.325564467221564E-5,3.067878210548701E-4,9.789595555905672E-4
0.0,9.134573464694562E-4,3.9569347275373185E-4,0.003473794992479552
0.0,5.657563586798439E-4,6.313058860605253E-4,6.197617423843794E-4
0.0,0.0023028523791814894,0.0014620054660974,5.03070970281543E-4
0.0,2.796739109509071E-4,0.0021667350815078503,0.006010187184424589
0.0,9.480862609027946E-4,0.0033766080020461715,8.546548023192461E-4
0.0,1.5306671444449173E-5,2.6666100568445548E-5,7.185986224581788E-5
0.0,1.1094249733604252E-4,5.730246135750917E-4,7.634900118079973E-5
0.0,4.2793052242009154E-4,0.003526646317249106,0.004148042219471985
0.0,2.1846718547137564E-4,0.001433460281289485,7.256735862562978E-4
0.0,6.074411946330822E-5,0.002760638413653845,6.4474240188215E-5
0.0,0.001975248358388381,1.1919317669790537E-4,0.0010953985499991684
0.0,0.0022489389229063167,0.0014177796972267333,6.376792476542437E-6
0.0,0.001433031318967059,0.0024301781780054228,6.593140466409351E-4
0.0,0.0016655659197686373,0.005163209461505835,2.971745763522379E-5
0.0,8.188055904939415E-4,8.107566189570961E-4,0.0017823511331147486
0.0,7.937136638197613E-4,0.001002047719025574,6.54997928800178E-4
0.0,0.003942651140284359,0.0013251804440835423,0.0041848619321733374
0.0,0.0033949623499784304,0.006184566457578499,5.31792252857336E-4
0.0,0.0028358762601508897,5.142320712730451E-4,0.00278015269671731
0.0,1.0386555068758392E-5,9.55284970216574E-7,1.7402651921766882E-5
0.0,4.3347621354169634E-4,0.0014496203973357374,8.991679856171336E-4
0.0,0.001627857681037739,0.002978775854417826,0.001287466908475328
0.0,4.257906376343091E-5,6.979132537956202E-4,5.466443448866695E-5
0.0,0.004844360465010101,0.006786692893147833,0.0021010208265557955
0.0,0.0010260570496599725,7.928310269075162E-4,0.0011347731083503345
0.0,0.003317577796025101,0.0019805184576931205,2.2618794286572222E-4
0.0,0.0029427879796902713,0.0015526191237714764,0.0011140406949511235
0.0,4.424116894011434E-4,0.00375812993365229,0.003324384431505503
0.0,0.0017882140111510848,0.00141342984756102,0.007658291125970942
0.0,2.793663654228229E-4,5.041419308197952E-4,0.0024498558344466536
0.0,7.673645899149433E-4,0.002546413107900224,0.0013645657596448272
0.0,0.0037394540625131727,2.1338272112687457E-4,0.004541640777022182
0.0,1.2710194733896562E-4,3.245222572327312E-4,3.165286143987018E-4
0.0,0.0030512717787829964,0.0048300781315991515,0.002010597313412931
0.0,0.0014008016995585492,0.0037670674175163898,0.0033200361998106187
0.0,1.6053522370799427E-6,9.231687949059693E-6,4.474876700583735E-6
0.0,0.002453897707326628,0.0018897184687752732,5.650488708570945E-4
0.0,0.001908146733466256,8.101176133804755E-6,2.4755135613444186E-4
0.0,4.15729814928271E-4,5.98835757030807E-4,0.0028140330290360054
0.0,0.0019440376498104596,0.0019382006089496207,0.0019321354703791419
0.0,0.0018554438443204875,0.0028520853220778083,0.007781608965181823
0.0,4.101996010407965E-5,9.09939230998704E-4,1.0762400830110064E-4
0.0,0.0015552948876342207,0.0020638849282646706,0.0012611774145413585
0.0,0.0018428249597308884,0.0032968422984264406,0.004323470059650489
0.0,3.1257250083543606E-4,0.0013404327669908572,0.0034085946662294735
0.0,5.197461612813249E-4,7.208808493177261E-4,1.1210238250966799E-4
0.0,0.001000982895764857,2.6963933760309035E-4,6.291950038831977E-4
0.0,8.400432485474945E-4,0.001344616860134259,0.0010395608307046105
0.0,4.2119421201632405E-4,2.0828486036514253E-5,4.180744325007688E-4
0.0,0.00546469168798159,0.0012068275917754923,0.0025727011020349392
0.0,0.0010291937569876953,0.00477486624911566,0.002590866456581091
0.0,1.1788828088638425E-4,7.400688697702712E-4,4.7247304568121794E-6
0.0,0.002166850786656067,0.001864027571916997,0.0027431940517916222
0.0,0.0013680393482637435,0.006034986446642239,0.0016496885029148236
0.0,1.0237815094024994E-4,2.0717437854971066E-5,2.2821764029463203E-4
0.0,0.001695275546984814,0.0010026014317733815,0.00242380994535699
0.0,5.267919979957267E-4,0.0024963285615278497,0.0018810602905052997
0.0,0.001516627436437793,9.950347340994579E-5,0.0020725784152613004
0.0,2.9811205967650203E-4,7.110385905418342E-4,0.0023839554042506097
0.0,7.112886770348299E-5,0.0012658555590972249,0.002168648175123812
0.0,2.6791863673188875E-4,0.0022266683450627256,9.578432915636483E-4
0.0,5.197481351001465E-4,1.2694163578087311E-4,5.863910902785341E-4
0.0,0.004513629820386405,0.0019924701235517336,0.0016292751136000744
0.0,0.0021317611260335987,0.0028010387412176164,3.5745883286490986E-4
0.0,9.228705377733336E-4,0.0010875242041531853,1.3778167684376844E-4
0.0,0.0012983549155186672,0.002767153857250765,0.003470381669556003
0.0,3.590886329566146E-4,0.0026540899439942366,5.574517429859351E-4
0.0,3.3629219085989036E-4,3.4059789546161533E-4,3.7590043854469625E-4
0.0,0.002130778111632855,0.0020632570160883587,0.0020900628070743823
0.0,3.87102738327301E-5,1.79986716858938E-4,3.103227316148605E-5
0.0,0.0018152631692460854,3.430226034520102E-4,0.0011754955305308757
0.0,5.261787887644632E-4,3.636757246793423E-4,0.0020188507152100756
0.0,7.106821505128073E-4,1.8328375050075145E-5,0.0010430973322691772
0.0,1.3810739462776232E-4,0.0015331338726687848,8.620275525880464E-4
0.0,0.0029770225501605306,0.0018128340016832667,0.002686017470348233
0.0,0.0011902851889164536,0.0036826750860213895,3.986622237106607E-4
0.0,0.0023745961638236366,0.001908032410054063,0.004962840727757303
0.0,3.659381641548629E-5,0.0015574226306420474,0.001760845824331625
0.0,0.0010284336661802523,0.007331812205481101,0.0017857871106598797
0.0,1.9202736767554536E-4,7.85475229401088E-4,0.0010103186895650475
0.0,5.8122537105467934E-5,0.0010900403381534506,0.0024260838784426926
0.0,0.0031928791383510928,8.8770177917077E-5,0.0032325551971520137
0.0,0.002261978306867386,0.007655108946774721,0.006967070180008161
0.0,3.6603991337332996E-4,3.0857368901317407E-4,0.003913219826239041
0.0,7.154592860737411E-4,0.0010385453741396293,3.55003824272748E-4
0.0,4.3956696065305993E-4,0.0015285129256494294,1.0788203683695182E-4
0.0,5.587998669630477E-6,1.3276940696255917E-5,1.7880644720242645E-5
0.0,0.0012013337309590378,8.049987349960435E-4,0.001469698292887519
0.0,2.4315816295733336E-5,0.0010597406306232116,8.999202523597832E-4
0.0,1.2155979789386818E-4,0.0032927310757667138,0.0012926894403042218
0.0,0.0031759348264159986,2.1545736251493287E-4,2.158367115087298E-4
0.0,1.4288805022981086E-5,2.1746352746930277E-6,2.1830323384587318E-6
0.0,5.048328266799159E-4,0.002204570153594949,0.0024346074960503892
0.0,2.4446122181890137E-4,0.0014047520613882831,0.0026276278997862937
0.0,0.0024426564629118947,1.8046006828180018E-4,0.003050189851434204
0.0,0.002334210427855774,4.638052667318124E-4,0.0012568488860579517
0.0,8.975017893223437E-4,0.0037216763036822744,0.002470441206702968
0.0,0.0024113679624552992,0.0031955487363712295,2.3827622701362867E-4
0.0,7.443948419654643E-4,0.0012945902021464413,0.0010934420449945277
0.0,3.2269818146567843E-4,3.7752549939450223E-4,0.002346796554964778
0.0,0.001503991045006515,2.678561623375878E-4,0.002107766675992738
0.0,0.003036911467740882,3.917654067549059E-4,0.00245855068867963
0.0,9.59433899303257E-4,2.775287486909109E-4,4.913269897976307E-5
0.0,0.004790360896749466,0.004917621289537163,0.001568482067375778
0.0,0.002933978553902886,0.0016594640743792881,4.552479107307851E-4
0.0,3.926332068345093E-5,2.2533325177627358E-5,1.6872828857218846E-5
0.0,0.0012813154349232917,0.002505464059907854,0.003967615499266548
0.0,0.0025286351204216167,1.2816297673033395E-4,0.0016497209298497212
0.0,1.972344147585706E-4,3.229180941166536E-4,0.0012742263520157953
0.0,7.548756198040361E-4,5.961553488726783E-4,0.001635290265584225
0.0,0.004013689958588054,0.002425469657127941,0.002486503452308902
0.0,0.0029824385619181873,0.003767313878308565,0.002888214139758138
0.0,0.0011260113054660434,0.006708985830491092,0.003748154483581227
0.0,0.002562687234513485,0.002254093406896655,0.0011278825482640433
0.0,0.0060169074727338635,0.0025152241002518966,0.0013947221701465175
0.0,1.7370536031743758E-4,9.748629817127528E-4,0.0016122616377277177
0.0,1.089985345771532E-4,0.003817169219890408,0.001837965846568242
0.0,0.0023066527096578756,6.691915134104327E-4,0.0012204844340837782
0.0,3.719003593371108E-4,0.00510260482854928,0.001339409852982834
0.0,1.458453429253913E-5,6.415539212545469E-4,0.004489651449591504
0.0,6.348224580422854E-4,6.417749811067954E-4,1.7051435148580647E-4
0.0,1.893420865483495E-4,0.0011752692060902905,0.0011655789469795924
0.0,0.0012271107605855982,0.004178762058623769,0.0024398484461956985
0.0,2.8365107397353617E-4,0.0013344876996783219,0.0021791647339764455
0.0,0.0012914419754486769,1.9935331130733013E-4,0.002353224810697836
0.0,0.0011077822341956278,0.00805510681893515,0.003259703512239629
0.0,3.13722073997655E-4,4.494998431414432E-4,9.16465637322736E-5
0.0,8.506942430350771E-4,1.7420403685251945E-4,7.881992720536781E-4
0.0,8.978054893795753E-6,1.1455700877285906E-5,1.091628624515372E-5
0.0,0.0034578725418759858,0.002188009736102949,0.0010715845294445607
0.0,8.704398779183696E-4,1.4807653958761363E-4,0.0012779880960957194
0.0,0.00315084757337462,0.004109852749247297,3.9873906009781795E-4
0.0,0.004716347146280127,0.0028352091174602143,0.0013310507460787169
0.0,8.676940288082636E-4,5.183344145754393E-4,0.004731176843136687
0.0,1.417870280590171E-5,1.7442322654873682E-4,2.3849285255815323E-4
0.0,6.190035686370946E-4,2.041579827448157E-4,0.003957585640105671
0.0,0.0013090800299843087,0.0011154866331393603,7.190192798721366E-4
0.0,0.002665043394932445,0.0013589636881391112,0.004241092834584141
0.0,0.0017902951045961994,0.0010860764236336785,1.9042433038881615E-4
0.0,1.2610476491957927E-4,5.204439428877528E-4,0.0019533639300101315
0.0,0.004211327644161815,7.809268033599989E-4,1.9345803496665753E-4
0.0,2.7779564845982187E-4,0.0018681771343376462,0.001460124712149458
0.0,1.424319295346063E-4,0.0010988350056004082,0.0021908315860016234
0.0,2.5875533021499838E-5,9.900133391733238E-4,0.0010105359428020293
0.0,0.0017431524776258696,0.005204750273791218,0.0011966876570073547
0.0,0.0037201370968762163,0.0034902303970998,1.645830476127184E-4
0.0,0.003952956686747707,0.002583941430009769,0.0029399660320092165
0.0,5.486857063748758E-4,0.0022312730384579315,0.0013473496147906995
0.0,0.001809391932851828,0.0014810196980045115,0.0027914473690029886
0.0,1.0292233114267281E-4,0.0043549873370248215,5.074276044772321E-4
0.0,0.002667958315314618,0.00570814937833658,0.0022281210437599453
0.0,1.6351409554035193E-5,3.323073132691989E-5,5.753724605441679E-5
0.0,0.0016747194916463105,0.004785224397191467,0.0026442814140282328
0.0,0.0010134460920370365,0.001497294890290703,3.4008791387530365E-4
0.0,2.5613963337500247E-4,0.0014387834234505536,5.231223268003174E-4
0.0,0.0010106772629078237,0.0015183538308075613,0.0018774748253446304
0.0,0.001845203831273819,0.0027133308581276682,0.0014703331119200658
0.0,0.0016337580118957226,0.004173088440957459,0.0029056841089282488
0.0,0.0016489494886721527,3.5233174188903957E-4,0.0039981494338644135
0.0,0.0036021584321472714,1.493966255900403E-5,5.423502350969179E-4
0.0,0.0015037849759531588,2.6663190149470926E-4,4.620422044082578E-4
0.0,0.0026315314994907473,5.608197760054885E-4,0.001408636350876631
0.0,1.2293847905017446E-4,9.659840894640637E-4,1.6931303759780305E-4
0.0,0.002660852019340069,0.0010201417285814018,0.0025068773889209807
0.0,1.841521691862379E-4,3.527689714324648E-4,0.0016425066170694565
0.0,5.646871434142071E-4,0.0033524519238815687,0.001328904833557667
0.0,5.369719166765912E-4,0.002194999244613779,0.0031501829310897123
0.0,1.9763309959092108E-4,6.311596500805342E-4,2.513418814901988E-4
0.0,0.0022551377199530685,4.1513777722539656E-4,0.002590201488645631
0.0,8.892767030041998E-4,1.1456866600292264E-4,0.007833666510559457
0.0,0.001966970364251994,0.0031914273693194493,0.0011669265858216052
0.0,3.1264774840370575E-4,1.6686285886673502E-4,6.549738989858008E-5
0.0,4.848964984571351E-5,0.0013904271215750977,0.001578933102273033
0.0,0.001013459226674375,1.0874650591365025E-4,7.383649680462096E-4
0.0,4.986779659120641E-4,5.215584224192742E-4,1.257172999449137E-4
0.0,1.4627233240477487E-4,0.0016864056964996006,0.004994520159591757
0.0,9.657548696075615E-5,1.2686465391653938E-4,0.0011101740855865394
0.0,0.004618913601179762,0.002385871048282792,1.1258824923905832E-4
0.0,0.0014469927697283742,0.004250737051676526,0.0030170888101616693
0.0,6.448468647601166E-5,3.915589324151058E-4,0.001262031637532436
0.0,0.0017524271323753084,0.009494109346934279,0.0020108775364811224
0.0,3.723837317232439E-4,0.0012855154045432575,0.0012969765210914044
0.0,0.0022880627926450446,4.434803582087078E-4,0.0027712841516382546
0.0,0.003585739934231069,0.0010003938916356432,0.0030861685393374565
0.0,0.0011856769192707993,3.818415968544151E-4,5.339093444159056E-4
0.0,3.418846411136413E-4,0.002252194065836029,1.632316629415784E-4
0.0,0.0012816404998396984,5.920035983515011E-4,0.002470692238822131
0.0,4.3881925862570333E-4,0.0018094989809100883,0.004860847312606509
0.0,5.824906396181144E-4,0.0017458260221703862,0.006090760007193861
0.0,2.699021518054713E-4,0.0029577997541953083,0.0055053437153349755
0.0,2.417212988661924E-4,0.002041443477523134,7.420671286454278E-4
0.0,9.704794275182744E-4,0.0014457830303120404,5.359045064144687E-5
0.0,1.7530646619118374E-4,0.0024575393251664657,0.0019346593722664588
0.0,6.061448302378908E-4,7.595786050428339E-4,3.911982926340737E-4
0.0,0.0010162680593667132,5.759769445828714E-4,5.831939962380336E-5
0.0,0.0016572777990871404,5.0223793521707866E-5,3.500337068261454E-4
0.0,0.0016828360944143124,0.0047442757347854565,4.5854801978522167E-4
0.0,0.0022491960203357016,2.3973972867336277E-5,3.135818196178323E-4
0.0,2.1527602222151193E-4,5.221924790339646E-4,7.80096901909961E-4
0.0,5.917697634740375E-4,0.0012224733491116029,8.254854056883353E-4
0.0,9.891531650802234E-4,0.0019524525124132504,0.0016780172094574912
0.0,3.463322290000614E-4,2.8861899569934067E-4,6.841731642660038E-4
0.0,0.001369777113261347,7.173432203309541E-4,0.0021734400884240116
0.0,9.752516962364273E-4,0.0015867822057268233,7.019641644156582E-4
0.0,0.003386447931083183,0.0018577285011635363,0.0025409527958011676
0.0,8.527044545995134E-5,3.130742276016922E-4,9.709589402460304E-4
0.0,0.00305417220982602,0.005006539719949361,0.0022070924893606864
0.0,1.3675060466336554E-4,0.0016453242665705637,0.0012254220830490443
0.0,0.0031878525544147343,0.0018468512395561295,0.002780769080687901
0.0,0.002498647591675838,0.004789404473878032,7.605170469412806E-4
0.0,0.0010540472838184445,0.0032904628500867593,0.0021124138862004746
0.0,2.991925827327419E-4,1.562235063046477E-4,0.00338446631573686
0.0,7.314359078429227E-4,0.0023457582889437395,5.085718702878616E-4
0.0,1.510758087952098E-4,5.469534931574931E-4,1.0772160974797212E-4
0.0,0.00130376346884946,0.003790702668265981,0.0019755210558079052
0.0,1.29173014749819E-5,3.814939834660783E-5,7.707902885784603E-6
0.0,3.219360349598689E-4,0.0019075615819374757,5.725803449026259E-4
0.0,0.0032945326761017815,0.005181849887960063,0.0018454995233874694
0.0,0.001878684697943802,6.434961549141178E-4,9.192939323314174E-4
0.0,3.459195486900497E-6,1.3399656582883112E-5,4.264353350286241E-6
0.0,0.0011098370795665866,4.010473238293632E-4,5.907651095100676E-4
0.0,1.733111885373241E-4,3.5312737131183356E-4,3.0002349483251704E-4
0.0,8.784687961672421E-5,9.072699950443296E-4,0.0018438758505756997
0.0,8.603456222202456E-4,0.004790200808098455,0.003599613489617223
0.0,0.0012664355283856011,0.0019440493333696645,7.643145943951219E-4
0.0,0.0015501454127921776,0.0024625966017576776,0.0010283844575604403
0.0,4.0987499753190805E-4,0.0019258265353419549,2.1332903528342118E-4
0.0,0.001806506599479173,0.004207334345364241,0.0012240245669104366
0.0,0.0016000000303158211,1.9909158348432632E-4,2.3828693159501035E-4
0.0,7.825298589927965E-4,9.954156089559782E-4,0.001749515377668979
0.0,2.827950792169006E-4,1.8321572752336496E-4,0.0019319091502165995
0.0,9.579251058053093E-4,8.434322814544532E-4,0.0017526664805758868
0.0,1.9197175085608586E-6,6.3069206360837805E-6,1.698785009393454E-5
0.0,4.0099139103463697E-4,3.8127262455647597E-4,0.0023846078296358873
0.0,1.7390199294859378E-4,5.040684415734309E-4,0.0019330059932015369
0.0,4.6725371208023147E-4,0.0025176437167919825,0.0024763880593751215
0.0,6.474339454206497E-4,0.0036918373114971275,0.0013410138418093172
0.0,0.0010662639209241458,7.662710468864427E-4,0.0018461029722956967
0.0,6.04632894800383E-4,0.0011621634683243091,3.0357723110026514E-4
0.0,7.88436705781883E-4,4.2842956253763895E-4,0.0010808832604408132
0.0,1.9099689658761825E-4,3.550662633383915E-4,0.002531406570567065
0.0,0.001118280723212817,0.005352745549883626,0.0016701158984099803
0.0,0.0010167114785541618,0.007757787040668849,0.006228062435003656
0.0,7.075973973152666E-4,0.0028133373520270017,0.002204032185963069
0.0,0.0017293720386201033,7.48326042462915E-4,1.0238087066354096E-4
0.0,0.0039536438200294495,0.003855808033488695,1.4139754914365178E-4
0.0,9.47614564414168E-4,9.82893248651955E-4,3.0948755607741014E-4
0.0,2.651871231399271E-4,0.0010989646324260876,6.973697090279596E-4
0.0,2.781606113551269E-6,2.4505857010752956E-5,2.534479735880783E-6
0.0,0.002849272700919284,0.002390399443455587,2.3499203928711556E-4
0.0,4.5909911447103815E-4,8.333204380451168E-4,3.470896994694913E-4
0.0,3.616063039659667E-4,0.0026957285517212625,5.977141017846123E-4
0.0,2.3632978900932608E-4,1.189067797676935E-4,0.0033917388091799484
0.0,9.012054170681283E-4,0.0028819334124430846,0.0011035824904549977
0.0,0.001417716997913684,0.0027668717561962998,0.0024311679442936196
0.0,0.003189995142805842,0.004248776937739049,0.0047524392848594605
0.0,0.0032315792384559313,0.0034024590290448044,0.0021628439875258708
0.0,0.0017358101454987567,0.003162231980844988,0.001197924268542078
0.0,8.24667759452893E-4,0.0011086846339331954,0.0014306709689503709
0.0,0.0016230649252695112,0.0013112723006732422,0.005538917555131596
0.0,0.002043347435458035,0.0028224171249320025,0.0015391915272935982
0.0,0.0012531244218656863,0.002727268564730315,0.002000152294917718
0.0,5.753657894887884E-8,1.5220944659629271E-6,3.3512949575629955E-6
0.0,3.6482443483883245E-4,0.0018962631257931335,0.003538548528191204
0.0,2.0254011325431962E-5,0.0048208474908948435,4.43151298981774E-4
0.0,2.6564458127435124E-4,1.8160556241396292E-4,9.680174817329849E-4
0.0,9.338104512900292E-4,0.0029701360929308687,0.0011178703057134625
0.0,0.0014331542162804827,5.65896511157288E-4,2.1208389294347365E-4
0.0,0.0015841681659330864,0.0013083468175935507,0.0014483860927934544
0.0,0.0014522661893623706,0.005232292052592113,0.004147332839197143
0.0,0.002143814412225256,5.483372345130575E-4,7.164111556506235E-4
0.0,0.0011549738613572348,0.0027027215699270174,0.0018863094482837177
0.0,7.034135579573709E-4,0.0019152979042331715,0.004578838328279871
0.0,4.062309470707961E-4,0.0012391207456852404,0.002176915167862626
0.0,0.006341679306456014,0.00478748704012977,0.0010296856481390563
0.0,3.3600030222910085E-6,0.0017443125069518742,0.003068886912873224
0.0,1.7790997321088667E-5,5.6198254387517935E-6,4.232207778752378E-5
0.0,0.0017671510942917745,0.0016824203375221025,0.001075233821952635
0.0,9.924591167567434E-4,0.0014294291854192946,1.6342048253804124E-4
0.0,6.563025642310745E-4,2.7426450465405046E-4,8.481633916592339E-4
0.0,4.381339684233528E-5,0.0033234308583151256,0.001948506336141334
0.0,8.774650690509454E-5,0.003166610485196146,4.1644935056280063E-4
0.0,4.5720044068117563E-4,9.76952661698543E-4,7.905659223117806E-4
0.0,0.0012250009502819017,0.0025684128605807095,0.0021924692949939505
0.0,6.99303481424333E-4,0.002760850382275732,0.003377422570425647
0.0,9.900454450756132E-7,0.002366662580262438,0.002614995094433921
0.0,0.0018456329797813952,8.191057052241842E-4,3.1803597814890995E-4
0.0,0.0030173854105445454,0.006093775926766047,0.008311066755249768
0.0,3.089004391421543E-4,1.7246958966427033E-5,0.002767938285041584
0.0,0.0032829751147223033,0.0017576225015927941,0.003335937996911293
0.0,0.0018100948050485028,2.9976502134363727E-4,6.81827334560815E-5
0.0,2.1508767753493873E-4,5.121749457739199E-4,0.0019694370744127465
0.0,3.5756439849312385E-4,0.002696399440581211,5.833769629112107E-4
0.0,0.001313537451527302,4.767523317276739E-4,3.465446904454602E-4
0.0,1.0590366800938646E-5,3.43163918382592E-5,8.139967009757076E-5
0.0,3.2781767496865974E-4,0.0018462542474832339,0.003110232366839892
0.0,0.004104961327531875,0.004097319741906424,1.3495126231749077E-4
0.0,0.003100994363655789,9.452397214300364E-4,0.0010944576127346983
0.0,6.2273779768521E-4,0.002028021273572184,0.002261940411716315
0.0,1.7140806994009208E-4,0.0031615193855991154,0.0038885173603918563
0.0,0.001108329595907594,7.929096188440535E-5,0.0011503599501605732
0.0,8.264815822646407E-4,0.00475748777067995,0.002330977570743049
0.0,6.361839941873811E-4,7.057971485220846E-4,0.001923853790061711
0.0,0.0011323485901167177,0.0012958083481429436,9.880258331023533E-5
0.0,0.0018816026883644557,9.167555656420197E-4,7.992645285949382E-4
0.0,1.477793435224625E-4,8.217215780779403E-4,9.903973579411638E-4
0.0,6.531513820019834E-4,0.002343995927531936,0.00325843918623173
0.0,6.338315711855501E-4,0.0018292150406490468,2.252227453858673E-4
0.0,0.003347596394885632,0.002332242429271894,5.854711489571117E-4
0.0,8.333516243002269E-4,6.978430046019656E-4,5.167050261389088E-4
0.0,4.3370777935440287E-4,0.0018761005881877488,3.697194227384119E-4
0.0,1.7319041011165515E-4,7.996628557971868E-4,0.0038653965962088073
0.0,0.0028818824777554555,0.0012882351118306825,7.385409798191545E-4
0.0,7.568515623393513E-4,0.002731054540825681,0.00541724160304421
0.0,0.00107744842313103,4.597485049426512E-4,8.406124019737258E-4
0.0,0.0019273414716138163,0.0024415486694923665,0.0028878847885485002
0.0,3.062795186554052E-5,0.0019959444256782057,0.0010572567264274832
0.0,0.003533802076013314,0.0025102364095902275,0.0010983019592034542
0.0,0.0014871824779079331,0.004873989644688292,0.0013616960973104545
0.0,0.0014077245756323664,0.0037618061606242083,9.716813584929895E-4
0.0,4.2458763501861634E-5,0.0016149130947439607,0.0018276821346470112
0.0,8.209318851276253E-4,0.0030205241948043854,2.8065931625245093E-4
0.0,0.002439633933843649,0.0011328879099302182,4.5003766065785966E-4
0.0,0.0022419977298085278,0.0021638805981233364,0.003918580346187769
0.0,0.0035439775661629254,0.002709000726194849,0.0013902254462846428
0.0,0.00435725065674886,0.005325906410671075,0.0015426010002252848
0.0,9.71370265332124E-5,0.004717128064917437,8.067328675279279E-4
0.0,0.0019480940072262043,0.0016777246729385224,0.0017735641556992153
0.0,0.0012888892586325345,0.0012438850146807897,0.002359630623915275
0.0,8.196361345360335E-4,0.0034749571234700518,9.216174989509115E-4
0.0,0.0018169356358337645,1.9275880194392691E-4,0.0030916494457551777
0.0,1.7788187735310216E-4,0.0020638990353374297,0.0019649854859794184
0.0,2.5457890327696178E-5,1.620342802027201E-4,2.2231761490905226E-4
0.0,0.0012694392898493867,4.091955895379007E-4,8.622878227018779E-4
0.0,0.0026340033279405543,0.005078853485193741,0.0019068235640944374
0.0,8.061202830585444E-4,4.147585649394313E-4,0.001127016946034622
0.0,4.490485122646807E-4,2.955052972668634E-4,0.002114906625468568
0.0,9.320995215567276E-4,5.012995139429683E-4,0.001102309411288607
0.0,6.377875984718435E-4,0.00289657198166315,1.0650485611273342E-4
0.0,0.002562560826690118,0.002252270553051909,0.0013401399282287
0.0,7.37270214549173E-5,0.0032191021691645202,0.003160880441475483
0.0,0.0011276951187191955,0.0010327514973516069,5.593109663150547E-4
0.0,2.3298049154153052E-4,3.343517047703018E-4,6.674137439377716E-4
0.0,2.9908779791387995E-4,7.87323205153434E-4,0.001879469588699318
0.0,3.052909504265376E-4,0.0034754959862783033,0.0014727179775964293
0.0,0.002541786966203897,8.652052880678411E-4,3.21850224710372E-4
0.0,0.0010461192893595926,0.002688437987626307,0.006468597872920213
0.0,1.0595826127254185E-4,0.002083584410712719,1.8516993024894418E-4
0.0,0.0013120419756348113,0.00390300570370303,0.005092631508401188
0.0,0.003183270674994685,0.001176932133902621,0.0017163608957137682
0.0,7.31299300084375E-4,0.0036880281441487197,0.0023108869822328166
0.0,0.003126025040325338,0.0026095283248453714,9.492011349862084E-4
0.0,0.0026765475254205864,0.0022083879702446325,0.002073484306026341
0.0,0.0015668284966431625,0.001054893857546367,0.0025981786990875765
0.0,0.0034121343380853846,0.0024773691644412073,8.76453819151435E-4
0.0,0.0014551156161712287,8.633201601886206E-4,0.0033256234137955384
0.0,0.002697875708651529,0.0021081466851022015,3.0822175558232045E-5
0.0,0.0010106595791480294,0.0016017515414424477,0.002498273950835616
0.0,0.003774466154378129,0.016071375788935426,0.0024736709979915755
0.0,0.0012501739045723838,4.7045252145871513E-4,0.0040674202174456634
0.0,3.5994562894234604E-4,0.0014529494736035661,6.028056530315129E-5
0.0,0.0036323331355534202,0.002667155900917513,9.261505064975696E-4
0.0,0.0012825988362592574,0.0012192131799404918,0.004533190667462892
0.0,1.6228268371753086E-4,0.0012563201813978653,3.771699767122354E-4
0.0,3.652299779511889E-4,0.003820193473120826,0.0018186914994940408
0.0,0.003314255874194141,0.0017441091281737442,0.0010188224099154926
0.0,6.491407431702774E-4,0.0013983911793602078,1.3136645334300206E-4
0.0,0.0014533109030401973,0.002696952649521378,0.005431690224589512
0.0,0.0013142038383609387,7.817445626120291E-4,2.3194738026874437E-4
0.0,0.0017869737609335413,0.0017731521981471053,0.0041371555083452565
0.0,0.002176010984135161,0.0013997064932843848,2.0981543719640656E-5
0.0,0.002665377032900771,0.0050710996610361745,0.001965059653078834
0.0,0.0022154835805745345,0.007820445541681532,0.00136025632545737
0.0,2.139721078966592E-4,0.0019043913100706665,0.0033632845684324303
0.0,9.590584588792811E-4,0.0021904387250437423,0.0030243877905284334
0.0,0.0019591287955856786,0.0035775424640090998,2.828808179519916E-4
0.0,2.4895933891611082E-5,2.3200319677530237E-4,1.2709190550910787E-4
0.0,1.4062412173928359E-4,0.0015050743990800775,0.0017213131476131968
0.0,1.4497217847649738E-4,0.0033774034978999393,8.877813428983627E-4
0.0,0.002667476192742556,7.105677740931985E-4,5.45085257334181E-4
0.0,0.002054984621018754,0.003691546256573204,0.001465100690843513
0.0,7.830074275604972E-4,0.004220314374266247,0.003179593003239606
0.0,4.93291005997843E-4,4.153690694988519E-4,0.00196852622517716
0.0,0.002809267173862298,0.005637521189718871,0.00125363548342033
0.0,9.00650650590657E-4,7.971102336892503E-4,9.59429846976748E-4
0.0,9.254753743333853E-4,0.007837384773996278,0.002352257512056209
0.0,0.0013607866198990745,1.4708367041099126E-4,2.327486940508738E-4
0.0,0.0016442737162768216,6.971886254453256E-5,0.0021715998547237013
0.0,0.0029100047280562137,0.0021590717067902724,0.0031175010784644883
0.0,0.0018696105206979891,4.0122194077370893E-4,0.0022072944896595766
0.0,0.0019305199790142957,0.003011821489620148,0.0013311813649828762
0.0,0.0019323450782861603,0.005277790267307841,4.512558777468313E-4
0.0,0.001202907661033158,0.0012643387436108487,3.720562251378988E-4
0.0,0.0014984010015799847,1.1947071430776381E-4,9.162110420011526E-4
0.0,9.556241300276156E-4,0.002130552069035598,0.0031852418707890465
0.0,0.0018699678512716577,8.443014274273496E-4,0.0026001174305057013
0.0,9.429298444705434E-4,0.004406847476863152,0.0017338808133943063
0.0,0.001758118641369705,0.006785145737037316,0.0020878244629201014
0.0,8.162476918088702E-4,0.0014338760183356487,8.960319432280429E-4
0.0,1.8511839331094177E-4,0.003973137019942142,0.0013423577548306693
0.0,6.194618873889463E-4,8.213440931261129E-4,0.0023594831096985583
0.0,0.002346797708491427,2.2824886972800983E-5,2.793166935349059E-4
0.0,1.1215797034704156E-4,6.296273623451443E-4,0.0033822373639230074
0.0,0.0033991663466619187,8.160636005753185E-4,8.041715171179748E-4
0.0,0.0014915328721657128,5.268034618824594E-5,0.0021886238420785447
0.0,0.0010065293011012719,0.002594714332283368,0.0010927655872105364
0.0,0.003198117826806042,1.73430999922484E-4,0.00750585011364092
0.0,0.00183938273597318,0.002656917808807924,0.00144894434161097
0.0,0.001060138241097909,0.0016385200589612398,0.0017542930193909356
0.0,0.0053263205164965745,0.002667528285902679,0.010084884525207054
0.0,0.0031896169381685924,0.0022082589856026067,0.001952779956458521
0.0,0.003079205041118107,0.006412574890609983,2.9162876684689182E-5
0.0,0.003031041271533507,0.0015833339727460035,0.0018911158741654925
0.0,1.9963537910431446E-5,2.06360923971351E-4,4.56608667135457E-4
0.0,4.5106499137732365E-4,0.0013897951682178306,2.0509464541728107E-4
0.0,0.0020737603466414877,3.035007485931482E-4,0.003956902541625462
0.0,0.0016089536557885706,0.0025667119810522552,0.0026371867412958625
0.0,1.456920260430968E-4,8.065827512160923E-4,8.236243724210193E-4
0.0,2.3109930266480627E-4,0.0014492929630053218,0.0010607985681876256
0.0,4.6270892188820183E-4,0.0018249105311376709,0.001548118282635303
0.0,1.1682341350436359E-4,0.001506232319255331,7.821354942220019E-4
0.0,4.5207752405016036E-4,2.9123750063759634E-4,0.0011988829378719104
0.0,0.0016758914285610732,0.0024592957909178497,0.0017660998891546166
0.0,0.0020110838231733466,0.001695867684744188,0.0011975096456986007
0.0,0.0015120961096445115,0.003061321321816241,0.003732828580489888
0.0,0.0012009904528966528,0.004263312734267566,0.002447782813652288
0.0,6.975392319448408E-4,0.002444699743445767,1.2503274523660929E-4
0.0,6.180697813686122E-4,0.0019318735035543414,9.614802248464454E-4
0.0,3.688261265542629E-4,7.84115384563268E-6,7.075413813990951E-4
0.0,0.003989812140069035,0.0012358203437429832,0.0010923149323510703
0.0,0.0010497262693957348,3.0344123339488714E-5,2.4126857295060365E-4
0.0,2.737060906637037E-4,0.002647216877970821,4.0104774436680764E-4
0.0,1.6254011649405182E-4,0.001077745134148948,0.0014441157051006711
0.0,6.192955212733767E-5,0.0014796361300214696,0.0016121966824917185
0.0,8.490916410177354E-4,6.448965395301219E-4,3.506237791812549E-4
0.0,8.299140743098083E-4,2.378046265145585E-4,0.0025625513400100975
0.0,4.2165463450639153E-4,0.0014612347130419704,0.001639934349391427
0.0,5.182909959790037E-5,0.0014012986165440762,0.001657465343582377
0.0,0.001728483560806069,0.0060756015623736285,0.002177948597874441
0.0,0.0016017807712538758,0.004043255523453399,0.001670950237781163
0.0,9.437996987032555E-4,0.001811753890909003,0.002396567608514401
0.0,7.50481903385642E-4,3.0254349087317523E-4,3.5198468398743034E-4
0.0,0.0015511977377253572,1.4466442570986127E-4,0.004972810655211558
0.0,9.756276932378193E-4,0.0030703021447263936,0.0027869861058047386
0.0,0.0023933785168285286,0.0010331698402192898,0.0023748987735606893
0.0,2.8004921825306123E-4,4.1798267704437267E-4,0.006960507219756887
0.0,4.882714936434036E-6,1.029539894815977E-5,1.2594174720043709E-5
0.0,0.001911174250261881,0.00967434640996816,0.006405722790786561
0.0,0.0015589226056281753,0.002172881302072724,0.002279485604552335
0.0,7.972048771183864E-4,4.3463814054081173E-4,0.0010959778302075374
0.0,0.0013717803008445172,0.0024420914190192633,0.0012919030562533313
0.0,2.682251173930401E-4,1.885416115095244E-4,5.690755111210202E-4
0.0,0.0013615673278702981,0.0025701752461918938,3.8510778407025125E-4
0.0,4.497908684558887E-4,0.0017691508434374988,4.3374817146197523E-4
0.0,4.882714936434036E-6,1.0101063394593273E-5,1.2485951289986854E-5
0.0,5.762656932547905E-6,4.9098509120623035E-6,1.4793972506924278E-5
0.0,9.602158658058579E-4,4.8438559199751665E-4,6.962734546245869E-4
0.0,6.416165123541175E-4,0.001273254457937301,0.007058919746999977
0.0,4.026955072401835E-5,0.0010317527423326538,3.1813106126977493E-4
0.0,0.002114783568858121,0.0073734378919592634,2.509654575284044E-4
0.0,0.001061903010762025,8.353204807499182E-4,7.951114500238307E-4
0.0,6.32215380815181E-4,0.0018590571585258419,0.0012929081194949872
0.0,5.478452656790511E-4,7.823456664589379E-4,9.256055694579525E-4
0.0,7.265780181665325E-6,0.0017359208545411752,0.0015899581704047721
0.0,4.216976293277309E-5,0.0013089437453732862,0.0015705990402531257
0.0,0.00211702236876715,0.002214866432119798,4.2489958767902145E-4
0.0,6.448427973381889E-4,0.0030017888490395973,5.7608712321369E-4
0.0,0.0013970626277113934,0.0044039180186098825,0.0010369989049859537
0.0,1.9528773658263362E-5,3.7855704578107224E-6,2.1989609891721364E-5
0.0,0.0020181997755354445,0.001529901932422827,4.462955314461695E-4
0.0,0.0012930378791550174,0.0021238304348273136,9.128746795904861E-4
0.0,0.0026072313336606913,8.830891259822116E-4,0.0037951950267370743
0.0,5.648928025906487E-4,0.0030599691539418598,0.00397716036877324
0.0,5.940335621168845E-6,1.5061837800078975E-4,2.8135186389571944E-4
0.0,4.936000991094373E-4,0.0013258949708317373,0.0040173430671283485
0.0,3.464859056377564E-4,5.083662507992672E-4,0.0021363346208314806
0.0,0.0029020533685862404,8.527543616208296E-4,0.0010777930039151242
0.0,1.2814962719913308E-4,9.686184383031869E-4,0.0038341595196029663
0.0,8.418741729989363E-4,0.0012280431601913641,0.002099942840965644
0.0,2.462827313575862E-4,0.001935923550674834,0.0027555324667216463
0.0,3.674205316942993E-4,3.7123864249328546E-5,0.0013978718325100366
0.0,0.003323986406073738,0.0019740463840340295,0.0023819279994122026
0.0,0.002299525636127479,0.0026017586516392456,7.287185394312018E-4
0.0,7.273662727440087E-8,5.233923783889473E-8,9.673896642398634E-8
0.0,0.0031353710960938678,0.0025843370942839386,4.205673506050136E-4
0.0,2.7336964421705135E-5,7.735664824429638E-4,3.005656312010627E-4
0.0,0.001815847502787142,0.004172892325635143,0.002797643121757883
0.0,0.0013614414481503863,0.0010481601911636826,4.1671577641789987E-4
0.0,7.393694528505155E-4,5.44681678508537E-4,0.0017470641920275197
0.0,1.414134170570623E-4,7.498779790797769E-4,5.457639837539454E-4
0.0,0.0013037495069485444,6.99240278563675E-4,0.0038924122158367474
0.0,0.0022734828601795303,0.00508863923828447,0.0016129368972619504
0.0,0.0034364900529403,8.301993481925788E-4,6.07622245710483E-4
0.0,0.0020402317030629976,0.0021770597410877726,0.0022837814367617274
0.0,5.019801122737624E-5,0.004775969492840936,0.005049145995123207
0.0,0.0012742298657797795,4.843688664617375E-4,0.0036649675676749946
0.0,4.3382179269127485E-4,4.389791891157208E-4,6.904862562516342E-4
0.0,6.080069563321524E-4,0.0012333277825301225,0.0010454650524754183
0.0,0.0026728544692324364,0.0026663405443181224,0.001579427518981848
0.0,0.0019559167305821436,0.004826062374523845,6.461003415297363E-4
0.0,0.0029008494078793974,6.350649790784989E-4,0.002234604244989419
0.0,0.001047210585606899,9.148787897116789E-4,0.0011399198330997913
0.0,9.362814460860847E-4,2.3104580637041046E-5,7.747294639958676E-4
0.0,5.797201763549635E-6,1.0408786339553251E-5,2.4980539170014474E-5
0.0,1.552469902601743E-4,0.0021969244650740893,0.0020293211680501425
0.0,8.121345063782359E-5,0.0027532845850742472,0.001216109999225294
0.0,0.0015451391661108211,4.747160278161252E-4,0.0020719822992525507
0.0,0.0021768976922925606,5.127572321211001E-4,0.004104133459528972
0.0,0.00214934843664452,0.0035102319713905296,0.0022267205061306905
0.0,0.00249025167232348,1.5672560706135933E-4,6.38301918036427E-4
0.0,2.6488983205631787E-4,4.5055827648040513E-4,0.0030373375563740425
0.0,2.636179940083774E-4,0.002562409230807295,7.122658226558105E-4
0.0,4.708447720128455E-4,0.0010976427777777777,0.0031272389682703706
0.0,0.003548883258024919,0.002234592939886649,0.002507649743929297
0.0,5.370221108336232E-4,0.003568597330270419,0.0043047359146460825
0.0,5.087374626286451E-4,0.0037442207295648898,0.003195269766404849
0.0,8.589091851150792E-6,6.299938628950122E-5,1.6209899414729867E-4
0.0,4.4535646031836247E-4,6.316356405688532E-4,3.480929884053781E-4
0.0,0.002635555196805268,5.58488517455899E-4,0.004007401866106096
0.0,4.653542323086457E-4,0.0067710251399653735,0.0016318758219025884
0.0,0.0023263723492008585,5.14092399106806E-4,3.471620881422128E-4
0.0,8.012574779550342E-4,1.712122336150867E-4,0.002689949358423106
0.0,0.0010481410785811171,0.0010636810127578169,0.0022838121612482084
0.0,2.591980717820751E-4,0.0022380666870763085,2.4694580077001886E-4
0.0,0.0014924702872468377,0.0014184382650124774,4.878463507908773E-4
0.0,0.003897058491756714,0.004861023398415454,0.0029096448817629867
0.0,3.7727402347940514E-5,4.1592487521873735E-4,9.109036920123188E-4
0.0,4.837062632164131E-4,0.001356248130726661,0.002140553824227853
0.0,0.0025810903373344597,5.738943228249314E-4,9.464822544420941E-4
0.0,3.9350783818531784E-4,6.225105553669875E-4,6.161138625585063E-4
0.0,1.373450218950306E-4,0.0014152078552967817,1.6769893810614808E-4
0.0,0.0026427692762522855,0.003385149648127867,0.001997687595555244
0.0,7.817717115518678E-4,3.6149881106199217E-4,8.428413577287265E-4
0.0,0.002027037766305956,0.003741582040111894,0.004216346018579997
0.0,7.948532295181561E-4,0.0014992011590920268,0.0011833088421019581
0.0,0.0018456467832618396,0.0012934241857631321,0.001084478364779505
0.0,0.0018285105261196257,0.002078888007544536,0.0055650892780552946
0.0,0.0023524992003045647,0.009774357174500096,7.700823713740305E-4
0.0,0.0018405043318624535,4.2592254420092105E-4,1.5946598842338485E-4
0.0,9.132642198423208E-5,2.699254469556471E-4,8.699622499364127E-4
0.0,0.0012338060781697257,3.4980780450544115E-4,0.0029300833237913453
0.0,0.001131084885079979,0.0016120555590242182,0.0029144368248891464
0.0,0.0014645047771950385,0.001443299453681375,2.871648307343708E-4
0.0,0.0029727515853610904,8.947859015755186E-4,0.001433236862864605
0.0,0.0013656606567423145,3.8588300966847745E-4,6.247385296325355E-4
0.0,8.738764522016114E-5,3.302046375083056E-4,3.5282556192640604E-4
0.0,6.784404770823089E-4,0.0029798880661384935,0.0031467964256694536
0.0,0.004042713359735564,0.0020496909093601946,9.106915921133998E-4
0.0,0.0022408231852985793,0.003404610603136703,0.0015405495751859698
0.0,6.694458701707916E-4,0.0026723494847012384,1.285972198533493E-4
0.0,4.5428185145440737E-4,5.117246275885964E-4,3.654921088012224E-4
0.0,0.0027972300161847297,6.791078559904329E-4,0.005017107364081773
0.0,2.930361170312956E-4,2.277015214721595E-4,5.925634520276588E-4
0.0,0.0018187569165215365,7.972779867634549E-4,0.0010353312815523234
0.0,0.0018547159009147573,0.002362369634972391,0.002819494819929257
0.0,0.005018541672036993,0.0024621907458225465,0.0018172303516586182
0.0,0.0026679101290275294,0.004974860636078456,0.0023090412847051205
0.0,8.17942497428349E-4,0.002859146878748232,0.0019141090955237107
0.0,4.8610040491351976E-4,0.003840899553000936,4.791051757190394E-4
0.0,3.170472498578712E-4,8.593331097324297E-4,0.002481467674387248
0.0,8.131102194625477E-4,9.260269261582108E-4,0.0014992771813965196
0.0,2.1317778941359322E-4,1.6194055887865281E-4,0.0010720994463842427
0.0,0.0017736036360772314,9.733212795690467E-4,3.647334207223431E-4
0.0,2.1022102359757143E-4,3.300100202542878E-4,4.365142358411462E-4
0.0,0.0020481206615263307,2.8082802467750375E-4,0.004009892647977441
0.0,7.206552973189147E-4,1.840430076774243E-4,0.003491240365202688
0.0,7.416001071854925E-4,0.008392407841905527,0.0018247397308730387
0.0,6.041124362176453E-6,9.245193209304448E-5,4.219480007921864E-4
0.0,0.004910905231270282,0.0015005832201761694,0.002027427431397815
0.0,0.002533738556936852,4.5886101048234977E-4,0.0025399035333200986
0.0,5.896076999545555E-4,7.577071411150137E-5,1.3258224418318272E-4
0.0,0.0020959684071765925,0.0015247281749715417,0.00885607072630778
0.0,0.0013447019605435028,2.9465512529282365E-4,9.96211438011982E-4
0.0,0.002070984720509772,0.0069534900897645574,0.0021149944714778427
0.0,1.7229987150660486E-4,0.001060725305675784,8.99609424930099E-4
0.0,6.441784540824012E-4,3.619611006607769E-5,5.282324528200031E-4
0.0,7.553751941328497E-4,0.001320096706564251,1.806424195037774E-4
0.0,2.979202251923437E-4,0.0010485760683047831,0.0013005453302282572
0.0,0.0019933140660448505,0.0012505029189032433,4.6743682626436926E-4
0.0,7.756936501651286E-4,0.00210355056534731,8.403151566397001E-4
0.0,2.4252176329897507E-4,0.001037160451137421,0.001385582173648275
0.0,0.0017783903149241065,0.001625978232490346,8.367671755865336E-4
0.0,2.3132994020035708E-4,6.89694567151098E-5,0.0014887329836656697
