5K,50K,500K,5M
0.0,0.0,2.0597533144320145E-4,2.282257810674974E-5
0.0,0.0,2.2600229392731288E-4,3.927932645121117E-5
0.0,0.0,2.3761311934226577E-4,1.8793573939097618E-5
0.0,0.0,2.0552049058385598E-5,3.286490930648201E-5
0.0,0.0,2.770469002434989E-5,6.162525121838471E-5
0.0,0.0,1.4693799728727066E-6,8.825561650931312E-5
0.0,0.0,1.6085194713504837E-5,5.984829331369888E-5
0.0,0.0,8.594793697025107E-5,4.1762586988768496E-5
0.0,0.0,1.6600856722980305E-8,1.5005216588361283E-5
0.0,0.0,8.848436709414576E-6,9.964953466303975E-5
0.0,0.0,4.2424969939631573E-7,1.4086816951057723E-5
0.0,0.0,2.009695909273666E-5,5.533281907650026E-5
0.0,0.0,1.8403004422017653E-5,4.127970939865955E-5
0.0,0.0,1.0248667786519227E-5,1.656385039897014E-5
0.0,0.0,7.215325871208459E-6,2.2038608714703197E-5
0.0,0.0,1.1396712759299018E-4,1.905738004618022E-5
0.0,0.0,1.8179777416819568E-4,3.345532812967953E-5
0.0,0.0,9.398096140813746E-5,1.3576911889894705E-5
0.0,0.0,4.786240124339261E-6,2.5052286371745802E-5
0.0,0.0,1.673384269716701E-8,2.302334184651506E-5
0.0,0.0,2.2339366238367965E-5,4.103668693292318E-5
0.0,0.0,1.4251746456882825E-4,7.065654754460624E-6
0.0,0.0,7.525062568164309E-5,5.369131852799112E-6
0.0,0.0,8.971872801320867E-6,5.461722209769691E-5
0.0,0.0,3.763575546866286E-5,1.638624701699413E-4
0.0,0.0,1.4386392783218008E-4,4.182128704097327E-6
0.0,0.0,9.959481391549777E-5,6.546208439400951E-5
0.0,0.0,4.869424230786998E-6,3.539777868521895E-5
0.0,0.0,4.100878757488585E-6,1.2224113407050774E-5
0.0,0.0,9.541679934517606E-6,1.6055655863383653E-6
0.0,0.0,1.3419776554347856E-4,4.150965708754192E-5
0.0,0.0,1.4556040990102435E-4,4.2303610492455516E-5
0.0,0.0,1.0293447778526047E-4,5.585796375419676E-5
0.0,0.0,3.0636167797722026E-7,9.844364262648317E-6
0.0,0.0,1.139487137127861E-4,1.3619686193034342E-4
0.0,0.0,1.0949206876460395E-5,5.949974791151213E-5
0.0,0.0,1.8355049006385263E-7,1.8109225441591375E-5
0.0,0.0,1.2663692061600036E-4,2.9226098264248935E-5
0.0,0.0,8.025285051403498E-5,6.446554700448798E-5
0.0,0.0,3.678031231842444E-5,1.3171453508113967E-4
0.0,0.0,2.114720278304665E-5,2.624964474413351E-5
0.0,0.0,6.946544348841238E-6,3.915854494282207E-6
0.0,0.0,7.46118448338422E-5,1.2677856789798872E-4
0.0,0.0,9.44350878146924E-5,4.220931709909274E-5
0.0,0.0,7.932127907823975E-6,6.296281333953271E-5
0.0,0.0,1.811381834345596E-5,6.489670974528694E-5
0.0,0.0,3.4092544779739812E-6,3.2809950480757486E-5
0.0,0.0,1.6269690057403235E-6,7.066983930427165E-7
0.0,0.0,1.835645521799888E-5,7.39856601211299E-5
0.0,0.0,2.0370499598741798E-5,1.8424104296675793E-5
0.0,0.0,1.620220435027468E-4,3.49110239446835E-5
0.0,0.0,7.999240272285892E-6,4.161982159074426E-5
0.0,0.0,5.792995468495097E-5,9.188270477655978E-5
0.0,0.0,1.8206446803870505E-4,2.0844524989500608E-4
0.0,0.0,1.099824904940813E-4,3.146799167292845E-5
0.0,0.0,4.003427587766979E-6,3.310829767273226E-5
0.0,0.0,3.834401400418045E-7,1.0808717566538597E-5
0.0,0.0,1.1019251220841218E-4,1.1744429602694538E-4
0.0,0.0,3.552041091655172E-5,5.347597829954023E-5
0.0,0.0,4.04880829419408E-6,1.1112162929358615E-5
0.0,0.0,2.010802238182546E-4,1.9809593896321E-5
0.0,0.0,1.9080282520574735E-5,3.3563125661690584E-5
0.0,0.0,8.003430693387514E-6,2.95377303438393E-5
0.0,0.0,1.0262247414966118E-5,1.863807661284692E-5
0.0,0.0,2.598556595367573E-5,5.746273282706861E-5
0.0,0.0,1.1028570421466527E-4,2.4922966733199226E-6
0.0,0.0,6.617256357042389E-9,1.689413272539017E-5
0.0,0.0,3.9994484375758785E-5,1.7702840233073839E-4
0.0,0.0,4.389521544777681E-6,5.8422714138011995E-5
0.0,0.0,3.225873634383555E-8,2.7657616943846595E-5
0.0,0.0,7.451740229887728E-6,1.3033403539224897E-5
0.0,0.0,1.2957076637525397E-6,9.055906744791376E-5
0.0,0.0,9.012466769922702E-5,3.856700677247194E-5
0.0,0.0,2.4325669884026107E-5,3.155375747627342E-5
0.0,0.0,1.3946080601828667E-4,3.88067395237103E-5
0.0,0.0,4.968749964962236E-8,1.8681051516906924E-5
0.0,0.0,4.43477039789813E-5,1.335102469335408E-4
0.0,0.0,1.808260439324077E-5,5.33098080356712E-5
0.0,0.0,2.4552515891863637E-5,2.6053637072463874E-5
0.0,0.0,6.021962498195095E-6,1.0965749629956358E-4
0.0,0.0,5.941136026664393E-7,4.6037598963865864E-5
0.0,0.0,1.3174948593783938E-4,5.466593190073857E-5
0.0,0.0,1.11948165388797E-4,7.888991221896891E-5
0.0,0.0,3.740078813740432E-5,9.515843867396311E-5
0.0,0.0,9.535323493034012E-5,1.2626028311187924E-4
0.0,0.0,1.8381696124093626E-5,1.8779708253882982E-5
0.0,0.0,8.372650015185151E-5,1.1040343359407177E-4
0.0,0.0,1.8361163155228378E-9,4.532545546135441E-6
0.0,0.0,7.362900750633449E-7,9.335570669398851E-7
0.0,0.0,1.6056035981311877E-5,1.6790052551771884E-5
0.0,0.0,1.0752166374954046E-5,5.880131847724034E-5
0.0,0.0,8.422739463512839E-5,1.3969788029506862E-4
0.0,0.0,8.928452297772261E-10,1.2857226574849647E-5
0.0,0.0,1.399096347822934E-4,6.86242830046855E-5
0.0,0.0,7.56583535424606E-7,2.1706008402557065E-7
0.0,0.0,2.0670760953528746E-6,5.984248984460652E-5
0.0,0.0,2.4558846556798746E-5,4.3106030151471376E-6
0.0,0.0,3.400964199748395E-5,4.3482246966087474E-5
0.0,0.0,2.739135566736173E-6,2.9931424489158042E-5
0.0,0.0,1.1401800826619826E-4,4.530510546312289E-5
0.0,0.0,5.502126826525009E-6,7.421543318608151E-6
0.0,0.0,6.003671159216981E-5,1.8155548030301324E-5
0.0,0.0,8.032081349654928E-6,8.777363014825434E-5
0.0,0.0,9.598540558904805E-5,5.39364766051804E-5
0.0,0.0,1.8761962519210445E-5,2.3882730202885373E-5
0.0,0.0,8.01105687429176E-5,1.0499925085282978E-4
0.0,0.0,1.0998818786177131E-4,1.2139359580244682E-4
0.0,0.0,8.157301392546075E-5,6.21917307873198E-5
0.0,0.0,7.001472997690396E-7,2.7757914202977865E-5
0.0,0.0,2.539385745196598E-5,2.096765923246931E-5
0.0,0.0,1.6329747278498365E-8,1.0026858195969955E-5
0.0,0.0,2.446325655193649E-5,6.253783250876177E-6
0.0,0.0,9.383521242483762E-5,4.182108405701176E-5
0.0,0.0,2.0191953148277923E-4,4.261283372335166E-5
0.0,0.0,1.3197758332528315E-4,1.9324390390749755E-7
0.0,0.0,7.112979024113618E-5,5.780472650362758E-6
0.0,0.0,1.4152607383935252E-4,3.685779930254701E-5
0.0,0.0,1.5335944823202385E-6,8.769155017007947E-5
0.0,0.0,6.823272656903901E-7,8.591564949884249E-7
0.0,0.0,6.213569963397369E-7,5.194681786901876E-7
0.0,0.0,1.1559753148731449E-7,1.705719012468604E-7
0.0,0.0,8.262832277870965E-6,6.609974526463122E-5
0.0,0.0,1.838223557505731E-5,1.365350234107249E-5
0.0,0.0,2.802031326337893E-4,2.0562502010794165E-4
0.0,0.0,1.0801494649761508E-4,5.354985961087466E-5
0.0,0.0,4.4751081803664326E-5,4.425737420324091E-5
0.0,0.0,1.2003909435916025E-4,3.7433962814713115E-5
0.0,0.0,1.6050774450602633E-4,2.2872129353327888E-4
0.0,0.0,9.797131497859196E-8,5.581847965700423E-5
0.0,0.0,3.793879921272868E-5,1.730976067082695E-4
0.0,0.0,7.818594772984108E-5,7.348435170421507E-5
0.0,0.0,3.079545723242988E-5,2.408892286711544E-6
0.0,0.0,7.595394783232235E-5,3.6443138688998575E-5
0.0,0.0,1.0183484735206885E-5,2.9693908238327813E-5
0.0,0.0,1.2074111339905866E-7,6.6530900336557505E-6
0.0,0.0,1.0296969232885341E-5,1.250717179253836E-5
0.0,0.0,1.0832465225166853E-4,5.3861017394572936E-5
0.0,0.0,5.796914965721806E-8,6.345037272326078E-6
0.0,0.0,4.7928610647725556E-6,6.006427943365579E-5
0.0,0.0,1.4784879053970503E-4,2.657632537031931E-5
0.0,0.0,1.3695106389495794E-4,1.0051652829263972E-5
0.0,0.0,1.0810639854522789E-4,7.599973528458917E-6
0.0,0.0,1.3598152751716797E-5,4.138962822134907E-5
0.0,0.0,2.4239400426817736E-7,8.145837697743721E-6
0.0,0.0,7.345251964930158E-5,9.208372300693013E-5
0.0,0.0,2.1619052153559343E-7,7.058460508401475E-6
0.0,0.0,1.847050236535064E-6,1.1234158043916517E-4
0.0,0.0,3.581403728687551E-5,1.5944011482943668E-4
0.0,0.0,4.00684760143003E-6,9.173881181118782E-5
0.0,0.0,1.7799817614690784E-4,4.159540904850665E-5
0.0,0.0,2.8003300092547765E-5,1.2507260142561348E-5
0.0,0.0,2.1412051049690003E-4,7.257502122313932E-5
0.0,0.0,1.317311659701401E-4,1.1189244755948853E-4
0.0,0.0,7.773496194852947E-5,4.714312090875377E-5
0.0,0.0,2.6116600368153895E-5,2.0002758672611275E-5
0.0,0.0,8.44736013411827E-5,4.026264818740389E-5
0.0,0.0,1.4052595424188274E-4,4.863143007846782E-5
0.0,0.0,1.762106445143532E-5,3.684743737814472E-5
0.0,0.0,5.1888756993269516E-5,5.424233848854497E-5
0.0,0.0,2.068876729055307E-6,4.282117730116143E-5
0.0,0.0,1.3473963551900817E-4,1.0754360893037164E-4
0.0,0.0,2.140110939718549E-4,5.879701014755772E-5
0.0,0.0,1.3706010264234488E-7,1.5456949358323636E-5
0.0,0.0,1.2045303013934917E-4,7.522569531574702E-5
0.0,0.0,4.009134528650161E-5,8.6009890574911E-6
0.0,0.0,2.3805037731319977E-4,8.19026984662418E-6
0.0,0.0,6.33778498953729E-5,3.460581699490584E-5
0.0,0.0,2.10158846277588E-8,1.61363659082103E-5
0.0,0.0,1.7747512904584595E-8,2.7939024361735392E-5
0.0,0.0,5.597822068136427E-5,1.1537245479759361E-5
0.0,0.0,4.768140362722011E-6,7.544359623344134E-5
0.0,0.0,7.492035965335791E-6,6.899570172532604E-6
0.0,0.0,5.413703967194739E-6,1.5444036770027574E-5
0.0,0.0,1.899696045613506E-5,2.3912191764617356E-5
0.0,0.0,8.096327514453783E-6,2.4484519421006838E-5
0.0,0.0,1.5829420578755015E-4,8.50621827226181E-5
0.0,0.0,1.3176940360018296E-4,5.160462857685091E-5
0.0,0.0,2.8010707992616944E-5,6.17979779402242E-5
0.0,0.0,8.208807263770653E-6,1.2921152363059497E-5
0.0,0.0,1.6445063061659975E-5,1.1174800195694513E-5
0.0,0.0,7.411784664962667E-6,7.730535778362198E-5
0.0,0.0,3.850123384114532E-6,1.3990176214127796E-7
0.0,0.0,1.2964007448623432E-6,7.003524567291087E-7
0.0,0.0,1.1105402917563223E-5,4.1288678947085424E-5
0.0,0.0,3.004764174363127E-5,5.1641762019284325E-5
0.0,0.0,1.6421197565304226E-4,1.2832744694598423E-5
0.0,0.0,5.801197616714947E-5,6.209173017166583E-5
0.0,0.0,1.7889491364437834E-5,1.0412971207632598E-4
0.0,0.0,4.481263571357378E-6,7.73184079839595E-5
0.0,0.0,7.231435310871818E-7,6.686146681464341E-7
0.0,0.0,3.4011765784065844E-6,3.510244488459325E-5
0.0,0.0,7.389287196087108E-5,1.893109195048739E-4
0.0,0.0,4.3189797973054876E-8,1.005276666508805E-5
0.0,0.0,8.050174221137642E-5,1.095052735772463E-4
0.0,0.0,2.5973669982669424E-5,7.130754347489219E-5
0.0,0.0,6.529369419497772E-7,7.957910509922804E-7
0.0,0.0,1.2077720117692183E-5,2.231094968808045E-5
0.0,0.0,2.470687308072115E-4,7.093264078664105E-5
0.0,0.0,9.383647074324121E-5,8.266857031617066E-5
0.0,0.0,2.4061813777558495E-9,2.1983376188901606E-5
0.0,0.0,6.089126006226769E-6,1.5539366030838761E-6
0.0,0.0,7.857744295056387E-5,6.052156629456363E-5
0.0,0.0,1.6187427773731144E-5,6.138148278410852E-5
0.0,0.0,1.9171861711367488E-6,9.578296590485234E-5
0.0,0.0,2.7089518213849382E-9,1.918268912561806E-6
0.0,0.0,3.3946453689212533E-6,1.5653373502681526E-5
0.0,0.0,7.399789332004197E-5,1.1402063280092683E-5
0.0,0.0,1.546866693852304E-7,1.9506548423277236E-5
0.0,0.0,1.657186024480752E-4,1.4999325590940803E-5
0.0,0.0,1.0901689499701137E-4,1.2367067059010253E-4
0.0,0.0,4.883081734312828E-5,1.1930784401607689E-4
0.0,0.0,7.016468932286409E-5,4.113949030117519E-5
0.0,0.0,1.432230726579224E-5,5.6755385566745206E-5
0.0,0.0,7.943656229955734E-7,2.837647194710192E-7
0.0,0.0,7.1991130415099E-5,8.698418499089907E-5
0.0,0.0,1.3985990205387875E-5,8.061791402553011E-5
0.0,0.0,8.12943511400582E-5,7.388284260085746E-5
0.0,0.0,4.96217467989803E-5,1.5872121268846354E-5
0.0,0.0,1.8398779435086002E-5,4.242772939144401E-5
0.0,0.0,5.1584318162787924E-5,8.081064568228198E-5
0.0,0.0,1.66124615600086E-4,1.235965885992558E-4
0.0,0.0,2.4604199204064055E-8,1.1238264472582514E-5
0.0,0.0,9.32502929669171E-5,1.2501917016506314E-4
0.0,0.0,2.4265435310996545E-5,7.536020287173452E-5
0.0,0.0,3.933626427682347E-7,3.4755309843951893E-6
0.0,0.0,8.231179105044088E-5,2.289650077270298E-5
0.0,0.0,7.188299601895398E-7,3.2484676655764515E-6
0.0,0.0,1.0498799488799256E-6,1.0159215408314243E-5
0.0,0.0,1.3366056412148914E-5,2.7829393961272232E-5
0.0,0.0,6.0851036630847E-5,3.861273669539051E-5
0.0,0.0,6.799476406079792E-5,5.891090925125252E-5
0.0,0.0,2.493725571422023E-5,8.99218794053146E-5
0.0,0.0,5.134754136028107E-6,5.45877050775214E-5
0.0,0.0,1.53518747490785E-5,4.60556292358926E-5
0.0,0.0,6.53494536423543E-8,3.430981066542157E-6
0.0,0.0,1.6113034475567115E-5,2.6893515291242623E-5
0.0,0.0,4.6424750247245813E-5,4.350222580661829E-5
0.0,0.0,7.364686173612539E-6,4.2887141120839025E-5
0.0,0.0,6.291658505739488E-7,7.999839567543636E-5
0.0,0.0,9.402798342801116E-5,1.7817904028453207E-5
0.0,0.0,3.012286304612652E-5,1.727650399052196E-5
0.0,0.0,1.9994659385970723E-4,6.049935409659225E-6
0.0,0.0,1.13985308968231E-4,1.0805818047727996E-4
0.0,0.0,9.363422913646508E-7,2.217011182279778E-6
0.0,0.0,9.802673298437991E-5,2.151692479900745E-4
0.0,0.0,1.781255583388202E-4,2.1219777311512386E-5
0.0,0.0,6.551143847751045E-7,3.609087989105538E-5
0.0,0.0,3.754576834028039E-5,9.651462805050085E-5
0.0,0.0,1.0175920904265325E-5,3.1772401130430006E-5
0.0,0.0,8.030943471900314E-6,3.271796598703267E-5
0.0,0.0,5.086381217541138E-8,5.375984971766651E-5
0.0,0.0,1.2694161328744825E-5,8.226312932148383E-5
0.0,0.0,1.021324115726836E-5,3.625881519403397E-5
0.0,0.0,5.770007517344132E-6,1.039817454224733E-5
0.0,0.0,1.1784793183193107E-4,3.5224135604033977E-5
0.0,0.0,2.3178894964778543E-7,3.2723574855467354E-7
0.0,0.0,2.0931599360998322E-6,5.746110211647047E-6
0.0,0.0,5.0324294222100596E-9,2.1303787621172783E-5
0.0,0.0,4.4474509893741075E-6,7.199970172079993E-5
0.0,0.0,1.871780073776555E-4,2.3931418175112386E-4
0.0,0.0,8.787303478123914E-5,6.180534770612027E-5
0.0,0.0,1.762484655072518E-5,4.88599012362777E-5
0.0,0.0,3.327382012183442E-5,1.771437145381553E-5
0.0,0.0,2.6282652427129977E-5,5.880228798530163E-5
0.0,0.0,9.010424323759668E-5,8.703550918948866E-7
0.0,0.0,9.617811258690909E-5,7.294017576560314E-5
0.0,0.0,2.240447539403227E-4,1.6149722256953068E-4
0.0,0.0,4.793116342850123E-5,5.444282188765834E-5
0.0,0.0,1.1790239084004667E-4,7.523993177500149E-5
0.0,0.0,3.271605706678323E-5,1.3232730284293422E-5
0.0,0.0,7.635131909904654E-6,8.137143204323346E-5
0.0,0.0,9.804707281488237E-5,2.2121425174592986E-4
0.0,0.0,9.420496612926606E-7,6.4811138145784236E-6
0.0,0.0,1.0991944675141745E-4,1.1839184753165461E-4
0.0,0.0,1.4607589562311299E-4,5.4139472298208716E-6
0.0,0.0,2.660613765877527E-4,5.202314101349905E-5
0.0,0.0,2.497157426118902E-5,3.117926646726195E-5
0.0,0.0,4.203448893541773E-9,2.6863893954386004E-5
0.0,0.0,1.9431162269341245E-4,6.378187130428671E-5
0.0,0.0,5.563754971420591E-5,1.7502798042140562E-4
0.0,0.0,2.1959215309089525E-5,4.33948702880174E-6
0.0,0.0,6.834552959329104E-6,2.0034396287136287E-5
0.0,0.0,2.1851757614458695E-4,9.868677642975482E-5
0.0,0.0,9.156055326850195E-5,6.47644252982289E-5
0.0,0.0,1.8439007987643483E-5,4.14541877736935E-5
0.0,0.0,7.97946704935861E-5,1.9679897482132796E-5
0.0,0.0,5.008323114029735E-5,1.550271785856956E-4
0.0,0.0,4.065758175073351E-6,8.98711197007782E-6
0.0,0.0,8.035136278467312E-5,6.844639287648785E-5
0.0,0.0,6.030595297036544E-6,4.961532374647111E-5
0.0,0.0,2.8826439981016953E-5,1.471911711153662E-4
0.0,0.0,1.249853600874446E-7,6.496600006390362E-5
0.0,0.0,1.239468762184858E-5,4.900651708219103E-5
0.0,0.0,1.7197912684270216E-5,4.380974141439324E-5
0.0,0.0,1.1356882843666662E-6,8.766201372915661E-5
0.0,0.0,8.3697239335717E-7,8.010036103943902E-5
0.0,0.0,1.3053678674684215E-4,3.958888845109441E-5
0.0,0.0,9.364119879064652E-5,6.070593139865698E-5
0.0,0.0,2.8577851105796173E-7,5.180266338941673E-5
0.0,0.0,1.027536222213259E-4,1.4192608010304319E-4
0.0,0.0,2.0084871996688187E-5,1.0709672883446248E-5
0.0,0.0,1.4032737981973447E-5,7.122298859850154E-5
0.0,0.0,2.2984140929777408E-4,1.1821379864953138E-4
0.0,0.0,1.788871175129328E-6,8.400528124192542E-6
0.0,0.0,1.7718805318104783E-5,4.527150981086461E-5
0.0,0.0,5.1546365726001544E-5,3.639031470037915E-5
0.0,0.0,5.479235105650006E-6,2.898155793507794E-5
0.0,0.0,5.47705375714095E-7,3.537951039826098E-6
0.0,0.0,7.920946348184153E-6,1.4373979736685157E-5
0.0,0.0,2.028382374558568E-5,2.8316405968567094E-5
0.0,0.0,1.8327525470257986E-5,4.127827920492983E-5
0.0,0.0,1.060177695779042E-5,3.275987055034527E-6
0.0,0.0,1.7850924125182302E-5,4.976045619912139E-5
0.0,0.0,3.0389048272072805E-4,1.2281237321289858E-4
0.0,0.0,1.1009397089603708E-6,1.7317728095903945E-5
0.0,0.0,2.0709520506369866E-5,1.8525746644870917E-4
0.0,0.0,2.536598728084458E-8,2.70675776751217E-7
0.0,0.0,2.8135878932885443E-7,2.2542300991045797E-5
0.0,0.0,2.175083813335846E-7,1.0290097298076616E-6
0.0,0.0,1.3082107767456347E-5,2.5450158854298502E-5
0.0,0.0,6.06636909770808E-6,1.4185963601125698E-5
0.0,0.0,5.9941356688787604E-5,1.5315067617390475E-4
0.0,0.0,1.9338467106998108E-5,5.4904352772201846E-5
0.0,0.0,1.3002566966663047E-4,1.2000990131403396E-4
0.0,0.0,1.301858239817496E-5,3.586357563487741E-5
0.0,0.0,2.9972428980319027E-5,4.794927990951745E-6
0.0,0.0,3.7629641178729294E-7,1.6483811820043369E-7
0.0,0.0,7.949554850984284E-7,1.7784260854347564E-5
0.0,0.0,9.721075761807015E-5,1.0765199018983563E-4
0.0,0.0,9.198524878818648E-5,5.960170240618323E-5
0.0,0.0,1.0989829936968156E-4,9.937057705285299E-5
0.0,0.0,8.394892337948033E-5,6.907727204623682E-5
0.0,0.0,1.3369777481831773E-6,7.899482048902985E-5
0.0,0.0,1.3192770330236102E-6,6.651977731727224E-5
0.0,0.0,1.0466100034982522E-4,1.1159185549949974E-4
0.0,0.0,5.596032453913227E-5,6.13864674981225E-5
0.0,0.0,2.03640094765143E-4,1.4230320518081975E-4
0.0,0.0,1.550574814248891E-4,3.5143873759987464E-5
0.0,0.0,1.7796628737529915E-5,1.7517292647974916E-5
0.0,0.0,2.0500677837999724E-6,8.84144553685296E-6
0.0,0.0,9.19850580093684E-5,1.2696813210985721E-5
0.0,0.0,7.479969394778835E-5,7.5417243136021E-6
0.0,0.0,1.0899538287228139E-5,7.016038843729963E-6
0.0,0.0,7.071737821092469E-7,2.221158199475989E-5
0.0,0.0,9.68158707326393E-8,2.6008565858840794E-5
0.0,0.0,1.5998860172821797E-4,5.256964066008368E-5
0.0,0.0,7.135243353460949E-8,5.93404717724563E-6
0.0,0.0,6.797132341310836E-5,2.155929750234833E-5
0.0,0.0,1.356448277542516E-6,9.786328063458158E-6
0.0,0.0,8.739004423289248E-6,5.057342026321531E-6
0.0,0.0,1.1978083276958798E-5,1.2709382960647667E-4
0.0,0.0,2.2971544460258014E-6,2.8122053555279297E-5
0.0,0.0,1.978209872726851E-6,4.948478072981609E-7
0.0,0.0,7.303861274205891E-6,1.612110143363461E-4
0.0,0.0,5.595209518435645E-5,5.967872306149103E-6
0.0,0.0,3.961857435061902E-8,3.5923583248787776E-5
0.0,0.0,5.999914523802533E-5,6.580983566958161E-7
0.0,0.0,1.4381842699290993E-4,1.0671420129810332E-4
0.0,0.0,7.509495028429388E-6,8.535844860317545E-5
0.0,0.0,6.953592167731558E-5,8.252762625310043E-5
0.0,0.0,1.3819943956498734E-4,7.197534891802157E-5
0.0,0.0,2.7263664856765833E-5,5.667486199664697E-7
0.0,0.0,3.351663318058199E-8,4.1615689556511257E-5
0.0,0.0,1.037178829997955E-5,7.752171223840361E-6
0.0,0.0,4.0646543725324805E-5,4.2030627978161336E-5
0.0,0.0,3.379411421681817E-5,8.390087207044589E-5
0.0,0.0,6.999213191125067E-5,9.238544811420463E-5
0.0,0.0,1.720278860583416E-4,2.52160768380382E-5
0.0,0.0,1.7798401628950884E-4,1.8951795585688965E-5
0.0,0.0,1.5960589623313865E-7,9.297341189414426E-6
0.0,0.0,3.4231851599695865E-7,1.4150179983528837E-5
0.0,0.0,2.895003449409486E-7,2.7486515777313722E-5
0.0,0.0,3.175204129956679E-5,2.6385803169012528E-5
0.0,0.0,1.9774965088626477E-5,1.5551893211615532E-6
0.0,0.0,2.2542875263605478E-5,8.386536734431742E-6
0.0,0.0,2.915520968619373E-8,5.0466924498130835E-5
0.0,0.0,3.599218899081392E-5,9.79188149103387E-5
0.0,0.0,9.261630921495719E-7,2.1878533032345133E-5
0.0,0.0,1.3531219085928994E-4,1.0576761131531837E-4
0.0,0.0,5.977990717916974E-6,7.43793684336749E-6
0.0,0.0,9.399979811337475E-5,1.9119647170172762E-5
0.0,0.0,7.588229401967475E-5,3.672777696947147E-5
0.0,0.0,3.80180259238544E-5,1.3007602044691963E-5
0.0,0.0,1.1097077502938512E-7,1.0054363723207822E-5
0.0,0.0,4.0062131300635576E-5,9.801750138333162E-5
0.0,0.0,3.058391683172621E-8,3.613336341673001E-5
0.0,0.0,3.0311456698174638E-5,3.693059736385117E-5
0.0,0.0,1.9003518949134042E-5,8.027383309654148E-6
0.0,0.0,1.0354727590063153E-4,1.7801652561611172E-4
0.0,0.0,1.54164431781055E-7,1.150049305672259E-5
0.0,0.0,1.1203894878183779E-7,8.535968724515239E-8
0.0,0.0,1.0419430966156885E-4,1.0515342321784533E-4
0.0,0.0,1.6443439855155838E-4,1.006941715096201E-4
0.0,0.0,6.595814856188216E-5,1.9718174964323642E-4
0.0,0.0,1.2335190637433667E-4,1.487210500799808E-4
0.0,0.0,3.283394118150329E-5,1.2967073493915263E-5
0.0,0.0,2.0524450098703106E-4,1.1397735797985294E-5
0.0,0.0,2.274104649152922E-4,1.0224282115726961E-4
0.0,0.0,9.019764054770193E-5,4.4679171733015575E-5
0.0,0.0,1.6015561797139453E-4,1.580111399981925E-5
0.0,0.0,1.3797926215516716E-4,1.8502968108891304E-4
0.0,0.0,1.0982147038293218E-4,8.459957292452767E-5
0.0,0.0,2.2262940447443235E-8,9.639248652302506E-6
0.0,0.0,1.566558532039767E-5,2.0260080659025373E-5
0.0,0.0,2.4538752629327943E-9,2.9906444276490146E-9
0.0,0.0,9.600432201243104E-5,8.897539838959245E-5
0.0,0.0,1.1084972997203331E-4,1.389116536203166E-4
0.0,0.0,2.2028060612638857E-5,6.403074618941661E-5
0.0,0.0,2.653863584172752E-7,2.633517866965151E-5
0.0,0.0,1.4174599625272282E-4,8.583007922768936E-5
0.0,0.0,8.2016829977051E-5,1.0064360322499753E-4
0.0,0.0,3.499734380265675E-4,8.502337667974129E-5
0.0,0.0,1.2837998959487417E-4,3.326850284464043E-5
0.0,0.0,4.595186120805266E-5,7.486707939209845E-5
0.0,0.0,1.2074241265884513E-8,5.703903670533669E-5
0.0,0.0,1.1613340470538329E-5,1.667258449097971E-5
0.0,0.0,2.8564100724497884E-8,1.505928075013904E-7
0.0,0.0,6.197368418001745E-5,1.1253653515151366E-4
0.0,0.0,9.011577520079622E-7,2.2241362774507685E-5
0.0,0.0,1.5787239524172194E-5,1.8866241134364082E-5
0.0,0.0,1.0792723963587127E-4,4.21616996972154E-5
0.0,0.0,2.1807783171502048E-4,1.1857938172242574E-5
0.0,0.0,2.16884815637087E-6,6.289174298838798E-7
0.0,0.0,1.3463492158143268E-7,9.303004325416724E-6
0.0,0.0,1.89576682435929E-5,6.226130422644858E-5
0.0,0.0,2.3299769136479914E-7,1.136879235763128E-5
0.0,0.0,1.5542126066634532E-8,2.4318645570177414E-5
0.0,0.0,8.82401947735683E-7,8.865742380734068E-5
0.0,0.0,1.4820470282388766E-4,6.479715331112651E-6
0.0,0.0,5.834758138236515E-5,6.771691594360234E-5
0.0,0.0,9.9991567113767E-6,1.1473916508638745E-4
0.0,0.0,9.326839945846513E-5,4.237702716390384E-5
0.0,0.0,1.6195635180264895E-5,2.2011750428160435E-5
0.0,0.0,5.767199357652045E-6,1.2002604583729107E-4
0.0,0.0,1.6895902729834646E-4,1.7991663043790717E-5
0.0,0.0,5.467965302011817E-5,7.9656409587503E-5
0.0,0.0,1.598638023731277E-7,2.330249079524621E-7
0.0,0.0,2.437596908299478E-7,2.5946376302975483E-5
0.0,0.0,4.941239328808622E-5,2.7435325034175614E-5
0.0,0.0,2.1123187930778158E-7,8.537362601950659E-6
0.0,0.0,1.240228145652609E-4,9.389460567671548E-6
0.0,0.0,1.2887317647691454E-5,1.3593053685167377E-4
0.0,0.0,5.851780623339542E-6,2.4618071538889508E-5
0.0,0.0,7.971806308757616E-5,1.9107388493144666E-4
0.0,0.0,2.201794360678432E-5,2.7092936355203285E-5
0.0,0.0,5.914418024428895E-5,3.729074190279559E-5
0.0,0.0,1.9612039010898942E-4,6.684741918658072E-5
0.0,0.0,5.0091075222239894E-5,1.0250340513025145E-6
0.0,0.0,1.4402154355281217E-4,1.4150525844060571E-5
0.0,0.0,3.3925565975774473E-6,3.9442754736748406E-5
0.0,0.0,1.0996536406103576E-4,1.0816215017227528E-4
0.0,0.0,8.408295028618629E-5,1.2557080420719723E-4
0.0,0.0,3.7519853384412296E-7,2.74746263664926E-8
0.0,0.0,1.0817460949529141E-5,1.3275021695805435E-5
0.0,0.0,3.801280941251438E-5,9.718569679653571E-5
0.0,0.0,5.392858045345644E-5,1.4911032019862315E-5
0.0,0.0,1.1195260593329948E-4,1.1015173062888474E-4
0.0,0.0,3.969668948629094E-5,4.7537779792144555E-5
0.0,0.0,1.1674708526019297E-4,1.9146192124480023E-4
0.0,0.0,1.456377587608698E-4,6.311951778674808E-5
0.0,0.0,2.2034204813378442E-5,2.7543101801871986E-6
0.0,0.0,1.5915413202927345E-4,1.627104521888848E-5
0.0,0.0,2.036428814125834E-5,8.012305431785652E-5
0.0,0.0,1.2224933920909884E-5,1.5968732432858755E-5
0.0,0.0,1.1029730414457901E-5,2.9713844829496984E-5
0.0,0.0,3.476377690183858E-8,2.6243413523548194E-5
0.0,0.0,7.866544867256722E-5,3.602449099186481E-5
0.0,0.0,1.601703762524696E-4,1.5292220677827122E-5
0.0,0.0,1.0053247297695653E-4,2.4964480090492043E-5
0.0,0.0,1.8013188287074877E-4,2.2890048802558758E-5
0.0,0.0,8.700269915521096E-5,7.965693585618812E-5
0.0,0.0,1.9484577569701553E-6,9.993665293878779E-6
0.0,0.0,8.238872919712022E-6,4.186895260980714E-6
0.0,0.0,1.3123364776711588E-4,3.4930739367281964E-5
0.0,0.0,3.906571524051275E-6,3.5840108388620225E-5
0.0,0.0,2.0550637508103734E-6,1.0964738787096194E-4
0.0,0.0,7.909600865505174E-7,5.2314987581045075E-6
0.0,0.0,3.2884518160103373E-8,2.7661355625273965E-5
0.0,0.0,2.030762029327789E-6,3.0627360482110345E-5
0.0,0.0,1.5793868000389688E-4,8.279894629512757E-5
0.0,0.0,7.302647656885499E-5,1.1463817331262351E-5
0.0,0.0,1.0293912376408107E-4,4.762319930752354E-5
0.0,0.0,5.744788288738854E-5,1.1934790172561977E-4
0.0,0.0,1.524224739367794E-6,1.6382774305991178E-7
0.0,0.0,1.6244170307742902E-6,5.547462189414664E-6
0.0,0.0,3.778308603377159E-4,7.58129476413427E-5
0.0,0.0,1.4953120836262008E-7,3.559897255480399E-6
0.0,0.0,8.137534898289434E-6,3.487936415366674E-5
0.0,0.0,1.9384319168034683E-5,8.709513084796031E-5
0.0,0.0,4.3391373584965E-7,4.2497322097142194E-6
0.0,0.0,2.2225968631671902E-8,8.741490402115965E-6
0.0,0.0,6.79987668494993E-5,6.59552838086573E-5
0.0,0.0,5.208410313003333E-6,1.644581651808945E-5
0.0,0.0,9.998929750926108E-5,8.562406541558341E-5
0.0,0.0,8.089180122072218E-5,1.520778875658706E-4
0.0,0.0,2.8008598387827512E-5,9.38634067246002E-5
0.0,0.0,5.431951348261495E-6,9.616472857737455E-6
0.0,0.0,1.3992530316712367E-4,9.071282887593499E-5
0.0,0.0,5.004043895576331E-5,9.856854716821343E-5
0.0,0.0,7.533393513202711E-6,1.4975098871442162E-4
0.0,0.0,1.0581691629466195E-4,6.441577734396582E-5
0.0,0.0,2.9185276921632766E-5,5.2586886434626196E-5
0.0,0.0,5.350340454947624E-7,3.152412246941023E-5
0.0,0.0,6.149295131288095E-7,2.637687467099762E-8
0.0,0.0,4.451556014045076E-6,1.387212781101888E-6
0.0,0.0,2.9885177354713377E-6,2.1933514088000795E-5
0.0,0.0,2.817658913525132E-5,1.69722517495273E-5
0.0,0.0,1.1230297328869328E-4,5.0330704348693344E-5
0.0,0.0,5.808911235812293E-7,1.22653357915207E-7
0.0,0.0,2.639301004627287E-4,3.738060624359863E-5
0.0,0.0,1.963003850162184E-6,4.448279450181582E-5
0.0,0.0,4.202582913574048E-6,7.077170694027402E-5
0.0,0.0,5.193754013504348E-5,2.0583883338431806E-6
0.0,0.0,2.1917778837877936E-5,5.2440065758072306E-5
0.0,0.0,1.5135811159033695E-5,8.267796782897191E-5
0.0,0.0,1.0865749395832976E-5,2.8708425922430527E-5
0.0,0.0,2.319085588378978E-4,1.9580767957468598E-4
0.0,0.0,7.839178564123629E-5,9.617095676511888E-5
0.0,0.0,9.198758490823612E-5,5.959565565365218E-5
0.0,0.0,3.804654891931185E-5,6.19084154261134E-5
0.0,0.0,9.685802976676269E-5,7.477301543938715E-5
0.0,0.0,1.0934081121624775E-5,2.5199063515563357E-5
0.0,0.0,2.569039826296009E-7,2.869343121178986E-7
0.0,0.0,1.212098297430279E-4,6.518117294749541E-5
0.0,0.0,5.307570697352116E-5,3.6641796580579836E-5
0.0,0.0,8.41429604286862E-5,3.2320872315765617E-6
0.0,0.0,1.0632335139866738E-5,6.364172509891671E-5
0.0,0.0,2.0059193434047895E-5,1.355969102091865E-4
0.0,0.0,2.0577554181203455E-6,4.099545445016234E-5
0.0,0.0,6.796391201210654E-5,1.507371697296035E-4
0.0,0.0,5.533116052678609E-5,7.028705554653378E-5
0.0,0.0,2.354040785090537E-5,3.611490935117122E-5
0.0,0.0,2.8113393810647682E-8,3.6111238370144993E-5
0.0,0.0,2.7807349069531077E-4,3.149257573840019E-4
0.0,0.0,1.7977941280772738E-5,3.969830909351492E-5
0.0,0.0,5.0277736445601286E-5,4.161916447710585E-5
0.0,0.0,5.028891146052593E-8,3.0445391541313302E-5
0.0,0.0,1.3667667715236634E-5,5.209330447038204E-5
0.0,0.0,2.6554999756150787E-6,5.095154600508354E-5
0.0,0.0,1.598643729461668E-4,4.2432093006444685E-5
0.0,0.0,1.1617773830155056E-6,1.0614926582541177E-5
0.0,0.0,9.12888057742477E-9,1.0685292440611266E-5
0.0,0.0,1.8404735199722245E-4,3.102831989113278E-4
0.0,0.0,3.1012052086262838E-6,5.3941083228035226E-5
0.0,0.0,7.998254761098317E-6,1.3014198648083586E-4
0.0,0.0,2.2516176983237853E-7,8.861509722954729E-8
0.0,0.0,6.69670800179012E-5,8.07229109570934E-6
0.0,0.0,3.820472947891914E-5,3.485299514877636E-6
0.0,0.0,1.5542699643280775E-4,4.775984037620383E-6
0.0,0.0,3.9606589144247215E-5,1.3564372092454214E-4
0.0,0.0,1.1976300640075935E-5,8.371347637903502E-5
0.0,0.0,5.525331149958306E-7,4.2792568613805114E-7
0.0,0.0,1.105155820480748E-4,3.2640053486951026E-5
0.0,0.0,6.456375125590998E-5,5.8737318880853814E-5
0.0,0.0,1.1800280804833389E-4,7.911186718817802E-5
0.0,0.0,3.760550715581982E-5,1.238093258295477E-4
0.0,0.0,3.404388169822433E-5,3.799362304390837E-5
0.0,0.0,2.1604937555245844E-4,7.625826558670897E-6
0.0,0.0,1.4204847855915858E-5,5.548595783384499E-5
0.0,0.0,1.3806255719998894E-4,1.5924377969221527E-4
0.0,0.0,1.6727654528236098E-8,6.092520191318312E-5
0.0,0.0,2.3000866727456454E-4,8.755026423907863E-5
0.0,0.0,5.096387836322325E-5,1.0155687812438443E-4
0.0,0.0,9.701092902167953E-5,1.0733780621412112E-4
0.0,0.0,4.4018506571043255E-5,5.545230910619448E-5
0.0,0.0,3.949795155379962E-6,7.644352771191385E-5
0.0,0.0,1.42167124440233E-4,1.7582919623486163E-4
0.0,0.0,8.108942653279388E-6,1.2393362813103596E-5
0.0,0.0,6.33929660513015E-7,1.3388022159183048E-7
0.0,0.0,2.9186723227191E-4,1.4681922702721345E-4
0.0,0.0,1.3692989699159811E-5,1.7638767102027735E-5
0.0,0.0,9.47368325727681E-6,2.6422896459227796E-5
0.0,0.0,1.8574712196560744E-5,1.86895202697212E-5
0.0,0.0,1.5380125438808807E-5,3.37835626952576E-5
0.0,0.0,5.983021441104353E-5,1.3396689635677018E-4
0.0,0.0,1.3639450446846916E-4,1.3868669427239018E-4
0.0,0.0,1.351958755097888E-5,1.2503566485887012E-4
0.0,0.0,1.4030859028516881E-5,3.747845373220582E-5
0.0,0.0,1.9156255434177444E-4,1.9430606670393208E-5
0.0,0.0,4.090338688397188E-5,3.276053721444237E-5
0.0,0.0,4.193281353387487E-5,4.797134025952672E-5
0.0,0.0,1.912186171219193E-6,5.439521975661768E-5
0.0,0.0,1.1900213916857213E-4,1.3221094292479782E-4
0.0,0.0,8.372123792054838E-7,5.463667948021923E-5
0.0,0.0,4.7185295385432116E-6,4.373858006805284E-5
0.0,0.0,4.576203479031328E-6,6.0288047331728905E-5
0.0,0.0,1.3219404025521388E-4,6.968998575869799E-5
0.0,0.0,6.405196245189939E-5,8.133858319357481E-5
0.0,0.0,8.869779765433995E-6,8.957179039515253E-5
0.0,0.0,1.600228032003757E-4,2.4403399124851533E-5
0.0,0.0,3.751206854255693E-5,1.391101566483052E-4
0.0,0.0,1.038941621058144E-4,7.41558597049904E-5
0.0,0.0,8.40458353737646E-5,8.512627824706859E-5
0.0,0.0,2.173754871926239E-8,4.72378128030517E-5
0.0,0.0,2.1985476627819905E-5,4.065549894173929E-5
0.0,0.0,8.166846003321552E-5,1.6819035134064964E-4
0.0,0.0,1.0201977693469165E-8,5.8271039274573165E-6
0.0,0.0,1.416346306460631E-4,7.387073894806483E-5
0.0,0.0,1.3400924829311075E-4,4.7204222838956256E-5
0.0,0.0,3.999998864641646E-10,9.099832875383108E-5
0.0,0.0,1.1798607764285575E-4,2.5575160644610012E-5
0.0,0.0,3.6951990794270075E-6,2.462464847509807E-5
0.0,0.0,4.36229638083926E-5,5.369965158617359E-5
0.0,0.0,3.997081105069272E-6,7.98514228933335E-6
0.0,0.0,4.6136705673361434E-5,4.392301582380046E-7
0.0,0.0,4.389414873660417E-5,1.7570746423970594E-4
0.0,0.0,3.7898003036096685E-5,1.4862033377492458E-4
0.0,0.0,4.749374074622941E-6,9.623258577134866E-5
0.0,0.0,7.763213275991839E-5,1.0054571779565617E-4
0.0,0.0,3.42229893293265E-5,3.218275430275943E-6
0.0,0.0,1.7937635250954742E-6,2.5002943034893897E-5
0.0,0.0,1.1396858451037649E-4,1.1613810612539338E-4
0.0,0.0,1.9290639011585433E-8,5.5713891626748555E-5
0.0,0.0,1.6025246902762107E-4,1.8505287010329858E-4
0.0,0.0,2.4549623839963586E-4,6.48463176601437E-5
0.0,0.0,7.464085407099064E-6,5.6083651548440775E-5
0.0,0.0,1.0840968551439998E-5,1.694388879725982E-5
0.0,0.0,2.1892287010820102E-5,6.553096654056005E-6
0.0,0.0,7.752907808421395E-6,5.711072361706985E-5
0.0,0.0,1.57967667029092E-4,8.100809511496122E-5
0.0,0.0,1.3588737320285433E-5,2.204517607589426E-5
0.0,0.0,1.0838907520817113E-5,2.3012556407062984E-5
0.0,0.0,2.490797388380373E-7,1.8242862282849402E-7
0.0,0.0,7.374299872251795E-5,6.535283923108245E-5
0.0,0.0,1.9903731057421615E-8,8.834901729708278E-6
0.0,0.0,5.08502149524795E-5,7.0015618916084E-5
0.0,0.0,3.799869204486755E-5,1.0093048288976859E-4
0.0,0.0,2.1880726948346918E-4,2.008578579151767E-4
0.0,0.0,1.8693782383365823E-8,2.023372804737607E-5
0.0,0.0,4.281704781686916E-7,3.743032683792491E-5
0.0,0.0,6.141680130045194E-6,1.2282646280027444E-6
0.0,0.0,1.6881353960484935E-4,2.8323320080606667E-6
0.0,0.0,1.5515300751041067E-6,9.194757761729864E-7
0.0,0.0,6.17959816169435E-7,3.602129018371422E-5
0.0,0.0,6.134601884487728E-5,2.7263892235896897E-5
0.0,0.0,8.601997377884798E-5,1.9415055453423076E-5
0.0,0.0,3.141678582117291E-8,1.141981964728763E-7
0.0,0.0,1.7542904310390963E-5,1.5622909485243143E-5
0.0,0.0,1.3496060100458882E-6,6.738475984479247E-7
0.0,0.0,1.6175019456634157E-7,9.438946532305323E-6
0.0,0.0,3.78696215010012E-5,1.1992075602994167E-4
0.0,0.0,8.090426436206517E-8,9.925443262355092E-6
0.0,0.0,4.225433958181136E-5,2.3009021027143266E-5
0.0,0.0,4.748623387356191E-6,2.303082882188553E-5
0.0,0.0,8.30933164094608E-5,9.137151164159944E-6
0.0,0.0,2.1200033203928512E-4,5.51131011948136E-5
0.0,0.0,3.758623368673022E-5,3.269598262256431E-5
0.0,0.0,1.020791847169982E-5,1.3535217735732224E-5
0.0,0.0,1.9057720977326137E-5,4.4271101939479424E-5
0.0,0.0,9.825272246618917E-8,6.068396064451472E-7
0.0,0.0,1.7793765361161421E-4,9.719009392558286E-6
0.0,0.0,7.394103359514526E-5,2.3333545802695173E-5
0.0,0.0,1.9838620481428277E-5,1.1849822413759701E-4
0.0,0.0,2.0644306281852747E-6,1.0468788666452983E-5
0.0,0.0,9.552969811377779E-5,6.089088337076091E-6
0.0,0.0,1.5549685832208404E-5,2.4479843773487743E-5
0.0,0.0,8.200218622318155E-6,8.467878801698636E-5
0.0,0.0,1.0233385572538714E-5,1.668696027884591E-5
0.0,0.0,9.44715616674484E-5,7.158969315638596E-5
0.0,0.0,1.619815938243423E-4,1.04393577342105E-5
0.0,0.0,1.5979997805060965E-5,1.8097712771519614E-4
0.0,0.0,7.520975339630122E-6,1.0517135842429749E-5
0.0,0.0,1.0581058447656875E-4,5.751038213417022E-5
0.0,0.0,6.750924003292345E-6,2.7090592958207434E-5
0.0,0.0,6.146643170347021E-6,7.529442837701372E-6
0.0,0.0,1.916602979428212E-7,8.624391950248688E-8
0.0,0.0,6.0003164846665E-5,4.917931895918794E-5
0.0,0.0,9.014550034573248E-7,1.3158180533604906E-5
0.0,0.0,6.943213799510545E-7,2.0035508046987405E-7
0.0,0.0,2.183685190518664E-6,7.791978526423291E-5
0.0,0.0,1.0174449143873687E-4,3.848190347872848E-5
0.0,0.0,1.3796960525311257E-4,1.6214789796518785E-4
0.0,0.0,8.512057886565825E-5,1.0007364801634649E-4
0.0,0.0,5.544994349404977E-5,1.8044395690568346E-5
0.0,0.0,4.492012137064389E-5,1.0061375418918041E-4
0.0,0.0,8.591245025852822E-5,4.344338632403347E-5
0.0,0.0,1.2730877355291172E-4,1.1952222460474756E-4
0.0,0.0,5.4181688942818764E-5,1.8219344977302317E-4
0.0,0.0,1.3043783461935137E-4,1.6390592210070146E-4
0.0,0.0,4.867196397386642E-7,7.39280404928355E-7
0.0,0.0,1.0576193239206856E-4,3.2680411077081655E-5
0.0,0.0,8.762904888464456E-6,1.0868387696968167E-5
0.0,0.0,1.9890534099793158E-5,1.289508914337136E-4
0.0,0.0,3.1491601912780296E-4,9.983292537096952E-5
0.0,0.0,2.878589986149484E-6,3.1388338046863056E-5
0.0,0.0,1.300438266433548E-4,1.96867563146298E-5
0.0,0.0,8.799415634701514E-5,7.337744928083386E-5
0.0,0.0,1.421732885052833E-4,4.1286887506943876E-5
0.0,0.0,8.403246404674702E-5,8.780609127475596E-5
0.0,0.0,1.3793566561594078E-4,1.8588195782982708E-4
0.0,0.0,6.502398153155473E-7,1.1769045778201644E-5
0.0,0.0,1.7723786218660126E-4,1.7640571617646086E-4
0.0,0.0,8.600209810513213E-5,7.284567788310064E-5
0.0,0.0,2.4095240750353736E-7,6.891646506119854E-6
0.0,0.0,3.714450249838208E-5,2.200113283589663E-5
0.0,0.0,1.0221835997381037E-4,3.5683836299869325E-5
0.0,0.0,1.178856375303544E-4,4.913307892679333E-5
0.0,0.0,2.172488715690723E-5,3.091808336571216E-5
0.0,0.0,8.014092137321202E-5,2.0838504934771654E-4
0.0,0.0,5.790747625566927E-10,1.3234341343403942E-5
0.0,0.0,1.8209437214056613E-4,2.0006002928673607E-4
0.0,0.0,8.338922164421799E-5,1.904767074057116E-4
0.0,0.0,9.214236508443291E-5,6.486693869056394E-5
0.0,0.0,1.7716536390294365E-5,3.269627791663575E-5
0.0,0.0,1.5595142857264613E-4,2.103460729394204E-4
0.0,0.0,4.6828340800926605E-8,2.8988527979773997E-5
0.0,0.0,7.182322199502189E-5,8.219883579754439E-5
0.0,0.0,3.669007479856961E-5,2.6728668690801013E-5
0.0,0.0,1.0254654269260042E-5,1.7205450817600233E-5
0.0,0.0,6.227301087693272E-7,6.029120630475925E-7
0.0,0.0,3.640251643205056E-6,4.077698904395016E-5
0.0,0.0,1.960902983512627E-7,5.549577461951384E-8
0.0,0.0,1.0653276473540282E-6,4.4199754542389854E-5
0.0,0.0,5.5998599436278204E-5,2.128840537215314E-5
0.0,0.0,1.2595111612733845E-4,1.878937492185149E-4
0.0,0.0,7.598404102440517E-5,3.798749509994292E-5
0.0,0.0,2.9605684750322466E-4,8.312992489230984E-5
0.0,0.0,3.315105559019798E-7,2.9738239921947603E-5
0.0,0.0,3.610559171306834E-5,9.896318692058598E-5
0.0,0.0,8.452546351333191E-6,6.6858719426035735E-6
0.0,0.0,7.068587904949714E-5,8.90308036692764E-5
0.0,0.0,7.759268748892308E-6,2.0404841975418677E-5
0.0,0.0,1.4355378761311181E-9,1.3394017162401172E-5
0.0,0.0,9.553808651688691E-6,2.759711922972636E-5
0.0,0.0,6.521307090281547E-6,1.3150910669618615E-4
0.0,0.0,6.649132429819473E-5,5.056059610466764E-5
0.0,0.0,3.981893161303765E-8,3.710453146769372E-6
0.0,0.0,1.019089545408379E-5,5.477336206061416E-5
0.0,0.0,2.9365910432177398E-6,2.356841130816703E-5
0.0,0.0,7.197277206743686E-5,2.9582366384863975E-5
0.0,0.0,8.42884954076649E-5,5.9451587663685696E-5
0.0,0.0,4.075258044663612E-6,1.2396417855089806E-5
0.0,0.0,7.981088161090362E-7,2.6842038141704227E-5
0.0,0.0,1.0865875035745934E-5,8.580505743157607E-5
0.0,0.0,4.7959625909216464E-5,1.6308089136686895E-4
0.0,0.0,4.9997500124878864E-5,6.438729095002024E-5
0.0,0.0,6.780726436895866E-5,5.442058045811794E-5
0.0,0.0,1.769232515433164E-6,2.2063545798497647E-5
0.0,0.0,1.6273944086901134E-4,7.947669908066084E-5
0.0,0.0,1.1402181902508142E-4,5.471108406628934E-5
0.0,0.0,6.846248296322757E-5,1.3614368726954879E-5
0.0,0.0,2.062320515731347E-5,2.4219335108366877E-5
0.0,0.0,9.797017783866527E-5,3.43257891221939E-5
0.0,0.0,2.9045295091308587E-4,7.098389030767205E-5
0.0,0.0,1.0102810744296862E-4,2.9886882741629317E-5
0.0,0.0,1.8497460022771133E-5,3.208163716105319E-5
0.0,0.0,1.4595279288719706E-4,1.6254752531592597E-5
0.0,0.0,2.3578601598581446E-4,4.797313442839145E-6
0.0,0.0,1.4275150400568317E-5,6.535090902140481E-5
0.0,0.0,1.1781932565547644E-7,6.448967531194376E-6
0.0,0.0,2.3514948150935957E-5,2.07799104757845E-5
0.0,0.0,1.5704171719371E-4,1.8674182495518541E-4
0.0,0.0,8.469589472474614E-7,1.1462196608015645E-6
0.0,0.0,1.4119822238188426E-5,7.517270147113292E-5
0.0,0.0,2.9194729748885873E-6,3.2264030240386734E-5
0.0,0.0,7.459823005979795E-6,6.97810502306105E-5
0.0,0.0,1.3785551002862086E-4,1.3820551218835731E-4
0.0,0.0,2.1837648704695834E-5,4.963238695592495E-6
0.0,0.0,3.36142897113537E-5,7.937733193198752E-5
0.0,0.0,8.658583982857463E-7,2.6186309119039213E-5
0.0,0.0,2.2578251030714516E-8,2.706257420393186E-5
0.0,0.0,1.2037333064264675E-6,1.8817202934792857E-5
0.0,0.0,4.65958198672001E-5,9.889541168516258E-5
0.0,0.0,1.1635015594326668E-5,8.319970040367618E-5
0.0,0.0,5.738347250368195E-6,8.643719162325798E-5
0.0,0.0,5.914309150812585E-5,2.6424106881125983E-6
0.0,0.0,3.0976525074961014E-4,6.001006684012233E-5
0.0,0.0,4.61413443526233E-5,1.1724748659695924E-4
0.0,0.0,1.1402526303143139E-4,5.0474964542808994E-6
0.0,0.0,7.199789481388477E-5,8.640727664223406E-5
0.0,0.0,2.2633746011245154E-4,1.3353552370645575E-4
0.0,0.0,5.598989946416665E-5,4.4743447431596305E-5
0.0,0.0,9.200025835230481E-5,6.344107999356814E-5
0.0,0.0,1.1399986707851762E-4,4.522942400799152E-5
0.0,0.0,5.5004388305608454E-8,3.9618829058251716E-5
0.0,0.0,7.798652413110704E-5,8.635817793051227E-5
0.0,0.0,2.80771464644142E-5,6.665138504083183E-5
0.0,0.0,3.0013844769812705E-5,1.5431358176863275E-4
0.0,0.0,3.465352176701078E-5,2.2657680426365127E-5
0.0,0.0,1.4321772860637744E-4,4.478368308029174E-5
0.0,0.0,1.0862429280472432E-5,5.0453546551233E-5
0.0,0.0,3.6652547619205544E-7,7.858908626451978E-6
0.0,0.0,8.372818274558022E-5,1.2779282893189716E-4
0.0,0.0,3.4591958169749985E-5,2.6060849494769424E-5
0.0,0.0,1.1995817115853037E-5,1.067686674069284E-4
0.0,0.0,3.4345199521423573E-6,6.672511954030716E-5
0.0,0.0,1.3926070158888537E-5,2.4878729022270677E-5
0.0,0.0,1.9198191850425153E-4,8.171694156160105E-5
0.0,0.0,1.5802783465551588E-4,1.8671527474896309E-4
0.0,0.0,2.6991488967111E-5,1.2060601731727142E-5
0.0,0.0,2.8196531687137735E-4,2.834807253038642E-5
0.0,0.0,1.0939564712433524E-4,1.415610130164977E-4
0.0,0.0,2.3762787895836819E-4,1.1557791321920189E-6
0.0,0.0,1.3929993514271283E-6,1.9717561418601815E-5
0.0,0.0,1.0347944267763878E-8,3.389123443290019E-6
0.0,0.0,6.807214060936207E-5,1.550316290479036E-5
0.0,0.0,7.985304414270423E-5,2.691725889733889E-4
0.0,0.0,1.601272561276529E-4,5.92646027953246E-5
0.0,0.0,2.1803815757781247E-4,8.535365055701538E-6
0.0,0.0,8.586039048616174E-5,2.6681639440534272E-5
0.0,0.0,1.5655137609050092E-4,1.7945106531061647E-4
0.0,0.0,1.8922927657119655E-5,6.432508167661188E-6
0.0,0.0,1.5008475800098436E-4,7.580390290153409E-5
0.0,0.0,2.0586786952271946E-4,5.4134126161804686E-6
0.0,0.0,4.430002545429946E-6,2.6835542471898862E-5
0.0,0.0,1.3782358042302705E-4,1.0697474336258177E-4
0.0,0.0,6.005067785534702E-6,3.0362629380659E-5
0.0,0.0,2.1191692537386354E-4,3.2344962313390595E-5
0.0,0.0,1.975329773904365E-4,6.508793505794048E-5
0.0,0.0,3.3416877910439216E-6,3.81982846512112E-6
0.0,0.0,1.040376319154479E-4,3.3146056335019117E-7
0.0,0.0,1.0344795416283116E-4,1.75993163189066E-4
0.0,0.0,8.959470375729946E-5,2.4953604665556845E-5
0.0,0.0,1.9987344842175597E-6,9.311975980923455E-5
0.0,0.0,1.0192552333995115E-4,3.419807506267194E-5
0.0,0.0,9.524042778295557E-6,1.229687533766847E-5
0.0,0.0,2.8701695917036246E-5,1.0659827650024497E-4
0.0,0.0,1.3585276438050647E-5,1.4272254494051287E-5
0.0,0.0,1.4194936168024683E-4,1.6720547831387323E-4
0.0,0.0,3.292067442000556E-8,9.211234272593805E-6
0.0,0.0,1.223150267333912E-4,2.017575143985633E-4
0.0,0.0,6.854697334866075E-6,3.764882979724811E-5
0.0,0.0,7.016438225288306E-5,6.745069747132668E-5
0.0,0.0,1.9633129852170673E-4,1.723569952344152E-4
0.0,0.0,1.5968641971164267E-5,3.37846367034078E-5
0.0,0.0,1.5788590350305888E-4,5.647269217635358E-5
0.0,0.0,1.479628254761893E-4,1.4261071711805273E-4
0.0,0.0,1.4604400701764063E-4,3.219634587612571E-5
0.0,0.0,1.2752565106595345E-4,4.279809544429991E-6
0.0,0.0,1.279242917891778E-4,1.975348775071534E-5
0.0,0.0,6.256767780933979E-9,1.107667250253663E-6
0.0,0.0,1.7232765953145362E-5,4.138523270412764E-5
0.0,0.0,4.58114493824044E-5,3.585654784273714E-5
0.0,0.0,3.6044592209670696E-5,6.583665389940916E-5
0.0,0.0,9.567093962763948E-8,1.3108670234777353E-5
0.0,0.0,4.178342849589098E-7,1.3294917914268475E-5
0.0,0.0,2.3572684199393823E-4,1.40598838747679E-4
0.0,0.0,3.452819897217321E-6,5.246548977555335E-5
0.0,0.0,3.654160196038143E-5,1.592750874059363E-5
0.0,0.0,1.4052513973597076E-5,6.936673565403788E-6
0.0,0.0,2.297710188956438E-5,5.231269487920286E-5
0.0,0.0,7.99411357592245E-5,5.9682024276592633E-5
0.0,0.0,6.324676039041568E-5,1.2682308978023183E-4
0.0,0.0,5.5677798930992044E-5,1.640622802526068E-5
0.0,0.0,8.677247729538089E-6,5.8305782474902806E-6
0.0,0.0,3.715977133062907E-8,1.6376913604316078E-5
0.0,0.0,9.19902864020377E-5,1.499732643525598E-4
0.0,0.0,1.6219096041420485E-5,2.2943751909414482E-5
0.0,0.0,7.885726996729678E-5,1.713822746527066E-5
0.0,0.0,1.602889810558244E-8,9.82828852179755E-5
0.0,0.0,9.587234547204162E-6,3.576478522171599E-5
0.0,0.0,1.017907686507286E-5,3.732256169914986E-6
0.0,0.0,7.234603659675055E-5,3.8082330150263484E-5
0.0,0.0,4.889256540511903E-7,3.025780423924646E-5
0.0,0.0,3.978449730823544E-6,3.773830141353154E-5
0.0,0.0,7.200888989336759E-5,4.885595744791787E-5
0.0,0.0,4.303662156460394E-6,4.080802073373525E-5
0.0,0.0,1.9993274966417104E-5,3.703630988794214E-5
0.0,0.0,1.9212384600671385E-6,1.4767618482125441E-5
0.0,0.0,1.940063603624346E-4,2.296388153253391E-4
0.0,0.0,4.398611491375648E-5,7.43639891953939E-5
0.0,0.0,1.1196552674624303E-4,7.871061941542373E-5
0.0,0.0,1.0175543841935146E-5,3.575420219425324E-5
0.0,0.0,1.8710459118117644E-7,1.383505130446811E-7
0.0,0.0,2.1968581099440597E-4,7.855004535706496E-5
0.0,0.0,1.9840567905415727E-5,2.666071911871127E-5
0.0,0.0,9.278070330634474E-7,1.4974266572593946E-6
0.0,0.0,4.79165047076176E-5,1.778820029796454E-4
0.0,0.0,2.119912558724281E-5,3.248447648110412E-5
0.0,0.0,1.3009541396536353E-6,1.1030097784195083E-6
0.0,0.0,4.142214751709079E-5,4.885651669632778E-5
0.0,0.0,1.7428335319282447E-7,1.3188355723829292E-7
0.0,0.0,3.457323360386432E-7,7.754178707707714E-7
0.0,0.0,5.448254504155058E-6,6.222086826816696E-5
0.0,0.0,5.395454659496524E-5,1.1523611018505967E-5
0.0,0.0,1.3381886196357809E-6,9.5233035352068E-6
0.0,0.0,6.825413866229971E-5,6.061133336511438E-5
0.0,0.0,5.814494892063483E-5,6.182179015230425E-5
0.0,0.0,1.3739330672623258E-6,2.693943136943155E-5
0.0,0.0,4.734546289202327E-8,3.287006331363575E-5
0.0,0.0,4.3975503405519723E-8,5.253298042698216E-6
0.0,0.0,3.981125704207883E-9,4.3387926915474875E-7
0.0,0.0,1.0854425933464886E-4,5.264815575662892E-5
0.0,0.0,1.963584763930136E-4,3.3713106345123565E-5
0.0,0.0,4.038565034924677E-6,7.191653444067402E-5
0.0,0.0,2.3368657405688235E-6,7.618807697517977E-7
0.0,0.0,3.062252792645102E-5,4.344662050786626E-5
0.0,0.0,9.724941250743727E-6,1.911505603398194E-6
0.0,0.0,3.0324274343914944E-4,1.4428423996587424E-4
0.0,0.0,8.6171886440175E-5,8.213625997362989E-5
0.0,0.0,3.4788149386376834E-7,1.2755977182934075E-5
0.0,0.0,9.801829751091502E-5,1.4711289783363453E-4
0.0,0.0,5.610150624642055E-5,7.064571311164443E-5
0.0,0.0,2.193578343415049E-5,9.37214167771218E-6
0.0,0.0,1.0999012896021282E-4,8.032012677166561E-5
0.0,0.0,1.3615869190005745E-4,1.6662679562563218E-4
0.0,0.0,1.862435692103049E-5,3.0523175823534035E-5
0.0,0.0,2.66976982076013E-8,2.8825030788827457E-5
0.0,0.0,1.7305671162390866E-5,3.879608235097623E-5
0.0,0.0,1.3670996271761588E-4,5.955436072807798E-5
0.0,0.0,5.663103765250243E-9,1.705783510388164E-9
0.0,0.0,1.2404398235594074E-4,1.9606133566982898E-5
0.0,0.0,1.9793193978150716E-5,1.0370473772707484E-5
0.0,0.0,6.606735907935793E-5,9.421412991887021E-5
0.0,0.0,2.0751541684478886E-7,1.4559585727576336E-5
0.0,0.0,1.42738741262518E-5,2.9062643237382653E-5
0.0,0.0,2.3587735031452773E-8,5.713190090623111E-6
0.0,0.0,1.8110143909376682E-5,1.0662111218827876E-4
0.0,0.0,1.0210764180918252E-5,2.4378261097767694E-6
0.0,0.0,2.1468316234146827E-6,1.2656835439203979E-5
0.0,0.0,1.2254085208636899E-5,8.005120541024588E-5
0.0,0.0,2.1188570451074616E-4,1.1744042409232169E-4
0.0,0.0,1.2016217876326223E-5,2.2519207978796415E-5
0.0,0.0,3.7498144749708794E-5,3.56933358987926E-7
0.0,0.0,8.370577511486239E-5,1.583134249632642E-4
0.0,0.0,2.7962993415039318E-5,1.3076058876231307E-4
0.0,0.0,3.583414026586713E-5,5.769005060154499E-5
0.0,0.0,1.2990310739021366E-5,2.9242832721574405E-6
0.0,0.0,3.4181351815949823E-5,2.1803023787491485E-5
0.0,0.0,2.324572330971325E-5,2.4059183373557015E-5
0.0,0.0,1.2230384659588977E-6,3.059811932469272E-7
0.0,0.0,9.026320482974897E-5,6.382479055215929E-6
0.0,0.0,1.4604525814183552E-4,6.501244654492982E-5
0.0,0.0,4.797231655916856E-5,5.152317897087174E-5
0.0,0.0,4.422168609119179E-5,8.917550341980831E-5
0.0,0.0,8.999005999172545E-5,4.186440906879482E-5
0.0,0.0,7.020488667547302E-7,2.4885696613263286E-5
0.0,0.0,1.100083367905241E-4,7.905293984295764E-5
0.0,0.0,4.761346879595583E-5,3.8062614246245545E-5
0.0,0.0,1.1203790312875476E-4,1.0645682987604028E-4
0.0,0.0,6.073672291836521E-5,1.7872103776020398E-5
0.0,0.0,3.390724906396126E-5,5.660474717034901E-5
0.0,0.0,8.894660063516874E-5,2.144985225229126E-4
0.0,0.0,5.071826921305963E-7,7.138613841636387E-6
0.0,0.0,4.636422340285759E-7,2.6616630321579196E-5
0.0,0.0,1.2011679258980854E-4,1.501705648783078E-4
0.0,0.0,6.605849110662865E-5,2.618010715154604E-6
0.0,0.0,3.279008095620221E-5,1.2866766246774384E-4
0.0,0.0,3.043797563860853E-5,6.507980324191602E-6
0.0,0.0,6.249225574972607E-5,5.446425327763315E-5
0.0,0.0,1.2596268902596912E-4,1.2860046584225643E-4
0.0,0.0,3.3135628315734357E-6,4.350937142611014E-6
0.0,0.0,2.8908300238127547E-5,2.645151483917303E-6
0.0,0.0,3.1128415947240624E-5,1.8529049243240807E-5
0.0,0.0,1.116098647730436E-7,3.537250383141381E-5
0.0,0.0,2.319547252251322E-4,3.3449355531331566E-5
0.0,0.0,2.106887132913882E-6,9.955357729307975E-6
0.0,0.0,4.785471429933724E-5,1.1346671840218675E-4
0.0,0.0,6.337526908060371E-5,1.3548473962186167E-4
0.0,0.0,2.4226623030047463E-5,5.569201539918536E-5
0.0,0.0,2.21926836647138E-5,9.588875145676122E-5
0.0,0.0,1.3360059379517082E-8,8.683259883638843E-6
0.0,0.0,5.6072840781721156E-5,1.0822852119038705E-4
0.0,0.0,2.619698138867976E-4,8.470075724903802E-5
0.0,0.0,1.839818605753684E-5,1.6590435575200346E-4
0.0,0.0,3.800792206694046E-5,9.895448061950836E-5
0.0,0.0,2.1711350180845288E-7,3.8715527636770976E-7
0.0,0.0,1.5362795610535676E-4,8.401296145955431E-5
0.0,0.0,2.3824108060002303E-4,7.356416355898168E-5
0.0,0.0,4.7828446846542365E-6,7.730938783628037E-5
0.0,0.0,2.399953200849022E-5,5.928288242847561E-6
0.0,0.0,1.291851136393919E-5,2.77702488068138E-5
0.0,0.0,2.3784015273097136E-4,7.843207332242658E-5
0.0,0.0,9.992209958168981E-5,2.3315691410586692E-4
0.0,0.0,1.4404415129307168E-4,8.653415273696039E-5
0.0,0.0,5.5490524183780555E-5,1.5067700201202385E-5
0.0,0.0,7.008465003751005E-5,7.291777839809389E-6
0.0,0.0,8.191792628238873E-6,1.8064963211281075E-5
0.0,0.0,3.949285456173674E-5,1.860643448369386E-5
0.0,0.0,2.2784645468212043E-5,3.2901641493728365E-5
0.0,0.0,3.552197695299821E-5,7.035075370633766E-5
0.0,0.0,1.426716278417294E-4,1.1352149787852741E-4
0.0,0.0,1.7799985310694216E-4,2.8000643756681795E-5
0.0,0.0,2.6332611379048504E-5,2.881034310531882E-5
0.0,0.0,1.3421443899316388E-4,1.7198215416383536E-5
0.0,0.0,2.0967850393679656E-5,1.9160499548987462E-5
0.0,0.0,8.589049885160773E-5,4.972425357858615E-5
0.0,0.0,2.261492796108888E-4,1.3563104374788324E-4
0.0,0.0,2.3673318172250383E-6,2.7635036133444038E-5
0.0,0.0,4.0457453311440084E-5,1.4390123718465742E-5
0.0,0.0,2.7316392079846405E-7,9.222384415604821E-6
0.0,0.0,4.5383053567298745E-5,3.4625711495399335E-5
0.0,0.0,1.0160441919891922E-5,3.285329618960341E-5
0.0,0.0,6.799961640937729E-5,1.1956849684267737E-4
0.0,0.0,2.6101342079259864E-9,6.928260455624789E-6
0.0,0.0,4.027172677379155E-5,4.2648884800945695E-5
0.0,0.0,1.356974631707136E-5,7.860975755943358E-6
0.0,0.0,3.7345248857992615E-6,3.8153823748019346E-5
0.0,0.0,2.0242696036442963E-4,4.907067923895195E-5
0.0,0.0,5.312440080109562E-5,2.0555944258149677E-5
0.0,0.0,1.802968589477721E-5,1.820814282414937E-5
0.0,0.0,2.1771153446110053E-7,7.128787707334686E-5
0.0,0.0,2.526713627935431E-7,4.366268750320234E-5
0.0,0.0,7.145133313882918E-7,1.1237090201257162E-4
0.0,0.0,6.149315233306476E-6,1.7166225427798093E-5
0.0,0.0,2.7873812344610042E-5,4.700557363737939E-5
0.0,0.0,4.515819626023895E-5,1.2966358928981212E-4
0.0,0.0,1.6500966166304613E-6,2.0481350727957134E-6
0.0,0.0,1.2965354050722708E-4,3.212437167651731E-5
0.0,0.0,4.68797378934114E-6,2.5358468639919053E-5
