5K,50K,500K,5M
0.0,9.390331573694894E-4,0.0023758274104551773,6.441261498208577E-4
0.0,7.435812826016603E-4,3.8053888160817105E-4,0.0013024718989992363
0.0,8.771232103713855E-4,0.003951815754964479,5.244704772065412E-4
0.0,6.98786003979386E-4,8.09300419779143E-4,1.2703209692415125E-6
0.0,5.644297784657287E-4,3.9839534444871386E-4,1.1608070630540351E-5
0.0,1.2350774822684316E-4,0.0012269263350371002,8.136182157579325E-4
0.0,7.348703843041703E-5,0.0010125407200259175,0.0015098916617907242
0.0,0.0018406345746699946,0.0010306204569741218,1.716036136338399E-4
0.0,1.2647337166028431E-6,8.232100162322084E-4,0.0011354338415638882
0.0,4.5730632652221393E-4,7.134239541777283E-5,0.00293943267457786
0.0,6.207784015362272E-6,3.304117143513636E-4,5.86146705120905E-4
0.0,5.712053949057513E-4,7.923835768340627E-4,5.494978712109451E-4
0.0,1.1062447542925485E-4,7.628181667693242E-4,6.168139651415453E-4
0.0,3.134083652985076E-5,0.001674989378398707,0.001522856052995527
0.0,0.0019779512209674895,0.0012429586943741237,0.0011632250023592063
0.0,7.147555387362785E-4,3.9054579867169113E-4,0.0022888766315876424
0.0,4.128328753196571E-4,5.614199442384968E-4,0.0020249357480478934
0.0,0.0011006939450987035,0.00242854665656154,8.944980726499066E-4
0.0,2.935162472269614E-4,0.001693062546977373,5.781293024343671E-4
0.0,1.1304199539997857E-6,4.2386609012725094E-4,0.002052310794533837
0.0,9.935595205714627E-4,1.8523334561112339E-4,3.675640850721375E-4
0.0,7.389858416739592E-5,0.0016009142306409399,3.947090159927716E-4
0.0,0.0019914511792656396,0.0013463131418370276,0.0012261436313831288
0.0,9.366586805266907E-4,9.140490043485889E-4,1.3287464787349347E-5
0.0,3.436466730331899E-4,0.006871572339419983,0.0018465681060873074
0.0,8.270972012820065E-5,0.0012522904232929143,6.077820220003023E-4
0.0,0.0013173502852814813,6.661803245046793E-4,0.0018558315166963262
0.0,4.3992883814210576E-4,3.8320340129577757E-4,1.9958147288984956E-4
0.0,6.826465616850035E-4,4.2210798097410654E-4,9.98764539500209E-4
0.0,3.8663542338320493E-4,7.067546905690812E-4,5.330878862672186E-4
0.0,7.054496015775593E-4,1.8830950067061836E-4,0.002179725243466398
0.0,5.582557136590648E-5,6.628509636542479E-4,0.0017325006789443002
0.0,0.0010152899662067112,0.0014299574967522274,0.0014597709422317382
0.0,1.317565263037952E-5,0.0015146081862910767,7.924955297407066E-4
0.0,5.770868613490163E-4,2.3806852391063062E-4,6.946646966133725E-4
0.0,6.005955802670955E-4,5.035044467406177E-4,4.721255988831308E-4
0.0,5.428877591125455E-6,0.002775083295898112,3.3685838445097924E-4
0.0,0.0017568858024735647,0.0024933994684633236,0.0011262005564977725
0.0,8.376278293110661E-4,0.0035569035013416437,0.0011258385617791441
0.0,1.2621423003126854E-4,0.002971150354522326,0.0016647507033895623
0.0,5.58928370154888E-4,7.456167507048728E-4,0.0024606846004591384
0.0,3.284953447874377E-4,0.0014649023553658302,5.634695904730801E-5
0.0,8.314228457506062E-4,9.305100541065766E-4,2.2253025064086882E-4
0.0,0.0010962077185059337,0.0022269988532979752,2.7470132398541594E-4
0.0,7.746007604515383E-4,0.0023529931905041553,2.361000654206535E-4
0.0,8.185969057302342E-4,0.0036508774299490367,0.0013320413388296906
0.0,1.0278789735238308E-4,0.0011489514785401422,0.002254855923137661
0.0,7.758340244604793E-4,0.001109844189024195,1.2415321886365976E-4
0.0,1.0520390099777907E-4,8.212594625752483E-7,0.001722687707575184
0.0,3.2957477297936776E-4,7.91209689809552E-4,0.0016959323673167354
0.0,9.9132475454587E-5,9.447323798308139E-5,4.678219946868019E-4
0.0,1.599840107821145E-4,6.479266732958712E-4,9.723258224907322E-4
0.0,3.886681881682672E-5,9.466524420395033E-4,0.0024010590441198056
0.0,1.987604106755554E-4,0.0035639918531559177,2.2754480333713235E-4
0.0,3.407128485047822E-4,0.0010347642852964521,0.003555957538237903
0.0,7.216837479492584E-4,6.145711021782138E-4,8.568806703631839E-4
0.0,3.1401085038948952E-6,8.028060298293724E-4,0.0018206610099640826
0.0,0.0010788535130398236,0.0013558066885153224,0.0022227597539289934
0.0,6.939383279398394E-5,0.0037677044553667658,0.0010639912509820694
0.0,7.188924033571826E-4,0.002539838008420488,9.005200254803076E-4
0.0,2.9402914520815855E-4,0.0013225275868787628,8.50106831170594E-5
0.0,7.064021037073648E-4,8.320034142465262E-4,1.545993566594949E-5
0.0,0.0012011361278407354,3.5809925830122493E-4,0.0019613451587597256
0.0,4.5014808299042664E-4,5.573965217667469E-4,2.6686743488547133E-4
0.0,8.601837802644792E-4,0.008323878706171652,0.002369309140325633
0.0,2.11824716708048E-4,0.0040027922002894055,4.894316400678718E-4
0.0,2.070070810770927E-6,4.4267829159108836E-4,0.0035318463068606458
0.0,0.0013753503543312193,0.0016611043289881805,0.0014626003787131985
0.0,9.139953985276852E-4,0.0033158494173331256,0.004382910843024716
0.0,1.0660578864928194E-7,6.282628821059326E-4,2.5818598970133014E-4
0.0,3.484619368486834E-4,0.0033966556111007557,3.1577351012726355E-4
0.0,1.2652576212088569E-4,0.0027687805682083152,0.003310581553904869
0.0,1.5931877632490644E-4,0.003763605922945679,2.2664912937265174E-4
0.0,3.351692905869308E-5,5.866592735951019E-4,0.0018578027533477592
0.0,4.2518580623008277E-4,4.136619341879429E-4,0.0016189018254121168
0.0,2.614786342414919E-6,0.004372257997657538,0.0027011186210711673
0.0,0.0016376831369276958,0.0012169378669427643,9.473680506319105E-4
0.0,6.986641602797315E-4,0.0012077744877446188,0.003706017577297313
0.0,2.133532867382526E-5,0.005252270455267503,0.0013120627291095125
0.0,2.3670402151113097E-4,0.0025136715987533705,2.463568162249887E-4
0.0,2.507532786424511E-5,0.0034118384841108186,2.346666835407454E-4
0.0,4.023383485048387E-5,0.0018944206168533741,0.0012795811945967598
0.0,7.286937252484123E-4,1.7187978075479594E-4,8.75308390201137E-5
0.0,6.045610219804709E-4,0.003728902403182495,3.8859023863745557E-4
0.0,8.6737504812392E-4,0.0018043184832367304,0.002343731248976996
0.0,4.736354887993388E-4,0.0025219202511107385,7.786392174967634E-4
0.0,4.0816929386248285E-4,0.002177133841065111,0.00209664500847978
0.0,9.179907020108758E-8,4.108290039090322E-4,1.669513619938389E-4
0.0,1.5328370231864663E-5,1.977250042795022E-5,3.758724687702352E-5
0.0,1.314060682183611E-4,8.662141731158932E-5,7.09661531766875E-4
0.0,9.630796347138079E-4,0.002957025567296552,1.6106226941850463E-4
0.0,1.595812712263406E-4,0.00467861806937779,0.002382907654977456
0.0,2.565283105715108E-7,0.0011664303472862974,3.820643509484338E-4
0.0,0.001057754634542391,0.0018243554363849726,0.0016890982491683136
0.0,9.126670922749685E-6,1.0631588914235002E-5,4.37530839515423E-5
0.0,5.048534906090476E-6,0.0011244484838612307,0.0011748366171309469
0.0,2.4093711400160996E-5,2.3341048002288185E-4,0.003111163774488653
0.0,8.594099425026836E-4,4.6584757311205773E-4,0.0033410729584694666
0.0,2.407279133290633E-5,0.0010159874818703825,0.0011213107012457112
0.0,7.009705075822264E-4,1.496589799470667E-4,0.0012368624004449667
0.0,4.1420757759819116E-4,0.002288259976255111,8.014384613532037E-4
0.0,5.798080957623905E-4,0.004506055418741197,6.314424214495073E-4
0.0,4.1612613569750353E-4,0.0011231123728255349,4.143215856261618E-5
0.0,4.812080015635798E-4,2.6678979367245397E-5,0.0011165641974878486
0.0,2.8610623459657394E-4,1.7289777468771004E-4,0.00189992796168197
0.0,3.8305132891566166E-4,9.873179962754417E-5,0.002039120221216938
0.0,2.142309527770649E-5,0.0030223484394682715,0.0010095116821052016
0.0,0.0035884235044432683,0.0013893029300603502,0.0015554647952017954
0.0,0.00115231727332404,1.2244977817084236E-4,1.2233175746003533E-4
0.0,1.8983621654534934E-4,4.1956821046047445E-4,4.92590302084943E-4
0.0,1.7540493188692496E-5,0.0066207748239909036,0.0028991742465813344
0.0,6.276027810098633E-5,2.2117225208088095E-5,9.853723033705416E-4
0.0,0.0010968050095685967,0.0022021453973154266,3.509457466232866E-4
0.0,6.975412930915781E-4,0.004072129852820379,8.709635497636165E-4
0.0,0.0014795179724133665,5.163858432876578E-4,0.003833095501172905
0.0,1.4869800823866076E-4,0.0011060951773378704,0.0023933034582617452
0.0,8.561471664563321E-4,2.81222307109704E-4,4.95971242117841E-4
0.0,8.438823629470831E-4,6.566792147455855E-4,4.883387028524875E-4
0.0,5.911409154309438E-6,1.2973596594442126E-4,9.702236432924966E-4
0.0,1.1343920752660878E-5,2.4858823149966397E-5,2.611538582142239E-5
0.0,3.004157784499201E-6,1.3960716652074493E-5,3.4159839851242116E-5
0.0,4.506494991988677E-4,0.001121434076299867,2.1730793018511803E-4
0.0,4.7325570051995347E-4,3.84784693080031E-4,5.346098656278007E-4
0.0,2.1758947370743745E-4,1.0339060200760122E-4,3.556119632616844E-4
0.0,4.326301803466572E-5,0.0036790757789355428,0.002816025614263007
0.0,3.6343912470266607E-4,7.298963178886716E-6,5.481319306519559E-4
0.0,2.3228569927731262E-5,0.004906171806469592,8.919474772938463E-4
0.0,7.196672299436539E-4,0.0019182990042492817,0.0023659483447707884
0.0,2.939167825298025E-6,2.551501160281374E-4,5.998546245834757E-4
0.0,2.4018796059200107E-4,0.0013173867943206867,1.789628037402807E-4
0.0,7.061932469872372E-4,0.0011106666198449275,6.359163449111693E-4
0.0,4.1511957560035756E-5,0.0032568980308658566,4.3175801105568157E-4
0.0,4.548213659258283E-4,7.159759805624104E-4,0.0012554622308970258
0.0,0.0011731444297865036,0.0017746931404871965,8.304045320052603E-5
0.0,1.6940285921829629E-6,4.894132433528501E-4,2.231000348642107E-5
0.0,7.888715222402891E-4,3.811776340559981E-4,8.634254744608053E-4
0.0,5.749321474460222E-4,8.386729718848455E-4,8.44380859501866E-7
0.0,4.959752917638258E-7,9.897858703451171E-4,0.0010472405673184625
0.0,6.086558492063405E-4,0.004517729623269935,5.653923186629889E-5
0.0,5.094085361114266E-4,1.1729948974959128E-4,9.677085310195352E-4
0.0,5.978381257309953E-4,2.7359751761890517E-6,0.0017064797657208618
0.0,0.0013961085566209575,0.001276893346468844,8.77065795187217E-4
0.0,2.2656930499538307E-4,7.886782802653909E-4,0.001915564279756436
0.0,6.294295901044241E-6,4.910135352919603E-4,0.0047793282286338595
0.0,2.8901289531801504E-4,3.5060904726528125E-4,4.2917089434944816E-4
0.0,2.4531320624756904E-5,0.004472978948291948,0.002570797897979233
0.0,0.0010032290741518418,4.1473530342980185E-4,6.982718167264584E-4
0.0,2.252814723196178E-4,0.002452118155930544,6.590071886728225E-4
0.0,1.0063305854439718E-4,0.0016420118074152736,0.002117268856577501
0.0,9.192146775863837E-4,4.335606795653375E-4,5.666537206166745E-5
0.0,5.765274472319301E-4,0.0015735022323962473,0.0043405911233083735
0.0,0.001703979874659164,3.926198892919234E-4,0.0011699853204026785
0.0,4.162891979832848E-4,0.003319830979954424,0.0038390984677869433
0.0,0.0014757846435495324,6.973746015032035E-4,0.0036695438900768004
0.0,0.0019114183859653589,7.349932950466996E-4,1.3042779475889023E-4
0.0,0.0014846371524519229,0.0023450387096890435,3.0798117584375577E-4
0.0,8.20542650550617E-5,0.0014051596060949104,0.0014260084939575752
0.0,1.8075621612181024E-4,2.482951686616388E-4,0.0023623472834577897
0.0,0.0012242101560837957,0.0017065536743962127,6.861601862157021E-4
0.0,2.8903914738775467E-4,0.0010932017745930213,5.339129950649862E-4
0.0,4.878529141174201E-4,2.2684557032526915E-4,3.369904484826335E-4
0.0,7.208501437865012E-4,0.004882914690550367,4.01771754275802E-4
0.0,7.321548045919958E-8,0.0020965575652404133,3.209952759625014E-4
0.0,0.0014500601372870942,8.882197030747812E-4,0.002070140182798156
0.0,0.0013083217762468735,4.958967495077624E-4,7.240418270831367E-4
0.0,4.815708844557625E-4,0.003055923500080538,0.002264470651272823
0.0,0.0010083009802899605,8.383726777171964E-4,2.583554856473803E-4
0.0,1.163167464555698E-6,0.001409945302759379,3.685364528976118E-4
0.0,5.435382215065289E-7,0.0012495096938890827,7.385294323350891E-4
0.0,1.8994478556279776E-5,0.0022832820940064122,0.0021254670827448004
0.0,2.8052829877287037E-4,6.33135064930814E-5,0.0013298572781310434
0.0,3.483153398199312E-4,0.001439874878558125,0.0022800754417267896
0.0,1.2791828890115707E-4,0.0030346487031099206,0.002983133338015827
0.0,2.578982113743739E-5,3.1200582525274555E-4,0.0014909558467793747
0.0,5.608954733184821E-4,0.001270819347839221,0.0012216557303974863
0.0,5.298644688125608E-4,0.004409336212549554,0.0017789571827108632
0.0,0.0015247177308449838,3.9279242145152845E-4,0.0022192461607806048
0.0,5.748872855525636E-4,4.16821403141094E-4,3.569620762029907E-5
0.0,2.52684690971095E-4,6.047305248020156E-4,7.882567623609713E-4
0.0,1.4618323516247918E-4,2.3891791669117878E-4,5.311796537613283E-4
0.0,4.5853638034071254E-4,8.391636646586126E-4,1.0212391199172929E-4
0.0,4.548698245990534E-4,5.7071620140298836E-5,1.4903712501742214E-4
0.0,7.681097356954362E-4,0.0011222360730376306,1.0387573938269421E-4
0.0,6.489920554861861E-4,7.421916893847095E-4,9.425259050527724E-5
0.0,1.5178427020131609E-5,0.0019224470713327469,0.001072700596809494
0.0,3.463619345026506E-4,0.0023245509428034337,0.0018884154901822202
0.0,9.791911182681975E-4,4.5633976946485684E-4,7.827689124122174E-4
0.0,5.166779991623122E-4,4.4326089658885384E-4,0.004542052014709199
0.0,6.048460194117832E-4,1.9471484766655735E-4,5.97811473705393E-4
0.0,7.322015775952662E-6,0.0021040399118000667,0.0015023436202307359
0.0,1.6262015603189903E-4,0.004102026731223286,0.001182845676983421
0.0,1.8202562442105956E-4,0.0017667589781758279,0.002321912180631076
0.0,9.739354501122345E-6,0.0026142896913485666,0.003430866158392741
0.0,0.0015776681397157574,0.004236154947553618,3.8211208875945404E-4
0.0,0.0010742060538558543,0.0034272673072594114,6.87480742844256E-4
0.0,1.0323371273687803E-5,3.2895922793986314E-4,0.0013272205095469375
0.0,2.9031712238263273E-4,0.0024095581398449113,0.0032457913398201963
0.0,2.042264262582257E-6,1.1177304320318371E-4,2.0997718239190317E-5
0.0,1.1803031640976774E-4,0.002518413754921321,6.151287316852484E-4
0.0,9.498258417464224E-7,0.001596714389722164,8.001895640423575E-4
0.0,1.9733194482918266E-4,1.3426423732311018E-4,0.003282988649338592
0.0,5.473483796721413E-5,0.0016608659650227061,8.937600134308622E-4
0.0,4.921171064930918E-5,0.001536343246912064,0.001013068185069342
0.0,4.336187057959189E-4,5.005301459322541E-4,2.3335391810583642E-4
0.0,1.5207999813342438E-7,0.0029984189645264102,0.0021427773864723513
0.0,1.548621451306636E-4,3.0757927599588797E-4,7.835684677767696E-4
0.0,0.0025798001373540883,0.0024892296784000904,1.1116970915255911E-4
0.0,1.0481859514070498E-5,7.433987906512271E-4,0.0023839019514542625
0.0,5.261059374232232E-4,0.0013098699851905719,0.0013488911691526815
0.0,7.473391003935941E-5,0.003392054315027428,5.773720791209308E-4
0.0,5.402625396520058E-4,0.0011744820387858447,1.4457421543261076E-5
0.0,9.658798672771999E-7,3.8245788979554996E-4,0.002026189177217078
0.0,1.9033536805836674E-4,9.101470534052571E-4,5.892880648492261E-4
0.0,3.374137347120082E-6,0.0014100590489403231,3.4597378498018823E-4
0.0,3.196078031438859E-4,0.0019676070982775355,0.001169391287011678
0.0,0.001479524400797768,0.004855474957432463,0.003826868189562825
0.0,3.5146775947380526E-5,0.001952437398325206,5.533604597097196E-4
0.0,8.269158476082434E-5,0.0020637809032717086,0.0018522809879108076
0.0,1.106376775016136E-4,6.880124936117098E-4,6.296330437596067E-5
0.0,1.560186372153197E-4,0.0012140418548109329,5.806063688128187E-4
0.0,5.9998841858134796E-5,4.32734601868432E-4,1.3979603252562748E-4
0.0,9.43660260092453E-6,3.168868109463307E-4,3.1230452677419047E-4
0.0,0.0014515352456683673,0.0025959618965095683,5.095998237902375E-4
0.0,0.0016697921861687625,3.7206627728797096E-4,0.0017898380555130147
0.0,1.7747104702093558E-5,0.005919309952712202,6.312419212703407E-4
0.0,0.0011609107138935775,8.082066607661309E-4,0.001054214523571568
0.0,8.389517624917416E-4,3.892815112035696E-4,4.2896645026150617E-4
0.0,2.8244222011299666E-6,0.0017477326068274777,3.6358693182330954E-4
0.0,1.1086806512580545E-4,1.249137032887612E-5,0.0018704676143002114
0.0,1.835458153173076E-4,5.834272386739771E-6,0.003067908755847952
0.0,4.0346264184205466E-5,0.004824863887805407,0.0016482355528244276
0.0,5.899600315476101E-4,2.19630568261202E-4,0.0014233364317634265
0.0,6.140064337735427E-5,0.0019752899955598597,8.427367716809348E-4
0.0,3.220831316060788E-4,0.0051922802395641034,1.656290356184008E-4
0.0,1.9288644483184353E-6,0.0036538095759538576,0.0031710088178221562
0.0,1.4139638035493807E-4,5.373897241716377E-4,0.0014693185981390798
0.0,6.042197407838614E-4,9.045444457379151E-4,1.9000612837838393E-4
0.0,4.4104069147693866E-4,0.002391191515790219,0.001088653317771357
0.0,6.099304518954503E-6,0.002065632102801619,0.002028522067625334
0.0,0.0012414537606392191,0.0025967412206776984,0.003199644958867117
0.0,0.0013484914052911922,1.0930341354583276E-4,2.1029532061299906E-4
0.0,5.123342329131098E-4,0.0021547124300815394,3.907009908182451E-4
0.0,0.0010588687968635829,0.00152130640806214,5.722986340436831E-4
0.0,8.378234889465854E-6,0.0017413406153417613,0.0022731994467401497
0.0,4.17732628444219E-4,0.0013067209434584294,7.327871942910288E-5
0.0,5.786715204569323E-4,0.0010116174050434222,0.0028649063434829417
0.0,8.684800701886534E-6,0.001971396973562181,0.0012381317654136467
0.0,2.30148298109385E-4,0.0015353240840219017,9.714585293412631E-4
0.0,2.0077097036364397E-4,0.0012537866844658902,0.0014212570631390521
0.0,0.0012013565900184967,0.0010998006891422918,2.942342058651784E-4
0.0,1.3533290126546142E-6,0.0012828894418964842,0.00412140749591469
0.0,3.831668794088446E-5,0.0029985132210448746,4.326555416088456E-4
0.0,8.058508542000108E-4,0.0010518814876865866,0.0014026695433017379
0.0,3.454242842524086E-4,0.002562181530570955,0.0010296740259794718
0.0,7.413567514505988E-4,0.0027628900921255637,7.714872288876972E-4
0.0,6.903851460124447E-6,2.132966374859696E-6,3.9457121215506056E-5
0.0,2.8592863768741564E-4,0.0028844576779977543,4.85690979620299E-4
0.0,2.121505451886645E-6,0.006231391391918415,0.0033226661341972884
0.0,3.963210689951023E-5,0.0015107931101822035,6.423945266555041E-4
0.0,5.869493463395324E-4,6.777991022117624E-4,4.3744730639200437E-4
0.0,3.563073075391626E-4,0.0034789043246055457,1.64166358732376E-4
0.0,8.120307663665931E-4,9.830588199380924E-4,6.572440373763888E-4
0.0,0.0022306001691489003,0.001062149469520878,0.0015724051951815118
0.0,1.8329555138128515E-4,4.19880468955497E-4,2.720590255029527E-4
0.0,0.0012057705782401,0.002382609860486367,6.661045713007167E-4
0.0,7.907083089084259E-6,3.649800195116123E-4,5.840343732407926E-4
0.0,7.76351203383388E-4,0.0014401940329344404,1.3723412006155784E-5
0.0,3.992032594297151E-4,0.0030580319966025346,9.613433681120025E-4
0.0,0.0014805500006384552,0.0010559810966779871,0.0012960394055838063
0.0,6.630664726958639E-4,2.8389290946279733E-4,8.289953395104485E-4
0.0,4.436652302659234E-4,0.004678926601420769,0.0012630984303922588
0.0,4.180188173178165E-4,5.142440487888143E-4,0.0019187766116546617
0.0,8.038569206073463E-6,5.048389946509784E-4,1.1868193528521059E-4
0.0,0.0010613520343488452,0.0027165809914218774,0.0011596149418659453
0.0,7.74358184218962E-5,4.4904732417951716E-4,0.0012289220802458296
0.0,2.4017449359126162E-4,5.380068226442191E-4,0.0029990877514537427
0.0,9.347322415103403E-4,7.3403172537178E-4,0.0010243973481202518
0.0,1.6587759676275005E-6,2.658513937607487E-4,6.809410334216243E-4
0.0,5.7580781058351474E-5,3.802836634576552E-4,0.0014451355869560026
0.0,2.1660894529518525E-4,1.1098145084575988E-4,1.9877524706201E-4
0.0,6.201233668159186E-4,3.0475905370123366E-4,0.002452202282270472
0.0,2.0694983544284742E-4,7.503451218899434E-4,3.3519871419433533E-4
0.0,7.071575540822626E-4,0.003973156863786317,2.447089408303538E-4
0.0,0.0011242667072391059,0.001486167302339215,0.002872441648242251
0.0,1.0801962270090254E-4,6.517633964164768E-4,2.586713812443123E-4
0.0,0.0011826379721855864,0.0018200297700266216,0.0031748728908601183
0.0,6.2874549470729E-4,9.214774874138751E-4,8.800800947845022E-4
0.0,1.2490865545529151E-4,3.4504136292611725E-4,5.417610281923181E-4
0.0,2.9945164332760826E-4,0.0021619435183897564,8.94636229906714E-4
0.0,9.973374086693336E-5,7.274616371224296E-4,0.00267133644430834
0.0,1.489057856778838E-4,0.0015180928990326749,0.0016634253449528125
0.0,9.368576010733943E-4,5.306521503311457E-4,7.102210540191609E-4
0.0,1.047868602756335E-4,0.0038660764305472432,0.0017294804050149064
0.0,1.565789087315421E-4,3.952193238550757E-4,9.755493698106819E-4
0.0,8.522999778844946E-4,6.484116391130754E-4,5.05093379726325E-4
0.0,8.596841916717029E-6,0.0020566647634340865,0.0020034667855053792
0.0,4.726476514973363E-4,0.001621192519311458,0.0021865806757712125
0.0,2.128046575281768E-4,0.0015305825511770352,1.0688154625034282E-4
0.0,4.602888406043684E-6,0.001984509457138577,0.004434872270017464
0.0,0.0010319153277189737,0.0033771060232089646,1.0425071123691532E-5
0.0,5.013491102789982E-4,0.0021628716562286394,0.0022685950245433756
0.0,1.8430700308518796E-4,0.001070542047420387,0.0022773858989353817
0.0,6.382012994635064E-4,0.003543506939070414,0.0028304160974658775
0.0,0.0012003429763528394,3.265077782698441E-4,2.9888852946477853E-4
0.0,1.5142401271683734E-4,7.937220040480212E-4,0.0013647868488029435
0.0,0.0010877401861701102,4.3269397307193607E-4,0.0019206028267046153
0.0,2.998939667027802E-4,6.820106695333521E-4,6.846532308502723E-4
0.0,1.060656498495166E-5,0.0010392901289504287,0.001098581703615812
0.0,2.883127226899598E-4,6.084772327509405E-4,0.0011479872835901724
0.0,2.469584618261017E-4,2.743317977417152E-5,6.224539787047155E-4
0.0,1.0907796928038306E-4,7.600278102085168E-4,6.162621775129396E-4
0.0,2.3741130252530362E-4,0.0011304283109381996,8.227679089462841E-4
0.0,8.098622954433157E-4,9.790692112148884E-4,6.709323868507089E-4
0.0,2.4048957083510386E-4,0.002905383970530397,1.7289777751808776E-4
0.0,4.0256281715054185E-6,8.317523311876231E-4,0.001046190725502754
0.0,0.0010057359955050295,0.0014727574923294883,8.466439878025453E-4
0.0,4.761140375556085E-6,1.967125841580095E-5,5.0668349355467274E-5
0.0,3.3585479794067255E-6,3.388002324833944E-4,7.335978319504214E-4
0.0,8.318767024235274E-5,0.002746346655532282,4.03142864150821E-4
0.0,3.4975798233630477E-4,0.0028465425323580982,0.003033346279089867
0.0,7.844434095580953E-5,0.0036286486636240393,3.5899736681303286E-4
0.0,1.415826758652976E-4,0.0028271966045780275,0.0024974386922485244
0.0,6.460143967167612E-4,0.0024797517385849125,7.861162675130604E-4
0.0,3.584226703156482E-4,1.9166780491806926E-4,1.992741638569499E-4
0.0,3.5107566255185806E-4,4.554157084653153E-4,2.2544219649089028E-4
0.0,0.0018213694414319498,2.205478426035927E-4,0.0017676881900706796
0.0,6.876183928753282E-6,1.2023563027675013E-5,1.052220503762611E-5
0.0,2.7350338595677875E-6,0.00432582229019799,6.372342720512179E-4
0.0,5.820734042803622E-4,1.9825993315869273E-4,6.103118625442722E-4
0.0,2.383886636742006E-4,0.001561185730809817,1.2285847661845179E-4
0.0,0.001861846938577183,0.001120773882281559,0.003022876310883367
0.0,8.413140074518649E-4,0.002512240066452375,1.2783957625564934E-5
0.0,5.200414239274729E-6,0.0013008211283496854,0.0016066070727774589
0.0,1.2464498735400518E-4,5.448894134441796E-4,3.5532985687458847E-4
0.0,0.0015358790553904903,0.002529066420544298,7.911124488294312E-4
0.0,6.195005978161798E-4,6.128766566709772E-5,2.3546871872913812E-4
0.0,8.458876402982114E-4,0.002462848561183767,0.0014891391310975634
0.0,6.068324718279E-4,0.0012769482696575352,0.0037779627766191095
0.0,1.846035293481964E-4,0.002616837650771883,0.001090342480712038
0.0,4.527745388942744E-5,6.615891261327036E-4,0.0037850569155348126
0.0,6.623731024130433E-4,0.0019748926118908507,0.0024334494058343703
0.0,1.6310987202340654E-4,0.0021745893358475544,0.0018672935750112445
0.0,1.4849053769021245E-5,9.291196226648791E-4,7.95443891207032E-5
0.0,6.530368867988368E-6,0.0035286385490992086,0.002793279426515734
0.0,1.427370722591104E-6,0.0020718905492027773,0.0013598525203644633
0.0,1.4171325360708942E-4,1.1217616238789604E-4,8.802671971536646E-5
0.0,7.925632876292936E-7,0.002736870357534837,4.789027923366763E-4
0.0,8.617313507737777E-5,0.005975808547923352,0.0013949284651226476
0.0,3.2180397428019386E-4,2.7114576385437264E-5,7.481069909172342E-4
0.0,3.8252252107885436E-5,7.609248324804533E-4,8.345941413598353E-4
0.0,1.4023582507135407E-4,0.0011386361464626777,7.904668908802157E-4
0.0,3.0207647621629305E-5,3.2767589474320795E-4,0.0010223070187436142
0.0,2.4263093913046178E-5,0.0014021502051243344,3.6245661232926763E-4
0.0,7.321813198676963E-4,7.265679019634628E-4,0.002703550858573545
0.0,2.0903487936087537E-5,3.962547159748575E-4,0.0025194346620289933
0.0,5.692774640761484E-7,0.0014733932809278829,6.180140507703255E-4
0.0,6.411669939068257E-4,0.003358281694044652,0.00196115946155121
0.0,7.985122121133859E-4,0.003890981105587472,3.037179888209324E-4
0.0,5.286694643352811E-4,0.0015231127605301869,0.0021359455519271418
0.0,5.393916233383416E-4,4.6863837396549405E-4,0.0018265537620835216
0.0,5.079329843694177E-4,0.0010195458613882003,0.00599964579992521
0.0,4.791317628761809E-4,0.0023459711541425833,7.792101324236173E-4
0.0,1.0473642320756773E-6,8.318845602377926E-4,0.0030374925748839934
0.0,2.5067805310164136E-4,5.468138994133543E-4,3.128598765202103E-4
0.0,3.717429985516474E-4,5.312409449634639E-4,9.611394161114215E-4
0.0,5.980714898486809E-4,0.001345188947466806,0.00269514992144667
0.0,0.001059079411078277,0.0015041121509943383,1.6419516476705136E-4
0.0,7.85646451338879E-4,0.0019810949633709304,0.0012824444001877252
0.0,5.788455788768474E-4,0.003247950090936441,0.0018816606562239266
0.0,1.0542424621102956E-4,0.004082112304326594,0.002958226367447768
0.0,6.467685997880541E-6,3.154291466259597E-4,5.869705703454642E-4
0.0,1.1849471524573306E-5,0.0013314097590543588,0.0012878880990878294
0.0,0.0013195292127978753,0.001626043949433153,0.0015905347009179487
0.0,0.0012660403735734289,0.002158961757582376,3.3733902461709234E-5
0.0,2.3115071512512674E-4,0.0020855323373638475,0.0018957960826530742
0.0,6.715486620749135E-7,0.001868233079000311,8.576589343284813E-4
0.0,2.1382853763517398E-4,0.0015671043668955384,9.794068198247829E-4
0.0,1.605831258898241E-5,8.85477114411842E-5,5.11676079464306E-4
0.0,0.00101821097431072,7.658880773854949E-4,0.001693585259126052
0.0,7.423321913082552E-4,6.558431964961735E-4,8.192057828667303E-4
0.0,2.6573893914309583E-5,5.652072443689364E-6,5.912607892180863E-4
0.0,0.0011772373220267627,1.4863434845965027E-4,7.424034797056612E-4
0.0,3.429537662083253E-4,0.003112944914682711,0.0014878457285966646
0.0,3.417477674402199E-6,0.0028417201627423923,0.0013802594185045234
0.0,3.190887373137998E-4,0.0013014663218125035,2.571344933040127E-4
0.0,3.9871773219843496E-8,0.004496496393707883,0.0016190721061415056
0.0,5.803147416677208E-4,2.791940794733832E-4,5.972915808834139E-4
0.0,8.352032872056193E-4,2.7593723604927013E-5,4.337979583845858E-4
0.0,0.001126788436999233,4.394027482727239E-4,3.1717944784846524E-4
0.0,1.3116291338371997E-6,0.0024144352326132532,0.0032639128400814813
0.0,9.430167461043443E-6,3.4924872074192325E-6,7.38640478909037E-5
0.0,0.001066510534901678,0.002680420428312432,0.0013854612052643317
0.0,4.416064341927735E-4,0.0032933047542780167,0.001076171825848988
0.0,6.399591871119017E-5,9.448375200792577E-4,0.0022679918137103704
0.0,2.441771463940962E-4,8.880103570945861E-4,2.3269673900590376E-4
0.0,6.615151306645523E-4,2.70963087389411E-4,8.080390399133241E-4
0.0,9.032573036582477E-4,0.0017310713315235463,2.7451404143045185E-4
0.0,2.3553042744492317E-4,0.0033461850485471344,0.0028745941148131983
0.0,0.0012012097088592729,4.102543603916575E-4,5.301593795751723E-4
0.0,3.9053052521914773E-4,4.210219758338891E-4,0.0017240880045928488
0.0,3.3987564007068244E-4,5.891708728163572E-4,8.130075336864875E-4
0.0,0.0013310739786235332,3.520006430301358E-4,1.802226438663325E-4
0.0,6.090553380568538E-7,4.457043957383944E-4,0.0012088118381814617
0.0,6.925773144047684E-4,8.344990775252936E-5,3.8741487568198085E-4
0.0,7.386084679083971E-8,3.129720587473029E-7,1.4919587048516238E-7
0.0,0.001407734885342476,5.614088516895157E-4,2.8575876929352574E-4
0.0,8.545270344163138E-4,0.0011795523367639455,3.8069955610099866E-4
0.0,6.821806066311715E-4,0.0025618802226671025,0.0022141233206577292
0.0,1.2563664710215532E-5,3.627092571718053E-4,0.0013832672386309228
0.0,0.001243685501862161,5.682416024547403E-4,0.0017341866578356846
0.0,6.413699923187226E-4,0.0014585541859013186,0.0020268151418084916
0.0,4.77537860603911E-4,4.599357506250969E-4,0.0010561608360320118
0.0,2.377445238841549E-4,8.217546476799472E-6,6.71642189541868E-4
0.0,0.0016831515830982614,0.003707465585148875,0.003245776140133421
0.0,2.440041855654477E-7,0.003647524744891111,4.997615976607405E-4
0.0,1.17709835518042E-4,0.0017212678011267505,0.0018707989899194991
0.0,2.7420533871593756E-6,0.0021633546104390796,5.155273141345677E-5
0.0,5.602143439965907E-4,0.00494250614207985,4.5254390042074054E-4
0.0,1.3516065157049345E-5,5.805996268045179E-4,0.0015554283328913577
0.0,6.744407962349325E-4,0.0035138347265449054,0.006084742301173411
0.0,3.207798378636949E-4,0.0014986576378813784,0.002423972147212934
0.0,0.0014960873372704701,0.0018461453895429086,0.0015791728393442232
0.0,1.7114499433941543E-5,3.273480000651393E-5,5.0241459847770616E-5
0.0,2.2396266242210462E-5,0.0013329624649415137,1.8675842798744765E-4
0.0,8.132890707057487E-5,0.0033625255027923567,6.189062698539727E-5
0.0,4.46324767169514E-6,0.0021927146769445557,0.001137718657362427
0.0,1.4419404191810612E-7,0.005915565687948852,0.00243184493078864
0.0,8.306899078220702E-4,6.564945773631913E-4,4.399547404718108E-4
0.0,9.788476538549324E-4,1.8823994185855863E-4,1.7909065500635877E-4
0.0,6.685045845457707E-4,0.0014277788804650706,2.1897634217930178E-4
0.0,1.2005640032127139E-4,0.0018219159302228858,6.703726890163854E-4
0.0,0.0011006949579668824,0.0022496127644353213,3.4608133930201263E-4
0.0,4.980302111033607E-5,0.002680222169073527,0.0012489951142743245
0.0,6.027365469856868E-4,0.0016540459281416734,0.0013935707612967394
0.0,3.118016955246518E-4,0.0010702299724012038,0.0012392488149525506
0.0,5.255935447463461E-4,7.99874351430562E-5,0.001956216789891549
0.0,6.557060023047078E-6,1.2065720680303383E-5,2.9922129507634444E-5
0.0,1.0981915723309039E-5,0.001660900315479733,0.001683467190252326
0.0,1.2616287050988014E-4,1.1307489530284805E-4,0.0012090650705805692
0.0,9.90901284830527E-6,5.993357885055906E-5,3.8338795243003144E-4
0.0,1.2057641416841082E-4,0.003017602342463016,0.002049812613284488
0.0,7.698101320539142E-6,0.006668822452042748,0.001111464477187027
0.0,0.0013471692758146065,0.0023820568937550396,9.96277991395516E-4
0.0,0.0015500504733045554,7.524542830132511E-4,0.0014097822254640045
0.0,4.960016302965745E-4,0.0014588600387169127,9.400705815676786E-4
0.0,0.0013935115612826313,0.004575682542557663,0.003248313288959982
0.0,1.644537025772582E-4,0.0025825016221511675,7.491451735495613E-4
0.0,1.0880612527055122E-4,4.398052938614202E-4,3.4210659579683695E-4
0.0,6.383923959165312E-4,6.852340224253252E-4,0.0018317909109572766
0.0,1.3201399169913744E-4,1.4392105690748893E-5,6.763427715260291E-5
0.0,8.203708590661863E-4,3.3643064174001354E-4,9.557920471294153E-4
0.0,3.803862741399354E-4,2.2827541510801565E-4,2.303019766998803E-4
0.0,1.019275306799123E-5,1.0440102036324173E-5,1.0596597709675169E-5
0.0,2.94670823004814E-5,0.0019177924363481345,0.0019989781975762975
0.0,2.3750230583258165E-4,0.0016470326047573927,0.0023848101120559893
0.0,0.0010726121052561505,4.0886847851024613E-4,0.0011023503168335997
0.0,0.0023059297230827998,0.0018943094717129496,0.0027384035352530293
0.0,9.05146208364629E-5,9.045239558389725E-4,0.0010042535067911818
0.0,6.787373508243513E-4,0.00182675973163685,6.253277804203517E-4
0.0,0.0015673384977904232,5.147977275454754E-4,0.0012214302124372047
0.0,6.164419824856509E-4,5.053817935309799E-4,0.002200693541427354
0.0,1.3137830798099954E-4,0.0032093680543424236,6.178945154815732E-4
0.0,3.2894659089235907E-4,0.0029149620549877605,6.914384439407359E-4
0.0,9.037581883987671E-4,5.063568582590896E-4,2.5450439280409704E-4
0.0,2.4360046931593855E-4,0.0016014914642918572,1.469879541771072E-4
0.0,8.925595889686754E-6,0.0038120240352367356,0.002550871116739239
0.0,0.0019168841939915715,8.094936713707421E-4,1.6983829358995927E-4
0.0,4.042832193742764E-4,3.8535122659351015E-4,0.0017231767900914548
0.0,0.002508914120755,9.603541808726867E-5,2.2175510664669256E-4
0.0,2.438213484704122E-4,5.341822759463257E-4,7.936916617926369E-4
0.0,0.0022062741229742673,0.0031534644709433346,6.771721502451162E-4
0.0,2.560748591398907E-5,2.0217752684684802E-4,0.0012894597382737297
0.0,6.92892835855832E-4,8.590428086676634E-4,0.0010912699466077275
0.0,3.5025649157825826E-4,0.004850900034396846,0.002777020179168869
0.0,1.3594892105352173E-5,7.907294227283941E-4,0.0017552882892447994
0.0,4.8716517831228856E-4,0.0010205082814079213,0.001743535526365923
0.0,1.064779383323293E-5,0.0022602002089708033,0.0017700120134777823
0.0,4.8473811453354106E-8,6.284033502548034E-4,2.583471205367942E-4
0.0,1.547454965904865E-4,6.1779360636198E-4,0.0025719539314535723
0.0,9.592729371392611E-4,0.002221425854399255,0.0013844232340033038
0.0,7.492170001678463E-5,0.001540539934658289,0.0017136527004382254
0.0,3.330626764543146E-4,8.958931370664486E-4,5.5607403607571744E-6
0.0,5.660208458359817E-4,0.0011887766039031713,5.896642638744026E-4
0.0,1.2740861394376059E-5,0.004301026650444527,0.0014422611927621587
0.0,3.583764455998088E-4,2.2441789105262912E-4,7.161023079959145E-4
0.0,0.0011969258269341997,0.00100787302561843,0.001368079484337277
0.0,7.883844876229867E-6,1.9021062199289614E-4,1.6685457132095398E-4
0.0,5.618246686815438E-4,0.0019231527289652536,7.964840696541625E-4
0.0,6.984080953045071E-4,9.918672969826626E-4,1.2438938059352708E-4
0.0,2.0584558486071068E-7,0.0020240483358693407,2.274439154607942E-4
0.0,1.0452903827951246E-5,8.553204638231702E-4,2.656877291821895E-4
0.0,4.956874323552871E-4,4.189380202016032E-4,5.667868826819427E-4
0.0,2.899458655046064E-4,0.004001345808170693,0.0032493130523256353
0.0,0.0014401551009017208,0.003692794639217003,5.118427860695804E-4
0.0,0.001358520519748703,6.963813841136176E-4,1.8466346708919962E-4
0.0,5.738766167876479E-4,0.0011384721765153969,0.0011250291548314157
0.0,1.72885573968708E-4,9.3405619645155E-4,2.6455635576390265E-4
0.0,5.47031461440871E-4,0.0010128753725245072,0.0014176148005096384
0.0,3.823263025203816E-4,3.5029726663065566E-4,9.333722383540806E-4
0.0,0.001524802745752902,0.0024943810957296195,7.067000862514578E-4
0.0,2.1921791162740473E-4,0.0025404359812601957,3.105813738692071E-5
0.0,8.593545987216198E-5,4.144267497321031E-4,1.1467631120872644E-4
0.0,5.478849111318446E-7,3.8587443922270684E-4,0.001070331454565293
0.0,6.75081316276418E-7,1.7309542682980903E-5,3.20935961055792E-5
0.0,4.601495026125364E-4,2.757309552617363E-5,1.7409893970136213E-4
0.0,3.6705256468417337E-4,8.176101705287163E-4,5.862793431231473E-4
0.0,2.217214951487731E-4,6.127068145196884E-4,0.0031164976432031663
0.0,4.534959740357459E-5,0.0015631293622565508,0.0011752112944156076
0.0,5.347545883575091E-6,1.1053487348923066E-5,2.775236221022928E-5
0.0,0.0011377616404763726,0.0022579678754166047,0.0014775689006680177
0.0,9.001895109167113E-4,0.0030303173848669493,0.00217626775505836
0.0,9.313900622949326E-5,0.004737431840077709,7.614238885520619E-4
0.0,1.3031548151834865E-7,0.0015464234713152816,4.853666892873812E-5
0.0,4.978035671065026E-4,1.4660183527452742E-4,0.00252247977405366
0.0,1.2696249658077636E-4,0.0034696452449534754,0.0011163892028031425
0.0,2.4489843344088194E-4,5.667271576842761E-4,7.063174268460983E-4
0.0,9.431771483592177E-4,0.00117811010741559,3.204182650372626E-4
0.0,3.859612223038284E-4,0.001402166970912587,7.666772041618778E-4
0.0,2.3842145075464086E-4,0.001560980467702495,1.2277508701007616E-4
0.0,7.026898017087569E-4,8.119794156585788E-5,3.474184862575364E-5
0.0,1.317385058596334E-4,0.0022902484577527107,9.231242827696541E-4
0.0,2.4970199976959755E-5,9.888715987001586E-4,4.696174847216677E-5
0.0,2.7891464293405745E-5,2.2195174548154193E-5,2.4511120849448796E-6
0.0,0.001085050539139715,0.001217717943591255,0.0034225753549470116
0.0,7.782527657411436E-4,1.2026067518929548E-4,0.0015522459800692457
0.0,1.2689324450278428E-4,0.0027735441867686402,5.689125552353088E-4
0.0,9.30259255726302E-4,0.001950670850552494,3.477139802131317E-5
0.0,3.41521450027389E-4,0.001144678317813825,0.0019301142624886336
0.0,0.0011049765311300175,1.0474601398130086E-4,0.0029042497471570795
0.0,8.575447538924997E-4,0.0014868368025847648,0.004828995781805573
0.0,0.0014675552265694756,0.004003646774392358,0.0010358675740895886
0.0,3.1959367141472765E-4,8.672647411284234E-4,7.254170483753547E-4
0.0,1.3901872610619021E-6,0.0019811145891207175,0.0014349707995549204
0.0,4.22943842335884E-4,1.2068035387347442E-4,0.0019584292094177594
0.0,5.214122031145695E-4,0.003589784073422506,0.0010230988536705685
0.0,2.483320430619448E-4,0.002828176149479416,0.0010035699569912052
0.0,5.678094718377929E-7,0.0012648611252817261,0.005675731371104837
0.0,3.05817658908881E-4,0.0015458672178330138,0.0031674513886978217
0.0,1.3026589917376399E-5,0.002016004108637614,0.001197219478370831
0.0,3.9318085419657006E-4,0.001245392852093834,4.371529053153921E-4
0.0,3.212736960105949E-4,8.312789668721159E-4,7.972585689020749E-4
0.0,2.8893098799704917E-7,0.003563269769469689,0.0025658746267554515
0.0,0.001341237220409834,2.0241004988378542E-4,8.016542697665553E-6
0.0,2.4060872760802796E-5,3.1960337798038946E-4,1.921426861445148E-4
0.0,1.3996852486498326E-4,4.722070604908236E-4,0.0026137492530278503
0.0,6.232650625354361E-6,3.305650702094355E-5,1.99453113043018E-5
0.0,0.0011721905109860105,0.003096184673166387,0.001180653768434718
0.0,6.963431593957257E-4,0.0015950718600715387,6.313528306377677E-4
0.0,9.346772436117363E-4,1.235455974564919E-4,0.0012646166677824891
0.0,9.166431977878384E-4,1.466868505901497E-5,0.0028392993247075915
0.0,0.0011203678123328906,9.194567823568064E-4,8.992683935417855E-4
0.0,1.3711080004847809E-5,4.7847860486261037E-4,1.971223401656719E-4
0.0,8.660658095094554E-4,4.660488612245328E-5,0.00242631417111046
0.0,9.408647815561168E-4,0.0015726572101970363,1.242346267466619E-5
0.0,8.795268954207449E-4,2.061509321762197E-4,0.0011983860091368313
0.0,2.3020952873799478E-4,0.0029702830548454613,0.004438233478408707
0.0,8.445943012352025E-4,3.960471896319588E-4,3.375576685946815E-4
0.0,1.3809596433146836E-4,0.0020664584540880564,0.0016760360338697049
0.0,6.585850286249216E-4,3.1203050587572665E-4,5.764181593303634E-4
0.0,3.407680373701989E-4,3.14022923823797E-4,7.428590220329698E-4
0.0,8.920140419021575E-6,9.780685791035326E-4,0.004334172590938227
0.0,6.189857121881685E-4,0.004560862042573497,0.0025551960453895533
0.0,9.395601535164389E-4,6.166436633595583E-4,7.857946283575E-4
0.0,4.988811130891358E-4,0.0023911839294852074,0.0016680151020661274
0.0,9.23048362860904E-4,0.005688780755838426,6.748891667535232E-4
0.0,9.935342332864773E-5,0.0016273090051927776,0.00212636512088141
0.0,3.824968412815177E-4,0.0011511023196329846,0.0035985452402246456
0.0,0.001102607037460259,0.0032284347765731106,0.001487251372567819
0.0,2.476027197187986E-5,1.3509689407286022E-5,3.302639798288174E-5
0.0,7.984221924152278E-4,5.531542355640934E-4,0.0020198664728815477
0.0,2.057102039134118E-4,6.070857484950933E-4,4.080038338514835E-5
0.0,6.382325594025073E-4,0.0031911754939360753,0.0010194801871460891
0.0,4.6352893980431754E-4,0.0014997690443426983,0.005010049491560327
0.0,1.286902349616376E-4,6.322407506884744E-4,8.579343374821063E-4
0.0,9.574101134304866E-5,0.0014340551030860484,3.8871121865231324E-4
0.0,5.355957840890756E-6,0.001127288934606527,8.9009812493167E-4
0.0,5.127231649996107E-4,0.0026178939197775844,5.240223538508947E-4
0.0,2.0249043633511896E-4,9.26242452253764E-4,1.2139896601685103E-4
0.0,0.0014988729849816332,5.77899341151236E-4,7.40633776960937E-4
0.0,2.3451924670597863E-4,0.0011965567404212819,0.001498290367193874
0.0,0.0030780314736780215,0.001385992680992371,0.0011754434590531373
0.0,1.4684912609997662E-5,0.00163561295056295,5.1869495582696E-4
0.0,2.713101374888392E-5,0.001110832686565593,5.916637160312128E-4
0.0,1.2331855030190542E-6,5.787118395683845E-4,0.0011330732486906309
0.0,5.844616322072526E-4,2.0890961037088758E-4,0.002070605992658874
0.0,7.587072450139209E-4,0.0010516563795493266,1.2121829651625826E-4
0.0,4.174383969819082E-4,0.0013383650685327376,0.001152869947377442
0.0,5.374381702500904E-4,8.92337433909147E-4,0.002114708509120672
0.0,6.84373716598714E-4,0.003972978492143856,7.796167527893941E-4
0.0,2.742093144049958E-4,8.386559011484345E-4,1.3512326128825962E-4
0.0,6.595934952822223E-4,0.001236452139780869,7.094052036222162E-4
0.0,3.388070918554045E-4,9.304923391305757E-4,1.6590397674347398E-4
0.0,4.192194132942468E-4,0.0029825163489964526,0.003402207658870212
0.0,1.1735029722805243E-7,0.0014732027435344697,1.0781284144104446E-4
0.0,5.19748920582027E-4,2.8483986955498683E-4,2.5242694538784883E-4
0.0,2.0720562236529075E-4,0.0021754371035672716,5.577559944644759E-4
0.0,9.8052549437569E-7,0.001947859723738447,5.976543932619834E-5
0.0,8.004068005904785E-4,0.00414929689444961,0.0040065976629478535
0.0,7.610648441045287E-4,0.0023790211389104715,0.0023605600022001496
0.0,2.198116722057707E-4,4.823543483485032E-4,0.0016611238535733112
0.0,0.0016941877771082805,0.002205989291940734,8.761871116271027E-4
0.0,1.6080805035025684E-4,2.2440508100544045E-4,1.9947832938675046E-4
0.0,3.1095358865368845E-4,4.2272050645693397E-4,0.0025996572412379025
0.0,1.0001000100007693E-4,0.001416068414006563,5.805500265050875E-4
0.0,4.375668649359201E-4,9.120983631183454E-4,0.0015333208727804771
0.0,3.766213864746222E-4,0.001916476363874653,0.0010483947898692256
0.0,0.0013044065592503044,1.8503567303935597E-4,0.0011086435389241903
0.0,5.922195174945771E-4,0.00199614685783113,0.002673623651550261
0.0,7.328597900151561E-4,0.0014448923291019327,9.200480182836473E-4
0.0,1.6192455888854252E-4,0.0017453855252522678,0.002021839762784904
0.0,1.1254987681150973E-5,8.290509243011675E-4,3.7451495259205705E-4
0.0,1.3645925096843022E-4,0.0011662097445122037,7.4295953340179565E-6
0.0,1.522099155423237E-4,2.8401893027957082E-5,0.002017690111708764
0.0,0.001281927703657154,0.001010462155734126,3.3681878271680794E-4
0.0,1.8225441354035189E-4,6.107390180428457E-4,0.002585271767402679
0.0,1.8251164037952182E-4,0.0027997224060349363,0.0014096887085863143
0.0,2.4840554362399054E-4,0.001880871380971878,8.718021840652895E-4
0.0,1.4266961801983949E-4,0.002111736071368293,8.833364334071036E-4
0.0,6.457908653560672E-4,0.0012742365543420725,8.065045611083757E-4
0.0,5.427717757894911E-4,0.0024192012122681104,0.001011484701233302
0.0,2.2705363828133857E-4,2.0386874848503993E-4,1.5029574337943854E-4
0.0,7.556612222655574E-4,8.098625234271886E-4,0.0017342402954954764
0.0,1.6572271263327806E-5,0.0021726359602700215,6.0853231377412653E-5
0.0,3.01628831536399E-4,0.003272917645827455,2.0021070945475748E-4
0.0,2.234443856591865E-6,0.001700703822909189,0.0014401768101793588
0.0,1.966173683732401E-4,0.005388752562976251,2.7837665227940306E-4
0.0,5.396446264390452E-4,0.001589281546614756,0.0023776582760717114
0.0,3.581131160309625E-4,0.004948013074340513,0.002197017445470885
0.0,3.5059681418278183E-7,4.468722681145124E-4,0.001236332501446333
0.0,1.0010464217471423E-6,7.030448911549295E-4,0.0014625041864473381
0.0,8.557542650652818E-5,0.0016895333696781386,5.245207709314342E-4
0.0,6.136151689704869E-4,0.0028042859661811205,5.482845784066187E-4
0.0,3.058069525677789E-5,1.8702832985442174E-5,7.639678153601187E-5
0.0,8.53026050854228E-6,0.00441012876082367,1.0229620519378222E-4
0.0,2.38198196272865E-5,0.0029189585893501105,0.002911629512957716
0.0,4.7664285924731435E-4,0.0045494254430593975,0.0011042808055545172
0.0,9.146578562563748E-6,3.2989263897668585E-6,3.8707703069209196E-5
0.0,1.1021764283486763E-4,9.017943023289974E-4,1.3415926774217206E-4
0.0,3.1770900746440036E-4,5.598302741194076E-4,1.9751006364112018E-4
0.0,4.519636701948311E-6,4.295671327066755E-4,6.9022452895535E-4
0.0,3.6109183956037485E-4,9.059715114532645E-4,4.94283771380991E-4
0.0,1.7132265900062247E-6,0.0022390277534425794,6.818730253788851E-4
0.0,2.3498065251109358E-4,4.900114775763858E-4,3.5864083499047257E-4
0.0,2.6577229698197604E-6,5.393310643381236E-4,0.0012849419738718737
0.0,8.843843321333356E-4,0.0017118883211530446,4.2462381671660705E-4
0.0,6.208650793372473E-4,0.004731463293837195,6.947851731714993E-4
0.0,2.5187707963759287E-4,0.0011015318419923753,0.0011676548853957283
0.0,1.7632067738398055E-4,2.97250637460185E-4,1.5897944567800674E-4
0.0,6.314232354057637E-5,3.8328826905607236E-5,0.0017606935482611576
0.0,1.3600866486531604E-5,7.564988721277116E-6,2.1835245322782837E-5
0.0,5.719508763142734E-4,0.0026390236942900928,0.0034678675655753772
0.0,1.861863779697313E-5,4.6178328391687613E-4,1.0055397543067289E-4
0.0,1.6082212634014277E-4,0.0032767700812937357,4.734641141755603E-4
0.0,1.8718988568374353E-5,0.0070363617527069745,0.002950502116442168
0.0,2.5925515434223676E-4,4.540790104289901E-4,0.0016943213688653598
0.0,2.9888163478479247E-4,6.370902980387019E-4,2.7671072596485247E-4
0.0,2.303258329587239E-6,4.3177769113949085E-4,4.652929429946365E-4
0.0,1.7544112574046798E-4,0.0012460454040440147,1.5220404126685305E-4
0.0,0.0018138293843071255,0.002023518922958175,0.002034998813427572
0.0,1.997129274831147E-4,0.002374965225957716,0.0035054389889601443
0.0,6.573027456436609E-4,0.0020360984725026287,0.0032154799586962273
0.0,3.485506791553033E-4,0.005740616516237642,5.942673665260465E-4
0.0,1.483251097358397E-4,7.345220575163501E-4,0.001421845625803379
0.0,2.034360918707459E-4,0.0022984008085261674,9.423257562097646E-4
0.0,2.1231826685646298E-4,0.0014484396582260045,6.382759405914337E-5
0.0,7.3214115087033284E-6,9.528320629547016E-6,6.227871510145803E-6
0.0,0.0013424490787873515,0.005158795178275921,3.691102657009632E-5
0.0,1.0273528990823808E-6,6.426033911510181E-4,8.982083769026403E-4
0.0,9.624051270792065E-6,0.004286234155109295,0.0014571684825051584
0.0,2.4224648906791193E-4,0.0013471470053509902,0.0013124880834004574
0.0,0.001976273323839905,0.0014155917916546512,0.001520367776315481
0.0,3.3988443929048294E-4,0.0011709407316727004,0.001909096725633286
0.0,0.0017440142831725751,3.8188249166386853E-4,0.0018073262815746366
0.0,6.02771762954105E-4,0.0010288473445365998,6.847941821920977E-4
0.0,8.73314323753088E-6,0.0010874308981873675,2.4225394927809005E-4
0.0,5.591482708113618E-4,0.0024478602453541806,0.0019463437460952486
0.0,7.787387677743708E-4,0.0049135115175515925,0.0016492958434002627
0.0,1.0078661810083194E-4,3.470067506272157E-5,5.006336229135315E-6
0.0,9.864372698421111E-5,0.0017301509441647325,8.779296810521794E-4
0.0,1.4163624914667947E-6,4.069143002462034E-6,2.8686695217807733E-5
0.0,2.1781565907502521E-4,7.005676675278604E-4,0.0017834022426713057
0.0,3.794938095712013E-5,8.05764469741759E-4,5.976702285061263E-4
0.0,4.998456879683989E-4,0.003984384926152401,4.0908646525428174E-4
0.0,8.935970794391377E-4,0.003913734737733151,2.682069940119147E-4
0.0,1.1267211518220397E-4,5.611550787820375E-4,9.146198283604715E-6
0.0,7.406737699023854E-4,0.0010907945726011954,9.16892417231061E-4
0.0,7.809902698114976E-4,0.0026023180558104133,8.872156408368259E-4
0.0,9.099702243526868E-4,8.546580960097889E-4,5.377687569956096E-4
0.0,4.206079900771933E-4,0.002167985685070601,0.0012530121830576885
0.0,3.3992731567644843E-4,7.19207369013612E-5,3.8182648069160695E-5
0.0,1.9518430072198078E-5,0.001780195745055678,0.001887334221329624
0.0,6.266951600197095E-4,1.5185824144777938E-4,3.6591044592082484E-4
0.0,6.09747637559143E-4,8.40298072658684E-4,0.0017224191263989768
0.0,5.947551183166738E-6,7.696901715061176E-6,5.435397159155154E-6
0.0,1.2709344527464368E-4,7.574003107235972E-4,0.0013743766639276115
0.0,0.001967222722657002,4.86530209866148E-4,6.742786079087659E-4
0.0,7.432984146733928E-4,0.004651073621012495,0.0020380693175104103
0.0,1.856824707380445E-4,0.001688691345689065,0.0016730736743585115
0.0,8.599134495364339E-4,0.0026862141258155387,2.453497753332284E-4
0.0,1.3814152554472554E-5,0.002632887364706511,2.151643885429391E-4
0.0,3.78771040572199E-4,8.212396455943633E-4,0.0015272968088129956
0.0,3.803194299459644E-4,0.0013222802906168128,7.972386872239284E-4
0.0,8.198293617631262E-4,9.389903047688326E-4,0.0030329819773069148
0.0,1.5158221432788103E-4,0.0015577081000351242,1.7941770079249114E-4
0.0,9.848260334918532E-4,7.358397479017135E-4,4.4427297892722433E-4
0.0,1.4508759144686877E-5,2.9783610379530395E-4,5.574409689297497E-4
0.0,0.001158018904475588,0.001148863958869544,0.0016929625781514428
0.0,1.2313692548111753E-4,3.028610245828152E-4,2.681097976730729E-4
0.0,1.0786309692919702E-4,0.0012233481101649763,0.0016906074684466036
0.0,8.871621227174993E-6,0.004292872874493009,0.0014394439501770678
0.0,1.0192703381643633E-4,0.002073676776733166,0.0022430899222514425
0.0,3.3275765178052467E-6,1.3530443546822364E-5,3.152067331230655E-5
0.0,3.9628327649265975E-6,0.00598288510759308,0.002394138028546456
0.0,6.209103130591275E-4,0.0015833994586235325,0.001157624476724032
0.0,0.0013989574100837952,0.001562014957126771,0.001179842924918807
0.0,4.5678645589380777E-4,0.0014848569098696968,0.0010483619808499868
0.0,2.8313885206731227E-4,0.004364187064012115,5.352667361389654E-4
0.0,2.372339220166635E-6,2.9119965593502316E-4,2.8535500333739443E-4
0.0,2.4149912473078272E-4,3.9778067682871654E-5,0.0011570373599092893
0.0,8.442812446200733E-4,3.3329650686532094E-4,8.914424597695464E-4
0.0,0.0019232237064189489,0.0034856869888229046,0.0015173453710177803
0.0,0.0014173455889767797,6.876731098184438E-4,8.136897634008394E-4
0.0,6.777831137113487E-7,0.003239938627312947,0.0028828277683821285
0.0,6.407232146415134E-4,6.846723325129942E-4,0.004695318299629839
0.0,4.7005654785317645E-4,2.1754457600214755E-4,0.00106844636570709
0.0,0.001785043697818535,0.0056290507862551235,0.0029430882730541474
0.0,5.419612405221432E-7,0.006664174009576736,0.001567081799299666
0.0,1.252936727400894E-4,8.836904309889249E-4,1.5377705565012425E-4
0.0,0.0013442908712299308,0.0012401606861489898,0.0019258119796766533
0.0,3.422819273803763E-4,0.0029623772169004386,3.84999993184771E-4
0.0,1.5710293197171473E-4,0.0038907889051177577,0.0026638436380969736
0.0,1.485643632611935E-4,1.3398355238617614E-4,9.461656995371772E-4
0.0,5.284298757231329E-4,0.001957453337340135,9.352856202709211E-4
0.0,6.584844035631665E-4,0.003433939760115128,0.0020372092166332056
0.0,5.463454201349979E-4,0.0015389371671571336,2.919233278222646E-4
0.0,0.001121255806503109,0.003775919012626495,0.0011697184403960167
0.0,5.089770683033377E-4,0.0010299295338333184,0.0015032176893679298
0.0,2.8834568976612565E-5,0.007501681327853927,0.0015878849855278235
0.0,5.163102735255716E-4,0.0014085554929956776,0.0021870918152652385
0.0,3.43101390593711E-4,6.900369863194932E-4,3.2072416395589296E-4
0.0,2.0801828253356824E-4,0.002738225224261709,5.641881460251672E-5
0.0,7.096334436898933E-4,0.0032381271674017083,6.32959413869254E-4
0.0,1.3712417198150057E-4,0.0015799124592747432,0.0012308348539879757
0.0,0.0010347141741188705,7.01141072289838E-4,8.107187462586575E-4
0.0,8.954196379408091E-4,0.0017618376117467176,6.250158919219018E-4
0.0,0.0010893162359403802,2.2562100356781403E-4,4.5695621875858096E-5
0.0,7.746885801141086E-4,0.0025421242135970235,0.0011450958881431804
0.0,4.604769696189069E-4,0.0019453686512382875,0.0011173705741396745
0.0,6.618205102864819E-4,0.001711195218299582,0.0016607514660006747
0.0,9.615005532950138E-6,2.8300589488172045E-4,2.392095415193032E-4
0.0,1.6940716130992784E-4,4.4613990101490794E-4,4.5241554842128913E-4
0.0,4.7368430085453154E-4,0.0011166248097210466,3.577198631800899E-4
0.0,7.884847568285992E-4,0.001093192906682731,8.477621492673235E-5
0.0,5.485139606474453E-5,2.3248932121320084E-4,5.044871161844177E-4
0.0,3.062225180883603E-4,6.777144304168132E-4,3.9737406213965934E-4
0.0,5.258157236844381E-4,0.0012382322087376625,9.92168557921603E-4
0.0,5.566734905189309E-4,6.036550776283456E-4,4.0399494497714473E-4
0.0,6.202294671209623E-4,2.859750667293097E-4,0.001854625388296307
0.0,5.265703917421837E-4,7.49013668185761E-4,1.770649854670735E-4
0.0,1.3626762063273999E-5,0.001463152319920258,0.003479218727881554
0.0,3.590014197811297E-6,0.003221013147824916,7.399133820951198E-5
0.0,3.022615564671848E-4,1.4358070087098137E-4,7.871151298030793E-4
0.0,0.0012235322708268274,0.0010645393794858928,0.0011705770776443047
0.0,0.0011229145274871063,4.432946048107528E-4,6.726164099270368E-4
0.0,4.026060161117775E-4,6.456781315580968E-4,7.817378300509848E-4
0.0,8.921008734928168E-5,0.0021747238623062103,0.0029982702974819054
0.0,0.0011011707950579189,9.340441571189143E-4,0.0014307286500414899
0.0,6.742336898465462E-4,0.002077577617850412,3.265902457309121E-5
0.0,7.14187408864149E-4,0.0017023380885787026,5.539028034476367E-4
0.0,3.1848131796011046E-4,0.0019601104278691443,0.0011850995605800412
0.0,2.3840493772213305E-4,0.0012039637382286665,0.001743961269910083
0.0,0.0014373256401909523,0.001550526191160339,0.001163055431878856
0.0,6.640681336283234E-4,0.0014375943656422699,0.0026142800539045567
0.0,7.139513041679761E-4,1.617413586344601E-4,0.0012609977839822847
0.0,5.555301403655195E-8,0.0028779714377948325,0.0022603199542994452
0.0,5.437846254201977E-4,0.0019711681711073632,2.088388568849164E-5
0.0,9.809131266578015E-5,0.0015097220924394094,0.006190442125214011
0.0,0.001324566609545889,0.005516359564766247,6.281440059583175E-4
0.0,0.0020472033020166322,0.003041448027951214,0.0038195115433423505
0.0,0.0019130994498204388,3.5320270738134935E-4,0.0013786673446810375
0.0,6.577280793700277E-4,7.785900471475776E-5,0.001478969596423818
0.0,1.202685932806345E-6,0.0030882586767965237,0.0015785405222841563
0.0,3.5423229577972234E-4,0.0021396759811083952,1.363313968485932E-4
0.0,0.0017560530190183106,8.771501260461605E-4,0.0011200038229560786
0.0,0.0011199750114075182,4.6944045013416893E-4,7.711859032957998E-4
0.0,0.0010736740219319753,8.132345492103615E-4,0.0010129716903677693
0.0,0.0014793110912022487,0.00238658228267373,0.0018957372334860766
0.0,1.0162636939536405E-4,0.0015175198959828796,1.8899045469969602E-4
0.0,5.002928174735016E-4,0.0010928112627186391,3.226702662150114E-4
0.0,4.336136736300765E-4,0.0030473093050331834,0.002962212712305438
0.0,6.195923135934374E-4,0.0011151690933515778,0.001352869025236906
0.0,4.447556704634918E-4,0.0019752398143038303,5.475060668035035E-4
0.0,8.77276009000164E-4,0.0018264771138483491,0.0012357434655299296
0.0,3.6184308890373814E-5,8.214707519932594E-5,3.2729443894808724E-4
0.0,4.976911835329601E-7,0.004145082157069995,0.001631627041038623
0.0,4.661656963036856E-4,4.219606637714381E-4,1.7743767482611945E-4
0.0,5.606952001672167E-4,0.0034082476827293944,0.0012695269167071095
0.0,9.633577422579636E-4,0.0015539150716900887,1.7497668606043654E-4
0.0,0.0014977251321311278,4.622649779268949E-4,0.005385985968506031
0.0,5.621204672006793E-4,0.0016096214578382281,8.677353108453292E-4
0.0,3.3475352999866195E-5,3.938923221792272E-4,0.0011116096236152388
0.0,3.425209498316535E-4,0.0021593832018562305,2.578005788800471E-4
0.0,0.0019641195676742074,0.0014481768405268714,0.001537518120219323
0.0,1.609657402361947E-4,7.998956325015761E-5,3.4668743033752065E-4
0.0,4.4394755373380657E-4,2.3194378040265875E-4,0.0018975023746469863
0.0,0.0015073458580159137,6.824032689119523E-4,0.0015715563693030953
0.0,0.0013565376078848628,0.003933616596879662,4.8551289894492475E-4
0.0,6.247373840539867E-4,0.004221151927875806,0.001105076600789672
0.0,1.42572363823809E-4,4.542480492578574E-4,0.0025615811588785165
0.0,1.4269181095891297E-4,3.103575574494236E-5,5.452182045780993E-4
0.0,6.491681060248323E-5,0.0012831585575355468,2.9584943456980895E-4
0.0,5.48001258233344E-4,4.7074588862045105E-4,7.281056616573131E-4
0.0,9.414253697476134E-4,0.003079857241922666,5.03798275884641E-4
0.0,9.001119741945201E-4,0.0017451494377504545,0.0029520392232222636
0.0,7.58493558915641E-4,8.274361710107475E-5,0.001337489988596232
0.0,0.0012498781960558626,0.001759013402146446,5.185723511910782E-4
0.0,8.040492676905549E-4,0.0018109496370738232,5.969418044608661E-4
0.0,2.275397193918972E-4,0.001831704492026476,1.2214051718708173E-4
0.0,5.434244771547218E-4,4.7512885334126214E-4,0.0025514552003231715
0.0,9.621977646080672E-7,9.93511404032271E-4,1.235305926895074E-4
0.0,9.618698181289401E-4,0.003734788808628687,2.3840353980907706E-4
0.0,0.0013362991351399773,0.0013428661709332785,9.936391548205877E-4
0.0,3.596314282767879E-7,0.003815224052612427,0.001096384094850384
0.0,0.0014433111729458769,8.21380668867315E-4,5.382384661891579E-4
0.0,1.1976300574905462E-4,6.040771072176365E-4,8.728144571328128E-4
0.0,5.479541146714668E-5,1.8543602709753245E-4,4.4212917549661543E-4
0.0,3.66347261908065E-4,0.0029515371019241776,0.0031657050769818024
0.0,8.19122108926097E-4,0.0035535720192106618,0.004469083091902505
0.0,6.86081580782376E-4,0.0016354396491449934,4.309934854729854E-4
0.0,2.3879798610548826E-4,0.0023443746963239206,6.287013795680008E-4
0.0,2.231094476505562E-7,8.209724648920438E-5,6.899574794952195E-4
0.0,2.591668878735472E-4,5.893554169012065E-4,2.9898329822071456E-5
0.0,0.0013217508302026783,1.8934479593318073E-4,8.869814691141084E-4
0.0,6.564441283290108E-4,0.0024307916453005472,0.002444346140080022
0.0,6.578475407824905E-7,2.2460220312570545E-4,0.0021972656707748635
0.0,6.792743204599766E-7,0.0010549875524809124,8.854478203464066E-4
0.0,7.434516187711173E-4,0.001049617559363132,0.0018964096689776226
0.0,4.596009510468496E-5,0.0017597888198758883,0.0018655391374499178
0.0,2.563797415002386E-4,2.807208937763533E-4,7.668090976813197E-5
0.0,0.0014806944421699869,0.0012509546181899219,0.0019257728208985797
0.0,8.180188745241495E-4,7.00755701888841E-4,2.6712479473439004E-4
0.0,5.40766886956372E-4,0.0011614045499128629,1.3755288799390482E-4
0.0,8.390493935460215E-5,0.002444283811768993,0.0012920477319503148
0.0,3.9490639732532216E-4,0.00567110885927628,0.0011523979388755286
0.0,3.964952909797828E-5,5.605703144393914E-4,8.154288151143702E-4
0.0,3.312509796532112E-7,0.0027374536419737215,0.0012588388309801005
0.0,6.010839181376654E-4,0.0021779895298098947,0.001778262661690461
0.0,1.4855149654322645E-4,3.501997438238924E-4,2.1008545013998444E-4
0.0,1.221464104245037E-4,0.0017055857862216517,3.4931296285540365E-4
0.0,3.072809316107129E-7,0.00487180155412534,0.0017178607312004638
0.0,6.415298851795605E-4,2.2250167059443927E-4,5.877154869907749E-4
0.0,2.6863590733010605E-4,8.145623395161222E-4,0.0016786024250503527
0.0,3.287318761045856E-4,4.97087322573093E-4,0.001956642588341765
0.0,4.676607375919977E-6,0.0027932466114998123,0.0012095651853582159
0.0,8.64870965348711E-4,3.6192298462624526E-4,3.6439042849402664E-4
0.0,5.555782361027154E-4,0.0012667431652483574,0.002076344272539335
0.0,9.09407100769784E-5,0.0013735895437319127,0.002112668952737435
0.0,7.811733899100554E-4,0.00413745717450428,9.233785350266899E-4
0.0,2.1644990705923248E-5,0.002470637648504204,0.0034922969432239
0.0,5.773103663575082E-4,0.0010294308373129382,0.0033790244075785287
0.0,2.633267116024921E-4,0.0038385180006163993,5.775956379173427E-4
0.0,7.378226855525421E-4,1.9113471003592874E-4,0.0020293268814847456
0.0,8.041491994090099E-4,0.0015686271354948982,8.360546055246043E-4
0.0,8.993456999665392E-6,1.9226292779368476E-5,2.9470725488445287E-5
0.0,0.0010757629017971813,0.0012730691394741327,7.530537483259977E-4
0.0,8.715835687265591E-4,8.861933442381964E-4,6.793728259355977E-5
0.0,7.497337767530716E-4,0.0011664785516560174,1.2428351602668193E-4
0.0,5.993943022091657E-4,0.0020104823212664436,6.545763223549375E-4
0.0,1.743538821495445E-4,5.218055998300705E-4,2.1113275147019496E-4
0.0,7.644963752550428E-4,0.0017769810702134175,5.842522971263737E-4
0.0,2.202231024752842E-4,1.3490980883419531E-5,2.792525978727787E-4
0.0,8.993456999665392E-6,1.9207726158701516E-5,2.9260646257337678E-5
0.0,9.920396407315576E-7,3.0140718419010618E-5,6.108605137783413E-6
0.0,4.567025913914311E-4,9.263383033390837E-4,0.0014850693529951961
0.0,2.7852079355857945E-4,0.001311733556507892,6.16140311294606E-5
0.0,3.2403400936910397E-4,2.32502518073629E-4,6.6193925191157E-4
0.0,1.1006472744107565E-4,0.0018060645721639614,0.0011472581954218315
0.0,6.973935071305382E-4,9.172116164404415E-4,0.00467414293885295
0.0,1.2522787906821365E-4,0.004055705270720088,7.852403855016777E-4
0.0,8.199973926646944E-7,7.688431025917872E-4,5.790911855644125E-4
0.0,3.0478500913592156E-6,3.953681738776257E-5,1.9809940735512037E-4
0.0,1.6056541663160815E-7,0.0032168275170256747,0.0010756811581068104
0.0,3.9804304218778636E-4,0.001382585151516418,0.001892353558524855
0.0,0.0016827704121798045,5.06772226465099E-4,3.2267295070074326E-4
0.0,1.5028844640719983E-4,5.188905710962541E-5,0.0016106663889875548
0.0,2.923441877039205E-5,5.089024558630705E-5,3.5975333281849743E-5
0.0,7.011209965981376E-4,1.1645002231845943E-4,5.374577589771762E-5
0.0,3.810784560891402E-4,1.0222768682533944E-4,5.96298570183469E-4
0.0,8.594379717166782E-4,8.258618926854403E-4,7.540091597543242E-4
0.0,1.8402927764187363E-4,0.0025998454358794904,0.0029460588973760646
0.0,1.0555881670607688E-5,0.0029990157008119257,2.1099451937264146E-4
0.0,9.804198241985301E-4,0.004875531704826121,0.003268283166361974
0.0,1.0847588008646918E-4,0.0014082386580431348,7.217088557611448E-4
0.0,6.800155296753221E-4,1.0833509953441675E-4,0.0020911216415805587
0.0,3.4363773382578507E-4,0.001707788616963605,1.782317260326646E-5
0.0,7.066870160803158E-4,0.001005331738070234,4.068314227464674E-4
0.0,7.163262921541811E-4,0.0014630452391449615,0.0014541599105862128
0.0,8.76785761865353E-7,2.0376873525998536E-4,0.0032332990736518674
0.0,3.284748173573416E-4,3.682045060904944E-5,2.6935042471946285E-4
0.0,0.0012439394983051462,0.0011913766640299591,1.576253259199121E-5
0.0,6.031897952319032E-8,7.407907989547518E-8,1.2431549096232336E-7
0.0,6.545240744750986E-4,0.0010115063185901726,0.0027000520495523727
0.0,2.0723231614708216E-4,0.0024877571675046175,0.0021040489164816114
0.0,0.0020263213976812198,0.0014520340780648444,0.0019125356691553417
0.0,4.694923221813034E-6,6.688817109790876E-4,0.0010188079374242433
0.0,6.64120195674024E-4,0.001968745721841912,0.0039913270108118066
0.0,7.093155234092109E-6,0.0025164628655703412,0.001334218052734366
0.0,0.0010204406222854854,9.570723008617662E-4,0.00460466514864471
0.0,6.993092446722429E-4,0.0030161797038848522,8.453169313124728E-4
0.0,5.919080530217902E-4,5.493481374093591E-4,6.291889408066437E-4
0.0,4.7512881349387167E-4,3.9399932564494934E-4,2.4139406201116758E-4
0.0,5.204015150818641E-4,0.002356218101886771,7.348619640860075E-4
0.0,0.0011192120480792856,3.8303983917589035E-4,0.0015825987506329058
0.0,2.5081049980735053E-4,0.0032296588592381154,7.492766496923646E-5
0.0,1.53880754953897E-4,2.260651266468097E-4,3.7389361502293203E-4
0.0,3.3719894156009116E-4,0.0012443723207207582,0.0013245532924228245
0.0,0.0016295530830132843,0.0035847454152446736,0.0010405252238723133
0.0,6.246544824003191E-4,0.002169058020176661,8.441751735081748E-4
0.0,1.1671494003445405E-4,3.7076090546272474E-4,5.158621024528593E-4
0.0,0.0017551812736747456,8.328555111855943E-4,7.692338118861168E-4
0.0,9.554771887347988E-6,6.9326422087016975E-6,4.0596820661527946E-5
0.0,1.6060231665112885E-4,3.372088748538173E-4,4.68680351416003E-4
0.0,1.7901519390381543E-4,2.543900454779255E-4,0.0011298568473432757
0.0,3.9463060529908883E-4,0.0025989006868222413,7.8375942070668E-4
0.0,9.607993412374015E-4,0.0013711309180557032,0.0015106107014293206
0.0,4.5983943068807334E-4,0.005485427420145468,0.002279714088703233
0.0,2.4566369122338834E-4,2.349681820567408E-4,4.1423756245961857E-4
0.0,3.405387671978413E-4,0.0013224670524827167,0.0018931716248981323
0.0,8.675695704963099E-4,0.005433297679386939,0.0016913573220124218
0.0,4.947589614076988E-4,0.001675305720283957,5.375727302427986E-4
0.0,2.705659448187897E-4,0.0012659267495342531,0.0015060202863630538
0.0,5.982225028638169E-4,6.846418326494962E-4,0.0016419424108823203
0.0,2.183637995749633E-4,4.820340529247066E-4,2.859224744927151E-4
0.0,4.1008832789628364E-6,5.044562774623965E-4,3.227911446967334E-5
0.0,1.871600444471131E-5,0.00431291846879421,8.026785210152918E-4
0.0,3.860109404754668E-5,0.0021416853475372077,2.5185553705820015E-4
0.0,5.573820186044546E-4,0.0017274100950296742,0.0034185716454334554
0.0,5.252851750503803E-5,0.002670338845209429,4.0563208427616396E-4
0.0,5.750461951509535E-4,3.5928838605837394E-4,0.001245730795602603
0.0,1.1372623026312561E-4,8.121501554673564E-4,7.927254465592401E-4
0.0,2.5210556636500185E-4,2.6634815954559626E-4,5.768957115854268E-4
0.0,1.1969217196291273E-4,9.884328740931362E-4,0.004189812409188877
0.0,2.9488756242281E-4,0.001398427053421468,0.0017050967941333634
0.0,2.6670936531964068E-5,0.0017020331778479468,2.70963244890672E-4
0.0,1.9903519370305115E-6,0.0014723932834696538,0.0020858116945566565
0.0,8.772804356270105E-4,0.0014956973884210558,0.0017406971398227847
0.0,4.03613068332053E-4,2.130416754035256E-4,6.427812025391073E-4
0.0,5.975784020020212E-4,0.004548844769367517,9.722323536249328E-4
0.0,4.782302130037192E-4,0.0012124901745980245,0.0011738356294899563
0.0,1.382102354136988E-5,5.824594668636805E-4,5.596851867971133E-4
0.0,0.0015836563158335374,0.0014102827098017275,0.0014535706532698683
0.0,5.421625867649338E-7,0.004467698123797103,5.831263628390507E-4
0.0,6.859482041445595E-4,0.00112445776396989,0.0033439959961695225
0.0,5.210636843333346E-4,0.0029298770566472455,4.045112321911471E-4
0.0,0.00161243153888706,3.430738299817312E-4,6.447900429655153E-4
0.0,2.3975783546002676E-4,9.752070408277605E-4,0.004259646617697612
0.0,1.1375218426718966E-5,3.6688502042189763E-4,0.0023167920487775447
0.0,2.2668924769836568E-5,0.0014381193574872365,0.001871644442458889
0.0,0.0011573914551523679,9.798928423452678E-4,0.0025396731874477566
0.0,6.074470343255007E-4,1.8691224290987246E-4,6.172082584786228E-4
0.0,1.802092695294619E-4,7.402586521121187E-4,0.0016768237413984457
0.0,1.0506980959561573E-4,7.001514988018082E-4,0.0024275137375920157
0.0,0.0011010679860905303,0.0016635705859594679,0.0025318083545958782
0.0,8.17634633963384E-4,0.0011423156772527143,1.554621060306909E-4
0.0,3.7821414842107657E-4,0.0028804335683557873,0.002914290821734471
0.0,1.1702227490984437E-5,0.00135358933462533,0.0012617032265100179
0.0,0.0010639259136161895,2.036015684688141E-5,0.0010698571996291613
0.0,3.082419191558643E-4,8.568177440153524E-4,0.001211195873312416
0.0,0.0014260140990961683,3.4947585151198047E-4,0.0015891366440373077
0.0,1.8756782899970116E-4,5.541140868346986E-4,2.9724517902351776E-4
0.0,6.916856075594789E-5,0.002082547164909481,3.960201506384368E-4
0.0,7.82773670980553E-4,9.918999452301776E-4,1.8456945036937836E-4
0.0,7.147992126977388E-4,0.002537738031972614,0.001296245699716546
0.0,8.476967664997112E-4,4.170177569046988E-4,0.00380299554835059
0.0,6.970887792449525E-5,8.40564397332749E-4,1.4256055429749122E-5
0.0,1.3002203797367345E-5,6.53583192308781E-4,4.853838061610992E-5
0.0,5.579376196635837E-4,0.001799792262171382,0.0011791816259003958
0.0,0.0016734502397872982,0.0013925607012726816,4.8593814450832663E-4
0.0,2.5021564708103212E-5,0.003788283934383485,1.1589816244264428E-4
0.0,0.0019168844337598481,5.970103466553771E-4,1.768346810021026E-4
0.0,1.6350988935051293E-6,1.3778112625353263E-4,6.457383784650515E-4
0.0,0.0013457102846400357,2.0742552849136242E-4,9.076323615155505E-4
0.0,1.7429872281547878E-4,0.0018134600186866352,0.001282761723297449
0.0,6.149543566629755E-4,0.0010491200556965643,1.339780159909967E-4
0.0,9.546951394882695E-8,1.0880393512072466E-4,6.565362622106202E-4
0.0,0.0015250591526962507,0.0018918177295778429,1.8141855956371522E-4
0.0,7.846096876882908E-4,0.0012533211941319641,0.001069586129129144
0.0,6.770638720240065E-4,0.0042250193813148625,0.003554788730476635
0.0,0.0012620991692571483,0.0037830404866834545,0.0019691166331536904
0.0,3.2086923517190527E-4,1.156965269729018E-4,8.878324044561471E-4
0.0,5.107806838619689E-4,0.00189331550149997,0.001819780245869597
0.0,1.122761359172952E-5,0.0012171915808593056,4.3854893250644335E-4
0.0,3.51995850306669E-7,4.8072341002604687E-4,4.746853017185816E-4
0.0,5.31331728168608E-4,0.0013032172394666578,4.441534287550546E-4
0.0,2.122689928104434E-4,0.0010801702540175634,1.7126260235636942E-4
0.0,2.566212971561572E-4,3.483747831981383E-4,1.978547416916367E-4
0.0,2.648117913352581E-4,1.6886219128811245E-4,0.002632281786921058
0.0,1.1693650799291973E-5,0.0020945465930135012,0.002686763125852101
0.0,7.438426355069344E-4,0.002234176699478004,4.6783989986724734E-4
0.0,1.740935467282493E-4,3.189779955018848E-4,1.0865245884656921E-4
