5K,50K,500K,5M
0.0,3.03712698693624E-4,9.493709327159515E-4,0.0013490427627576272
0.0,0.0019065992646554702,0.0017520636934132115,0.003107711699872803
0.0,3.621210560535663E-4,0.005738164212676147,0.004682107870769048
0.0,4.8203616628141483E-4,9.004855662932125E-4,6.445108157729279E-4
0.0,9.883017856600247E-4,0.003193960701402453,8.34372915456846E-4
0.0,1.5825300655245283E-4,1.6587462722795818E-4,4.092512750409009E-4
0.0,0.007295120201554234,0.009213008693413927,0.010537855588107384
0.0,4.90832450277445E-4,0.0012346979965621,9.777929380522905E-4
0.0,1.224588376661734E-4,0.0010001739708608414,0.003894342650537235
0.0,0.0012864260056273415,5.702893304534532E-4,0.00442240478402288
0.0,1.4331678919298716E-4,7.718657196600234E-4,0.0013892460405263713
0.0,1.6619888487866142E-4,4.629000393806324E-4,0.0014217495794654983
0.0,0.005251615943204929,0.0017644354672310073,0.0036656680989737363
0.0,0.0013009266207710851,0.001456815036458657,0.0017156837834802654
0.0,2.9919536623267845E-4,4.934406568003648E-4,0.001415864823454241
0.0,3.846669613206289E-4,0.0010519189615943727,2.54770646386577E-4
0.0,2.423533574916788E-4,6.053371340218045E-4,0.00668517220731921
0.0,1.6188801413537435E-4,0.006350616193551957,0.003182110986401744
0.0,4.1572998113791244E-4,2.5647472136226075E-4,6.167123854843207E-4
0.0,6.126971634528422E-4,7.413077191932105E-5,0.0011553624978084798
0.0,3.415638943283299E-5,3.269389613634764E-6,1.4020565759193746E-4
0.0,0.0011802438075712517,0.004984353208075849,8.618560193253369E-5
0.0,6.313184292151491E-4,5.273128787194787E-4,0.002006474219138132
0.0,1.393478827650865E-4,0.0013045000985508822,1.2430931605197939E-5
0.0,8.883872627168532E-4,0.0012716570069628804,0.0032191554616188313
0.0,9.661944944979204E-4,0.0020119667772616028,0.003831470147071115
0.0,0.0018827984440248355,0.0013943986741003173,0.005066255668478819
0.0,4.422307444928627E-4,2.563971301012084E-4,2.1860927278382998E-4
0.0,0.0017896439961904247,2.2350937364276873E-4,4.4432590807227853E-4
0.0,4.7932917157855493E-4,1.3986958517221495E-4,8.919395202183078E-4
0.0,2.1611598633612634E-4,0.004128081569677669,8.466247675516077E-4
0.0,7.677454388975415E-5,2.454647144802969E-4,8.082627650005477E-4
0.0,2.3589837634232412E-4,6.083674400771575E-4,1.0125697591620657E-4
0.0,8.778313105926313E-4,0.00289441282135793,0.0021227248786854875
0.0,0.002826378102499424,2.3616884439319895E-4,0.0020653486874250846
0.0,0.001390278694801814,0.0035156554710557134,0.0016455191368738658
0.0,0.0019690503088490648,0.004236713170850093,4.6909677302527986E-4
0.0,0.0017953234102425952,0.003057821911404077,2.4806610431305236E-4
0.0,2.9991002699178746E-4,0.001101131756393895,0.0020706039871911585
0.0,0.0024155763362726655,0.003056977875162643,0.002113714290665036
0.0,1.0319994163998209E-4,3.57724535081516E-5,5.38295996137952E-5
0.0,0.0012763084669611395,0.0050809203913730555,0.001346588827399468
0.0,6.126695424405822E-4,0.0031650329425934845,0.005752614320681319
0.0,2.721280017419695E-4,0.001763918779642343,3.202853876417941E-4
0.0,0.0011006922499072476,0.0017885161721957166,1.4322851116812182E-4
0.0,1.1163255434940795E-4,0.005317837989181058,4.6117605320188164E-4
0.0,0.003256371808346109,4.861279620611421E-4,0.007261331717884485
0.0,3.207755336401633E-4,3.8272345167479784E-4,0.0032419913087740975
0.0,0.0033237383516092366,0.0010758734966951826,4.5610011175826193E-7
0.0,0.004471688193638156,0.0021769242489094987,0.002890152336878837
0.0,0.0012634518910632792,0.0011396412050791477,0.003547180006685193
0.0,3.3903767136409285E-5,7.755108152949546E-4,0.0011094984931651142
0.0,0.0017082472449910734,4.891841996033442E-4,0.003681430326199719
0.0,0.0026375372095135724,0.0030107573687380347,0.0010891090929767454
0.0,2.495271833377061E-4,9.703692750107469E-4,0.0013820985955299212
0.0,0.003752256221238836,0.0034397179511704676,0.0027675455057655433
0.0,8.524141368341001E-4,0.002562856150578131,0.0013588312277657843
0.0,0.0013217475169791386,0.0031317965357344725,0.0017094502804378196
0.0,0.0018269612195092448,0.0026125138179525064,0.002306378342342238
0.0,0.0029705536584855867,0.002709639312090748,0.0018324099220084751
0.0,0.00455572677843573,0.0029181190582463234,0.004122707210924069
0.0,4.932354172180747E-4,1.8134742093035405E-4,2.3625664646252252E-4
0.0,1.152369087282685E-4,4.507069917936466E-5,9.676572126352825E-5
0.0,8.384632723369891E-4,3.288902264743559E-4,6.343728619189071E-5
0.0,9.178071854902966E-4,0.0012523408581923909,9.076459196789571E-4
0.0,0.0023658595937775615,0.00508629176782328,0.003243338172289749
0.0,5.556251495063613E-4,1.0604579890809908E-4,7.921614069096117E-4
0.0,0.0012879090215992968,0.0019432511220713073,2.5239594469457727E-4
0.0,5.217983531698768E-4,8.24243402947779E-4,1.7256373793120682E-4
0.0,1.485888929890561E-4,4.1563640259625857E-4,1.8633697407816763E-4
0.0,1.8045029756378375E-4,2.989850111216944E-4,2.451087440608981E-4
0.0,4.180445836532695E-4,9.866845795850815E-5,6.579040585823682E-4
0.0,2.045318591611727E-4,0.0010556180314853676,5.512929365724153E-4
0.0,0.0024958678801165054,8.057754904158984E-4,0.0012752526316019955
0.0,0.001514193402320781,0.00365294113243057,8.588832540614761E-4
0.0,0.0018981707872921445,3.8936155851372216E-4,0.0015507842665982766
0.0,0.003016798864319843,0.0019887778796604002,0.008543452167695786
0.0,9.778986756275086E-4,7.347864292241658E-4,0.0027602469507330453
0.0,0.0025137195836770114,9.530467476833143E-4,8.527741526801059E-4
0.0,0.003083414861993113,7.905418299330618E-4,0.0025758230433856138
0.0,0.0012583581088254324,0.0028330054201567666,0.002367066011066207
0.0,9.275868826581027E-4,0.002728974810103862,0.0013602076793510667
0.0,3.597278509332298E-4,0.0021515773449124454,0.004550503571583032
0.0,0.0033977669243655897,0.0011716208491979602,0.0045023961617349445
0.0,0.002373313205055618,0.005292162748031017,0.011385200690753603
0.0,0.0028349545799592384,0.0017897354090564274,0.0019700037620997797
0.0,0.002402442094185424,0.0012077213439756285,0.007430497728260605
0.0,0.0013328108783568424,0.004845181541609191,5.862921585144267E-4
0.0,4.702373716324054E-4,1.1840870714661161E-4,6.596005178193601E-4
0.0,7.445295946253212E-4,1.3338432984281846E-4,0.00538729987200944
0.0,0.006582283060090145,2.0238562695975624E-4,0.010058949593209769
0.0,7.260007897255952E-4,0.0020349248573910076,0.001764774511413492
0.0,0.0032948534452370217,0.0043790621251323355,0.007290826845072803
0.0,2.7414261854878667E-5,1.6286568479486152E-4,8.836455979501528E-5
0.0,0.0012803668389219233,0.001325864783900972,5.333291607041972E-4
0.0,0.001091469349477179,3.516965959330368E-4,8.544729264608267E-5
0.0,5.30391549498054E-4,0.001732442652759094,3.6431958804236805E-4
0.0,0.0011782217200312938,0.003445511626303814,0.005694531396875951
0.0,1.5256681243200438E-4,0.003154401497271008,8.580379281513575E-4
0.0,0.00431759908942237,0.0028444737973194697,0.001699841707689298
0.0,4.957550420066757E-4,4.692110867514199E-4,0.002104921107160134
0.0,0.003727939370706851,0.0035199106710784157,0.005877575068641841
0.0,0.0021077861217827358,3.060810192025644E-4,3.658727506019132E-4
0.0,5.174182923307753E-4,0.005146651515488666,0.002704973860523384
0.0,0.001046289856581421,0.00194170609056882,0.002511416167040403
0.0,1.490825646892508E-4,9.929670777205184E-4,0.002977351666892118
0.0,9.92764975117599E-5,1.954677374815781E-5,1.3847301419261834E-4
0.0,0.002006133405282382,0.007980085019011674,6.871894849369821E-4
0.0,0.001209587584731775,0.003114965645635496,9.324218897308015E-4
0.0,6.744696462536495E-5,3.0903971914011063E-4,1.2292355740921957E-4
0.0,0.0015869826912644361,1.5173311754780917E-4,2.1610276160673322E-4
0.0,0.001222083784364193,0.004729128999014766,0.0011318736774977023
0.0,0.002365517473697248,0.004378248962132804,0.0014255200887252327
0.0,0.004751044571938095,0.0031613781433934124,5.313336145471106E-4
0.0,1.6488061327954648E-4,7.237791372917754E-4,5.778119707277434E-4
0.0,8.500215563910556E-4,4.797232860557059E-4,0.0027306266264856076
0.0,0.004102871013094259,0.002245028741222901,0.009579598409578659
0.0,0.0018567270749461882,0.0018359435586327892,0.0051818323741115915
0.0,8.612311166122682E-4,0.0019197614117990162,0.0034934340346183743
0.0,0.0015656549336528595,0.0035911102664623897,0.009771202619298282
0.0,6.738308964718764E-4,8.446391523239941E-4,0.0020457756511611117
0.0,3.893743818980393E-4,0.0017861302202138857,0.003885225764860293
0.0,0.0017498672856553947,8.067522424087467E-4,0.0010844599687546326
0.0,0.0011133273415968455,0.0017572711789582806,0.0010019484513996526
0.0,0.0019830855253104495,0.0024000115403490794,1.4485379854814584E-4
0.0,8.874766572902935E-4,6.748154308217219E-4,5.204472872788952E-4
0.0,0.001965050266689145,0.0033364753067337107,0.001357508108484357
0.0,0.0028300158285295574,0.0012644637995904988,0.002319166134524358
0.0,0.003493609051598898,0.0044163479386176005,0.0019666167089737565
0.0,1.2610528724401004E-4,8.475755305051538E-5,0.0029742084395278086
0.0,4.300104926910362E-5,2.801232965051964E-4,1.322823399510763E-4
0.0,9.870550486391445E-4,0.0013972747150067853,0.0011603031756227105
0.0,1.0030999366272463E-4,9.477948544112611E-4,0.006004054069100904
0.0,0.0011306234249707013,0.001592957128192647,0.003929048181863751
0.0,0.00636313540108667,0.0038628288408396466,0.002173845533422552
0.0,4.129594462109058E-5,0.004925764443186672,0.002030552552007169
0.0,6.027220371917039E-4,6.152537266299597E-4,9.081734515998426E-4
0.0,9.746084795512756E-4,0.006306805881883885,3.714840677775365E-4
0.0,1.8426281665415937E-4,5.735315796062688E-4,1.523573873565349E-4
0.0,5.179152362228871E-4,8.388933048602421E-4,1.5993797811306775E-4
0.0,3.6976038946482838E-6,1.6199836070987883E-4,1.2917657839847752E-4
0.0,3.256943815180111E-5,0.0014607413444276253,0.0046406189348809105
0.0,0.002535863901553699,0.001814171065295166,0.00300436488530046
0.0,0.00405003052490766,0.003335121960869896,0.007112289416692644
0.0,0.0014754993139239703,0.001267550159992226,0.0016212797681872653
0.0,9.331867447908019E-4,0.004156884996320272,0.003875512849088488
0.0,0.005722092823164374,0.002757584124808875,9.520778150210118E-4
0.0,0.0019054277413733157,0.001006493877459963,8.499880062739796E-4
0.0,6.197040519899823E-4,2.11670975507317E-4,1.834325667490029E-4
0.0,1.799625059447807E-5,1.2862778283365089E-5,4.6682828583110454E-5
0.0,0.003906594674408831,1.8072943853492238E-4,4.6973857822533105E-5
0.0,4.6738644426551356E-4,0.0019165254107696213,1.2797695113746094E-4
0.0,0.0012406317619706908,0.0013339611354959314,8.33641531672478E-5
0.0,0.004912339130579875,0.0013895095636305246,0.0011437863959785329
0.0,2.1979646297552526E-4,6.238838734028944E-4,0.001929708174147301
0.0,0.0018535848566301467,3.9281540938894465E-4,6.227970072135725E-4
0.0,9.242942587715934E-4,0.0020998222973705803,0.0030106160324819735
0.0,0.002648564027911669,0.004050144109626484,0.006073801956786158
0.0,1.2233164672842512E-4,9.427376004509993E-4,5.6687550756276077E-5
0.0,0.002968787611329533,0.001160710608525075,0.0032557484218414807
0.0,0.005969850161709781,0.0012439605292560213,1.414952127333083E-4
0.0,3.050721665350425E-4,5.021225888292382E-4,2.6548404432050904E-4
0.0,0.007403495860447683,0.001122940329842932,0.0013966652891070337
0.0,0.0016473312699514214,0.003749334924719335,0.0030296254325637216
0.0,5.812389453823569E-5,0.0032332381369933835,1.0530155145981416E-4
0.0,0.001615045430762985,0.0021130714509301593,5.802389618996892E-4
0.0,7.334053707460204E-4,0.0029878897230453793,0.002400876559098962
0.0,0.0011525745433414133,0.0016662394149483607,0.0025293631922783675
0.0,0.004647470274569218,0.004067478937792319,4.8671633273009607E-4
0.0,5.74162710475904E-4,0.0014060990699327647,1.359861710505039E-4
0.0,8.900353181007687E-6,4.389815266528638E-5,2.138942426955289E-5
0.0,5.621845155404702E-6,7.4537123517338235E-6,2.2018305133260494E-5
0.0,1.2980528027602158E-4,5.119911187374547E-4,4.643188823989616E-4
0.0,1.973022174470405E-4,0.003587113650672927,2.001524568520633E-4
0.0,7.150688275494786E-4,0.004461500125994821,3.937022678500115E-4
0.0,0.0023903531940271086,1.856526198977951E-4,0.002026209594182085
0.0,3.510502139874736E-4,0.002257880922292163,9.231993567088442E-4
0.0,0.0016377401967197299,5.426675214289863E-4,9.95462038499937E-4
0.0,4.0521287446503907E-4,7.255186789260501E-4,0.0014881047446773177
0.0,5.881467420788076E-4,0.0029573775106147564,0.0018338477769454227
0.0,0.0045932255724582104,0.0014123785984844408,0.003868476025351782
0.0,0.0015124029382626778,7.815304025250376E-4,0.0032229317041533177
0.0,0.0012419598366592594,1.489926379506081E-4,0.005872211673626392
0.0,0.0024885089277918927,0.0010059926160095414,0.0041093604605567475
0.0,7.609208385237337E-5,2.2367066112215299E-4,8.964365473765923E-4
0.0,0.002466523896670713,0.003643811830809591,0.0037679657810955687
0.0,0.0058284985757882215,4.6766642853359917E-4,0.0012420507038790084
0.0,6.022872631353153E-4,0.002361086388193246,0.0016238446286267398
0.0,4.0257572785091725E-4,9.656178768593607E-4,0.001797595625685648
0.0,0.001548154651146421,0.0011381648839348581,0.005273345397372673
0.0,0.00551322540603647,8.684859181167323E-4,0.001194133533062491
0.0,0.0030576902969123515,0.0010103374867122448,1.253775633531515E-4
0.0,1.073840129680102E-4,0.0021675891144270773,3.6997063381469003E-4
0.0,0.0016181840842823575,0.005041576091763312,5.333158409050285E-4
0.0,0.002092973757183503,0.001285385721961588,9.247474541173795E-4
0.0,0.0019209578609371031,0.0017943209066385343,9.443630301014921E-5
0.0,0.0012972255955932138,0.002774427741379595,0.0018365654351588478
0.0,3.391305361557323E-4,0.0017052174592362738,0.001350876766453092
0.0,0.002349135894661169,5.113645473257211E-4,0.0010351045272813614
0.0,0.002282411304947975,8.69308643864925E-5,0.0016278939880032101
0.0,0.002192503919509024,8.913380880977819E-4,0.0010041082415505223
0.0,3.883283412582716E-4,3.0790927349459203E-4,2.1342612916437214E-4
0.0,0.0016781632305992854,0.0034338287068312857,6.346235482063244E-4
0.0,4.253210271382772E-5,0.0025242392058236127,0.006038031461214231
0.0,0.004831590036893128,3.1481687044332776E-4,0.004096006541051908
0.0,0.0015513917160528481,0.002808078369510337,6.723383786208614E-4
0.0,0.002951575295609526,0.0011534345350070088,0.003671723766280583
0.0,5.871486137632627E-4,0.0012997596805640554,1.3752105628037398E-4
0.0,4.889481964004357E-4,2.434919101508603E-4,7.670799430081497E-4
0.0,0.003909476213359296,0.0019954175085698913,0.010067719158237945
0.0,0.0026397666579697694,0.0026050976357212575,0.0015516832411878487
0.0,1.8196748546262583E-4,0.0022523000006964703,1.299572777255882E-4
0.0,9.364973240438466E-5,1.1909854863400366E-4,0.0012706994193674398
0.0,0.002541606704625449,7.170713030451079E-4,0.0010249783245656569
0.0,3.5812261848693197E-4,2.7999181709356967E-4,8.837241739403987E-4
0.0,8.341270299019411E-4,4.015091331835105E-4,3.9832533981546027E-4
0.0,8.375248049892662E-4,5.22282786651354E-4,0.0035010768203574574
0.0,8.809545688614006E-4,0.005058382310341742,0.0034428409446483677
0.0,6.071552673905716E-4,0.004529176984686172,0.0036040781403344634
0.0,0.0011873637117125113,0.0023733065021820446,0.0022832194414287967
0.0,0.001183066265389028,0.0021450790073535386,0.001528996843531257
0.0,9.542279534918338E-4,0.0015890033178753886,3.3073413848845585E-4
0.0,0.0034086774054609458,6.330440574081741E-4,0.002218382035017856
0.0,0.004866155148028543,0.0033429535502051107,0.006767658131798418
0.0,0.0029487874693989785,0.0015939563075444778,0.0032238541978371056
0.0,0.0017790326987186366,0.0012390479396775888,0.0026444176229096913
0.0,4.121647223018697E-4,0.0018298776770272018,1.6376872094207365E-4
0.0,6.540336157946641E-4,1.3106763660722577E-4,0.0020416008891592447
0.0,0.0011664909003228916,0.00145851585278808,8.455667960606748E-4
0.0,0.0030568440342348866,0.004357550474768323,0.002900709719900812
0.0,2.7218256246666644E-4,8.447253377087419E-4,0.005629359021127661
0.0,2.9703466250691847E-5,0.0021140884571759005,0.0020249193777863253
0.0,8.112239280334556E-4,0.002547786173558467,0.009422366717465614
0.0,0.0014415324582801275,0.003218720319520587,6.356809678770343E-5
0.0,3.8934200759771015E-4,0.0026982692737447245,0.005888172801895089
0.0,0.0021039133349492496,0.0010240960201290238,0.003405438643248621
0.0,0.003929346236090212,7.585270336293645E-4,0.0021655382347491978
0.0,0.00531384146426384,0.003367674190084655,0.0018233895801736083
0.0,0.001098905164114182,0.009858259478393269,0.005257872304633457
0.0,0.0011351297068637554,7.524270621914699E-5,4.4269115835127125E-6
0.0,8.700929318808898E-4,0.004189260028668461,8.475230901466723E-4
0.0,0.0014673796332758573,0.0037961278955854936,0.0022215307597455553
0.0,7.128829722657441E-7,2.3171628064052078E-4,3.735383437858979E-4
0.0,8.876549826847793E-5,8.523941236385527E-4,3.202802877352642E-4
0.0,1.679144051355946E-4,0.0015295365224537003,0.0019462991003865121
0.0,1.674991675875539E-4,0.010150675376333806,0.006338654752297371
0.0,3.863354464419162E-4,8.647169287431677E-4,0.0033208608077422487
0.0,0.0016816495364787882,9.758549371461532E-4,2.2164709697902542E-4
0.0,5.881875455308624E-5,5.576528380118748E-5,3.56405982450543E-5
0.0,0.0011855426674242605,0.0041848488616474154,0.002754504881146188
0.0,2.3784668241614662E-4,2.7761065707420957E-4,0.002458878814509764
0.0,1.399804027437067E-4,6.515931755012223E-5,1.599004212738288E-4
0.0,0.0024811435919562244,3.867065118701133E-4,0.001158745819686321
0.0,1.1199481068485193E-4,0.003023880127775713,0.003206245330067969
0.0,0.0019735142082266057,0.011089908667206572,0.006898481862265986
0.0,1.990635962774189E-4,6.233686342715344E-4,0.0010557252439927854
0.0,6.702947301617672E-4,0.0013835847519613122,9.373892664225184E-5
0.0,0.004271460902451484,0.0015761132400674569,0.0010873805906343292
0.0,2.0558746790000316E-4,4.0823901721887673E-4,9.999283845548508E-4
0.0,5.802485561759718E-4,0.001811839932108275,2.427759053266566E-4
0.0,2.9649655550268345E-4,0.0010926390753373573,7.043987268079509E-4
0.0,0.0029570513150092557,0.001120147509568193,2.549607634747135E-5
0.0,0.001553307364686105,0.001752767886353772,0.001725515921116541
0.0,0.0013717305432943254,0.0019279851107313966,6.507680265861023E-4
0.0,0.004041371870520646,0.0015911834319853792,4.675910581539961E-4
0.0,0.0015997793918619315,0.004107936078055746,0.001435514329103685
0.0,0.0027836636176801427,0.0026267037723948007,0.0025023583967215095
0.0,0.001645027112000275,0.0023913401630119894,3.6249925884859253E-4
0.0,6.429002214407221E-4,3.279893241849814E-4,7.584164592837937E-4
0.0,0.0011181464289486023,0.0012549867408688884,8.88425554496693E-4
0.0,0.0013114249523839485,0.002248758031076143,0.0011279544705319433
0.0,0.001001533720092901,8.955202842510306E-4,2.1365058541485146E-4
0.0,6.830091351559905E-4,5.6753190565903305E-5,0.00205249383563996
0.0,0.007782358355012878,0.003344147414929969,0.003073536058842698
0.0,0.0030630555222206997,2.7791255279108147E-4,0.0010031373973391213
0.0,2.4022551355981704E-4,7.28304725745734E-4,0.001977927914755617
0.0,0.0039031404322335916,0.003759691093729559,0.0018672775100942222
0.0,0.0037282817981436657,0.005015717641440919,9.924210667296336E-4
0.0,8.871022340928998E-4,0.002307928274926167,5.79959066093606E-4
0.0,7.141759634322663E-4,8.279423461377918E-5,0.0010704623650290741
0.0,3.1110127591409115E-4,6.708292085041608E-4,0.0017931091000010918
0.0,8.911082875840373E-4,0.0031403988522809164,0.002597642432226627
0.0,4.336369116098808E-4,2.753305949587595E-4,0.0027621091910171153
0.0,0.0015123470035037345,0.004550518653265506,0.0015498885377521628
0.0,9.666013873054519E-5,6.775223698792577E-4,0.002357061309439316
0.0,0.0017145281498650363,0.0052353124360047095,0.0014711009073856362
0.0,0.0023345482219076395,0.0024587188388385836,0.0010784123915480608
0.0,8.220421683648607E-4,3.8802044172571085E-4,0.0038625275177813327
0.0,4.433844956987167E-5,2.3613665214218814E-4,2.6458967146998044E-4
0.0,0.002272527380703133,0.0021453074745348025,0.0020529192395993185
0.0,4.816264171776066E-5,2.7684581099785715E-4,7.246483015079187E-5
0.0,7.663346012756837E-4,0.002202832619057792,0.001194880786302954
0.0,9.3652835450722E-4,0.003539333645963025,0.0033858871454011197
0.0,0.001021322947379082,0.001314307146469094,0.0021819237897161415
0.0,0.0012511759778841027,6.463278513711543E-4,6.507999484118854E-4
0.0,0.0052658963887308495,0.0019484480504387736,0.003630802620501164
0.0,6.916195125572215E-4,1.6936336883168976E-4,0.0016431417355039684
0.0,0.004366269908957342,6.857733538107688E-4,8.134339177136844E-4
0.0,0.0012579871145700955,2.4106055322760218E-4,3.5636934554195924E-4
0.0,7.992193553345962E-4,0.002476351890816579,1.99874598564299E-4
0.0,0.006793874220887331,0.0010563954636507846,9.376680860039741E-4
0.0,0.0032274372335861982,0.0015830807769835124,0.002267465448089405
0.0,0.0019081435456140756,0.0019703795323979924,0.002505136359458323
0.0,5.820309228676217E-4,1.6558676355732434E-4,2.668008871225877E-5
0.0,8.787575539095226E-5,0.002186389843657452,0.001261289244376685
0.0,0.0021566287936724965,0.0019329269995276848,0.005408090586043731
0.0,4.40470965280525E-5,0.0014682560978156,0.003333206067476181
0.0,7.098704033745208E-4,0.002466777455291359,2.2439317499890806E-4
0.0,9.374568612338051E-4,0.007168803535627252,0.0011670762972583765
0.0,0.002877494734815462,0.002869741329062788,0.009206538722717586
0.0,1.7454979560476786E-4,0.0027088168942477446,0.005045677380585686
0.0,0.0010970681293352418,0.0011735255868104372,0.004777479192532348
0.0,8.048425051737222E-4,0.00271720692174139,0.003806725110953208
0.0,8.226401238626788E-6,2.3874936924030073E-6,8.95115848799853E-6
0.0,0.0023774244040840374,0.002548990947290241,0.0010153794112439355
0.0,0.003128066011725682,0.0020889795547774847,0.006594254009334143
0.0,0.004141992893456327,0.001299513295266957,0.00219607119939809
0.0,0.0038649012580244794,0.0032231711880709047,0.004085161998425418
0.0,0.001791663131699678,0.0034976379340900983,0.0010405187064824793
0.0,3.7961902969425637E-4,0.003138934234825935,7.613538012217012E-5
0.0,2.346505381794093E-4,0.004556638295625077,0.0020461262013243297
0.0,7.374850402676798E-4,3.2836302345115684E-4,2.110380497042489E-4
0.0,5.491575443933584E-4,8.216888612523294E-4,3.7897434709962657E-4
0.0,7.441436697367676E-4,0.002448530063121433,0.003059596280058715
0.0,2.56257577667195E-4,2.2129214005558074E-5,3.2409442504250643E-4
0.0,5.76546915246717E-4,5.5179677423197996E-5,0.0014501372228017245
0.0,0.00232520788382265,0.002960209758148182,8.966950137743506E-4
0.0,0.0047702032119614594,0.002401303012502321,0.014094638107632423
0.0,5.034735963548445E-4,0.002155294115787576,0.0012457515070152538
0.0,0.0011015174018231034,0.002009585995149295,0.01051196871715642
0.0,0.0012843482664356765,1.5317198275671874E-5,7.822405189392854E-4
0.0,8.421642423660885E-4,1.572764166398258E-4,8.710470781883693E-4
0.0,0.004571838799811832,2.1025384586371702E-4,0.001095917624663902
0.0,0.0012030672173890756,0.0014072744489075678,0.0018756300311130237
0.0,0.0024903416367764697,0.0035290135786642924,0.0034753315861427037
0.0,2.500384250066131E-4,1.6827594721206812E-4,2.6912499763829E-4
0.0,0.0023742373269021204,0.00508495021652444,0.0032485880159081096
0.0,0.001995219609064372,0.0018603135349452608,0.002309106368769574
0.0,0.005691858908219409,0.004085106880174323,0.004645974560570919
0.0,5.188043678111141E-4,1.2755383558770748E-4,0.004520221210757882
0.0,5.33010588942852E-4,0.0033422679193416908,4.235381426012737E-4
0.0,0.001263490480740829,0.005219523546912448,0.002218975056868447
0.0,0.0011790532974572771,5.613385943510286E-4,2.4513309157789726E-4
0.0,0.0014669729273555318,8.259707366965859E-4,0.0037031431707961336
0.0,0.004174213022474807,0.004006873934358244,0.001073949662211204
0.0,7.129026187966514E-4,3.664925049653916E-4,3.410591285429946E-4
0.0,0.0027101941069989834,0.003971843846301263,0.004139908169187575
0.0,1.7505717369975277E-4,3.7483308911013803E-4,2.6026953988980537E-4
0.0,0.001191551020681853,0.006977005261167084,9.737958308731836E-4
0.0,0.002630907598620155,4.2741275719706173E-4,7.091318522893632E-4
0.0,0.0011574363122652336,3.0875668603013915E-4,0.0025314799416871255
0.0,2.1246341961789339E-4,8.278721370686411E-5,1.2179308108066907E-4
0.0,0.005260312349006032,0.002181144432139385,0.0019965497587131472
0.0,0.001068263340698728,0.002252203793673055,0.004913541521646697
0.0,0.0017511001173273683,6.320726801116908E-4,0.002267823612664474
0.0,7.660121557827701E-4,4.981914164515523E-4,1.3515345963684703E-4
0.0,0.0027055646129540384,0.0010625284617139074,0.006180334056354941
0.0,7.726089978869829E-4,0.0013522662716326118,0.0025387546310987217
0.0,0.004850680068587896,0.0012600963049820588,0.005467824766969411
0.0,1.0939901039936109E-4,0.003133864113821757,0.0031459979258566632
0.0,4.4024703586218985E-4,2.2332385190710098E-4,0.0034850907377634243
0.0,2.781596113793493E-4,0.005182956900447049,1.9369225814666943E-4
0.0,0.004873857306843098,9.419061646986365E-4,0.003570169276495162
0.0,6.803493093260062E-4,8.396583101904636E-4,0.0013858600215393543
0.0,6.747281634271167E-5,3.621281375025914E-4,9.984073662234163E-5
0.0,4.239774851454233E-5,0.00330842358900833,0.002611610135752132
0.0,1.1165828004167423E-5,3.8193110317121776E-5,6.358289504093448E-5
0.0,0.001277228694508349,8.022854841041657E-4,6.103689628802907E-4
0.0,0.004217485349622404,0.002958319616788078,0.0027685157673364995
0.0,0.0019832526776526853,8.919313233079641E-4,0.0023767783672294187
0.0,0.0018737916771735584,5.15364788208419E-4,0.0018213138012601931
0.0,4.3330633104526184E-4,0.006637195130191386,0.0016879390135922244
0.0,3.126160592826203E-4,9.821359735552402E-4,0.004119145633755892
0.0,0.003110669542979484,9.863702018382925E-4,5.111759209344992E-4
0.0,0.0016684768255518722,0.004175172075718784,2.1699426552717274E-5
0.0,0.0018380789500665588,9.141072435454274E-5,1.1450706227302561E-4
0.0,0.004171310371835641,6.922273240399417E-4,0.003902541805233206
0.0,7.6025449901325585E-6,3.2680609186518935E-4,8.075307318214215E-6
0.0,4.7454839049956675E-4,7.275864420512733E-4,8.352339999897014E-4
0.0,4.1785138837979003E-4,0.003331094300183085,2.6501704656652916E-4
0.0,9.234499109527687E-4,9.799126923354772E-4,7.400423952966641E-5
0.0,0.002739461287745461,0.005465956229897976,3.5953733858976874E-4
0.0,0.0012883566091221766,4.864272815103388E-4,2.626880491463019E-4
0.0,7.735155491393894E-4,0.0036083810284589283,0.002620247120215762
0.0,0.0012887231219640483,9.120651822312851E-4,0.0011390470786588347
0.0,2.5754862623368323E-5,6.996973128604902E-5,8.02427038630883E-5
0.0,0.0011058571247949394,0.0026508471685871087,0.0010752821128247646
0.0,8.975469718496877E-4,9.143759372453503E-4,0.002717792545043101
0.0,6.365020827739222E-5,5.7677299294816975E-5,1.4182343342737113E-4
0.0,0.005244758381037184,0.002106066532507458,0.0035800883901913297
0.0,3.138831913187356E-5,4.506674624861359E-5,4.89356013629612E-5
0.0,0.0010822236754991603,0.0013738419895768922,1.1921082539277116E-4
0.0,0.004200620744526221,0.003972415782915481,0.007647062503753362
0.0,6.805767637989152E-5,7.761334388780963E-6,1.6782727037373626E-4
0.0,0.0028062037864955017,0.0019292615046461997,0.0018030535147904089
0.0,0.0011688452717594298,6.420869519766601E-4,4.0335431360021717E-4
0.0,0.001113342597469806,6.68847091028386E-4,0.0018881093278849122
0.0,1.6890679884532317E-4,0.002119948073299957,0.0018656102116629961
0.0,4.092009146369128E-6,5.71496412461455E-4,0.0031008329418465343
0.0,4.27445803144807E-4,0.004054697529269091,0.0020879093515888277
0.0,4.2133395898490604E-5,9.873838362284874E-4,6.52830424080822E-4
0.0,0.0019041940817018624,0.0065547002472346174,0.006314549952965304
0.0,0.003632877687025231,0.0021290519901581637,4.2401480075698926E-4
0.0,0.0013818333689509486,0.0037005631315919266,8.100491098704818E-4
0.0,0.0012581232757100272,0.004738871060270547,7.667912461254999E-4
0.0,0.0028943004051014388,2.645929038797679E-4,0.002806794151001232
0.0,0.0026808498342963303,0.00462515480079996,0.0011101405550705246
0.0,0.0029738336049778846,7.898271035182544E-4,8.40912145081615E-4
0.0,0.004536770090365898,0.002232252126835739,0.0034758840271407535
0.0,5.91570354640061E-4,0.0031088744589434477,0.005839088353548538
0.0,3.9946267268560004E-4,0.006002720816790318,0.0024847031584586117
0.0,4.262592758101925E-4,0.004087771639343443,0.002043445976884311
0.0,2.740880145308602E-4,4.8195266108337096E-5,0.0025232345645149583
0.0,8.982952279903855E-4,0.0041533150703452395,0.003756677233878736
0.0,5.873055362074015E-6,4.985706567480144E-4,7.66938817158689E-4
0.0,4.079174156520173E-5,5.712376050123057E-4,3.8830237957568223E-4
0.0,1.2708260403520113E-4,0.001491311848676341,3.179870308440564E-4
0.0,6.118283035065466E-4,0.002062450032231123,0.0018516650463951817
0.0,4.4089514792573846E-4,7.536351386120615E-4,0.007082380454747701
0.0,5.362536233990008E-4,9.215577157350061E-4,3.9081793620984224E-5
0.0,3.4052199531362323E-4,0.0016655809326542536,0.0014777176640363343
0.0,0.0020482251402210087,0.001516977822418511,8.814058476419704E-4
0.0,1.455878058857131E-4,2.673304706344055E-4,6.091878679974961E-5
0.0,1.6314320991473366E-4,0.0013799936021828632,3.1884440687903284E-4
0.0,0.0022647161712280464,2.682117614781954E-4,3.5901134714241064E-4
0.0,5.496519077083584E-4,1.8753622241209439E-4,6.732619992207304E-4
0.0,0.0017320964778169466,0.0035631054902976393,0.0019133209843672167
0.0,6.123411053715808E-5,2.195615212604157E-7,5.969340282416375E-5
0.0,0.00205104111182733,0.00348672843629556,8.131711195078268E-4
0.0,2.5050452840869936E-4,3.7367696502729186E-5,0.0028435887159319988
0.0,1.586264903086461E-4,4.3858277096379066E-4,9.008850315750227E-4
0.0,1.820943287821423E-4,3.729986826920276E-4,2.5399139828429266E-4
0.0,2.974253630596359E-5,0.0010441235389770992,3.2948026215134316E-4
0.0,0.0027930793367730187,0.0060518867136019165,0.002534068937348918
0.0,8.252553610140962E-4,2.4463877894762747E-4,0.007282944956698205
0.0,4.16393391235519E-5,2.0955977069984303E-4,1.0708571854939126E-4
0.0,0.0011686512426548421,5.982583153768278E-5,3.4586374819516405E-4
0.0,9.07704744606607E-5,2.1028665003872696E-4,1.9776365289070338E-4
0.0,3.456808846214697E-5,0.002634524280762621,0.004340287615537801
0.0,1.0083529084138501E-4,1.322540575341188E-4,1.3059728006882865E-4
0.0,0.0023434441784974435,0.0015896456115493066,0.0010288099825059005
0.0,8.20165314834603E-4,0.005858852374389724,0.0056199342055622895
0.0,0.003786417756432849,0.0031782601391275624,0.0014819395630140397
0.0,0.0018112894727887905,0.002037865172953703,0.001598857443485978
0.0,0.001441309321986344,0.005742979921156932,4.7191155824278727E-4
0.0,5.269262565057851E-5,1.4498759438690673E-4,9.062665038902507E-4
0.0,5.269918714070954E-4,0.008330271914613826,0.0027354568349751787
0.0,3.969858028975917E-4,2.8325189195433926E-4,0.0012327199577193166
0.0,5.839589973420167E-4,1.1729889187712146E-4,0.0010935566135517772
0.0,0.00432679103112346,0.007828822290852265,0.001362858039554124
0.0,0.0015315529295984352,8.500111183891685E-5,2.1773657737015847E-4
0.0,3.718018056552549E-4,4.212962013669669E-5,7.999480154597389E-4
0.0,0.0014694450965246182,0.0034476154205258965,5.591027606501988E-4
0.0,0.004141933506826451,9.422179733344408E-4,0.010562181678439479
0.0,3.678865009121642E-4,0.0019576981275279998,2.8064816323765876E-5
0.0,7.427422214964852E-4,0.003284929530168029,0.0033577085143798053
0.0,0.001867942925568497,0.0010335224389954349,0.002656115042264376
0.0,0.0016106892149723186,6.511827379988818E-4,0.002356206658773793
0.0,4.645532314112485E-4,0.001252556541656733,2.13268912488882E-4
0.0,0.0013696433904615828,0.005732995554722216,0.0041228903716489405
0.0,0.00446126883185005,0.0014935669120208518,0.0019731156845803847
0.0,0.0011347238981411934,4.414926442468351E-4,8.13071248785934E-4
0.0,6.0124868858069715E-5,7.661769125262629E-4,0.0039172095682705466
0.0,2.753768550091225E-4,1.9903077698262515E-4,1.560077908856933E-4
0.0,6.13544727038758E-4,3.815266523310581E-4,4.5461720281542997E-4
0.0,2.0829306626712579E-4,7.240858175566813E-4,0.0027298346262325567
0.0,6.516966726507095E-4,7.761245948645814E-4,4.99096789103432E-4
0.0,0.0031170795057467804,0.0032744985429123616,0.0016116525780935972
0.0,9.933780759069003E-6,5.013434413750896E-6,1.944649473390075E-5
0.0,2.1726476495972992E-4,9.210734074796516E-4,4.6271631365202976E-4
0.0,0.0011663805431005034,0.003751570192277511,5.197155240171517E-4
0.0,0.001773450280767353,0.0029642549671704296,0.0017529128810610229
0.0,0.001298026899070826,5.851752818659321E-4,2.2908362047059812E-4
0.0,0.0017422125340889757,1.6964293781793603E-5,5.349624963526761E-4
0.0,2.461590148579824E-5,0.0019414751718239331,0.0057373484869794045
0.0,0.001395127003424661,2.7921139657910237E-4,0.004727758903691576
0.0,0.001512418825789111,9.743384752833763E-4,0.003217347164632976
0.0,4.131100157563116E-4,0.0017432135667800957,0.0038787296125064054
0.0,0.003932554491060889,0.0083102685170114,0.00244659701862483
0.0,9.57287146261522E-4,0.00195384583523947,0.001568226998269857
0.0,3.2447323679632363E-4,4.2568097516901705E-4,0.0060641868070609286
0.0,2.580923272109318E-4,0.0013643997337828477,0.002572159168225874
0.0,7.861068724573148E-4,0.006906215896349414,0.006244097454655666
0.0,7.442579892107089E-4,2.1611332227474474E-5,4.8153459999351054E-4
0.0,7.91330428457017E-4,5.289928916587047E-4,7.71488443009927E-4
0.0,9.725443495730705E-4,6.390922948755853E-5,2.526358834106792E-4
0.0,0.0012158878379235957,0.002682094217052314,0.002251535393268915
0.0,5.852518214583512E-4,0.001716597956813325,0.0010858060789173038
0.0,0.0027134443894914284,0.003447008611416492,0.003591353504712763
0.0,0.0017747494039916773,0.0015233659060203384,0.0032194673745522023
0.0,0.003451556374721154,0.0020701837648762103,6.680808802924203E-4
0.0,1.595557332319908E-4,4.90136901686671E-4,1.6385716496715173E-4
0.0,0.003162396002189004,0.005484170589226546,0.00377430887134058
0.0,0.0029084892097044897,0.003493969598878291,0.0031270064154475413
0.0,0.004837953857901973,0.004154987432768157,0.0010748995095401954
0.0,3.2440260681009574E-7,6.149841885196272E-6,1.5214716541785147E-5
0.0,0.005063105610778679,0.004232645126893755,0.0025467567327432726
0.0,0.0037098546440487534,0.003730451121291969,0.001576665821458178
0.0,2.5588378517789627E-4,3.431935322016781E-5,0.0013194020432178723
0.0,4.228583104598273E-5,0.0010023460423315726,0.004635694817477779
0.0,0.0013261250239786197,4.4791949711802406E-4,7.403966885984507E-5
0.0,1.8517798324468055E-5,1.1666460751550631E-5,2.4516611137543747E-4
0.0,3.726951898919731E-4,4.879926853122077E-4,0.0013284787187228552
0.0,1.5753222327697004E-4,0.00824869646818704,0.003164994277794538
0.0,5.224070047407832E-4,0.0022550031668557187,0.001560114137676972
0.0,0.0016346551990396529,0.0011607421805797035,1.437186041259441E-4
0.0,8.643847572688564E-4,4.915197228579974E-4,0.00267366470273806
0.0,3.4614353878924345E-4,0.0018730548430862574,2.0810431813489332E-4
0.0,2.8434040655302584E-4,0.003723485493898539,7.79276238816315E-5
0.0,0.0030194412778399393,6.917815327960581E-4,0.007849858540417656
0.0,8.73661901744251E-4,0.001211074707268641,0.0014108888995263888
0.0,5.9806420901599174E-5,2.9162005423997246E-4,0.0014631283889689657
0.0,3.250311758806862E-4,0.004393212518113101,4.4604362552857433E-4
0.0,4.6633833788903154E-4,0.0031944417935445084,0.0020978879648210517
0.0,0.005494495086482003,0.0036080607672820137,0.0027968617515297697
0.0,2.3379639373703126E-5,0.001654216863043661,0.0015468555200665599
0.0,3.050839480680632E-4,1.0479594899041975E-4,0.0015527910056396977
0.0,0.0020670941322509418,0.001954003257894699,0.010665022839609729
0.0,8.337980263083995E-4,0.0015887765783447329,0.0053703659747215875
0.0,0.00135303358155364,1.8896861198750166E-4,0.0029447153249817586
0.0,0.001371281949757607,0.0022408081258755005,0.0022553308660068216
0.0,1.8517932253176141E-4,7.93205107708908E-5,0.0020917510161969108
0.0,4.8625357364674734E-5,3.2944739516019213E-4,1.2434148874312346E-5
0.0,6.326415330466678E-5,1.442736832271067E-4,1.5390406625462595E-4
0.0,1.2245751648097425E-4,1.7012537265298613E-4,3.9706398397983835E-5
0.0,7.553386374108782E-5,3.672514661073411E-4,4.8373150321641384E-5
0.0,0.0010717159470789266,1.688961355367422E-4,0.0019484222364041985
0.0,1.3872728684640565E-4,0.0010040733579885271,0.0022105828533406533
0.0,0.0024352336590334734,4.601633584989177E-4,1.9358722866739917E-4
0.0,0.0039045910081246813,7.917962884961727E-4,0.0021919594296597273
0.0,0.0056847441654219195,2.4147639261986974E-4,0.009908578282371516
0.0,1.283726907205847E-4,4.4929654629537923E-4,5.626324017699963E-4
0.0,2.6438289913666504E-4,4.680211035367514E-4,0.0012226239080484753
0.0,5.965985356504673E-4,0.001002571880658194,2.488430682151315E-4
0.0,8.323904117699344E-5,5.334776904331226E-4,7.532776107965643E-4
0.0,5.003177876695544E-4,1.3580126777120022E-4,0.002050438384593784
0.0,9.220871896987138E-6,0.00513994150263331,5.855442427087641E-4
0.0,5.73984630788924E-4,0.0013369252639079193,0.0031247731660795633
0.0,9.850201723393755E-4,7.487495531006313E-4,0.0023711096752470446
0.0,9.598428099016399E-4,0.0024597603142104195,0.004219352149459336
0.0,0.0031628142229935814,0.0030277122718006034,0.0032941893442079225
0.0,0.0012840089617937064,7.061620686945285E-4,0.0037943537575906012
0.0,3.164233638887842E-4,6.0957454603818226E-5,1.705580528282163E-4
0.0,1.5521135425606953E-5,1.196560817106233E-4,7.898520688415837E-5
0.0,0.001025609094234942,2.3939014783690949E-4,0.002393671184652287
0.0,8.875958088659888E-4,0.004359463039262419,7.863973758664667E-4
0.0,0.0013156085755624504,0.0013078847441546477,4.6751324631357085E-4
0.0,0.003492205209629796,0.003970276830696495,6.073431951926924E-4
0.0,0.0011800025352434649,0.0018812901499010832,0.0010269535367585546
0.0,4.742478398663166E-4,0.0029568385979073333,0.001004123627767018
0.0,6.253907654886904E-5,2.986863865159271E-5,7.091701460711414E-4
0.0,0.001161982704689212,1.0960197540672079E-4,1.4017210275763033E-4
0.0,0.0010258551083971537,0.0014044654980464016,3.465002163973976E-4
0.0,9.226735275741264E-4,0.001895060826923695,0.0012672751275305575
0.0,3.567838377986017E-4,1.8836250386349902E-4,6.172485558329794E-4
0.0,0.0016415552477311874,0.002960694705441497,0.0042486495900010135
0.0,0.0010072509998679904,0.00486505187936717,0.005895010163876539
0.0,0.0027049463098900673,0.002088503463090147,0.003303520358719643
0.0,1.0264827956597395E-4,2.034998590732138E-4,2.5346143684913864E-4
0.0,0.0011111723954143951,0.0072278127783073085,0.0027817290591926063
0.0,0.0020058458100595165,9.008416455027633E-4,0.001164959521719783
0.0,3.085271668847624E-5,0.0022379725503713123,0.006915534315290112
0.0,0.0033949128347078848,8.929052990584441E-4,1.115983856812681E-4
0.0,0.0013217410894380474,4.686378052680734E-4,0.0037870393890955464
0.0,8.346897159209301E-4,0.009673679409691325,0.001684527377697448
0.0,0.002145174557837631,6.655406039359342E-4,0.014999537386333552
0.0,0.003078164698289996,3.195086652033603E-4,0.007407110952499377
0.0,3.4921793827141404E-5,7.729267328716731E-4,0.0027096080668821015
0.0,5.979809580924347E-5,7.073511886263682E-5,2.310642809269313E-5
0.0,0.005846557487575305,0.0010057748237230484,0.0057445073530043855
0.0,0.0036378700118597064,9.287086567324209E-6,0.007361500709975472
0.0,9.796316874310215E-4,4.6880158230566243E-4,3.9344559451730986E-4
0.0,0.0011334532183073104,8.907149874872986E-4,0.0024537175491436813
0.0,0.0011162921263573522,0.005543261051584922,8.42897274771092E-5
0.0,0.0020863646139306097,0.0011812332985219024,0.0035573871969887608
0.0,0.001550311877116585,0.002430428937571457,0.0072792802328577955
0.0,0.0016465007473407743,0.004216185219160653,0.0027146892197978875
0.0,0.0046602429478188,0.004672004962475612,0.0026949029680097755
0.0,0.0016162234818485838,4.768034507724288E-5,0.0034498123951038867
0.0,7.870860515062585E-4,0.007819078392227294,0.0025095633233355092
0.0,0.002909691593070785,0.004148739282870267,0.003326986948296468
0.0,5.981187068720307E-4,1.643940122430098E-5,0.0026304457510604607
0.0,9.199235668500188E-4,5.405459460870348E-5,7.932678230980689E-4
0.0,0.0026151222817240903,0.002921750692597415,0.0026709144313181708
0.0,3.4377144999609604E-4,3.2889027443828983E-4,0.0031533908979596414
0.0,0.001593192560644657,0.0029722966532455685,8.24137499784916E-4
0.0,7.316586479807183E-4,0.0011495854046689933,0.005183915462505498
0.0,4.1036983193427717E-4,1.495906866971024E-5,8.197339269283781E-4
0.0,3.8664235365511786E-4,1.692919148682925E-4,3.467732544569778E-4
0.0,1.2680688787701765E-4,7.656299638877389E-5,2.7049551527889166E-5
0.0,3.777163350109009E-4,2.7854745586565444E-4,0.001554323714246811
0.0,0.003653292624504136,0.0024522811895407557,0.007576769454440298
0.0,0.0010518299159474641,0.0018244144327676703,0.0014144891298034949
0.0,9.130681205072558E-5,0.0017754704713161568,0.0015989231851324757
0.0,0.0011140197967364149,0.0010321878989439524,0.0044123764268900086
0.0,0.008652184784303709,0.0018435644861081704,0.0029490940558039155
0.0,0.0014989001000263057,0.0010255511787402444,2.2582951370355767E-4
0.0,0.001106416746708461,0.003749679137717636,0.0014781012871276458
0.0,0.0033968450485982364,0.00911374822085007,0.003660688826965735
0.0,0.004039389792687426,0.002841801777385584,0.002690105007065948
0.0,0.0010460451593907153,0.00393350798272956,0.0024878417982265102
0.0,7.352545846096457E-4,0.0013186346954038037,0.0033398261549467518
0.0,5.297384132767082E-4,0.00442875992600137,0.002657670034663146
0.0,0.0015729315965431591,0.0019186348993495723,0.001825903870729456
0.0,0.0034599888127460946,0.0022362059982013213,0.0012518408158145782
0.0,0.0024141211294696,4.5905293018437163E-4,0.0015090497874053206
0.0,0.002040153572119618,0.0010914193733939572,0.0010599009826002895
0.0,0.004228944533409768,0.0033740590289389107,6.97486364157275E-4
0.0,2.765079095517368E-4,0.004097307506246986,0.003298020630454011
0.0,0.0030433563288347646,2.474942661832077E-4,7.938348129648099E-4
0.0,7.002343874328963E-4,3.461693679444393E-4,2.390235870421851E-4
0.0,0.005043688520440255,9.304843323931164E-4,0.0033877460912650477
0.0,0.003473137773954747,0.003678814733391296,1.49120841930432E-4
0.0,7.911868973354219E-4,9.970749952054458E-4,1.4586613533126115E-4
0.0,0.0020462055927552235,0.001132105811813366,2.7688610595722856E-4
0.0,0.004587156686473899,9.962839197586572E-4,0.004785197229653152
0.0,2.3823596003191236E-4,0.004908240776269698,1.6295239853888671E-4
0.0,0.0010235290692852084,2.499507234037412E-4,3.169874963608147E-4
0.0,1.8747126022003775E-4,6.577676532837874E-4,0.004613373257892533
0.0,2.4148392499868547E-4,3.5287957059408257E-4,3.5414594631936043E-4
0.0,7.293724739031866E-4,0.004192728862383334,0.001293774807730425
0.0,0.0014972508963040866,6.764103542352608E-4,7.836729964414635E-4
0.0,4.4559201554502395E-4,0.0011931037084323835,1.6395318807044953E-5
0.0,0.0010001020780384447,0.001326558425524695,0.0019204421531563356
0.0,2.8151891165727715E-4,0.0010262544403410931,5.877060236524988E-4
0.0,0.002001757583585155,4.622974041284963E-4,0.0030847148934233562
0.0,0.0031884807385761985,0.0016762470379460374,0.002163327569930258
0.0,7.046682020662134E-4,0.0030840598607866053,5.737062162892878E-4
0.0,1.042387369821051E-4,1.6425033123730078E-4,2.5624634740331023E-4
0.0,0.001304881548289683,1.7438814597432438E-5,0.0011690863883290071
0.0,0.009081043329499728,0.004191672141804274,0.00584573762232025
0.0,0.0014397945271737937,0.0011267229434337607,4.380819602602912E-6
0.0,0.004989320272024923,0.0075446183575946955,0.003842060029853518
0.0,7.246073336277442E-4,2.5021622636972276E-4,0.0074759103590846965
0.0,2.351851360380867E-5,1.2274521331805607E-5,1.986164418207866E-4
0.0,8.344074324197637E-4,0.004275882999123071,0.006720680030667537
0.0,2.9127171555129458E-5,1.1517957270559346E-4,0.0015459065546122423
0.0,4.091402923634768E-4,0.007620589542810764,0.005616123140480844
0.0,0.0014137188607779526,0.0010815097065410687,0.0013973384273070805
0.0,0.001235401532217389,0.004155603892505411,0.0017603178676864446
0.0,0.0025543209856096105,0.007703599491188588,0.0039463052960789615
0.0,4.5112715875909114E-5,3.0238275686145444E-4,9.178416463622805E-5
0.0,1.9601202818870714E-4,3.0377445072751606E-4,2.767769834735525E-4
0.0,0.0021576173954945543,1.7474259801311464E-4,9.580762565776594E-4
0.0,0.0012646716027883427,0.002128319183929894,0.0019350921928131617
0.0,7.809922286830196E-4,0.005097449457990852,0.003839420294108516
0.0,5.65335845645905E-4,0.0017104862270865288,1.1418174778854424E-4
0.0,1.7505717369975277E-4,3.7483308911013803E-4,2.6026953988980537E-4
0.0,2.3306036225569546E-4,8.086690779966977E-4,2.97398507580016E-4
0.0,7.268670230132307E-4,0.004782487254167163,0.0015066895021682313
0.0,0.0015674270425557735,2.9144368172465346E-4,5.682434621730324E-4
0.0,1.3800355093743086E-4,1.0612429998265944E-4,6.120998105061748E-4
0.0,3.245069796758491E-5,2.621041799810488E-4,8.19756414975789E-5
0.0,0.0020772332873370694,2.3356903445115565E-4,0.0011362723926253827
0.0,0.002376483931553599,3.393642722341213E-4,0.005307682972282173
0.0,7.074679264162491E-4,2.5759417394798984E-4,0.003093948214401683
0.0,0.0020677217304258446,0.005481065371985567,1.8267969209611416E-4
0.0,8.385644911275333E-4,1.1741347412835547E-4,8.804066659394378E-4
0.0,0.0021665282524647974,0.005221018284012712,0.0021548666680508703
0.0,3.8833304584181996E-4,3.321469416126027E-4,8.85991698745509E-4
0.0,7.752385702838973E-4,3.844531352889199E-4,6.231027731881453E-4
0.0,0.0014126264152241087,0.0018482184587299587,8.776121612959084E-4
0.0,0.0013149973522291753,0.0014303379817129942,5.915368299820794E-5
0.0,0.0013842083482281387,2.8878578304471805E-4,0.0024154558494698737
0.0,0.001805574168156039,0.0023707086715091794,0.003053549457996072
0.0,0.004481370117998315,0.0030348965566503855,0.0013369795826516865
0.0,5.160987268325789E-4,0.005304482792372366,0.0015667274236770494
0.0,0.0031354472731058053,0.0012894767304172689,0.0014529249267631289
0.0,3.5955571803244074E-5,0.005912876323587954,0.00160819864991587
0.0,1.2969975963039902E-4,0.0011168863565674315,0.0012287081569471584
0.0,0.0016844349335169268,0.0012251909432650179,0.002070165615115554
0.0,0.001456866844899415,0.0014730240424338512,5.359246489787606E-4
0.0,9.265299583105222E-4,0.0025318149071125737,0.0025077980592740808
0.0,0.0013264589666702835,0.007604587084153972,0.009243637293167685
0.0,1.807989555074015E-4,2.550321603795876E-6,2.4053753288155947E-4
0.0,0.0018391069792672167,0.0023778543793798747,0.0015976388651459577
0.0,0.003468613533612309,0.005414690308889418,5.532207649753778E-4
0.0,0.0019989510985998324,0.0010461309586073458,5.749597655408081E-4
0.0,3.7599042553024454E-4,2.3779729321689078E-4,1.2017145361485763E-4
0.0,9.198666103526989E-4,0.0011859054027372948,8.88593054982998E-4
0.0,0.001138030800546268,3.706401581505726E-4,5.535177965551065E-4
0.0,5.370419799353883E-4,2.73793681178682E-4,4.1508432302100775E-4
0.0,0.0010814655152168902,0.009750687778186351,0.005507978569677828
0.0,9.225560662252001E-4,0.0017984654400979953,3.318846058234908E-4
0.0,0.002300053217330612,4.49765978758069E-4,8.112877342336161E-4
0.0,9.319823626455209E-4,0.0022732820197824705,0.0020559820946955795
0.0,4.2015689918796577E-4,0.0020309373836850855,0.0012683257927194867
0.0,0.0035731195862566713,0.0011706405631450225,0.0022556390040566303
0.0,2.4355491131124806E-5,4.1822722668799714E-5,1.2278886938655426E-4
0.0,2.571942917799619E-4,0.005232625735150096,0.0035785892385618383
0.0,1.702523383492237E-4,7.835115533377354E-4,6.69939772087796E-4
0.0,0.002586946513178032,5.956800524719125E-4,0.0013462887977547262
0.0,0.0017625204377954356,4.938140198302277E-4,0.0017620823259665336
0.0,0.0016160320376249599,0.004876462202552916,0.0038937294291763705
0.0,8.547910709976147E-4,4.281952512391826E-4,3.0227894135515947E-4
0.0,2.7419704768449595E-4,2.8352976097861213E-4,6.386118190023675E-4
0.0,4.4861394272638724E-4,0.0016065915075594943,0.0010220749068980894
0.0,0.0011490905318240557,0.0034427313506454364,0.0010493858224013951
0.0,0.0015996886312209968,0.0010489750549972862,5.191466846501216E-4
0.0,0.0011114128082549345,5.872498579975255E-6,0.002170946805901955
0.0,3.1246703510012314E-4,0.0028841971759461563,0.006112288441237225
0.0,0.0020524579159633387,1.5835992564893213E-4,0.00543923227584413
0.0,7.423268887934753E-5,9.299064181513243E-5,2.5037523703798055E-5
0.0,0.004717176011672932,0.004404729307176981,0.0016479711881729464
0.0,0.001856876913292074,0.0022234512891086623,0.001002319495606318
0.0,1.2347269779266934E-4,1.1258948445685938E-4,5.9365776259085384E-5
0.0,8.71479510789691E-6,2.591540457812714E-5,9.807943075557439E-6
0.0,2.3492242646466616E-4,2.4767419193267096E-4,4.8395320191045306E-4
0.0,4.6400628455637785E-4,2.3773858994551874E-4,1.925727854950668E-4
0.0,2.270097725528954E-4,2.1219554881904575E-5,6.386422698889302E-4
0.0,5.025438275115167E-4,0.0012043848525551005,0.0013523130995303759
0.0,3.701064729186107E-4,0.0020581784090115294,1.340581550857847E-4
0.0,2.038875456968303E-5,3.237177963955124E-4,0.001580005805122854
0.0,9.659140784051232E-4,0.0016339459350291161,0.0015453064586113338
0.0,0.0012469477695754255,0.003203204432797109,0.0027392556694083234
0.0,0.004561884795246927,0.0019068757178936986,0.002846710196780906
0.0,0.001798773637716927,5.616569162650678E-4,0.0022620347035638387
0.0,2.8448110834470317E-4,0.007807775175210675,0.00943812402933476
0.0,0.002179607112091697,0.0054652832692881695,0.0033332411568099025
0.0,0.0030584443076047095,3.008124335967622E-5,8.755770486671021E-4
0.0,0.0024084247494434254,3.1267632831466377E-4,0.0012993224432309854
0.0,0.0024817501278975983,0.004971974064265902,0.006207656745042518
0.0,0.0032093425351114304,0.0023103111827811143,2.5908266570182716E-4
0.0,0.0031385937242810183,8.635610975713639E-5,0.002201377507895272
0.0,6.04308979886734E-5,0.0038111389917437886,2.186886536218242E-4
0.0,0.0013251166510484765,0.0010764194176446963,9.339909656408871E-4
0.0,0.0013054807199996137,0.0011462909728385574,5.982973601684357E-4
0.0,0.0016306191093419461,4.539737035071836E-4,0.0016485446305988356
0.0,0.0010023110112868186,1.706961706315061E-4,0.0016862725846484843
0.0,7.404610873412951E-4,0.0078108652938411885,0.0033975974024218897
0.0,5.352983101470442E-4,9.112644651533534E-4,6.179233638203301E-4
0.0,0.003001279503535318,0.004307886641964833,7.706784593574813E-4
0.0,2.5213957199952784E-4,9.948151288086867E-5,8.94315630763268E-4
0.0,3.4799787229310364E-4,4.078419104054152E-4,8.866597165439128E-4
0.0,0.0010941066766962581,1.8296472019904163E-4,0.0037725534424284056
0.0,5.683384289506825E-4,0.002126389891715588,0.00273815119653207
0.0,0.002334983248058191,4.999176985880066E-4,8.790254788745578E-4
0.0,5.699366842059176E-5,0.0015337316772686832,6.357692359830375E-4
0.0,0.0019707013739151493,0.0038870930955466716,6.678207413773152E-4
0.0,4.7824484379302234E-4,0.007206792355768552,5.6583403330129444E-5
0.0,1.5811488772880423E-4,8.679418367757071E-4,0.0019509234157718805
0.0,0.002168245369588843,0.004780261715708855,0.0037439372464421385
0.0,0.0027116226891714034,0.004177283886064149,4.152908190890976E-4
0.0,0.001408515611362594,4.734169549710462E-4,7.382566557751763E-4
0.0,0.0026163080616924995,0.001294261182995758,0.0016020863021897098
0.0,4.782238389670128E-4,4.306552857300455E-4,0.0012756774758112376
0.0,2.7082226398513637E-4,3.326177239344166E-4,0.0024185481106106465
0.0,4.316468465998751E-4,1.7000763425889615E-4,3.150616550346718E-4
0.0,4.4861043394230446E-4,1.849953674676435E-4,6.474648478370064E-4
0.0,6.784560846706774E-5,8.677929405789833E-5,9.013755611191923E-5
0.0,2.7458478576024796E-4,0.003854729108649159,0.004984193313635638
0.0,0.0017905486734694424,0.003201262503829829,2.5237957306444513E-4
0.0,4.051093747986527E-4,0.0012189530649349863,5.923590893288883E-4
0.0,1.4995698669424175E-4,7.987356616927699E-4,0.0011587695758025671
0.0,0.0032863675753220085,0.001319102722255561,4.68648721809545E-4
0.0,5.413662704982788E-4,7.26992973854614E-4,8.128957771447772E-5
0.0,0.002169238211634752,4.482270431269447E-4,0.001763147697347823
0.0,0.00176868785573204,0.001506526079042907,7.112141977848579E-4
0.0,0.0014394209601285952,0.0013645413473709774,7.872181450242985E-4
0.0,0.002175853209137362,0.002814092579076154,0.0029225616224493713
0.0,4.6599636596574636E-4,0.007325536032869504,0.0017470779459747687
0.0,0.002479323950665383,0.003202876082884879,0.003202638698359926
0.0,6.590471978096831E-4,0.0020294785898964953,0.0017489026900342482
0.0,0.006269849868003136,0.002116931495005026,0.0015247694768503186
0.0,5.489760136847429E-4,0.0019114457482671448,5.923039690508931E-4
0.0,0.0032615875871945866,0.005187659101020172,1.844957608739183E-4
0.0,0.0017981716868679875,0.008020067042043723,9.146294072641638E-4
0.0,4.9174934374503E-4,0.003031373941274183,0.0010837043536496877
0.0,2.2124559275475216E-6,0.002248008431593151,0.00168697115604515
0.0,0.0026786133929486825,0.0032033022322789104,9.993715622854803E-4
0.0,4.4449012062238715E-4,2.6648825441160333E-4,5.750566755141236E-4
0.0,1.724808807519086E-5,7.967566128921756E-4,0.006393946872094311
0.0,2.1933353620784236E-4,7.473575761430087E-4,0.001264889886505312
0.0,0.0020294645602707702,0.001609201402006936,0.004222527198548446
0.0,0.006533170544500079,8.77979720240227E-4,0.0053124660176242814
0.0,4.336819278864912E-4,0.0023247349163267156,0.0016680189205804284
0.0,5.219292693931221E-4,0.002853576450776279,0.0015191208167451822
0.0,0.0018634403740430284,0.006424470949620671,0.003765082156073268
0.0,2.3128271102008065E-4,7.179929354261191E-5,4.382723715423106E-5
0.0,0.0020539774762525433,0.004645443807146133,0.004219465082427273
0.0,1.3471364787114303E-4,0.006764058425771379,0.002879089117830926
0.0,5.946192077591328E-4,0.0029733781185490075,0.0023654643562691655
0.0,3.8505150378940724E-4,2.467776697641004E-4,0.0010270033488751374
0.0,6.661397206231457E-4,0.0010949133601209833,0.0038955821487260405
0.0,0.002063660723218628,0.0010413515102254652,2.4128384698217882E-4
0.0,0.0012348474255457068,2.775762180217388E-4,0.0019504764836190788
0.0,3.944009129121214E-4,0.0010121279624586397,0.0024702981502880503
0.0,0.0015231567906049388,0.0027546858422018592,0.003980856185117138
0.0,1.0012233292193191E-4,8.91064288104182E-5,1.3906093910125917E-4
0.0,5.32967974454439E-4,0.005459479684968941,6.21050114271544E-4
0.0,7.867272578691743E-5,5.831438588030011E-5,9.88221240136566E-5
0.0,0.0013401103174869638,0.001052931016855644,8.549078008530875E-4
0.0,0.0028943088752959147,0.00293629439819812,5.929652313481278E-4
0.0,8.908255276142854E-4,0.001411959541920123,0.0037306284240286778
0.0,9.013607151765874E-4,0.0030109902098818054,0.002153957480367443
0.0,0.0014232749510881136,0.002190040353368982,0.0011985787923431267
0.0,0.0012584127030969502,1.847729779071971E-4,2.892427205356356E-4
0.0,0.002565828978696216,0.003944314957854096,0.0017479169890411042
0.0,0.001119257967257875,0.00287929908677711,1.2995239038056475E-4
0.0,8.511676582038743E-5,5.289583563168407E-4,9.964750950192589E-4
0.0,0.0029374890991082205,0.003484763799427582,0.0021119946133769498
0.0,0.007600132720692465,9.862359385826717E-4,0.0014975342929961434
0.0,8.535383029733866E-5,1.428041611254609E-4,8.709430549901628E-5
0.0,3.2527895718169103E-4,0.002183753708757433,9.090672437512508E-5
0.0,3.1841064491373595E-5,3.408971901676746E-6,4.3036349398812704E-5
0.0,8.376732284734337E-5,0.0024802148231659916,0.005751263468987631
0.0,0.0031749578092056326,9.222196154185556E-4,0.0013762269766103054
0.0,0.0020416217680482005,0.007529668066570142,0.0029855176160235165
0.0,4.0152498970525633E-4,4.783415789819332E-4,6.254032260973147E-4
0.0,1.2738641593574958E-4,5.207982157847447E-4,0.0032535918033970808
0.0,4.4492229283547743E-4,0.003422315551070291,0.001840958147855615
0.0,5.324983052830502E-4,0.008519940688334173,0.0034230641935904652
0.0,0.0018601246751575784,0.00393757234434185,0.0017504700777447946
0.0,0.0055499513040968415,0.0022825363045776014,0.006589542004550971
0.0,0.0017691277438848694,0.001557040263770471,0.004857886743989525
0.0,8.388946642472056E-4,9.41277608057169E-4,0.0033679211880002324
0.0,3.6085637266568347E-4,0.002562123499603078,9.142603164207049E-5
0.0,6.029985570539624E-4,3.380151004926802E-4,0.0010247680461143685
0.0,0.0014177520754953413,0.003337207340409349,0.0023952221490695113
0.0,0.0031493324994790453,0.005141241048080826,0.007365842389580442
0.0,3.0945212053834216E-4,0.005347638597361139,0.0052669760062419345
0.0,1.2199550709138321E-4,8.479156200083855E-5,6.953708875998095E-5
0.0,2.8615323534360323E-5,1.3235436941156836E-5,1.4092644257114674E-5
0.0,0.0016456015413381891,0.0023563549000525917,0.0020605162017333744
0.0,4.3496945848646386E-4,0.0015212304212876442,0.0028029476648164906
0.0,0.0021026996649626617,0.005819657966277322,0.0052514464884251605
0.0,0.001247973560505416,0.005643086569568011,8.987478245796849E-4
0.0,0.0029156737847553437,0.004128872290883507,0.005310657089943113
0.0,0.002026900728626564,0.002795636997658478,0.002095917003226119
0.0,7.924655729969824E-5,1.7479129893197963E-4,5.925190900956229E-4
0.0,9.09190509010829E-4,0.005073105046579051,0.00425844788726195
0.0,3.613301179729916E-4,3.607054529378222E-5,2.4680513540765824E-5
0.0,0.0015727052303541442,0.003521765702448245,1.4477996432715695E-5
0.0,0.003712623420483135,0.008497254498758168,0.0018859410567838822
0.0,3.8004657165333826E-5,3.6860849453879E-4,6.917794956033208E-4
0.0,7.297597307088597E-4,0.004819402584394176,0.002054628807290314
0.0,2.2408141148625238E-4,0.002088378016047063,8.016876508867678E-5
0.0,0.0016803601337344448,0.00399758380841846,5.832764719448614E-4
0.0,0.0022716823071642434,0.006403909328980428,0.005238109028094097
0.0,9.249758839759053E-4,5.319556698410632E-4,0.0020828298910079072
0.0,7.915205844660887E-4,1.728126642020516E-4,0.002793766820018031
0.0,0.0018994901433205954,3.446137063828426E-4,0.0064930213986602835
0.0,2.510104968403206E-4,6.936145290855608E-4,9.923308107399715E-4
0.0,2.1963226599834004E-4,0.001459377094572165,1.8594697927226306E-4
0.0,0.0035212522280529024,0.0033877376974790112,0.0042533063739474564
0.0,0.00540977006311023,0.005851850637904808,0.0017936838134307207
0.0,9.967468352424333E-4,3.7012137515333836E-4,6.526084645658964E-4
0.0,3.540230763501767E-4,0.002936457565666729,0.002160963090726253
0.0,0.005800929828172986,0.0015323335201107562,1.9068320072478952E-4
0.0,2.8801691408356073E-4,0.0014412169798248265,6.633717333905789E-4
0.0,3.283958744954681E-5,0.0015842823490214001,0.0018868466729229558
0.0,0.0025382964881607425,0.0012454202400131217,0.0018829806498107716
0.0,2.418456718886053E-4,0.0021642143014287763,2.0905825295306006E-4
0.0,1.0407825994495871E-4,2.5058795184935533E-4,3.3774947625678963E-4
0.0,0.0013075515289387566,3.46527788021662E-4,0.0014705235804870949
0.0,0.0024652137054642057,5.326753344012305E-4,0.0035824515679462464
0.0,0.0015047909815476999,5.373771790983932E-4,1.758530721820166E-4
0.0,0.002152820171341199,0.0016564478676506181,0.002856693790493039
0.0,1.0326755269381515E-4,7.982066502438259E-5,1.732588040625548E-4
0.0,0.001357772435649366,0.0037054795359373737,8.435765575456467E-4
0.0,0.0026379508032134346,6.040159155929582E-4,0.0026291877470268395
0.0,0.0020382351506169293,6.852137045150553E-4,0.003712379513814585
0.0,6.336466607394961E-4,2.2231340189215454E-4,4.820787391606768E-5
0.0,0.0016808998255586746,0.0011229211959017035,0.0010341626859736166
0.0,6.008362923944175E-4,0.0035889610241960123,0.0013532227550572215
0.0,0.0024659570644187923,0.0013683065659148455,0.0027020880017409785
0.0,0.003126977467610605,0.0014331916483123564,0.00343959709037622
0.0,3.989691181669175E-4,3.0398085782097964E-4,4.946404920860702E-4
0.0,0.004966518164821519,0.00524916993667498,0.0018141236502435345
0.0,2.533415655047088E-4,0.0010896295274234625,0.001811269479425705
0.0,0.00569932866239478,2.0596394839541372E-4,0.003759750964797713
0.0,0.0021459017028638773,7.802317580691766E-4,0.002475675575148862
0.0,5.688657059547658E-4,0.005193027129537895,0.005699037726186903
0.0,2.9452649758115914E-4,0.0013611477288161331,0.0021403567461014974
0.0,5.9756236874101546E-5,1.4908114326854803E-4,4.893139673925205E-5
0.0,0.0014193383424375239,1.6200841725207024E-4,0.0015583049924008786
0.0,0.001005910138551886,0.005108158747805312,0.0032053653923528277
0.0,0.0018209616717098913,4.4854588387329406E-4,0.00569362631173942
0.0,0.0036585768264573194,0.0014158027208153064,3.737398372387674E-4
0.0,5.563945007246689E-5,2.5102075370704908E-5,1.579626263649007E-4
0.0,0.003958355257578376,0.0020212840284337,0.0017240304680994289
0.0,0.0014952657473082081,0.0035335972714545874,0.001280634225590782
0.0,0.0036611305765535973,0.0011807547890518306,2.9101252059713246E-4
0.0,0.0020589965918979387,0.0029740490398367,0.0013498677198977072
0.0,0.005248172456086533,5.759590160508792E-4,0.0048833183955696545
0.0,1.7247360579529477E-5,8.365623556474906E-4,0.0019218662046991593
0.0,5.205825662163164E-4,0.003145817542849223,0.002276585321206498
0.0,3.245069796758491E-5,2.621041799810488E-4,8.19756414975789E-5
0.0,9.601375128852628E-4,2.1898488556172362E-4,0.001378897778851848
0.0,7.72370991116789E-4,0.002991581599730831,0.00838298118904232
0.0,7.608478626004775E-5,2.526839400856725E-4,0.0027126856689491203
0.0,4.749227846925848E-4,0.0036062753184825406,8.016979358065392E-5
0.0,0.0015531688575793471,0.0013923780722970849,0.001702311189548179
0.0,1.0360017823563737E-4,1.5221414168244645E-4,1.7729197938577976E-5
0.0,0.0014834267752933208,0.003368405016319507,0.0014813079955649418
0.0,9.9515140657413E-4,0.0010423980629308857,0.001109810448960607
0.0,0.004523162759030174,0.005272749801715111,0.0035629478768596876
0.0,6.015876964209999E-4,0.002159996095455184,0.0019569288640665858
0.0,0.002193287858897967,0.001882307327480681,0.0015194328576819468
0.0,0.0019296475984561157,0.004768075943316836,0.0028475420560989733
0.0,0.0016427215721469442,5.601839843803048E-4,0.0032674801313305607
0.0,1.231305966654968E-4,7.032866999206478E-4,0.0025838903225995666
0.0,3.163418958180555E-4,0.001023963158570128,7.560084803214151E-4
0.0,6.928109002174203E-4,0.0014153187774769154,0.0022564852266251613
0.0,0.00887802625923238,0.007197594635387093,0.0020675558531995314
0.0,1.3706755229939968E-5,0.0025815788061540157,0.002138068093134063
0.0,1.2183586568847184E-4,0.0013814709703282126,0.0034797951540253193
0.0,0.0013856033532190614,0.00403228230853159,0.005454259536239634
0.0,0.0020115861652009377,8.73809554227129E-4,0.005621699188533655
0.0,0.0022720342593793956,9.435986251347971E-4,9.099896224013975E-5
0.0,8.896237186551406E-4,9.238132451553589E-4,0.0038131834113888327
0.0,7.76030975422347E-4,0.003311584221563757,1.3982212533646755E-4
0.0,6.318701792949798E-4,0.0020673018146939804,0.0014252001961216152
0.0,0.0013247026082319794,0.005141511065556464,0.0013221421209908305
0.0,0.0017442366132760809,0.0012698962872745901,0.0014484143045996644
0.0,3.899967573835331E-4,0.0012566080535570592,7.366012521105958E-4
0.0,1.0361880425836028E-4,5.828266001804502E-4,5.9571279034397696E-5
0.0,4.6575671843550646E-4,1.97750049993665E-4,3.1102527693271047E-4
0.0,1.2562642854774834E-5,0.001074249947909295,1.6025112549273754E-5
0.0,2.559743845820371E-4,0.002486208365349961,0.0038756695731446784
0.0,0.0015903568929740383,8.231095111949354E-4,0.0027071000198275186
0.0,3.867815043047422E-5,1.1668777893109054E-4,4.6577672979745467E-4
0.0,5.681775452881205E-4,7.27313792647411E-4,5.99529652988102E-4
0.0,0.0010217812170035623,0.0012083884889855416,0.004822239972644129
0.0,9.483348423004274E-6,2.5727586127727075E-4,6.688548192378135E-5
0.0,0.002065048597683227,0.0042017600533419425,0.003506443106337924
0.0,0.0043740409002279304,0.008073031302940339,0.0011662022303351777
0.0,5.661529221687283E-4,2.572214852270471E-4,3.086163942400603E-4
0.0,9.248399543094335E-4,0.0016596145796662198,2.1201103313096446E-4
0.0,1.4551364021098302E-4,3.916971703545659E-5,3.7127924356742184E-4
0.0,0.0027012286451941767,0.00433732803932229,0.0018118571221526559
0.0,3.765982442499091E-4,0.0030758154887089123,0.0018546895876146762
0.0,4.4551784261896135E-4,0.0020777165721954836,5.051713662047768E-5
0.0,3.376037887199658E-4,0.0021958388022419407,0.0017788783613160058
0.0,6.122817296679809E-4,7.050630921963612E-4,0.003428344958288198
0.0,7.41861082078562E-6,7.115337583585315E-6,1.3005811219677021E-5
0.0,0.0046909695921009305,0.0062933075581010555,0.008317813864977363
0.0,1.1926943340971835E-4,3.157572224748521E-4,1.90190191018652E-4
0.0,8.20682687593041E-4,0.001343610370205025,0.0015948101741792313
0.0,5.563945007246689E-5,2.5102075370704908E-5,1.579626263649007E-4
0.0,0.00530940472128037,2.1832547106628256E-4,6.260228425869654E-4
0.0,3.3291264438892247E-4,0.0013942015476793414,4.6403090663643714E-4
0.0,9.261802066846444E-5,0.0020035378417861305,2.8326354626751473E-5
0.0,0.002941236808143024,0.0027271677208820207,7.772947129431659E-4
0.0,0.003020294376583051,0.0030229836897809883,0.0025494761842799907
0.0,1.613347881496734E-4,3.6506310786091556E-4,6.446885479821124E-4
0.0,0.0012820557885918494,2.524567973169978E-4,0.004120946216228108
0.0,0.0010545235103120328,5.138835777047417E-4,1.8510170408079718E-4
0.0,0.00129532386813996,4.852464331905115E-4,2.4650480928219555E-4
0.0,2.3022526214461073E-4,5.208918822434755E-4,3.856021570069867E-4
0.0,2.612209580275702E-4,7.699833534217555E-4,3.743040509407892E-5
0.0,4.4230473720344014E-4,0.0025962347156114726,6.090191805846017E-4
0.0,0.002175919316142563,0.002480530593559965,0.004104245300629449
0.0,0.00142188897909887,0.008293164630211456,0.003014989393046547
0.0,0.0033393242888375323,0.0010258241344682723,0.004604311886761743
0.0,1.2001440172821687E-4,0.0030578248385585093,4.831740716260133E-5
0.0,0.0013679865202598513,0.01251873593297412,0.002251467790696494
0.0,0.0021853635352627023,0.002695231081275684,1.5733133424052987E-4
0.0,0.0012291652123456185,0.002378637458908158,0.001322419016176108
0.0,5.641711001398853E-5,3.817286334977503E-5,1.3671220335581937E-4
0.0,0.002305809814262858,0.0013855916241806566,0.0099249409917161
0.0,0.0010607765497600765,0.001849206943378441,0.00559779188697735
0.0,2.17319017470364E-4,3.0590978860726975E-4,8.487221100526698E-4
0.0,5.3565209162706143E-5,7.979510806361871E-5,1.2798921179349497E-4
0.0,0.00530250577127131,0.002373484399412301,0.002163089068659258
0.0,3.6355051191710834E-4,0.004048133920733677,7.48233832701288E-4
0.0,7.187576527983517E-5,0.003621062796674899,0.007885404050944097
0.0,2.980697485206865E-5,9.16347743369748E-5,4.3676484224194175E-5
0.0,3.05286823371843E-4,1.9394933248841336E-4,2.6038129617526835E-4
0.0,2.9099548209703363E-4,0.003685353855689648,5.377885349809764E-4
0.0,0.0021628801946080734,0.0014362163734446326,0.005231734233369858
0.0,0.0023881306286271356,0.010723644390761594,0.004404038007776742
0.0,5.102905383517048E-4,4.2732676146639375E-4,8.721909176888669E-4
0.0,0.0013240929929288657,4.838401193235502E-4,0.002823002446105741
0.0,0.0020126083472376665,0.007983795256430552,7.137644199511728E-4
0.0,0.0012698331193846807,2.2292094822001806E-4,2.492843132570356E-4
0.0,8.446621561886828E-4,0.004568411279742086,0.006661805213424281
0.0,2.8287084784245565E-4,6.19951316882115E-4,1.7506236676825409E-4
0.0,5.254512206226634E-4,6.835675720785856E-4,7.374631087535163E-4
0.0,0.0012051836616655725,9.785565912721964E-4,3.2465906578076943E-4
0.0,0.0015934844488660722,7.830462341581948E-4,6.41522972473916E-5
0.0,6.898008451177631E-4,7.060048822211297E-5,0.00214829669082138
0.0,4.7750582401622434E-5,1.727621716955927E-5,1.6792651936842855E-4
0.0,0.004282356437031078,0.004749272485840649,0.0028858793499364583
0.0,1.8988119739089495E-4,0.0011511314188105343,0.0014869141232879727
0.0,0.006320376292967842,0.001106040114822075,0.005160088297230001
0.0,0.0024526492961134965,1.6988536519716618E-5,0.0017603863046102483
0.0,0.0028183365676002683,0.00446832415577669,0.0038025747016570454
0.0,2.696284263656397E-4,7.707671822366534E-4,4.0610567566118236E-4
0.0,5.62456540267533E-4,0.0016699514593658095,0.0015315225324624507
0.0,8.252777984384513E-4,2.7970285197038893E-4,0.0019656949363837297
0.0,0.0026620519331658032,0.0015645220584767983,0.0012722226413493115
0.0,0.0012248077247670071,0.0020693411789305975,0.0017333959397964158
0.0,7.762573988779181E-4,3.474821034490765E-4,0.002914273242833972
0.0,6.23891295002635E-4,0.0020062942692590227,6.312654091714836E-4
0.0,0.0015156702899295671,9.178574928691519E-4,0.003973430194297988
0.0,0.001279575713814057,0.0016195929095640207,0.0033556058483159863
0.0,4.212613186259819E-5,0.0010719320831052176,0.002826639860543958
0.0,0.0024429620296310493,9.872031653379136E-4,0.002052883372892329
0.0,0.0011013921892477623,3.56711818698128E-4,1.0489174760323169E-4
