5K,50K,500K,5M
0.0,0.0,3.134654494683491E-5,3.939807202461706E-5
0.0,0.0,3.989192472806902E-5,1.1090492442234533E-5
0.0,0.0,5.1939041409162386E-5,1.2778085929562687E-4
0.0,0.0,1.356944579830637E-4,1.1348078825071208E-5
0.0,0.0,9.827050928545992E-5,7.9351420738626E-6
0.0,0.0,5.2932482652970685E-6,5.336647683663396E-6
0.0,0.0,1.3777395210945584E-5,4.031378125150883E-5
0.0,0.0,4.769353096006737E-6,2.2393526612732985E-5
0.0,0.0,2.558880194343449E-5,5.448999695893019E-5
0.0,0.0,1.183700522946942E-4,6.1902502276981515E-6
0.0,0.0,6.406587616025389E-6,1.26982598086582E-4
0.0,0.0,2.752664767265448E-5,1.1283419789651542E-5
0.0,0.0,4.812305316618875E-7,8.623500566352752E-6
0.0,0.0,8.930588438085886E-7,5.2280542068651556E-5
0.0,0.0,4.222353950157831E-5,1.0063607009876253E-4
0.0,0.0,8.126702645833601E-6,1.5800574097904565E-5
0.0,0.0,1.1879191822565303E-5,2.411926818696956E-5
0.0,0.0,1.5529462651344694E-4,8.995677294721772E-5
0.0,0.0,2.970884272037622E-6,1.4481062795072626E-5
0.0,0.0,1.445284706392795E-6,1.6509704576390105E-5
0.0,0.0,1.7976103186595624E-6,6.525964687520896E-6
0.0,0.0,1.3925513869156197E-4,7.03920424823788E-5
0.0,0.0,2.2564996077512774E-4,6.690573036033809E-6
0.0,0.0,7.433700707421659E-7,2.7904198516851087E-6
0.0,0.0,3.24215326503893E-6,1.485944508849633E-5
0.0,0.0,1.4896589652083268E-5,4.410168127629542E-5
0.0,0.0,5.120857386216587E-5,2.098258530635356E-5
0.0,0.0,5.293204869201147E-5,4.5276675664401434E-5
0.0,0.0,4.7592524372540684E-5,1.988265278720634E-6
0.0,0.0,8.163680693821832E-6,5.121901646007011E-7
0.0,0.0,8.840849933484668E-5,4.8572796604267246E-5
0.0,0.0,8.814988990723447E-6,1.987800664465413E-6
0.0,0.0,5.9035020912405594E-6,4.639713041452424E-6
0.0,0.0,9.066315719280297E-5,6.897359521302715E-5
0.0,0.0,3.553415360529849E-6,6.0279308277624155E-5
0.0,0.0,9.607491750137417E-5,2.6660745930118968E-5
0.0,0.0,7.453058060981867E-5,1.255509402450116E-5
0.0,0.0,3.795851843568859E-5,1.5664176714054985E-4
0.0,0.0,1.1999856001789806E-5,5.583880797969358E-5
0.0,0.0,3.558315373714088E-5,1.2395551731174038E-4
0.0,0.0,6.726290881085234E-7,6.860482211455346E-6
0.0,0.0,8.330188946572536E-5,7.309140803140404E-5
0.0,0.0,1.9572502804687786E-5,6.458870975006186E-5
0.0,0.0,4.176187092664596E-5,5.136165425519087E-5
0.0,0.0,5.437864083995037E-5,5.475354226960913E-5
0.0,0.0,1.5349492925152445E-4,1.693423003328256E-4
0.0,0.0,2.084195398504059E-5,1.5858393925262585E-4
0.0,0.0,6.710922982357404E-5,1.0197958969875259E-4
0.0,0.0,1.5280873998056632E-5,8.136248432007596E-5
0.0,0.0,9.355267634984743E-5,9.50102653260341E-5
0.0,0.0,7.325178107709686E-5,7.988530648641667E-5
0.0,0.0,1.1004922577371455E-4,2.966511313631358E-5
0.0,0.0,2.068887587263196E-5,5.016333864798433E-5
0.0,0.0,6.617422954772244E-5,3.0378474658539232E-6
0.0,0.0,8.373456688932667E-5,1.0903639355235985E-4
0.0,0.0,1.041382203106052E-4,9.772972036511017E-5
0.0,0.0,8.638743418485974E-5,2.3081525953649233E-5
0.0,0.0,1.173628960120315E-5,6.113563923463895E-5
0.0,0.0,5.5495140698947545E-5,1.1660159890309096E-5
0.0,0.0,9.904787022470239E-5,2.0308987032760113E-5
0.0,0.0,1.931680340618294E-5,8.548620005937698E-5
0.0,0.0,2.444794613945869E-6,5.219142004333035E-6
0.0,0.0,8.764038656748143E-7,1.4263151973831784E-6
0.0,0.0,2.035971625579638E-5,2.4696272542126667E-6
0.0,0.0,1.6456291183958797E-5,6.894542532655926E-5
0.0,0.0,5.1083283402064496E-5,2.128227048139424E-4
0.0,0.0,1.7985646508066457E-5,1.0379926015041297E-5
0.0,0.0,5.0690158133536335E-6,1.4015899292711957E-5
0.0,0.0,1.4397036159746205E-5,3.061463963179654E-6
0.0,0.0,9.717996578830545E-6,8.265711393382204E-6
0.0,0.0,1.3168762055844084E-5,3.020824926965607E-7
0.0,0.0,3.675843130278182E-7,2.2631094976285494E-5
0.0,0.0,6.600421571557039E-6,3.941130250225055E-6
0.0,0.0,3.185425783274612E-5,8.687670677864519E-5
0.0,0.0,3.3494504497443456E-5,9.830807315479153E-5
0.0,0.0,5.96711067510135E-5,3.54699661559086E-5
0.0,0.0,9.94754431643879E-5,3.559005980947375E-5
0.0,0.0,1.9235751519839413E-5,5.107294885427879E-5
0.0,0.0,1.5023527753881352E-4,1.987677699540434E-5
0.0,0.0,5.315351756276631E-5,1.417956804585885E-5
0.0,0.0,8.325638598269282E-5,8.30053007896028E-5
0.0,0.0,8.78152918086683E-5,3.452883994817624E-5
0.0,0.0,5.223900256721631E-5,1.1846486310463116E-4
0.0,0.0,2.225334978134049E-7,1.2125263905927474E-5
0.0,0.0,2.2023635194367603E-5,4.188391300329235E-5
0.0,0.0,9.212840211142026E-5,9.717405305932454E-6
0.0,0.0,1.313328539825868E-4,9.065218024465367E-5
0.0,0.0,2.578731552108089E-6,1.4890833678818074E-4
0.0,0.0,8.818239513892329E-6,1.947045683972275E-6
0.0,0.0,2.3992375825691545E-5,1.1034934427665403E-5
0.0,0.0,3.939575824696368E-5,1.0272310803121184E-4
0.0,0.0,2.9034702894354896E-5,3.494894803194846E-5
0.0,0.0,7.66802995171445E-5,5.605624429921379E-5
0.0,0.0,2.945487891522211E-7,1.7237332657124632E-7
0.0,0.0,9.089975669811886E-5,1.1967888087027685E-5
0.0,0.0,3.674229664181197E-5,5.347657935589939E-5
0.0,0.0,5.7215929465516434E-5,4.427667450957072E-5
0.0,0.0,1.0852465826189315E-5,1.5603537947783555E-4
0.0,0.0,7.9830978835598E-5,1.4120928722390638E-5
0.0,0.0,9.586823752995901E-5,1.0283411334830295E-5
0.0,0.0,9.658445859432702E-6,6.420880670988518E-5
0.0,0.0,2.0755408018910244E-5,2.6675686994783758E-5
0.0,0.0,1.0181318712076502E-5,8.921037206171088E-5
0.0,0.0,1.3608661106517223E-4,1.0129169918376261E-4
0.0,0.0,6.480847353801347E-5,1.5216867814981215E-4
0.0,0.0,5.0030559148119645E-5,1.89601465877594E-4
0.0,0.0,4.556850169141106E-6,8.730785635489857E-6
0.0,0.0,2.2582883179677982E-5,1.515691892657808E-4
0.0,0.0,3.800054143401017E-5,2.7950509849942025E-5
0.0,0.0,3.375013916473611E-6,1.5744968930528699E-6
0.0,0.0,5.351451670413714E-5,8.786978588856593E-5
0.0,0.0,1.020317753990288E-6,1.482431497311722E-4
0.0,0.0,3.838938105751729E-6,1.1231382633835968E-4
0.0,0.0,1.507326545830606E-4,7.771952297467145E-5
0.0,0.0,4.336505361731668E-5,7.280950067732487E-7
0.0,0.0,6.374611535916166E-5,6.126485856083998E-5
0.0,0.0,7.942953588178465E-6,1.1165317061360508E-5
0.0,0.0,4.8810171950231765E-5,1.1188987719549221E-4
0.0,0.0,6.990588588926427E-5,1.541653821823586E-4
0.0,0.0,7.921527202734067E-5,2.1044936062941858E-4
0.0,0.0,6.31956955427509E-5,1.0776413020461509E-5
0.0,0.0,4.055138372965655E-6,1.0398043791972898E-4
0.0,0.0,7.826181411584143E-5,5.579226248978531E-5
0.0,0.0,4.918644712753759E-5,4.081450280291712E-6
0.0,0.0,3.925789811506389E-5,3.9482164512874114E-5
0.0,0.0,6.141057128262705E-6,8.075161892212223E-6
0.0,0.0,2.5999212025545714E-5,7.340690123850706E-5
0.0,0.0,1.4163696022186433E-5,2.8228692143935995E-5
0.0,0.0,9.40042892993958E-5,2.245449866197649E-5
0.0,0.0,3.009859763848461E-5,1.5455036953443763E-4
0.0,0.0,4.504665811766866E-6,1.1845239886659937E-6
0.0,0.0,5.585470262092906E-5,2.1628476700797674E-4
0.0,0.0,6.10053043507786E-5,1.0529085080119362E-4
0.0,0.0,3.589975507453978E-5,1.1211646632652442E-5
0.0,0.0,1.0836276930521373E-4,7.822085359448866E-5
0.0,0.0,8.24756445766657E-5,1.348692976192966E-4
0.0,0.0,5.6177819820534804E-5,9.372099588025218E-5
0.0,0.0,4.1945675684739096E-5,4.709661993791835E-5
0.0,0.0,5.234270895444286E-6,1.218729842468036E-5
0.0,0.0,1.4365501630353618E-5,2.4544262629794538E-6
0.0,0.0,2.2493617089232777E-7,1.3435097456592597E-7
0.0,0.0,3.357188085956794E-5,5.4189156842377586E-5
0.0,0.0,4.39300007265282E-5,1.0959901818740581E-4
0.0,0.0,6.988654227293484E-5,1.2988363938316796E-4
0.0,0.0,1.926472401635964E-5,7.563899520359802E-5
0.0,0.0,2.9515068905525523E-5,5.226140044251533E-5
0.0,0.0,1.420817968345029E-4,1.948825509694256E-4
0.0,0.0,1.3470312504371715E-5,1.332980975395333E-5
0.0,0.0,5.6706315889230886E-5,2.1381624988733036E-5
0.0,0.0,8.814186995930897E-7,3.7195667984666023E-7
0.0,0.0,9.035326207303493E-7,6.665342364179572E-5
0.0,0.0,2.703385857493478E-5,1.5934657875466106E-5
0.0,0.0,5.4026950540616366E-5,3.549088957423687E-5
0.0,0.0,1.1722457905393741E-4,1.8313377187226503E-4
0.0,0.0,1.933053041712933E-5,6.336936316363803E-5
0.0,0.0,5.273155252036909E-5,5.2467257453838567E-5
0.0,0.0,9.121666486955141E-5,1.3898707160737045E-4
0.0,0.0,3.344747412430298E-5,8.045793831208113E-6
0.0,0.0,1.2567720005941162E-4,1.7454083957019196E-5
0.0,0.0,7.999936000563727E-6,3.137379443862661E-5
0.0,0.0,5.530625049508336E-5,8.067141256311922E-5
0.0,0.0,7.4130376233462E-6,8.109751853630215E-6
0.0,0.0,2.7422435407738116E-5,1.1905926639794765E-4
0.0,0.0,6.860936217895009E-5,6.462342342821276E-5
0.0,0.0,5.613124057843809E-7,1.732240030051481E-5
0.0,0.0,9.230241560986251E-5,2.0135181409931883E-5
0.0,0.0,8.534004711075931E-5,7.201120829142801E-5
0.0,0.0,3.3801623923310285E-5,5.464022189118029E-5
0.0,0.0,6.242358513468457E-5,2.114445950568549E-4
0.0,0.0,9.575089646253966E-6,1.5583978551990245E-5
0.0,0.0,1.1896373563419523E-6,3.0223683398204832E-6
0.0,0.0,3.57774234136376E-7,1.5048205183833663E-7
0.0,0.0,6.261718230175591E-7,4.6344531086047257E-7
0.0,0.0,6.425057060554306E-5,9.349736810767309E-5
0.0,0.0,5.066401502539244E-5,4.0938493820992304E-5
0.0,0.0,1.2824871976661842E-5,5.8568145807444E-5
0.0,0.0,9.924498742910818E-5,8.110872026115361E-5
0.0,0.0,2.1619702228486793E-5,3.089849530702208E-5
0.0,0.0,1.0442130484723223E-5,1.1625127430403257E-5
0.0,0.0,6.785198559450782E-5,3.9963565375737936E-5
0.0,0.0,1.0541281903433216E-4,9.816192052633578E-5
0.0,0.0,1.1620619686358575E-5,1.8916527471323906E-4
0.0,0.0,1.3105477026909527E-5,1.3400016349663372E-4
0.0,0.0,7.230297224452065E-5,1.676724862805611E-4
0.0,0.0,1.2155422310713624E-5,1.8724238377516733E-5
0.0,0.0,4.495574276678748E-5,2.4096191543331497E-5
0.0,0.0,5.63004371242782E-5,1.5660404807508246E-4
0.0,0.0,1.7171458664960902E-4,1.0701615517282901E-5
0.0,0.0,3.561767615652632E-6,8.320915904354223E-5
0.0,0.0,2.7174043964099828E-5,6.647603125840697E-5
0.0,0.0,1.4986612231641655E-5,6.878635151727686E-5
0.0,0.0,3.995837983794402E-5,1.2210031971843132E-4
0.0,0.0,2.486072364280153E-5,7.160609326023812E-5
0.0,0.0,1.4659787932076274E-5,3.58682042108843E-5
0.0,0.0,5.325095869785184E-6,1.1492125528682595E-4
0.0,0.0,6.296638782071953E-5,7.821593174269138E-5
0.0,0.0,1.5536316401798867E-5,1.1563504844997103E-4
0.0,0.0,1.7417841556635972E-5,4.863310605336187E-5
0.0,0.0,3.539046346334551E-5,1.0924422342592625E-4
0.0,0.0,3.433406839304727E-5,8.462809427929377E-5
0.0,0.0,1.2039293145103265E-4,2.1128457961874076E-5
0.0,0.0,1.1282682549392431E-5,4.812371174236931E-5
0.0,0.0,3.102445579052928E-5,3.449079469561261E-5
0.0,0.0,1.4621278755651418E-5,8.539766018030275E-5
0.0,0.0,6.002100661564867E-5,7.459645582492427E-6
0.0,0.0,5.901866248639871E-6,9.587792529812901E-6
0.0,0.0,1.6073696069784535E-5,1.2090328430325816E-4
0.0,0.0,7.092069913527285E-7,1.6844426248057073E-5
0.0,0.0,1.3808208468503962E-5,3.0068617364366342E-5
0.0,0.0,2.1109484695858307E-4,2.3247017947147884E-5
0.0,0.0,4.031708391418884E-5,1.3312722691295381E-4
0.0,0.0,2.0443110651298526E-6,2.086055720721076E-5
0.0,0.0,9.892440540286702E-6,4.1313652045397055E-5
0.0,0.0,3.756619470522651E-5,1.6142333943299183E-4
0.0,0.0,1.4972570793950404E-6,3.290438806900421E-5
0.0,0.0,1.0528664021749165E-5,6.1565192494466575E-6
0.0,0.0,1.86144328374615E-6,3.07332967434946E-5
0.0,0.0,1.4514451816493388E-5,1.2137388351524943E-5
0.0,0.0,1.935505493289339E-5,1.0944206412814726E-4
0.0,0.0,1.2033564294628326E-4,1.9479464417783945E-5
0.0,0.0,1.4738777582710646E-4,3.4021609802541055E-5
0.0,0.0,9.368987354765801E-5,6.632505842280525E-5
0.0,0.0,5.8991122307556056E-5,6.634980468325666E-5
0.0,0.0,1.3367421713536146E-5,1.360119677635619E-5
0.0,0.0,9.48391455679023E-5,1.4644804130932055E-4
0.0,0.0,5.649649616978911E-5,4.635833764594328E-5
0.0,0.0,2.6055003251712417E-5,1.5181212669793216E-5
0.0,0.0,5.4958377566398744E-5,1.0923350683081373E-4
0.0,0.0,7.457851118312445E-5,7.1401202154674646E-6
0.0,0.0,4.658693780196809E-5,1.85761389780248E-5
0.0,0.0,9.960189331075708E-5,1.748578412490117E-4
0.0,0.0,1.0216536357198522E-4,4.9478067296486054E-5
0.0,0.0,3.114820453898905E-5,6.39229405788972E-5
0.0,0.0,6.607154481117278E-5,1.016089058245835E-4
0.0,0.0,1.8376901038491393E-5,1.6677298644800658E-5
0.0,0.0,1.467013188163667E-5,2.90436095382001E-5
0.0,0.0,2.610485154463918E-5,3.999351379948417E-5
0.0,0.0,8.945280309065292E-5,5.19714400110075E-6
0.0,0.0,3.985935713506111E-6,1.4116091266525146E-4
0.0,0.0,1.2236607640601182E-5,2.4389785289512192E-5
0.0,0.0,1.1881129400104246E-4,3.422868574465817E-5
0.0,0.0,1.3323678830822963E-4,1.297658231893169E-4
0.0,0.0,8.258472282734661E-7,2.368590371412553E-6
0.0,0.0,2.6613137930233485E-7,1.8671180809841008E-5
0.0,0.0,1.3569810692806115E-4,1.5682583521434355E-4
0.0,0.0,8.579688004990107E-5,7.087241246270542E-5
0.0,0.0,5.026178622135433E-5,4.2966301177522044E-5
0.0,0.0,1.717496557093438E-5,3.1027990815923015E-6
0.0,0.0,9.902300436120619E-7,3.0753316417861795E-6
0.0,0.0,8.362034022671062E-5,1.557452732804324E-5
0.0,0.0,1.2868578799170321E-5,4.7533990116110926E-5
0.0,0.0,7.399452440516177E-5,3.0000089999725745E-6
0.0,0.0,1.8406196673313597E-5,1.9807479476596436E-5
0.0,0.0,6.108461907657135E-5,1.0481541001970277E-4
0.0,0.0,6.741872013377093E-5,3.0199629908557467E-5
0.0,0.0,6.376266556928555E-5,1.3096451100481074E-5
0.0,0.0,5.672748848696346E-6,9.534703892161325E-6
0.0,0.0,8.774485005848986E-5,8.478790400755604E-6
0.0,0.0,8.967900791308314E-7,1.3477347209382918E-5
0.0,0.0,5.8972624246980344E-5,8.769827037917077E-5
0.0,0.0,5.927270013473412E-5,2.4046496215965737E-5
0.0,0.0,6.937238223863243E-5,9.948118999255943E-6
0.0,0.0,7.80245549028146E-6,1.7186026895377558E-5
0.0,0.0,8.989719850153035E-5,6.436153948353692E-5
0.0,0.0,9.469341162903755E-5,7.340193518059705E-5
0.0,0.0,5.391150346781291E-5,5.939159463259081E-5
0.0,0.0,1.404502063023744E-4,8.900141372635131E-5
0.0,0.0,1.3484830176029693E-5,1.0809390663969687E-5
0.0,0.0,3.518523937703505E-5,5.281087134653608E-5
0.0,0.0,4.747225164637517E-5,4.265157093520102E-6
0.0,0.0,1.5877205541895184E-5,5.1108775798987144E-5
0.0,0.0,1.018307948512166E-5,5.577804273783513E-5
0.0,0.0,1.3489883420615551E-5,3.619300696150124E-5
0.0,0.0,7.516627263583355E-5,4.6416252768964834E-5
0.0,0.0,3.0928964220937726E-5,6.784934959310039E-5
0.0,0.0,4.844321256075614E-5,3.0870400917660427E-6
0.0,0.0,1.3596421238159305E-4,1.5480603059805432E-5
0.0,0.0,5.253288428987001E-5,4.3462579552695316E-5
0.0,0.0,3.505281636919337E-5,4.3048665350094124E-5
0.0,0.0,2.4901429251884926E-5,1.422370816632355E-4
0.0,0.0,3.3111716045798205E-5,5.461818334864666E-5
0.0,0.0,5.608282025093709E-5,7.377391024057753E-5
0.0,0.0,9.584964115300022E-5,9.068140888658469E-5
0.0,0.0,1.2531278755628381E-5,4.4484637756948336E-5
0.0,0.0,1.3046146660925051E-5,9.364555019033978E-6
0.0,0.0,7.179224614032314E-5,4.580488217916684E-5
0.0,0.0,5.18838042935647E-5,3.2000500525621375E-5
0.0,0.0,1.193803470612845E-5,6.984661300865655E-5
0.0,0.0,4.344799693361402E-6,2.0678273719766627E-6
0.0,0.0,2.1598388656988793E-5,6.37158296422613E-5
0.0,0.0,6.527987327653801E-7,2.268464016712747E-6
0.0,0.0,1.008748049799648E-4,3.5521296780541116E-5
0.0,0.0,1.7010950798759557E-5,9.632891229863978E-5
0.0,0.0,2.857386022293834E-6,7.658756872617468E-5
0.0,0.0,5.253946213806083E-5,7.537299776616579E-7
0.0,0.0,9.671835414815803E-5,9.609658488715674E-5
0.0,0.0,1.1982431123439355E-6,4.3614954524279455E-5
0.0,0.0,7.462165977015732E-5,1.1218761695512084E-4
0.0,0.0,3.903982490515972E-5,4.2613765431999854E-5
0.0,0.0,4.6867445655813444E-5,4.126970432761192E-6
0.0,0.0,3.767022149593944E-5,6.908364830416791E-5
0.0,0.0,5.738244805110266E-5,1.3471051136277958E-5
0.0,0.0,7.911681281291733E-5,4.74397486414243E-5
0.0,0.0,1.1736591347094645E-5,9.708338396198896E-6
0.0,0.0,8.549619724795697E-6,5.1374651480964885E-5
0.0,0.0,1.266096328283966E-5,1.4821182370967315E-4
0.0,0.0,1.3871349166617216E-5,3.145460503163129E-5
0.0,0.0,4.3465290260282184E-5,2.1957083124110055E-6
0.0,0.0,3.7836926341014456E-5,1.3206412770242682E-5
0.0,0.0,1.259773880393105E-5,2.1991647547786615E-5
0.0,0.0,4.1191647715808146E-5,1.1268147147307927E-4
0.0,0.0,2.577436425927514E-5,2.3832446427252173E-4
0.0,0.0,3.779725159568008E-5,1.6986248777668777E-5
0.0,0.0,4.572962187863507E-7,7.818933638198216E-7
0.0,0.0,8.115721760109533E-5,5.39126799135331E-5
0.0,0.0,9.571205542822564E-5,1.0998730957265695E-4
0.0,0.0,5.366814259301154E-6,1.269672322390878E-5
0.0,0.0,1.708482970460142E-5,2.4817283584382354E-6
0.0,0.0,2.0741590379979928E-6,3.903756585080408E-5
0.0,0.0,8.527464079792595E-5,1.8163066172233846E-5
0.0,0.0,1.2143513757933455E-5,4.2025431249723925E-5
0.0,0.0,6.130880224433417E-6,2.9433244346888054E-5
0.0,0.0,3.923874905476396E-6,5.0660494868073826E-5
0.0,0.0,1.8132849198376235E-5,8.840893573079413E-5
0.0,0.0,3.844922867956753E-6,2.5799780424287465E-6
0.0,0.0,1.4097760764227524E-5,1.3621640301682434E-5
0.0,0.0,7.597121215676338E-5,5.467308217156599E-5
0.0,0.0,1.648576043038947E-4,7.209742269988143E-7
0.0,0.0,8.529670163939428E-5,1.3218288625095143E-4
0.0,0.0,1.766792236659305E-5,2.0692566105627535E-5
0.0,0.0,1.0160364509778406E-5,7.58322203720771E-5
0.0,0.0,9.77082222012142E-7,2.896126978980938E-5
0.0,0.0,1.4737825925244749E-5,1.3811283942570058E-4
0.0,0.0,1.715963008068811E-5,2.2527283943024796E-4
0.0,0.0,4.610302596610371E-5,4.135700324482248E-6
0.0,0.0,8.387936961442837E-5,9.387053661280223E-6
0.0,0.0,5.103824736484362E-5,2.128115349479629E-4
0.0,0.0,3.2505636420384025E-5,4.840484552856341E-5
0.0,0.0,8.26422405794196E-5,5.687440729830551E-5
0.0,0.0,5.916438419635101E-5,6.583173376185038E-5
0.0,0.0,8.216147256215035E-6,5.860633991998978E-5
0.0,0.0,2.2445481820291377E-5,1.1971542757237125E-5
0.0,0.0,1.2894643693307595E-5,4.07730845457384E-6
0.0,0.0,2.390648628435518E-5,2.7870340972932204E-5
0.0,0.0,5.245422902190074E-5,3.505798543965323E-5
0.0,0.0,2.6103100628336712E-5,5.2473621791284657E-5
0.0,0.0,4.634293136695701E-5,4.710813794490036E-6
0.0,0.0,3.7908723151445653E-6,1.5622800045225416E-5
0.0,0.0,1.2726978588626272E-5,2.251269946256619E-4
0.0,0.0,3.769033101259138E-6,5.184005877560131E-6
0.0,0.0,3.333490483808352E-5,7.429612929394459E-5
0.0,0.0,4.794819108729139E-6,1.5759104261106146E-5
0.0,0.0,7.04390296072116E-5,5.296706263152052E-5
0.0,0.0,3.949131354879063E-5,1.1821013934245563E-4
0.0,0.0,2.1895425798070796E-5,1.2253499041533606E-5
0.0,0.0,1.1486935969746304E-5,4.0856963576769275E-6
0.0,0.0,4.8226742180524295E-6,1.6294234184161056E-4
0.0,0.0,1.0576150179868489E-6,9.596346671116846E-6
0.0,0.0,4.784238013950406E-5,2.969642913267539E-5
0.0,0.0,6.980966972709833E-5,1.4430691822020595E-4
0.0,0.0,3.373515427115965E-6,1.5127776221472731E-5
0.0,0.0,2.6958829964006215E-5,1.989983469560963E-5
0.0,0.0,1.1381632415563508E-4,5.3825210435104055E-5
0.0,0.0,2.2878971384023933E-6,7.478554385038628E-5
0.0,0.0,2.874444588005764E-7,8.596661880140789E-6
0.0,0.0,2.6192306212477286E-6,3.8626889227491465E-5
0.0,0.0,1.0671689833894862E-6,8.978958557775899E-8
0.0,0.0,3.5496760821461855E-5,6.519259218859737E-7
0.0,0.0,1.2315550614659378E-4,3.05604534581372E-5
0.0,0.0,2.231001315624373E-5,3.9128272558747235E-5
0.0,0.0,2.0106361411083465E-6,4.412177096083767E-5
0.0,0.0,2.1323583373294932E-5,3.682431321382644E-5
0.0,0.0,1.0819397526795629E-4,5.471443657382691E-5
0.0,0.0,5.326658206817756E-5,3.729519981797661E-5
0.0,0.0,9.025721690136452E-5,4.7634169793513456E-5
0.0,0.0,2.866164302313837E-6,7.368714117006944E-5
0.0,0.0,1.9299847226775026E-5,3.373646136412328E-5
0.0,0.0,8.754471817552353E-6,1.571267500179981E-5
0.0,0.0,3.0855400030277635E-6,6.620930753795114E-5
0.0,0.0,2.962469913415983E-5,6.347878065116032E-5
0.0,0.0,4.286134330027547E-5,5.933273972526378E-5
0.0,0.0,7.67274567909916E-5,8.312321318531609E-5
0.0,0.0,1.9784516120872952E-6,1.3039375017487493E-4
0.0,0.0,1.3911522059317528E-5,6.237131479126286E-5
0.0,0.0,2.1013744819736723E-5,4.3025793517494906E-5
0.0,0.0,2.118961139027688E-6,6.668562514422637E-8
0.0,0.0,6.513252920345315E-5,2.194260778842531E-5
0.0,0.0,1.3414867884679982E-4,3.2023785389996814E-5
0.0,0.0,1.8178819879351174E-6,6.048328259378172E-6
0.0,0.0,1.5218833134977332E-6,4.7246912518744035E-6
0.0,0.0,9.4250179035022E-7,3.8192996552923705E-6
0.0,0.0,7.645524277489734E-5,2.769108664312559E-5
0.0,0.0,4.031361414004689E-5,8.188034579883487E-5
0.0,0.0,1.336354070120043E-6,4.349705256917532E-6
0.0,0.0,8.360206743611185E-5,2.2036655861879513E-5
0.0,0.0,3.557602752188793E-6,2.8754344851808882E-5
0.0,0.0,2.289226700969772E-5,1.4236517601609621E-5
0.0,0.0,3.777105063218018E-5,1.1141507173685758E-5
0.0,0.0,3.076783110636221E-5,2.254115432941399E-5
0.0,0.0,2.194251328786407E-5,8.055907773944514E-5
0.0,0.0,2.2691779552985603E-5,7.956892122978999E-6
0.0,0.0,2.313756359515773E-5,7.837229611060504E-7
0.0,0.0,9.200942234639033E-5,8.046980280019311E-5
0.0,0.0,7.015779173994186E-5,1.9888181600262036E-5
0.0,0.0,3.8998124465945026E-7,1.6831459118230057E-4
0.0,0.0,7.195294386290779E-5,8.549903989229622E-6
0.0,0.0,2.876758698015815E-5,8.224937221031401E-5
0.0,0.0,8.742841763882941E-5,5.830061510670334E-5
0.0,0.0,1.0844729603762627E-4,1.2159831107546564E-4
0.0,0.0,1.6862050290317685E-5,6.504489036756514E-5
0.0,0.0,1.172939394874401E-4,5.948820539577659E-5
0.0,0.0,2.1909057243849783E-5,8.103674158247715E-5
0.0,0.0,5.6546691063749327E-5,3.603709674205508E-5
0.0,0.0,2.8736177838248692E-5,5.192316827922127E-5
0.0,0.0,2.653700430847354E-5,2.225022427856785E-5
0.0,0.0,1.5765203492400728E-5,1.749568148635668E-6
0.0,0.0,3.397459890082714E-5,6.638352969961257E-5
0.0,0.0,8.445070631995557E-5,3.0182333837709948E-5
0.0,0.0,1.866504367994837E-5,2.400398656860797E-5
0.0,0.0,1.8865976904916597E-5,2.0938032874012598E-6
0.0,0.0,9.020183934115037E-5,7.564557679058072E-7
0.0,0.0,1.6080652652403185E-6,5.212036093622277E-6
0.0,0.0,7.87525593738858E-6,3.898577320152631E-6
0.0,0.0,1.4181757502306399E-5,3.989814883130052E-6
0.0,0.0,4.2519066452345096E-5,7.759202221523872E-5
0.0,0.0,3.292414354836099E-5,5.629314238152206E-5
0.0,0.0,1.2704593803182499E-4,1.402903375805531E-4
0.0,0.0,9.161976194125017E-7,2.2474816952130227E-6
0.0,0.0,6.365314158670255E-5,1.4301562611297098E-4
0.0,0.0,8.620996345673507E-6,1.1420427889970855E-5
0.0,0.0,3.353204923325259E-5,1.7370925438060045E-5
0.0,0.0,3.7946827890679134E-6,1.9235663949420865E-5
0.0,0.0,9.057768985514173E-6,5.310303365920666E-6
0.0,0.0,5.48025928081988E-5,6.762508603967222E-5
0.0,0.0,2.2026813501755643E-5,4.3792425083684225E-5
0.0,0.0,6.945065406973282E-6,1.2114805096349413E-6
0.0,0.0,7.403010563597908E-5,9.730131547272588E-6
0.0,0.0,2.7283292133809655E-6,5.984705830970962E-7
0.0,0.0,6.42388427555801E-5,1.0280317209498221E-4
0.0,0.0,8.87295447363245E-7,3.534581949044619E-6
0.0,0.0,3.21354104495047E-6,5.9905576605623576E-5
0.0,0.0,1.3076991407206224E-4,8.058465512433121E-5
0.0,0.0,3.198159875869292E-5,6.338463476363837E-5
0.0,0.0,2.699539308055979E-4,1.2954857032432255E-4
0.0,0.0,2.5641585776919545E-5,3.7733474496487484E-5
0.0,0.0,6.551925133610934E-6,1.4952300815190088E-5
0.0,0.0,3.673938161007372E-5,1.232606410230409E-4
0.0,0.0,1.585003705762971E-5,2.384717509355912E-5
0.0,0.0,1.243835758054619E-5,2.5599033507736106E-5
0.0,0.0,1.4517625068501848E-5,1.0041968379209577E-4
0.0,0.0,2.4641816498843794E-5,1.1432223971135322E-4
0.0,0.0,7.111421217239506E-6,1.0148458853411022E-6
0.0,0.0,8.264004429771837E-6,1.0470956680541606E-4
0.0,0.0,6.212909906622777E-5,5.9546655451351623E-5
0.0,0.0,6.837800898764956E-5,8.158958845396907E-5
0.0,0.0,4.715356604636416E-5,9.51749085497163E-5
0.0,0.0,7.549170323131744E-5,1.2379047563084125E-4
0.0,0.0,2.570123860763206E-5,1.1232977084055468E-4
0.0,0.0,1.8746459877216184E-6,6.9637467683452855E-6
0.0,0.0,1.2536560978649242E-6,1.6750240337476283E-4
0.0,0.0,4.340443632636884E-5,9.674871633809658E-5
0.0,0.0,4.462501172968501E-5,2.9598711605648752E-5
0.0,0.0,1.8714103995798996E-5,3.0460739303142553E-5
0.0,0.0,4.5397788256563225E-6,1.0848399162671315E-5
0.0,0.0,9.822909191659862E-7,3.620091760958241E-5
0.0,0.0,4.509143201804837E-5,3.5224619200308107E-5
0.0,0.0,3.30414073792878E-7,1.889429317233598E-5
0.0,0.0,4.54521644996537E-5,4.119904821369171E-5
0.0,0.0,7.877716030586746E-7,6.047041918292129E-7
0.0,0.0,6.505264393988073E-5,4.3975522206453E-5
0.0,0.0,7.159136837331407E-5,6.609726381260922E-5
0.0,0.0,2.0411715673543392E-5,3.655855704734156E-5
0.0,0.0,4.9872076749422606E-5,4.099315027968223E-5
0.0,0.0,1.4089275678630297E-4,4.317501733966448E-5
0.0,0.0,9.990046072669386E-6,1.5305808479114023E-5
0.0,0.0,5.859885541242626E-6,8.525611749817704E-6
0.0,0.0,5.200439266118698E-5,3.7570165301122184E-5
0.0,0.0,1.19466209375388E-4,1.0144015592567769E-4
0.0,0.0,1.7551761640565247E-4,4.295663917169299E-5
0.0,0.0,2.6492774754559742E-5,1.8470908130176507E-5
0.0,0.0,5.739019234130788E-5,1.134307071271361E-4
0.0,0.0,1.6495765383608952E-4,8.286993942525099E-5
0.0,0.0,1.3838986451779823E-5,9.683953926571182E-5
0.0,0.0,5.1332894698497305E-5,3.3068867594686193E-6
0.0,0.0,3.5356119915945634E-5,2.093621007359621E-6
0.0,0.0,3.5608705557357515E-6,1.4940881726414647E-5
0.0,0.0,7.290272269743689E-5,8.733665292855702E-5
0.0,0.0,1.381418922456032E-5,1.0531802978805026E-5
0.0,0.0,5.8466018100319595E-5,8.52589999189648E-5
0.0,0.0,9.808337470255741E-5,1.4815518264065E-4
0.0,0.0,1.1883491082448991E-4,7.968813323649165E-5
0.0,0.0,1.3839598866032796E-5,5.1985931887015965E-6
0.0,0.0,2.246112294862157E-5,1.2073452735507453E-4
0.0,0.0,9.735700952415684E-5,3.05022363329038E-5
0.0,0.0,1.638776312745597E-4,1.9170885428003692E-4
0.0,0.0,1.3337921123675597E-7,1.5540617694254098E-8
0.0,0.0,9.526798586876781E-5,9.691211387059436E-5
0.0,0.0,8.304638690502269E-5,3.145718498639594E-5
0.0,0.0,8.665004010547916E-5,1.0999213851165503E-5
0.0,0.0,5.968544961785519E-5,4.214080057485471E-5
0.0,0.0,1.041776948849973E-5,6.790745866406101E-5
0.0,0.0,4.554312026889471E-6,3.2664606703720493E-6
0.0,0.0,1.4268251170635904E-6,3.078371476838655E-5
0.0,0.0,3.522130600983156E-5,8.074526213623936E-5
0.0,0.0,4.978856375995518E-5,8.222752634110298E-5
0.0,0.0,3.579330967155967E-5,4.277260487018422E-5
0.0,0.0,1.4365896750963859E-6,9.239785791605217E-5
0.0,0.0,1.9717903693083453E-5,1.093021940773812E-4
0.0,0.0,8.361081094786182E-5,2.0645288911610544E-5
0.0,0.0,5.970420990869308E-6,9.455900922196076E-5
0.0,0.0,2.305090826388379E-5,1.0395982590131054E-4
0.0,0.0,1.801135137341175E-5,1.821750114063598E-5
0.0,0.0,6.392778570644146E-6,3.0342202957708032E-5
0.0,0.0,1.877780318417631E-5,3.303245547922364E-5
0.0,0.0,8.043114389096958E-5,3.0211558958273058E-5
0.0,0.0,7.419537994711755E-5,1.111065701737885E-5
0.0,0.0,2.2823694689328268E-8,4.237127354769584E-5
0.0,0.0,1.9396910759528512E-5,8.980993819546621E-5
0.0,0.0,2.750230714374392E-5,4.654822541404405E-5
0.0,0.0,2.1973609982076163E-6,3.804121191397838E-5
0.0,0.0,2.7990708081605E-5,7.182328539397716E-5
0.0,0.0,3.1129844719215784E-6,2.6835013971429885E-5
0.0,0.0,8.011307640305995E-6,1.0981336700081502E-5
0.0,0.0,3.854218709487624E-6,1.3631646893724941E-5
0.0,0.0,2.8621723707335808E-6,1.0400824185489262E-6
0.0,0.0,2.917695540046456E-6,2.198394230034136E-5
0.0,0.0,6.276515764422795E-6,5.484287551244738E-5
0.0,0.0,1.1335723055986666E-5,6.658708371222502E-5
0.0,0.0,6.010466669878318E-5,1.1612847162237297E-4
0.0,0.0,2.499195990421839E-5,3.8289919883666735E-5
0.0,0.0,8.600665979860655E-5,2.0405766114614136E-5
0.0,0.0,1.6406670666945745E-5,2.3162007270416424E-6
0.0,0.0,1.026352114401691E-5,8.345554618951885E-6
0.0,0.0,4.9478257437153913E-5,8.627464967240717E-5
0.0,0.0,8.796738359669551E-7,1.2395791602586707E-5
0.0,0.0,6.675093652728166E-6,1.4851864535348491E-5
0.0,0.0,5.957445608206637E-5,1.671401066583718E-4
0.0,0.0,1.2320994445955167E-5,1.0265882890703857E-5
0.0,0.0,1.2843497960774265E-5,2.5308246092850747E-5
0.0,0.0,6.337614971280548E-5,3.311385742620016E-5
0.0,0.0,9.146757831673623E-5,1.777340490542854E-4
0.0,0.0,1.860857382281573E-4,8.781114571703656E-5
0.0,0.0,2.5707019643108477E-6,1.6625462086056733E-6
0.0,0.0,4.513831253481123E-7,3.2602136617477366E-6
0.0,0.0,8.350841134184569E-5,1.050750421347199E-7
0.0,0.0,8.39827739997223E-5,1.1104837111287867E-4
0.0,0.0,4.001008121612632E-5,2.8068947436715097E-5
0.0,0.0,3.964240889807563E-5,2.254564337518321E-5
0.0,0.0,6.203746005982814E-5,3.594899250899396E-5
0.0,0.0,4.834034497268155E-5,2.8348428233823453E-5
0.0,0.0,8.11233108864015E-6,3.29316167093904E-5
0.0,0.0,9.130798720371539E-6,9.207884066195516E-6
0.0,0.0,1.9013871055560829E-6,3.006337681973331E-5
0.0,0.0,2.2923540648600972E-6,4.723674376903271E-5
0.0,0.0,1.7702936411587873E-6,1.1646361209120238E-5
0.0,0.0,2.0631231774562036E-5,1.3025798246456592E-4
0.0,0.0,6.770629065994E-5,3.877541490210408E-6
0.0,0.0,2.1853024809555105E-6,5.1094003595974114E-5
0.0,0.0,3.078840041505475E-7,1.3423036820768626E-5
0.0,0.0,2.1489057947134E-6,1.268732263065801E-4
0.0,0.0,3.999638451037069E-5,6.830650988753601E-5
0.0,0.0,4.743189911938393E-5,2.7986472265723018E-5
0.0,0.0,4.495057760205787E-5,8.699360542037666E-5
0.0,0.0,4.199784407413871E-5,1.1159079843238383E-4
0.0,0.0,6.672466147239721E-5,2.227179527300027E-5
0.0,0.0,7.505003962938013E-6,1.7762545130471254E-5
0.0,0.0,4.903497227870232E-5,5.461255009948473E-5
0.0,0.0,1.0386598529361628E-4,2.6284717880480546E-4
0.0,0.0,9.53948687391411E-7,2.9054188918655548E-6
0.0,0.0,7.228101628798428E-5,1.6977355976610035E-4
0.0,0.0,1.0216227727326232E-4,2.270336754311914E-5
0.0,0.0,1.6325879248810194E-5,1.829143268508304E-5
0.0,0.0,5.1896710297603115E-6,4.0365466570096927E-5
0.0,0.0,4.815494421514321E-5,2.3154482688829176E-5
0.0,0.0,3.7040160225219823E-6,1.190893123224063E-6
0.0,0.0,8.347774940721315E-5,1.535944306415754E-4
0.0,0.0,7.376423191207733E-5,1.0775956695334518E-4
0.0,0.0,8.400691117711665E-5,1.376924508515752E-4
0.0,0.0,5.423141019974065E-5,6.812910494296935E-5
0.0,0.0,9.653023928343372E-5,9.347372504125154E-5
0.0,0.0,2.0466313794573792E-4,9.78864780386179E-5
0.0,0.0,1.6171709992124386E-5,1.4648276147045676E-4
0.0,0.0,9.646872355960035E-6,1.7790330323979298E-5
0.0,0.0,5.19218503307189E-6,5.835633073786861E-7
0.0,0.0,2.9702018421454444E-5,2.4573123301040554E-5
0.0,0.0,8.580630379429446E-5,2.3696097806146296E-4
0.0,0.0,2.61882353757979E-5,8.455196896463959E-5
0.0,0.0,1.615377730587507E-7,2.1128517791748925E-5
0.0,0.0,1.3398437342294864E-5,2.9607381518920568E-5
0.0,0.0,2.2993496488418426E-6,3.444421082427783E-6
0.0,0.0,9.6082199681359E-5,4.3296688194473095E-5
0.0,0.0,8.491086297929653E-5,1.932627821483156E-5
0.0,0.0,4.2663204482958535E-5,4.8250545609123345E-5
0.0,0.0,2.867234067437177E-6,1.0831585496619366E-5
0.0,0.0,2.6023412723063165E-5,6.378551963580879E-5
0.0,0.0,4.6564196869485405E-5,1.148219093586486E-4
0.0,0.0,3.7893884652476855E-5,1.1713358182161666E-5
0.0,0.0,3.114574041026118E-5,3.4976252188179816E-5
0.0,0.0,2.01339495791056E-4,1.2846693414094652E-4
0.0,0.0,7.922378393316186E-5,1.79000245775173E-4
0.0,0.0,9.055401477799895E-5,5.141880777871032E-5
0.0,0.0,9.717368156301412E-5,3.778724234144727E-5
0.0,0.0,8.72289388165357E-5,8.81216817640079E-5
0.0,0.0,1.5572907547162315E-5,3.673444642260569E-5
0.0,0.0,2.2181215645476692E-5,9.006676135494846E-5
0.0,0.0,2.5799946492548967E-5,6.505634599601956E-5
0.0,0.0,5.6158609023471885E-5,3.6148419984256326E-6
0.0,0.0,1.6951887440596992E-4,1.6748777178041938E-4
0.0,0.0,9.187383536246675E-5,1.5994442493921776E-5
0.0,0.0,1.3083177873562246E-4,1.144203991792889E-5
0.0,0.0,9.459690350836152E-6,8.88711980165933E-6
0.0,0.0,1.1197093239030129E-4,6.852441144605619E-5
0.0,0.0,1.921592748757399E-6,5.334136329466495E-5
0.0,0.0,3.0032397511475648E-6,3.562126916494855E-6
0.0,0.0,7.884402842318021E-5,4.646185939823574E-5
0.0,0.0,5.909515630148148E-5,7.369356161135517E-5
0.0,0.0,6.0055824086475736E-5,1.4094405403231961E-5
0.0,0.0,1.3067097286846555E-5,1.7156276275055838E-5
0.0,0.0,5.778854026170814E-5,1.920151099008829E-5
0.0,0.0,2.698816349500253E-5,1.1136415750507412E-5
0.0,0.0,2.5308874047531287E-5,2.0204086421716485E-5
0.0,0.0,9.954254134806757E-6,9.969672799380534E-6
0.0,0.0,2.0892695564357653E-5,9.934731317022087E-7
0.0,0.0,1.298825965150875E-4,6.026484567605971E-5
0.0,0.0,3.323476729594663E-6,2.0169807933025263E-6
0.0,0.0,3.399876402979257E-5,8.237160297685517E-5
0.0,0.0,5.819292192646085E-5,1.4386079940222413E-5
0.0,0.0,8.923741935985423E-6,4.5632005775762667E-5
0.0,0.0,3.3378416004281592E-6,6.875015403936563E-6
0.0,0.0,3.886639953968257E-7,2.4070711883436255E-5
0.0,0.0,5.277359136460958E-5,1.348352201817703E-4
0.0,0.0,4.2891987762637064E-5,6.80229986851465E-5
0.0,0.0,4.477054369192633E-5,5.872200345336286E-5
0.0,0.0,1.6038853121007772E-5,1.6410193040725566E-5
0.0,0.0,3.727466793805039E-6,8.215713034091201E-6
0.0,0.0,3.138381368469266E-5,1.302333918945062E-4
0.0,0.0,5.915682313573535E-5,6.56368363988473E-5
0.0,0.0,2.6546402335473483E-5,1.1652047009380505E-5
0.0,0.0,5.269623443773261E-6,2.850850363665805E-5
0.0,0.0,1.1883089607671938E-4,6.60530989794577E-5
0.0,0.0,2.729384765385324E-5,3.395990658022882E-5
0.0,0.0,1.8679069296657755E-6,1.2381440689247633E-6
0.0,0.0,2.164102038428455E-6,7.16902716297753E-6
0.0,0.0,8.969201894133524E-5,9.071932112423947E-5
0.0,0.0,8.749054806593379E-5,7.650779501345138E-5
0.0,0.0,2.5216817358896515E-5,7.528710861139444E-5
0.0,0.0,1.9170141086598975E-6,1.884873977009938E-5
0.0,0.0,3.7908723151445653E-6,1.5622800045225416E-5
0.0,0.0,1.6730734067912674E-5,1.0755670550826023E-5
0.0,0.0,6.549948539329142E-5,1.0572566544655411E-4
0.0,0.0,1.7287921452435007E-5,2.788515091653259E-6
0.0,0.0,1.3917021082973198E-5,1.0349883222724353E-5
0.0,0.0,1.0016153890701825E-6,3.1688004099991988E-6
0.0,0.0,5.927480405010822E-5,9.178232704886088E-5
0.0,0.0,1.0397996440885094E-4,6.981418836076678E-5
0.0,0.0,1.1880916083227921E-5,6.96595507429676E-7
0.0,0.0,6.1399974476750745E-6,9.667412239078887E-5
0.0,0.0,1.1771930678693015E-5,7.260534684034414E-5
0.0,0.0,8.096687520412193E-5,2.3265463104529082E-6
0.0,0.0,3.702486233166089E-7,3.368395257424867E-6
0.0,0.0,1.277122470200948E-5,8.24760715339522E-6
0.0,0.0,1.985338002327361E-5,1.8478944587567132E-5
0.0,0.0,1.6001679928132715E-5,3.7121784150007004E-5
0.0,0.0,6.357782864914685E-5,1.4501087196922628E-4
0.0,0.0,3.13969529295937E-5,9.153251963136684E-6
0.0,0.0,5.340449036877621E-5,8.514977134936938E-5
0.0,0.0,8.428358719379248E-6,2.9063731939219408E-5
0.0,0.0,5.905904375149016E-5,2.8790417422580053E-5
0.0,0.0,5.1610631415842885E-5,2.7845544121542408E-5
0.0,0.0,1.303215045115822E-5,2.6976728871027716E-5
0.0,0.0,5.979954695936522E-5,1.032025133247527E-4
0.0,0.0,2.4661838778962726E-5,3.1581745502640626E-5
0.0,0.0,3.983700397051307E-5,1.4792836588119304E-4
0.0,0.0,1.4358721175542689E-5,1.4177677662218016E-5
0.0,0.0,3.6130555608986023E-6,5.573417727423879E-6
0.0,0.0,6.208640596124416E-5,1.1163623474713113E-4
0.0,0.0,9.175851359998452E-5,2.3903183233906012E-5
0.0,0.0,1.2959781682473559E-5,7.38261383084418E-5
0.0,0.0,1.0835889091731E-5,1.833804374988952E-5
0.0,0.0,5.3702240338163164E-5,6.018477862493485E-5
0.0,0.0,1.1419659933724524E-5,2.485900960540783E-5
0.0,0.0,2.5795908510450203E-5,1.1402193932700748E-5
0.0,0.0,5.134792440682407E-6,1.466219739078463E-4
0.0,0.0,1.7927210928692338E-7,4.843110902763438E-5
0.0,0.0,3.064988052249201E-5,1.1928440782082922E-4
0.0,0.0,3.7900422866513964E-7,3.802207196911476E-5
0.0,0.0,5.91069090476778E-6,2.519171784121037E-5
0.0,0.0,3.6445767292430993E-6,3.499974240797342E-7
0.0,0.0,3.333331135799673E-7,6.156225305065876E-7
0.0,0.0,4.603961563421924E-5,4.2546561440979E-6
0.0,0.0,9.67890602731021E-7,2.390197136335768E-6
0.0,0.0,3.321562552332491E-5,7.631404044233476E-5
0.0,0.0,1.644746187123112E-4,8.145707413718419E-5
0.0,0.0,6.210425670917116E-5,6.550025025900786E-5
0.0,0.0,7.405860734187502E-5,5.820980365259983E-5
0.0,0.0,5.647123665142441E-6,1.6462200845766663E-5
0.0,0.0,6.844858685155559E-7,4.4486629155253924E-5
0.0,0.0,7.588369566004815E-5,3.1389077255449556E-5
0.0,0.0,1.272684017208207E-4,3.1306809814867394E-5
0.0,0.0,8.666894705606899E-5,1.1876027445871687E-5
0.0,0.0,5.3697697506662804E-5,1.5135332975849236E-4
0.0,0.0,6.347808951224831E-5,8.121017150338267E-5
0.0,0.0,7.037680710450196E-7,4.233573642346173E-6
0.0,0.0,6.557476520659871E-5,3.24037038757898E-5
0.0,0.0,5.285471188182879E-5,2.1417704238836234E-5
0.0,0.0,4.066333268083906E-6,1.298941576308166E-6
0.0,0.0,1.3377492477795517E-7,1.9510939095779033E-7
0.0,0.0,8.457856149854342E-6,7.477175810339125E-7
0.0,0.0,1.1759299358823738E-5,7.923172796747404E-5
0.0,0.0,6.582101218208546E-6,1.0340084120530878E-5
0.0,0.0,2.8845132075326047E-5,2.3662878932894275E-5
0.0,0.0,3.3931426176285523E-6,1.621991084480275E-5
0.0,0.0,1.8002971343500023E-5,1.7294217077659583E-5
0.0,0.0,2.3084547411952964E-5,3.490452700391978E-5
0.0,0.0,1.0582983147271073E-5,6.128410828611238E-5
0.0,0.0,3.1793910935336064E-6,8.442599268335707E-5
0.0,0.0,1.7806741478948365E-5,3.538454519374769E-5
0.0,0.0,2.6137312822371347E-5,8.56394303826451E-7
0.0,0.0,1.4239687024058625E-4,8.128207785658126E-5
0.0,0.0,1.36731580405495E-4,1.47181295221082E-5
0.0,0.0,9.346487622927802E-5,1.0376586936658002E-4
0.0,0.0,1.1698954772777835E-4,1.316590550193654E-5
0.0,0.0,6.292655687851476E-5,1.0276946126607259E-5
0.0,0.0,6.443671966357634E-5,4.1443200899925164E-5
0.0,0.0,1.2736728514193356E-4,2.1110119254357792E-5
0.0,0.0,1.1223221264474344E-5,1.548015463872271E-5
0.0,0.0,3.397998972814659E-5,3.744317865961118E-5
0.0,0.0,2.6219088834258743E-5,2.6928014135340083E-6
0.0,0.0,3.95480316739873E-5,1.5901746008946687E-5
0.0,0.0,1.7233043229749725E-4,1.5855360176852674E-5
0.0,0.0,2.520405353818127E-5,2.254742246327646E-6
0.0,0.0,9.121275205617032E-5,5.775877718633354E-5
0.0,0.0,2.4736937021065317E-6,1.0928206843194387E-5
0.0,0.0,3.729473755902105E-5,7.147614085275973E-5
0.0,0.0,9.037131596016574E-5,2.6712467824995635E-5
0.0,0.0,3.729732625246832E-5,1.8122721882552184E-4
0.0,0.0,3.3343368731526475E-5,1.1843590839731917E-4
0.0,0.0,1.4492516582365862E-5,3.0814073373445415E-5
0.0,0.0,1.7416242297962653E-4,1.0831532549557903E-4
0.0,0.0,2.2091201790192067E-4,3.2885348915485105E-4
0.0,0.0,4.828152127792503E-6,5.0835143135578636E-5
0.0,0.0,7.657624344600169E-5,6.318883099458661E-5
0.0,0.0,1.3572830471404464E-5,1.3189870041516147E-4
0.0,0.0,8.487161075620927E-5,7.828206271274019E-5
0.0,0.0,8.377211172695509E-5,7.539647263159534E-5
0.0,0.0,1.7891198046348888E-4,6.723117483198013E-5
0.0,0.0,5.425953011354474E-5,1.0757832019433091E-4
0.0,0.0,8.086664134034353E-6,8.82386161014817E-6
0.0,0.0,3.5129143779525853E-6,1.0276532276664159E-5
0.0,0.0,1.3068538297874483E-6,2.759394430322018E-6
0.0,0.0,3.855173608565637E-6,9.341500221313114E-5
0.0,0.0,7.993844672273657E-5,8.954031969602822E-5
0.0,0.0,2.9090802766513673E-6,1.1813375640729716E-4
0.0,0.0,5.981728746670431E-5,5.081487134969425E-5
0.0,0.0,5.537434450959116E-5,3.168632539358835E-5
0.0,0.0,4.4035664326427684E-5,8.912124317722558E-5
0.0,0.0,7.612800773592064E-5,8.97598483550974E-5
0.0,0.0,3.590904432852511E-5,1.676756299996166E-5
0.0,0.0,2.5810719259573225E-5,3.7042208411128716E-5
0.0,0.0,2.3631456568381665E-6,2.152486039147876E-5
0.0,0.0,4.9805306825125814E-5,2.8997440824490877E-4
0.0,0.0,3.8724286997485304E-5,1.7038991009178584E-5
0.0,0.0,2.5219337032476516E-5,3.004849998054925E-5
0.0,0.0,1.0310623295198642E-4,1.524874519172913E-4
0.0,0.0,4.368340999091048E-5,2.9381079851212233E-5
0.0,0.0,2.741988399528585E-6,3.3601918334806784E-5
0.0,0.0,1.0600206915520376E-4,1.3945489323411852E-5
0.0,0.0,7.157335731774183E-5,2.043399929878E-5
0.0,0.0,4.838096811363719E-5,7.130366087036064E-6
0.0,0.0,1.267413632690125E-4,4.341121457585664E-6
0.0,0.0,1.6962368044264615E-5,1.657397624861065E-5
0.0,0.0,1.523570657725305E-5,1.746988195979536E-5
0.0,0.0,1.5178184501057379E-5,8.688027067843466E-5
0.0,0.0,1.1324459062419395E-5,2.788328897154429E-5
0.0,0.0,6.224857205112085E-5,1.0091861916391714E-5
0.0,0.0,5.295224362033716E-5,8.002994663077378E-5
0.0,0.0,6.471184676152632E-5,9.507171331912147E-5
0.0,0.0,3.8802028400303965E-5,9.263863613077883E-6
0.0,0.0,1.5807249091388266E-5,7.525968119191081E-7
0.0,0.0,2.078570837839258E-5,4.325934759019549E-5
0.0,0.0,1.4119886156866258E-5,1.2532215135171648E-4
0.0,0.0,8.891547838753937E-5,4.946194064942745E-6
0.0,0.0,3.1546158902443865E-6,1.6465407776450372E-5
0.0,0.0,2.922155340163112E-5,2.1319933338949567E-5
0.0,0.0,3.7056735541719525E-5,1.0988145887938488E-4
0.0,0.0,7.070791392643326E-5,1.45141855534241E-4
0.0,0.0,2.0450351356529154E-6,1.1051845832895515E-4
0.0,0.0,7.591470256100602E-6,1.0588916459508545E-4
0.0,0.0,3.952560716633265E-6,5.622129135186108E-6
0.0,0.0,9.490724321991451E-6,1.9927577269693224E-4
0.0,0.0,1.0435889906566623E-5,1.2790822131772763E-5
0.0,0.0,8.244255543904731E-6,4.0680338698251246E-5
0.0,0.0,3.2359498465052735E-5,2.1548555617283527E-5
0.0,0.0,5.106692681538445E-5,1.179770368801621E-4
0.0,0.0,9.08409566907513E-5,6.825365240018606E-5
0.0,0.0,2.765822246354864E-5,5.460210230429893E-6
0.0,0.0,5.249519869158673E-5,6.187864504429091E-5
0.0,0.0,5.6466165233736976E-5,7.290945491880513E-5
0.0,0.0,5.00047932197592E-5,1.7422284496504933E-6
0.0,0.0,5.7086343079664635E-5,3.0554581718114785E-5
0.0,0.0,7.386717498782285E-5,4.871587679652883E-5
0.0,0.0,3.168095100307045E-5,1.296597159330593E-4
0.0,0.0,1.2934793468186855E-6,1.5381345399725145E-6
0.0,0.0,1.2264698659284299E-5,4.709001530212047E-5
0.0,0.0,1.6376199092324378E-7,1.6682059608697218E-7
0.0,0.0,1.2212565335995954E-5,9.027048265256212E-5
0.0,0.0,1.778811014897095E-5,2.392231027104995E-5
0.0,0.0,2.9959224407646324E-5,8.025572283220376E-5
0.0,0.0,5.018435171643445E-5,1.696948789482061E-5
0.0,0.0,1.0401296002578384E-4,1.3398123844028412E-4
0.0,0.0,1.0306951531999116E-5,1.572907926449105E-4
0.0,0.0,3.315303622175761E-5,1.0316289129532213E-4
0.0,0.0,2.6397942605739937E-5,2.1134773472242043E-5
0.0,0.0,1.162750237333834E-4,1.3077535433064303E-4
0.0,0.0,4.8178011164260494E-5,2.039076583037963E-5
0.0,0.0,1.4027721193059357E-6,3.8355181313103076E-5
0.0,0.0,6.154731235213961E-5,2.8443770871151114E-5
0.0,0.0,7.92121320296372E-6,9.227618323662689E-6
0.0,0.0,1.41141678951944E-4,3.773657426164873E-5
0.0,0.0,7.91601503803041E-5,7.717359559957767E-6
0.0,0.0,1.806551967287037E-4,9.740788610608781E-5
0.0,0.0,5.007343524368181E-6,9.196166754084759E-7
0.0,0.0,4.6059161436371256E-7,1.2873688443276027E-6
0.0,0.0,3.805237993118268E-5,1.0492711036169589E-4
0.0,0.0,9.980739307376179E-5,2.7517085558869737E-4
0.0,0.0,1.032570691715503E-4,3.482521139380956E-5
0.0,0.0,3.052769641311737E-5,3.270763608375735E-6
0.0,0.0,5.5895521778234917E-5,4.260225476065835E-5
0.0,0.0,2.4380613517714436E-5,6.730172159352254E-5
0.0,0.0,5.781841488202714E-6,2.5784922073613578E-5
0.0,0.0,7.180300070682543E-6,5.9095842300118565E-5
0.0,0.0,2.3032440823088137E-6,1.5774481520570655E-5
0.0,0.0,7.33319644838327E-5,8.464918740223064E-5
0.0,0.0,7.203824837479093E-5,2.3709494022035232E-4
0.0,0.0,5.2214904180377655E-6,2.333861217535088E-6
0.0,0.0,8.285328673494967E-5,1.0887466725401075E-4
0.0,0.0,4.659167503967528E-5,2.3989276794170152E-6
0.0,0.0,9.574300152275922E-5,7.268608495811696E-5
0.0,0.0,1.1256481813958433E-4,6.498127532642959E-5
0.0,0.0,3.230778564520756E-5,2.9502658574445147E-5
0.0,0.0,3.408378419658325E-6,1.0063019066205617E-6
0.0,0.0,1.3117279684216413E-5,6.547298064841572E-5
0.0,0.0,3.6400517301772574E-6,3.327975712322808E-5
0.0,0.0,6.029511393424295E-5,4.7045442482157734E-5
0.0,0.0,4.8875457005079615E-5,2.9097618100349118E-5
0.0,0.0,1.960764792851032E-5,1.390930442827294E-4
0.0,0.0,1.832703599786648E-5,3.439177692014469E-5
0.0,0.0,5.8032293934297E-5,4.4518197701377055E-5
0.0,0.0,5.4690743331948355E-5,8.364249158290238E-5
0.0,0.0,2.9903443319221256E-5,2.7415166273403E-5
0.0,0.0,2.3156557198633363E-5,3.838503061920101E-5
0.0,0.0,4.82056049098835E-5,4.2177553794764515E-5
0.0,0.0,3.761175222719446E-5,2.665598648132573E-5
0.0,0.0,1.3187470919849161E-5,7.288370299300352E-7
0.0,0.0,4.103856263490827E-6,5.2694132324719826E-5
0.0,0.0,6.421160969123383E-5,1.79595265751004E-5
0.0,0.0,6.440443052250193E-5,9.491607748994637E-6
0.0,0.0,3.971210537442269E-5,1.9781360531974693E-5
0.0,0.0,2.807614318347685E-6,8.241027023545284E-7
0.0,0.0,7.011114508869803E-5,1.9330716538278777E-5
0.0,0.0,4.651211046598509E-5,2.731283007566433E-5
0.0,0.0,1.8238244912838315E-5,1.1902086366118228E-4
0.0,0.0,1.0266266392880299E-5,8.427629298885997E-6
0.0,0.0,1.5659468796399575E-5,1.398592315171779E-5
0.0,0.0,1.1820393904074602E-4,3.142968000819081E-5
0.0,0.0,8.451353326439169E-5,1.2496119319256686E-4
0.0,0.0,7.245234321878968E-5,2.8301565381741477E-5
0.0,0.0,1.9967994070393696E-5,3.7547242542015734E-6
0.0,0.0,8.376964531274706E-5,9.759961917774004E-5
0.0,0.0,6.254147170815159E-6,9.767422565742976E-6
0.0,0.0,5.944084338948298E-5,2.0903285242880544E-4
0.0,0.0,1.654793293079499E-5,1.0205345676333522E-4
0.0,0.0,1.618852622296401E-5,1.905286844515564E-4
0.0,0.0,4.166659722338201E-5,2.8945082250771174E-5
0.0,0.0,3.4853228823819035E-6,9.182375576719302E-7
0.0,0.0,1.5532847122961045E-5,1.6911345871831177E-5
0.0,0.0,3.555002988934072E-5,2.268797113842171E-6
0.0,0.0,8.351283003106088E-6,1.0294569008782477E-4
0.0,0.0,2.5700995038731567E-5,1.0805884886924967E-4
0.0,0.0,1.485977181965589E-8,5.996960574221308E-6
0.0,0.0,3.736927881095357E-6,9.709219503558084E-5
0.0,0.0,1.3507434825887952E-5,2.6141082882846395E-5
0.0,0.0,1.6291159459979826E-4,1.155753474233394E-4
0.0,0.0,5.867035769855666E-6,3.1100320458296354E-7
0.0,0.0,7.254515666734484E-6,2.4485509150717362E-5
0.0,0.0,1.754019791441778E-4,1.0279306978088947E-4
0.0,0.0,2.6862783416917596E-5,1.8337491496312207E-5
0.0,0.0,1.0016153890701825E-6,3.1688004099991988E-6
0.0,0.0,8.630055991225064E-6,5.587954986729233E-5
0.0,0.0,2.2484742854310746E-5,1.1445534156153154E-4
0.0,0.0,1.7662587811434594E-4,1.5059684850980804E-4
0.0,0.0,8.179757442711853E-5,2.8352473994634337E-5
0.0,0.0,2.4864893935344823E-5,8.040034399856433E-6
0.0,0.0,6.643629745597827E-7,8.36551639086505E-7
0.0,0.0,1.1892289295785315E-4,1.3199432610851936E-4
0.0,0.0,4.145886461038555E-6,5.2950675880695235E-5
0.0,0.0,7.021732339313631E-6,1.3342545473509583E-4
0.0,0.0,8.465273724326205E-5,3.212099300257323E-5
0.0,0.0,6.888868015491902E-5,7.990229808299675E-6
0.0,0.0,1.6656671035391496E-5,8.153895096846045E-5
0.0,0.0,3.353823236269026E-5,9.851786663911618E-5
0.0,0.0,8.026891868547874E-5,8.615905625623971E-5
0.0,0.0,5.192552495878407E-6,8.280248238379773E-6
0.0,0.0,1.1958318636204688E-5,1.1973857613595322E-4
0.0,0.0,1.9846230178723732E-4,1.8917608443413838E-4
0.0,0.0,1.2433604323312002E-5,1.0823390356793037E-5
0.0,0.0,3.843299656084703E-5,7.002180794670715E-5
0.0,0.0,1.9278439681490493E-5,2.3393453814104298E-5
0.0,0.0,8.642174523497724E-5,6.7900887611992E-7
0.0,0.0,1.492184667561491E-5,9.318383129184612E-5
0.0,0.0,1.4380823429166503E-6,1.492299684887558E-4
0.0,0.0,4.219728942960605E-5,5.856329789825946E-5
0.0,0.0,9.247405975450765E-5,1.8465237785461565E-5
0.0,0.0,8.471577797179996E-5,7.13080946335451E-5
0.0,0.0,1.1828724755524247E-4,4.8208841531627094E-5
0.0,0.0,3.5609162934834865E-5,6.961605694935346E-5
0.0,0.0,1.2575288442916307E-6,1.510165128651158E-6
0.0,0.0,6.73609853884051E-5,1.658131510837936E-5
0.0,0.0,6.874384378099572E-5,6.430399613538743E-5
0.0,0.0,1.6379467500646085E-5,3.326000546660299E-5
0.0,0.0,6.622762173104654E-6,1.7692768968494155E-5
0.0,0.0,2.680898984628817E-6,6.419073989349948E-6
0.0,0.0,8.916573768235828E-7,2.924701766389858E-5
0.0,0.0,5.783865842316431E-5,1.631521161863762E-5
0.0,0.0,4.5279631020123945E-6,6.022824540397127E-6
0.0,0.0,2.2520136738758484E-5,3.1531622024628286E-4
0.0,0.0,2.374168323888333E-6,1.0560177521260215E-4
0.0,0.0,2.9749580449872315E-6,9.46579243755716E-7
0.0,0.0,6.138225916641618E-6,1.0311374728105696E-5
0.0,0.0,8.381997220972236E-6,1.1400977369225241E-5
0.0,0.0,3.439748095806175E-5,2.489739600575049E-4
0.0,0.0,8.742419046266403E-5,3.8977773688044664E-5
0.0,0.0,3.6250116029609334E-6,1.322652743594596E-5
0.0,0.0,5.365775572320604E-5,8.378415689892141E-5
0.0,0.0,2.273792551060866E-5,6.342101776199851E-6
0.0,0.0,4.106297021240658E-7,2.470816420169574E-7
0.0,0.0,5.056684593309608E-6,1.386822002173828E-4
0.0,0.0,8.36179919389824E-6,5.676167956585852E-6
0.0,0.0,1.2160870139933741E-5,2.3263440568998855E-6
0.0,0.0,1.485977181965589E-8,5.996960574221308E-6
0.0,0.0,8.98178440503405E-5,1.9318010646864053E-4
0.0,0.0,6.434849034373951E-6,7.225630183860857E-6
0.0,0.0,1.1864052302124583E-5,3.526591385238307E-5
0.0,0.0,2.738190903267609E-5,1.153889365065003E-5
0.0,0.0,2.839461250346383E-5,5.615941121737521E-5
0.0,0.0,1.7557204792922647E-6,2.738577230719358E-5
0.0,0.0,1.078559143569992E-4,4.405468922021168E-5
0.0,0.0,4.9036640410342055E-5,2.2123256159074084E-5
0.0,0.0,1.7953459543543177E-6,1.309733286911521E-4
0.0,0.0,1.1560245665058724E-6,1.5800194312397056E-5
0.0,0.0,2.2293997286944256E-6,7.115500036478583E-5
0.0,0.0,1.444379454714219E-4,6.246371299023291E-5
0.0,0.0,7.243143025470103E-5,1.0678158955664276E-4
0.0,0.0,8.233527515104404E-6,1.1605766397800134E-4
0.0,0.0,8.053779152199162E-5,4.6491344798830234E-5
0.0,0.0,7.399452440522166E-5,3.439881668073464E-5
0.0,0.0,1.1556261751477619E-5,2.2751665760170875E-4
0.0,0.0,1.530932372359483E-5,5.436394195160891E-5
0.0,0.0,3.7464841816636865E-5,5.3325255991618753E-5
0.0,0.0,1.4278408169418311E-6,4.6015863684045075E-7
0.0,0.0,1.9651952749800185E-5,1.9649401035719974E-5
0.0,0.0,6.86957668064697E-7,8.759987532854325E-5
0.0,0.0,4.176135515783599E-5,8.904752277274538E-5
0.0,0.0,1.6076924999853243E-6,7.672284236322093E-6
0.0,0.0,7.019511859394863E-5,5.241791998647921E-5
0.0,0.0,8.652740633930981E-5,2.0207914851732047E-5
0.0,0.0,3.478137434880597E-5,6.297731936389315E-5
0.0,0.0,9.79208212313132E-7,1.6605196986152137E-6
0.0,0.0,6.106564575024155E-6,7.352332767757366E-6
0.0,0.0,1.297260819690954E-4,3.2471140522500315E-5
0.0,0.0,1.6817656004645738E-5,5.2009080811702005E-5
0.0,0.0,4.27772426824832E-5,1.0782398105219407E-5
0.0,0.0,3.2528693183130605E-6,8.053897284812055E-6
0.0,0.0,6.747873897381396E-6,2.8073657199803825E-5
0.0,0.0,2.2327330510503116E-5,1.5133214207970546E-4
0.0,0.0,4.007242928531323E-5,8.71893261451699E-5
0.0,0.0,4.8148511914717505E-5,3.4853819537450815E-5
0.0,0.0,8.716336698736345E-6,1.7163130343593335E-5
0.0,0.0,2.064803455334961E-5,5.835984609057163E-6
0.0,0.0,8.304831895475911E-5,8.380701740654416E-5
0.0,0.0,6.421150519557918E-6,2.4107670048937336E-5
0.0,0.0,1.1763057593189275E-5,8.037331169424955E-5
0.0,0.0,8.699364279377325E-7,3.4849343623393123E-6
0.0,0.0,6.439338897864623E-5,3.355845497776748E-5
0.0,0.0,2.893274075010046E-5,7.119478952771725E-5
0.0,0.0,8.086814573061408E-5,4.381402979356377E-5
0.0,0.0,1.1862564111784246E-4,9.739460561099821E-5
0.0,0.0,1.3097407248251764E-4,4.777090473220109E-5
0.0,0.0,1.3823364578278595E-4,2.8196173851006568E-5
0.0,0.0,7.384545673198423E-5,9.666418163306452E-6
0.0,0.0,5.899596569381107E-5,1.360600453688427E-4
0.0,0.0,1.2943187616960797E-5,7.977736950507241E-6
0.0,0.0,3.666407654568841E-6,7.071602087592628E-5
0.0,0.0,3.578638506453704E-5,2.1393152920999144E-4
0.0,0.0,1.1465343598174004E-4,8.487946827295057E-5
0.0,0.0,1.348065311114803E-4,1.3387256845293772E-6
0.0,0.0,2.8515980946400213E-5,4.155691234088792E-5
0.0,0.0,2.3115355223506868E-5,1.3842862375621282E-4
0.0,0.0,1.6258183404735012E-5,6.55649362292807E-6
0.0,0.0,3.7530038679832965E-5,5.4081316250891766E-5
