5K,50K,500K,5M
0.0,3.1105653001610445E-4,0.0012308840323974374,6.924735373987219E-5
0.0,2.98496223504457E-4,0.0021787733619527787,0.0010197955126684918
0.0,0.001922810404393516,0.002102606069846652,0.0071490633307693535
0.0,0.0032032996957328925,9.891131798350917E-4,0.006556999569694629
0.0,0.003038580855109151,0.005804467719851752,7.157454158041716E-4
0.0,4.997071899773889E-5,9.32280690322127E-5,1.1595266286611343E-4
0.0,0.0033896769512167476,0.003041819521924072,0.0030139754565359006
0.0,0.0022019253767246445,0.0021065448105050066,0.0031019817424957873
0.0,1.8625916056439463E-4,9.507228739303686E-4,0.0022155652376652383
0.0,2.8600042935450455E-4,9.592530911548726E-4,1.9650513040853315E-4
7.519354487360814E-5,6.384930948751436E-4,0.0028677324050100533,0.003897582117982492
0.0,0.0015233847255495694,3.837726817291976E-4,0.001702192920591927
0.0,0.00296634363396192,0.0017458938838621058,0.0011174202087128194
7.203906015030072E-5,0.0011519330893411275,2.465294675624836E-4,5.459179494007502E-4
0.0,3.540437263707706E-4,2.816764374535357E-4,0.0011177327716723566
0.0,1.6209007984813498E-4,8.848737843103206E-4,4.795693564402399E-4
0.0,4.2689879487003E-4,0.0011909632256568807,0.0023355720934781386
0.0,0.002086500119638053,0.006358891271974893,0.00494780102972305
0.0,0.0014930830185999394,1.4323086821107803E-4,7.294380598598007E-4
0.0,3.298416796520027E-4,1.796548810957031E-4,4.55371760497112E-4
0.0,1.0292505328295996E-5,1.463152876846159E-4,1.2598189256593864E-4
0.0,6.735702162696811E-4,0.003013014703782215,2.84942249273015E-5
0.0,7.916602155348424E-5,3.18309034438248E-4,4.4771773643556984E-4
0.0,7.285490477997184E-4,6.989387491752947E-4,0.0014262332571007264
0.0,8.535252229081295E-5,6.619138794068778E-4,0.0014248703820753373
0.002669531635263133,0.0011674205250678377,0.004473278733974373,8.326998504238142E-4
0.0,0.0024461453778008985,0.0011236711468521428,5.670484467090445E-4
0.0,0.0014311906754899413,0.00442125995362091,4.5106101477453435E-4
0.0,1.0805627073341318E-4,0.003383218872552223,2.0606471629711873E-4
0.0,6.294975039832218E-5,2.399259715758389E-4,2.7054778478006276E-4
0.0,0.0022686312152782823,0.004976004867665867,0.003744817500567858
0.0,4.8349134259211663E-4,2.906894655653973E-4,7.113774705774345E-4
0.0,3.2280192367262873E-4,2.6067772406603213E-4,3.075676485304867E-5
0.0,2.854606552049955E-4,8.031537351405578E-4,0.002136782772438803
0.0,8.158238804057381E-5,5.216411324803051E-4,0.0013452995034971527
0.0,2.1953013464263364E-4,0.0012744311981005305,0.0016660986872243158
0.0,4.2533994808104277E-4,0.002533295341261744,6.848559430141478E-4
0.0,5.345664434450744E-5,0.004146224475723039,0.0010765844698923887
0.0,1.1998560172774769E-4,0.0010831719920954797,3.4649788386147216E-4
0.0,5.86018112224288E-4,0.001755230489418201,5.13215057122059E-4
0.0,9.40535385154499E-5,4.360806838648982E-5,6.865146427975057E-5
0.0,0.0035170035606022962,0.005975019823954647,0.0017411479072969613
0.0,3.129538826141753E-4,0.002181520016589677,0.0029827678106053223
0.0,7.449918534843621E-4,2.1479957960427525E-4,6.22343063492019E-4
0.0,0.002378202738561448,0.00399590337105292,0.0038867467686065985
0.0,0.005719517684362525,0.003961807066093293,0.0014317713829047217
0.0,7.057039402165942E-4,0.0016369065531264867,4.906043602276898E-4
0.0,7.614410765040021E-4,5.121098805547583E-4,7.457029618916245E-4
0.0,0.0014927477887339681,4.6446057042035216E-4,0.0014750496835096957
0.0,0.007519579180606233,0.001787906020331147,0.001297409898962974
0.0,3.6962630156201057E-4,8.72535775548579E-4,0.0016853411426218342
0.0,0.0024700533774221854,3.431910858826953E-4,0.004436814587302378
0.0,0.0026840893497689427,9.89447987843202E-4,4.988186456563448E-4
0.0,0.0010930673211708424,0.002330425136425847,0.0018687127726507678
0.0,0.0012256108716222382,0.00295704392887491,9.416747963720398E-4
0.0,0.0012496419125100126,0.0025791740981503217,0.0070415166354932815
0.0,0.0010144135298753658,0.0025293801518597764,0.0024018034406520583
2.354857627418103E-4,0.0018659545967218332,0.0018182582704258396,4.100572662961735E-5
0.0,6.74900241543911E-4,0.0023071040115388397,0.0011222370977868182
0.0,8.881902629297935E-4,3.664770292871778E-4,2.604997206753955E-4
0.0,8.614679612120353E-5,0.0036928710087207575,0.003912661116285251
0.0,5.660141112177526E-4,7.21535608552463E-4,3.1771207771642064E-4
0.0,8.06769729588157E-5,2.8543650637237144E-6,1.7853813435069184E-4
0.0,9.175864387914233E-4,6.361322460831028E-4,8.421617969520763E-4
0.0,0.0018877391143410425,0.0010280585567535906,0.003326591225241408
0.0,0.004525473092272794,5.357381412505765E-4,0.0013588617480966923
9.658553501335604E-5,7.23322278339909E-4,3.126264165853666E-4,0.0010736350448281174
0.0,2.06396699357873E-4,1.4585148603732498E-4,0.001860877451468628
0.0,9.41496197991329E-5,6.305969500494846E-4,0.0014480239824672956
0.0,4.453214169864818E-4,6.062489970208756E-6,6.593962128306811E-4
0.0,6.084814718529076E-4,8.966578154918667E-5,8.640947442577042E-6
0.0,4.568354132558026E-4,5.79464058439559E-4,3.7943127624757495E-4
0.0,0.00104175365412372,6.202458888939492E-4,9.270914309566017E-4
0.0,1.0879588168110294E-4,2.9550189803675703E-4,4.8313888972059926E-4
0.0,1.487004841493931E-5,7.645351947915521E-4,1.8458410262445538E-4
0.0,0.001986584181230357,9.988539467465053E-4,7.526337606993461E-4
0.0,0.0029004622879057994,0.001542732549517687,0.0037615798376599598
0.0,1.368937711704906E-4,3.0098746960213865E-4,5.069636274960641E-4
0.0,0.0019086596579958454,0.003594922362709698,8.38765884726686E-4
0.0018947797019712583,0.0022677141848103737,0.0010288761174789452,0.0022374599333990102
0.0,2.670795368500905E-4,0.0014349477698882356,0.0012079121368846991
0.0,0.005301587666328461,5.324131670153047E-4,0.00761262178137824
0.0,0.004427842553540518,0.009291547309257018,0.005536489648150991
0.0,0.004469744170149565,0.002210879820114864,0.0010226839767761855
0.0,0.001786095585184017,0.0024119859510761373,0.0031185141999081475
0.0,8.24241819760051E-4,0.0020196864863860227,7.210740415501544E-4
0.0,8.913796116903248E-4,0.0035364980470227185,0.002203695838013829
0.0,0.0028647844246926435,0.003597130926207343,0.0014983556606524815
0.0,6.619601660388051E-4,2.470899706212902E-4,3.844910330817521E-5
0.0,0.00273818524055843,3.738329431583018E-4,0.005456289247833341
0.0,0.0023101031065672468,0.003746018789137362,0.003751152444152758
0.0,5.144219398761774E-4,8.348809887372589E-4,9.164063009361759E-4
2.906286576024729E-5,4.181686677307064E-4,0.002780642515693378,2.2253941345281282E-4
0.0,2.939377841310889E-6,1.351355334348836E-4,1.1321367365010063E-4
0.0,6.279923272603577E-4,0.0034696061392993486,0.0022848554362884404
0.0,4.216810311153566E-5,5.416201342189276E-4,7.43186674840358E-4
0.0,8.096360181128218E-4,3.018742803787739E-4,0.0012572395713941844
0.0,0.0017852777002339557,0.00464160360577685,0.0023410095653176176
0.0,2.8056918048081187E-4,5.9865301304185E-4,7.505776667477011E-5
0.0,0.0013593347611645223,0.004220641368487513,0.002516836804599893
0.0,0.0025759810115980244,0.0024286294524766884,0.004881807649921476
0.0,0.0027990568329043985,0.0013512160719628113,0.003044973737061265
0.0,6.417839703897948E-4,0.0013686163283811769,1.1307472468920365E-4
0.0,4.787925846607352E-4,0.0018283893423991294,0.0018549152048623102
0.0,0.004814754951926447,0.0016348259053189035,0.001424005705429555
0.0,6.279915939708202E-4,0.002328253026893392,0.0030567776471836033
0.0,1.1068143110573403E-5,5.599408652892549E-4,5.548275002632866E-4
0.0,0.0025463114512370008,6.311969296703481E-4,0.0027600490299499072
0.0013222184739041319,0.00654725909706645,0.003054385551453974,0.002325339934460474
0.0,1.8126661616852204E-4,8.043558935055712E-5,1.9747913799446576E-4
0.0,1.825855649712914E-4,2.10628312914874E-4,0.002229164904373885
0.0,0.0030591355493543673,0.003916917369139685,0.0016395305882766287
0.0,0.0022607500569315994,1.10188300183244E-6,0.0018987761750906564
0.0,0.004393504267295819,9.978266075599757E-4,0.0016903617263656085
0.0,1.9954567094746646E-5,9.079525070872402E-4,0.0012750500895163661
0.0,1.3091039799093982E-4,0.001832416278442698,0.0013595363418304153
0.0,8.236467773569765E-5,0.0042690363791227,0.004488552814354646
0.0,0.00527091243545898,0.0036999147820611766,0.005951120003721496
0.0,0.003526254678840389,0.0025410361491752602,0.001991244993813515
0.0,0.001334599292916513,0.0028553445699865806,0.006508954544296291
0.0,6.270855933254346E-4,0.0019584434347457726,3.018424407859341E-4
0.0,0.0023361227293040433,5.41566797167097E-4,0.002800609358873526
0.0011454719455658237,4.169947376561191E-5,5.612457972084217E-4,0.0017634285549458673
0.0,9.237747134709287E-5,6.335655994541003E-4,3.1714552226069055E-4
0.0,8.083686179550271E-4,0.001585541067101219,0.0022732937509964885
0.0,4.3905623442375705E-4,4.659519584183124E-4,5.425306351439294E-4
0.0,5.998236470760745E-4,0.0034101298864777085,4.4312723891560044E-4
0.0,7.174400421488794E-5,0.0017469927539644876,1.9852664457480456E-4
0.0,0.002323124990241553,0.00266637107844223,7.946251934027393E-5
0.0,0.001273845148371537,0.0017650394636327315,0.004602661367998874
0.0,4.426635073853142E-4,1.0177568017848873E-5,2.3362435810374633E-5
0.0,0.001833836769887099,5.257292220926719E-4,0.0018561136117804101
0.0,0.003583178966982235,0.008686786230183393,0.0015885177184022175
0.0,2.266331417705403E-4,0.0012431918887688329,8.269278188620196E-4
0.0,0.002567445055649424,6.942298385841768E-4,0.00240269985817654
0.0,0.0023200766349046626,0.002975772751469446,0.008874813399862059
0.0,0.003794113427134536,8.693684205134052E-4,0.0030768079383807706
0.0,0.0012649676055436257,0.0014769935267002342,0.0032621807095762336
0.0,1.004857426067342E-4,1.8492024166776028E-4,2.1254379216300494E-4
0.0,9.148237944890382E-5,6.54757570758889E-4,0.0014252217019491114
0.0,9.617115766370592E-6,6.573843884740164E-5,1.928361541023906E-5
0.0,9.30125987046527E-5,6.024040806944689E-4,0.0019223518706900304
0.0,2.4246454773595128E-4,0.0014849580860308042,8.465429255447856E-4
0.0,0.0015952987263294551,0.0043637800299126984,0.004321484608637949
0.0,3.970573972610181E-5,7.797450495510147E-4,7.778421932962412E-4
0.0,0.004017424030636444,0.0010582724116762234,0.0014150409642246053
0.0022396578978926144,0.004828891526586171,0.002919021606643723,0.004998118771601505
0.0,3.640681981880187E-4,0.0010515350289111971,0.002058047529452854
0.0,0.0021664784921824236,0.0015042475594666048,0.006799364800460479
0.0,8.600147066655678E-6,9.343664496450061E-7,4.1427972108972815E-5
0.0,2.656432999641663E-4,8.571042797226725E-4,8.083099757990429E-4
0.0,0.002914818681450363,0.0024697736628383473,0.0014292916521613742
0.0,1.017837785205387E-5,0.001977011066075595,0.0014454312385225206
0.0,0.0036081101925933517,0.0021237444781912764,0.0012434230604010353
3.1044838240166383E-4,0.002289923352447957,1.1211016378323252E-4,0.0033779348163559056
0.0,0.0017979863987598599,4.4555789398153796E-4,1.5578208677022196E-4
0.0,4.227300524429349E-5,5.231868986674061E-4,0.0010847441699578652
0.0,0.0019667747949786,0.0024061545054548912,1.8710764070466982E-4
0.0,0.003423443245124626,0.0022608682655192135,0.0022300749703202255
0.0,3.5987044663920406E-4,8.233215830156402E-4,1.8531642625413598E-4
0.0,5.657925188067876E-4,2.2501024318845246E-4,0.0022865440178482348
0.0,1.0338258797454296E-4,6.292011188943758E-4,4.8672644715439797E-4
0.0,0.006551963974581263,0.003660141246320336,0.001844638663955381
5.674220401516687E-5,0.002355025039995839,3.505586352204217E-4,5.128057638589699E-4
4.881206460495351E-4,0.0017785100264472444,0.0039772986419465165,3.108127372611617E-4
0.0,0.005475962185839614,5.905295061191441E-4,0.001561171860371229
0.0,7.004243308671723E-4,0.0017061276877742343,0.001112431330024937
0.0,3.4592627948523344E-4,0.0010697839503775594,9.829517411955096E-5
0.0,0.001142059099044693,0.001969558183346774,0.003944731017757425
0.0,4.3033163360835675E-4,3.999211547318572E-4,2.4790739775602827E-4
0.0,8.602233228660979E-5,7.940190556622443E-6,2.2685923262670784E-5
0.0,2.4335250592805783E-5,7.709508598050063E-7,2.9475834793197437E-5
0.0,2.6488233344394555E-4,4.906243044980373E-4,6.216420209106855E-5
0.0,0.0020905949192362126,3.915371512313199E-4,1.0778099487680832E-4
0.0,0.005080271772368525,3.053984212044406E-4,0.00575975877924324
1.0219609069812904E-4,0.0015608798275524019,3.2324403860832144E-4,0.001896376373172644
0.0,7.777379021306605E-4,3.3069738072165187E-4,4.5266080176575716E-4
0.0,3.055912088560622E-4,0.001894177332830586,3.5878917988523066E-4
0.0,1.5972996784571983E-4,8.061298807122863E-4,9.305838945390948E-4
0.0,3.0723158211368287E-4,0.001058647861867274,5.269409203195361E-4
0.0,0.003492481143909476,0.0034588976743452605,0.005520495551210233
0.0013222184739042386,0.007487156731675649,5.28464523026471E-4,0.005371658323394202
0.0,3.3638229674102415E-4,0.00337932101259445,0.001042285068208678
0.0,0.0022784272815018695,0.004137375577370997,0.003573090815851864
0.0,2.5295100841131376E-4,2.2517772648958826E-4,6.354397067906436E-4
0.0,6.1291066642813E-5,0.003619584199576519,0.001441795091462546
0.0,6.561905292977503E-4,0.0018930887749787385,7.242214664059266E-4
0.0,6.111023093563732E-4,0.0015335034614839896,7.244050154071135E-4
0.0,8.230928478192284E-5,4.271409789527731E-5,7.457217579608309E-4
0.0,0.0027967706176735894,0.0030379310342637743,7.778138980268433E-4
1.859126525220322E-4,0.003832624243776743,0.0019205102810949174,0.002013181064239611
0.0,4.598723522963123E-4,7.557699960975955E-5,0.002544543816142522
0.0,7.325622519985131E-4,4.2648608720585734E-4,0.0016909219407208191
0.0,0.0026180409321031857,6.785209715819797E-4,8.688526234810573E-4
0.0,4.4420009389617004E-4,3.1495183509149894E-4,0.001459414609549403
0.0,8.937361084695478E-4,5.111275993865953E-4,0.002359149282045552
0.0,2.1591163491734674E-5,0.0019085539390526084,0.0037142875217032437
0.0,1.0523070076171513E-4,2.1714423322316808E-4,0.0010687944927180836
0.0,2.1316799938530826E-4,8.854921800565714E-4,0.00323439422568177
0.0,0.002571276374761781,0.0010233736297922678,0.0021012669512415023
0.0,0.003982058445901687,0.0011980095372949695,0.0011512197190053945
0.0,3.913356717113439E-5,0.001000939247182163,3.0228433110674185E-4
0.0,8.888635057161064E-6,5.257007462111386E-4,5.934495809397648E-4
0.0,0.0030627045970080696,1.3874769428430812E-4,3.410969256347767E-4
0.0,0.005914592993503869,1.1640094577447752E-4,3.3618926100098393E-4
0.0,0.001019849940171708,0.0030239908952871585,4.909284696771942E-4
0.0,8.743183894133204E-5,0.0013597893545875682,0.0013764776422764936
2.9353649635979626E-4,7.170520661771267E-4,0.0021814052306221303,4.679270208690196E-5
0.0,2.2377714792314215E-5,3.1068501051671727E-4,3.1307839443345085E-4
0.0,0.006970292572190799,6.965360900651775E-4,0.001099485031985776
0.0,8.561773601020845E-4,0.002642092191831414,1.4858043875493256E-5
0.0,6.766350421943836E-4,2.4950537346392094E-4,0.0011459502631946958
0.0,3.8890087343722117E-4,0.0022256586035960314,2.7583763460605805E-4
0.0,1.4844716912067716E-4,0.0010483374932608572,0.0013872139768089941
0.0,5.56474499091209E-5,1.6132680198193008E-4,3.6111706402322774E-4
0.0,8.170102253293128E-4,1.6584193453141345E-4,9.477471752172503E-5
0.0,4.416011724799495E-5,0.0015069096426940625,4.345063462869355E-5
0.0,4.4118426010620265E-4,3.0392437883915935E-5,9.198746275217225E-4
0.0,2.5860541075792433E-4,0.00322955618970898,0.0049962653374739235
0.0,0.0010871954191060329,0.0010916811821745631,9.316553308488864E-4
0.0,0.005024053560100896,0.001520670317415195,0.004610619295503421
0.0,8.149031721140664E-5,0.0017271858769365188,0.009506172234359515
0.0,0.001763698205367675,9.255170460924054E-4,2.9272326990219076E-4
0.0,0.0034441639602324687,9.265133644931356E-4,0.002609373447830318
0.0,0.001550872744191753,0.001362251967927834,0.004938848328070362
0.0,2.1442639370534232E-4,8.983323253298642E-4,1.8940192627156125E-4
0.0,0.0028760665890715854,0.0025119423749587304,0.0015303679418367903
0.0,5.456489354831006E-4,2.53763905728464E-4,0.0017571917761835013
0.0,0.0014078211793178187,9.344102340425964E-5,2.893533198487165E-4
0.0,0.001614553245179672,0.0031797663590885333,0.0011684644016758685
0.0,0.003545719093442066,5.06634993822219E-4,7.68325752884422E-4
0.0,3.0009643084982817E-4,4.511455963170863E-4,5.981750326122203E-4
0.0,6.864163628838692E-4,0.0010707392610449973,4.2070380010821316E-4
0.0,5.317629596041845E-4,3.41079582989843E-4,4.093283562060771E-4
0.0,0.0029212828727940253,0.0019421203925978705,0.0021768881092573715
0.0,0.0016894567881738235,4.91820073568695E-4,0.005678113453194197
0.0,0.002583847886703181,0.001241193070321326,0.0011000126360465596
0.0,0.001960535410858207,0.007403284823793833,0.010741389123109383
0.0,0.0032427026635853153,0.00625716612766403,0.011120991519033958
0.0,0.0017778612893040566,0.0011867730123474153,1.730409891620574E-4
0.0,7.848795703331471E-5,5.695184447676597E-4,0.0016382270506119414
0.0,0.0062222750626016845,0.0021385724428780854,0.002429736577629913
0.0,4.552778703485108E-4,4.0963652192764336E-4,3.3881621911632917E-4
0.0,2.640006136285749E-4,0.001184821379195477,4.4473463952840795E-4
0.0,3.350857562174094E-4,0.0026893424660593707,0.004582240334625241
0.0,0.002519599981323239,0.006219961426521869,6.368982828329255E-4
0.0,6.038192139207798E-4,0.0012242971955030257,5.465655241380276E-4
0.0,0.001213339122175869,9.924027581009558E-4,3.7838546226917093E-4
0.0,6.854640695746113E-5,2.272794845968847E-5,3.0481495283021144E-5
0.0,0.0023345489740083693,0.0046532091533393015,0.00354677617805447
0.0,0.001881397886092526,0.002143202230298837,0.0023989083667585137
0.0,2.79921621945978E-4,0.001476175883252056,6.682971261499042E-5
0.0,0.003611867471741434,0.0026723121076130505,0.003585008594054955
0.0,1.1972393431922181E-4,0.0011765488183251244,5.734729553241809E-4
0.0,0.004361873542512084,0.009834110547884415,2.1432181592975064E-4
0.0,1.533462214793926E-5,2.2131953151539277E-4,4.4602006325225206E-4
0.0,4.2307349644904625E-4,4.427851834357189E-4,1.2434101236734603E-4
0.0,7.213330501917508E-4,0.002829933689442354,0.007081604380408824
0.0,7.447973072389563E-4,9.10300145229481E-4,8.179713264479745E-5
0.0,0.0033623279216762267,8.421399061298193E-4,0.0027872936010235206
0.0,0.002074292794113301,0.0013899254468022278,5.024131597892611E-4
1.6632343477875042E-4,1.39081632772572E-4,0.003948021348423667,0.0015520412988784863
3.9771387535303464E-4,8.235792904660932E-4,0.0029951029829465054,0.007207275698096924
0.0,0.001434097039162582,0.0018391537393602781,0.004241747949414779
0.0,0.0031315541001277606,0.006488833873124113,0.003808793062699219
0.0,7.159483662594643E-4,2.3157192879761902E-4,0.0015644973314969807
0.0,0.0037044140818668345,0.002741715358053833,0.002343196061938295
0.0,4.487194736388129E-4,0.0032575616168019285,0.0010625487994461854
0.0,0.0011677291786296343,0.002023327919913577,6.797912561831434E-4
0.0,6.138143375517756E-5,0.001973525311207627,0.0034636580556904537
0.0,9.238552356544773E-4,0.0016723196039235245,0.0012273616026103017
0.0,3.9999744831498656E-4,0.005090243425795738,0.004895674119281357
0.0,0.001111484382535528,6.326129665382091E-4,0.0013607246254114722
0.0,0.008372934450964271,0.002313335341752967,6.755115971378248E-4
0.0,9.678676914798794E-4,0.005758131419650228,0.001959478811401244
0.0,0.001127891407816218,0.0017637708688457432,0.0018170069681040352
0.0,0.001178098883521833,2.708979818244759E-4,0.001236384956110714
0.0,0.002825165516348755,0.001467745110669537,5.650862717500753E-4
0.0,0.003959589468931833,2.098302036866407E-4,7.040252782887588E-4
0.0,0.001563540833509012,0.002422257080479494,0.0027247537301555705
0.0,0.002971347052048754,0.001130935509124743,0.001496378980265348
0.0,5.200950818789543E-4,0.0011387468301377118,3.925182100152404E-4
0.0,0.0024157822260466397,0.002214991696598691,0.006555851714441583
0.0,0.0022072418179578676,9.669914405560752E-4,9.294464481520119E-4
2.0098337193337647E-5,3.8666310157802836E-4,0.0018893090038626706,3.652043931877491E-5
0.0,2.8132847658818126E-4,2.4863412257777846E-4,3.0944164203763014E-5
0.0,3.997738104566589E-4,4.282352183971714E-4,7.031768477708073E-4
0.0,0.0016331740512489533,0.0040308717266400096,0.005169868002529442
0.0,2.608445365292412E-4,3.359960362536075E-5,1.0308752272764909E-4
0.0,3.508547070646745E-4,0.007778717771628437,0.0018596228871068188
0.0,1.4128266608348436E-4,3.3809323890052797E-4,6.146808975536899E-5
0.0,0.0033396862276498865,2.9674522038318556E-4,0.0038697311319041863
0.0,0.003250641051421758,0.0013443522606001513,5.833327658018129E-4
0.0,3.990089735458362E-4,3.847781818740004E-5,4.099014349790013E-4
0.0,2.691642114090692E-4,8.463939654087623E-4,2.198010925958474E-4
0.0,0.006719142582516968,0.0010959111540666806,7.572451187057438E-4
0.0,0.0015444013946662183,0.001885600875332021,0.0011051820546958526
0.0,7.385753544171112E-4,0.0014156499670319232,6.521943279159383E-4
0.0,0.0017033503931094549,0.0012550996967692224,0.0019674631849704994
0.0,0.002888904905292814,2.441310687775417E-4,0.005780665632342622
0.0,0.0022035020845055835,0.004663082992189724,0.002751622482610185
0.0,0.001815057528765364,5.410529621713958E-4,9.489038620821577E-4
0.0,0.0011884655360109363,1.1995766997284405E-4,2.585574948165605E-4
0.0,2.1940646979932312E-4,2.772747147875291E-4,1.6442961485233683E-4
0.0,0.004478896444863333,0.0022373651615419177,0.0034552800826225115
0.0,4.2181798431394915E-5,0.0023628665529333214,0.001718967550498294
0.0,7.816297542310942E-4,9.102816025484846E-4,0.004072999261339848
0.0,0.002763120212483331,3.10644826480206E-4,0.005415105844985385
0.0,0.0020786657618217315,0.002028586328164124,0.005591976692655608
0.0,0.0036589354757449034,0.003135991328286532,0.0020037219556167263
0.0,0.004648706094855052,0.00394650424753863,8.296368440028358E-5
0.0,0.0023178366043306356,0.002412882128298933,0.01063911532040688
0.0,2.126738034821162E-4,4.150521747509112E-4,0.0023538369789565757
0.0,2.1164339236697777E-5,5.6174320097618114E-6,1.0326267078774642E-6
0.0,9.703555443264636E-4,0.0011852454230322348,0.002231326360911808
0.0,0.0021031525231399993,0.0017453508089982776,0.0017078350397061479
0.0,6.173876191428196E-5,6.285930978747536E-4,1.8476657721879468E-4
0.0,3.8161363640629517E-4,0.001208653009140654,7.416555322943473E-4
0.0,0.002054705039262046,0.001810846869244698,0.0053669550244840325
0.0,2.317851951762698E-4,0.0016349412348175233,5.452274518297336E-4
0.0,3.902674164233718E-5,0.0010750840008399182,3.754213042474349E-4
0.0,2.4799921220384587E-5,2.787771304597375E-4,3.9873046448883663E-4
0.0,1.8056567932741037E-4,7.482396815704972E-4,0.0019046758908099677
0.0,6.130450358344646E-4,6.92608220408528E-5,3.6443693071250044E-4
0.0,2.3591673091188388E-5,2.8034579206938636E-4,8.209101586964398E-5
0.0,0.002609745255918826,0.001457472316095354,0.0026708945386540476
0.0,0.0012403957605856164,0.0013757462315896135,4.531275369333506E-4
0.0,9.847029558789269E-4,0.002713638304902983,0.003315893377640885
0.0,4.182368388825984E-4,1.9270730789727216E-4,0.0021763324072847784
0.0,5.192931955599537E-4,0.0023023684544381216,0.0031177859461870164
0.0,9.19372258336549E-4,4.459899459611462E-4,0.0052043838641374855
0.0,4.152555208524978E-4,8.2133619714733E-4,1.4648978859797194E-4
0.0,0.0026096348498876516,0.002627880356277637,0.007532208736986142
0.0,0.0015972428994036835,0.002721607937995841,0.004343060862418968
0.0,1.776748177162283E-6,0.003620724405339827,0.0014221675258279842
0.0,1.3173785814962595E-4,0.0012743969791257626,5.099219463453374E-4
0.0,0.004528715732065329,5.362136066451416E-4,0.001360410612964928
0.0,8.665132304650209E-5,1.1614954360946396E-4,2.5570487470868346E-4
0.0,0.001976694958937001,0.0016421294121252102,0.004371396913108656
0.0,0.005798872355952754,0.0011137528671472904,7.6614584340241E-5
0.0,2.928195320989475E-4,0.001236409740570887,4.26651992166011E-5
0.0,0.0013487883413329169,0.004157116456074937,0.001081775015786315
0.0,0.0011650622126205097,4.910920366029309E-4,6.669243853702643E-5
0.0,3.575998074123186E-4,6.877499459678984E-4,4.034634849349531E-4
0.0,0.0022055672441765764,0.0011228186878926385,1.9999534109640677E-5
0.0,9.840640692213457E-4,4.1901129111805425E-4,4.2590360775019754E-4
0.0,2.86143244758728E-4,0.0037197666117287204,0.0015412969493641883
0.0,3.3069346859950004E-4,1.0266052589417124E-5,1.7109806849182813E-4
0.0,0.0026224878260680076,0.0023387443101998955,0.006696560907177696
0.0,0.004068505130667594,0.009052946821403764,0.012255865601785085
2.0098337193215952E-5,0.0025226042600381485,9.491642613906148E-6,0.006119932541483965
0.0,1.8520345493594975E-4,4.954368056168673E-6,1.605958330452897E-4
0.0,0.005822937422254821,0.002649182077930723,0.00418711528112669
0.0,0.0018582065477711896,0.0029733376743812526,0.0033077061750462354
0.0,9.101305046668867E-4,6.897849613789295E-4,8.215903687636373E-4
0.0,0.0010259030334827967,3.616778280802489E-4,7.441067525108702E-5
0.0,9.91291450988227E-6,0.0032143712344047276,0.003461273323480676
0.0,2.8820435383503806E-4,0.001220100579973456,0.0014164724623814571
0.0,0.002435052934357076,0.006715859326302916,0.011105335641970315
0.0,7.059041255797096E-4,0.004848279406358548,0.0036957856555353
0.0,0.0013284552737884265,2.0220057034143178E-4,0.005254537474108632
0.0,0.0025947726703092447,0.0027840805869600205,6.244754141361083E-4
1.9743151496112794E-4,6.664449522880995E-4,4.9333037753132E-4,0.007933620271491859
0.0,6.165361489090417E-4,9.039308935718712E-4,0.001147118182272717
0.0,6.843055498664726E-4,1.8912261950161457E-4,6.803698685238319E-4
0.0,0.0030844706302332486,7.540918545359911E-4,0.004091746409772125
0.0,3.797833381574943E-5,6.364796433249075E-5,3.7091861835919444E-5
4.0855607191369133E-4,6.740737590454729E-4,7.266822452752289E-4,7.237939325537007E-4
0.0,0.0014406528246301252,0.002505409260271726,1.628610530820043E-4
2.9062865760053557E-5,3.316812905317571E-4,0.0011017019516922104,0.0018627938148308531
0.0,0.0018506702096280807,5.803781193604609E-4,5.42631008893834E-4
0.0,9.25363302826994E-4,0.0032571655448213575,0.0030036739758534507
0.0,9.739922186315095E-4,0.0028351074739350218,0.0048716625488209354
0.0,0.002286250747989744,0.002917606175992884,0.003453476891036544
0.0,0.0018884670407911415,8.334165704254752E-4,0.004477818061407338
0.0,4.687454006787359E-5,7.268690697394293E-5,1.577031225244335E-4
0.0,0.0031167261745635257,0.004062688905562764,0.0016873646652080189
0.0,6.258393213847521E-4,2.6009294094764656E-5,1.359112020796763E-4
0.0,0.0010897253620569785,1.1153339103772015E-4,0.0016866906231720034
0.0,0.0017857167355043483,0.004367159801915956,0.003256469109685304
0.0,0.0017502270900754359,0.0010278057347626803,6.674664044153356E-4
0.0,0.004214275189978388,0.0012519111065835635,0.002706760135906779
0.0,0.0035137196744326033,4.947645490687867E-4,4.907528373995735E-4
0.0,0.002436842731385541,4.5454193724620256E-4,4.720841409681413E-4
0.0,3.0184696262436352E-5,3.164222179293453E-4,5.64493003028825E-4
0.0,4.898944068314447E-5,2.9444477621982286E-5,5.798217272821268E-5
0.0,0.0030997990786487974,0.0020951100803166885,0.0027912299737459212
0.0,0.0013116756502602933,4.4541381809810827E-4,1.4676650441150757E-4
0.0,6.373118438640326E-6,1.5570053145139987E-5,7.348916130845164E-6
0.0,0.003071444362315157,0.0018944098045610021,0.0012840638271208991
0.0,1.6101561845835363E-5,2.535905772571133E-5,7.683962528810435E-6
0.0,9.206583397782972E-4,4.43227855419546E-4,7.968683820830774E-4
0.0,0.0028234023971739465,0.0038775676953277955,0.0011374914076582893
0.0,1.2148479444801363E-4,1.6417471418959313E-4,2.962379506848724E-4
0.0,0.004507273788569347,0.0038268156482067243,0.00665298919674155
0.0,0.0011858683298527613,8.425274085022261E-4,4.1244061476007545E-4
0.0,0.001440500162532467,0.0012420266827092106,6.621228498964565E-4
0.0,6.920013796305932E-4,6.126249723488584E-4,9.932344391453713E-4
0.0,5.24469360201299E-4,0.0010642858170915508,0.0025087956970691453
0.0,3.6571257994587623E-4,0.0019420060560209787,1.8488271581475814E-4
0.0,0.0014113632755278327,1.783269656895131E-5,8.705837268955717E-4
0.0,0.004140047934527294,0.010016344415008788,6.591594469110516E-4
0.0,7.23414202717425E-4,0.0031287738263527515,0.00997791704388217
0.0,0.0038912553015146402,0.005695457647282986,0.003044575974173245
0.0,0.0029016820691245278,0.0039898323328122235,0.0018257364239166354
0.0,0.0031959577545277737,6.748026824426628E-4,0.001284921526602733
0.0,0.0017486293765539584,0.00127758944445284,5.735887546893772E-4
0.0,0.001751491127035297,9.830451976710131E-4,1.9920647328334432E-4
0.0,0.0031663546863004875,7.755184506056803E-4,0.0015436982617747863
0.0,3.5746938376325166E-4,0.0021420821737998764,0.002925984930029672
0.0,0.0033551134708831518,0.0030609455906227797,5.676641808554873E-4
0.0,4.005857461381552E-4,0.0019447448574701725,8.849853160110098E-5
0.0,0.0038726377476665584,0.004545052962934579,0.0070452351253538215
0.0,0.003933681927642979,0.0010406143719612281,0.0012658962496979625
0.0,0.0011388402729748458,8.39586824434352E-4,8.910552800248702E-4
0.0,5.304311901404414E-4,2.949378439845324E-4,2.8683931419123704E-4
0.0,4.0399278057349944E-4,0.0019792152715289372,1.0094489768529604E-4
0.0,6.582793198403483E-4,2.0043194073443435E-4,6.323685885768355E-4
0.0,7.08527871271268E-5,0.0012021473735030167,0.0025621330793626114
0.0,4.990137755596617E-4,3.7955673995354676E-4,4.2132186062630926E-4
0.0,3.7948890717925813E-4,0.0014026389301537206,5.675199446080513E-4
0.0,8.343297314030301E-4,8.46322871825727E-4,7.003060397733449E-4
0.0,3.7021746762111213E-4,2.4177875927791658E-4,5.519625395261626E-4
0.0,7.248523862961769E-4,1.0552567802579583E-5,6.900691901518997E-4
0.001308937064245198,0.002051134733861436,0.0010302663410789864,0.0057261118559954
0.0,0.00150153182942569,4.050509641349591E-4,6.020095815947436E-5
0.0,0.006262908723053642,0.0021547591785923688,0.0021766917478396766
0.0,2.573055969024619E-6,5.6266624708695946E-5,2.765887253481313E-6
0.0,2.3710091827173292E-4,2.575741031896921E-4,0.0014783288754626424
0.0,0.002195065791706408,0.0014599628558772371,0.006185282427253961
0.0,4.727628991770191E-4,7.887973044696634E-4,0.002421972871751718
0.0,3.474616829307891E-4,7.775150599733328E-4,4.8648237551755856E-4
0.0,3.9373202861863095E-5,3.312271102404258E-4,3.030515401694732E-4
0.0,1.1625878030544188E-4,0.0017328403487593576,3.6395285060554733E-4
0.0,0.00110880889366376,0.00606715204891536,0.001974677488465688
0.0,2.6510561832016635E-4,9.554759495177244E-7,2.0329467041717777E-4
0.0,0.0015553973859068373,2.6916532417129227E-4,0.0021435745811229385
0.0,9.229646909540339E-5,1.3232805433876572E-4,9.071705762783857E-5
0.0,0.001103254154598176,4.8494867654554053E-4,2.4758467531843525E-4
0.0,1.584183114666257E-5,2.494758738222583E-4,2.3890856697577914E-6
0.0,9.961575741493842E-4,0.003883726630061273,5.385059057246168E-4
0.0,0.0018455543087887143,0.0028965893176559395,8.966538865816373E-4
0.0,0.0022175486014518186,0.003716245095584584,0.0019529274245686271
0.0,3.3987444468801866E-4,0.00151860625828636,0.0018540750392059685
0.0,5.323455677899982E-4,0.0017202215509207186,0.001134848301638861
0.0,0.0014561388246561436,2.0745514947084342E-4,7.698554796351382E-4
0.0011454719455658532,0.0029433504875013765,3.630565777389623E-4,0.0024534556031125506
0.0,2.7404289008329516E-4,0.0015178659476124698,0.003268406365159881
0.0,1.8693631285884968E-4,2.981215211362787E-4,6.508181309248204E-4
0.0,7.003896648555229E-4,0.0068914459144258046,5.606996689982313E-4
0.0,0.0034949639937406386,0.0038309463315382266,0.003543840091044523
0.0,0.0010427002640357663,6.88491873048029E-4,0.003316096768441327
0.0,0.0048083215774510765,0.001475316088992514,0.007013378194203167
0.0,4.657261227616742E-4,4.759368656698052E-4,0.0016886870305838477
0.0,0.005268709671720321,0.003362532346139919,0.0031196974178145684
0.0,0.002800341631609404,0.004442198517917998,0.0021599280355761507
0.0,0.0010993675794118128,0.005661955856102153,0.002193318133726633
0.0,5.674015500249188E-4,0.0024938623847341784,0.0036104007988150342
0.0,0.0021290966737185363,0.001416220623482775,0.002195803422631737
0.0,0.0028951169688730873,9.729159735746772E-4,0.007459288035957191
0.0,0.0016751669298670354,0.0014180835785351938,0.001266554585379993
0.0,4.875675623436275E-4,0.003432046282596704,2.95098705090343E-4
0.0,5.755365892362023E-4,1.8937309044089466E-4,0.0026354927902436133
0.0,9.81432542195226E-5,2.2973120062214878E-4,4.6606659320501604E-5
0.0,1.492077608425727E-4,1.881007599727389E-4,0.001173510366052067
0.0,7.401585336031987E-4,6.824642218644063E-4,0.0035442790124769114
0.0,5.23199723366464E-4,7.407258065026576E-4,8.238588712827298E-4
0.0013089370642452931,5.063283179273104E-4,6.640224145573119E-4,0.008134669849412707
0.0,6.052437657890746E-6,5.401911249580578E-6,2.0796915834903358E-6
0.0,9.985864589305948E-4,0.0011473095494816167,8.560121552120727E-5
0.0,0.001384040325060908,0.004770815647117931,0.004014363018945452
8.878742492110861E-5,8.739756055732388E-4,3.64472635908329E-4,0.0014668724889141031
0.0,0.0033158894471387195,0.005195025675944568,0.007676065646467083
0.0,1.5299743760309353E-4,5.715722190285769E-4,6.541013559022713E-4
0.0,4.568244989970421E-5,0.0034855901579466304,0.0038882871277827113
0.0,7.877424731656213E-4,0.002479529839262693,0.0017157041444074744
0.0,0.002851744681783909,8.514872116229439E-4,1.561343150712716E-4
0.0,0.004257847979476852,0.0016321213444914398,0.0022331569041603213
0.0,0.004531157701243476,8.903012960836125E-4,6.49703223186027E-4
0.0,3.134273788809177E-4,5.700342068295471E-4,9.777916165855795E-4
0.0,0.0029346653918911046,0.008592993086287862,0.001504337735157514
0.0,4.4814338228236974E-4,4.24147254245756E-4,3.3209046281390585E-4
0.0,0.0012021583645505183,0.003397645864940875,0.0020504917882338864
0.0,6.943288740189127E-4,0.002433026693572637,2.2146213112227985E-4
0.0,3.348405916851122E-4,3.677219930752781E-4,2.055932341040232E-4
0.0,8.284348959594479E-4,4.8093349640342185E-4,9.8776143900913E-5
0.0,0.001531078179435924,0.0038905459263017268,0.0025710751242030445
0.0,2.1137116335359234E-4,0.0015758022287793228,0.0010425257411373786
0.0,0.0030080455425931345,0.0030761742204094165,0.0010376635026788596
0.0,8.113704479700407E-4,0.004156071216031342,5.822093781374177E-4
0.0,6.167078375350966E-4,0.0032169693591327765,7.118307697197285E-4
0.0,3.9742341901883996E-4,2.24920610760045E-4,1.7457835671775822E-4
0.0,0.0030077264325616766,0.00340558183486552,0.004974043814421475
0.0,1.9368512983074845E-4,0.005366034980003119,0.00943554176013659
0.0,2.5629959967014127E-4,0.002105693052493927,0.004845890716456206
0.0,7.548462494068393E-6,3.432649352817767E-6,8.22064465723704E-6
0.0,0.003384510660469836,0.006733501509370826,5.2801577790322455E-5
0.0,6.0465244458413825E-6,0.002343533010359339,0.0019179597061192493
0.0,1.3106413670509035E-4,3.580566233954677E-4,6.276880105946373E-4
0.0,0.005885548115426026,0.0019301182331472424,0.0015778832015021242
0.0,5.03395205748068E-4,0.0024404180482850515,0.0010965168578604312
0.0,3.86574357735209E-5,5.318332907784649E-4,7.212896240494103E-5
2.1355524143632608E-5,5.964857782803839E-4,9.69271718814962E-4,1.0932898220682864E-4
0.0,0.003978144978954661,0.003715580436527838,1.5889193696651862E-4
0.0,0.0012548365748390133,0.0010280041620397006,0.0018859312997871747
0.0,0.001332387393689383,3.429446404267191E-5,0.0013818189104621318
0.0,0.003156651334832835,0.0019063997117249193,0.003327541135106013
0.0,3.2905721246734526E-4,1.808764742798164E-4,1.3218366546867083E-4
0.0,0.003750603064508673,0.0027933777069977643,0.0031819462618697587
0.0,6.569100902055053E-4,5.17718476800795E-4,9.466903644612463E-4
0.0,0.002779868381498189,0.0019736368816150925,0.002324042505016147
0.0,6.208539097773664E-4,1.684669245989973E-4,0.0010032842458961258
0.0,8.540980105911385E-4,3.3983764221670766E-4,0.0012388274018425042
0.0,0.0013004873191120572,4.3570973086682116E-4,0.00163612127892645
0.0,0.0019909185566877033,0.00439584241739107,0.0037939101588601127
0.0,5.062743973463782E-4,0.0012685310739892685,2.055737027529634E-4
0.0,9.782066273084462E-4,1.2687717236294416E-4,0.001700533341597673
0.0,2.2640078608523865E-4,0.002159448400901256,0.005774279554482095
0.0,0.0022915859030676815,0.002435170129741187,0.00371254927335766
0.0,6.256168552893657E-4,2.873111177513681E-4,6.542480232650434E-4
0.0,3.530983775889536E-4,5.640861598969497E-4,0.0017522067563017858
0.0,3.499472551588825E-4,3.7332217829527644E-5,5.845145055637875E-4
0.0,3.473408840230633E-4,1.903120790839964E-4,2.716191769583828E-4
0.0,3.871296852112095E-4,2.998708500425034E-4,3.4249694765398943E-4
0.0,3.8143576496690186E-5,1.0028497900988139E-4,3.536614798252219E-5
0.0,7.282412480702683E-5,4.471281131325421E-4,1.7866929872106647E-4
0.0,0.0018182007779467253,8.606859028340857E-5,0.001299366495361684
0.0,8.47291685133694E-4,1.622953234077349E-4,0.004089112785868608
0.0,8.316451171224446E-4,6.093931372916344E-4,2.1869626981325883E-4
0.0,0.002547632686745301,0.0012204626592658323,0.001056468054025042
0.0,0.006222366760217203,0.004336801235481973,4.7715415401490324E-4
0.0,5.438756556613711E-4,2.1332351328701645E-4,5.788271946861628E-4
2.9850374965009687E-4,8.407117272167774E-4,7.891607805999753E-4,3.390619946177521E-4
0.0,1.835496120228247E-4,1.7131338787948842E-5,1.9464741562711505E-4
0.0,2.801372067556222E-4,3.6486204376324214E-4,4.923160894894705E-4
0.0,1.5311210026959168E-6,0.002580510794307438,0.00390760721830938
0.0,8.984538288181032E-4,0.001137083367296936,1.5266555191148842E-5
0.0,0.001625351078166725,0.0016861776351589923,0.002652744065592952
0.0,0.0026635663901110364,0.0026185968371904983,0.0010179954449429753
0.0,0.0012538402293458411,9.722532003430378E-4,5.198826755042803E-4
0.0,0.0024823380387723843,0.003889488984357239,0.005788795544985507
0.0,6.998507489748277E-4,1.075135032749011E-4,7.728512042191881E-4
0.0,1.210709451382146E-4,2.3285674748025888E-4,3.6862613134810236E-4
0.0,1.021916070937154E-4,3.25917602724931E-4,1.7961243769531866E-4
0.0,3.5114662139449775E-4,5.357050338959899E-4,0.0018282227626429464
0.0,3.6342606862183193E-4,0.0010876261379694791,0.0015958848713858171
0.0,6.130663051782493E-4,0.001164064905838227,9.522844545686676E-4
0.0,7.034639863430479E-4,6.112574397865704E-4,0.0017723808997240236
0.0,2.3624010048853647E-4,0.0016669432041575315,0.0030282349079816953
0.0,2.3246872915082785E-4,9.05462699588153E-4,0.00110550750018144
0.0,6.917386462085387E-5,1.3280059608588042E-4,4.2817516297180775E-4
0.0,5.534447541677399E-4,3.3155341285434945E-4,8.329437464044127E-5
0.0,0.0017952346926312886,0.0018124164361418458,0.001787932343797925
0.0,0.0022608293426483917,0.0023273529979561452,0.002575289281959694
0.0,0.0015388864100715973,1.2114909234014749E-4,7.309100559117666E-4
0.0,5.541642371054158E-4,0.001330658558823032,0.0019330842273865634
0.0,6.504083144733347E-4,3.866433924632651E-4,0.0032160006708775095
0.0,8.049083937168548E-5,4.794534834047187E-4,9.700791509375856E-4
0.0,9.662094710641479E-5,8.786333374911054E-5,2.8084115180319853E-4
0.0,1.7800078944650885E-5,0.0015881876164284923,0.001366324760314412
0.0,3.251219699351423E-4,8.211019507894635E-4,0.0010456567232395042
0.0,0.0026998089228742607,0.00813643597866018,0.0023373592107225607
0.0,0.0012387109069748124,2.5801619189305886E-4,0.003942405602337115
0.0,5.199584033276965E-4,0.001482991466772307,9.142256146653718E-4
0.0,0.0018907460106535314,6.032505130413861E-4,0.0019476422733640342
0.0,0.001099033108507241,5.098351888810145E-4,0.00782314844013514
0.0,3.104077505538731E-4,0.0015680113212334745,0.0017341470260887003
0.0,0.004151893646522085,0.0032784387328515887,0.002941153685625507
0.0,4.553117277295867E-5,1.1584748405164557E-5,2.813990203330326E-6
0.0,0.0020795947670059906,0.004731863571174885,0.004433750268347807
0.0,0.0049953905560228004,9.707104384662052E-4,0.0015254044813653143
0.0,9.126434641944584E-4,5.346319542836114E-5,2.564476586509979E-4
0.0,5.582895441394273E-4,9.981592141803885E-4,1.618103232844833E-4
0.0,6.07543332446418E-4,6.644472400267786E-4,0.0021676597397021903
0.0,8.47269781269678E-4,0.001751199924688823,0.007589567061409935
0.0,0.00210035114736679,0.0013165714607584701,0.0033781053250200675
0.0,0.003337829478398917,2.7288340452499165E-4,0.003051381957887902
5.77477584536542E-4,0.0027752360525904953,0.007244469305721542,0.010673546579527817
0.0,0.0036284197196186484,9.561089651388478E-5,0.0019606639876956146
0.0,0.0022839971992481252,0.0012397179201007456,0.0014092888621459404
0.0,0.0029720487327850754,0.003066314169914614,0.0028468392127984146
0.0,2.552610634863109E-4,4.649151628923415E-4,0.0012901126857996882
0.0,4.2701936275151134E-4,5.337410569747571E-4,5.20436348482451E-4
0.0,7.951357797965767E-4,7.942677326423039E-4,0.0014876982063209909
0.0,0.0016666690882880001,0.0025517876973576254,0.0015140799492397714
0.0,0.005539959039850955,6.943794964032426E-5,0.0028267393492828713
0.0,0.0017555203841363946,0.0012467811048276398,0.0034362331717342942
0.0,0.0018466790334399775,2.3856836681745446E-4,8.199794254650815E-4
0.0,0.00243226213030761,0.0012519790338634208,0.0014001096934247385
0.0,3.859201817335407E-5,6.478272770660608E-5,5.21407983695933E-5
0.0,0.0018804328422493805,0.0015866001306983897,0.0017725576855749305
0.0011947296999408664,0.004134104886871078,0.0011534011606358257,0.0017290000150682657
0.0,8.118608674435077E-4,0.0015493027604609167,0.0015800953571848634
0.0,4.733965200659265E-4,0.0018669201877053183,8.022929233225675E-4
0.0,6.710610086537445E-4,8.926474323534905E-4,0.0031060944526926843
0.0,0.007533412701449032,0.002948173987789314,0.00531697791981766
4.0855607191372944E-4,6.999302587392578E-4,2.7426836702340373E-4,0.001998648702313692
0.0,3.369957336443049E-4,1.9825576730160202E-4,3.928807498725535E-4
0.0,1.3545666386439797E-4,0.00297845445346891,0.0022735946305930824
0.0,0.002858927126448506,0.003785671945269376,0.007212012581348549
0.0,8.681005036809126E-4,5.173074086544233E-4,3.639468990732556E-4
0.0,0.0032978365533640037,3.865542899365551E-5,0.006142397871217142
0.0,6.118565246611889E-4,7.376693930302602E-4,4.054844034224418E-4
0.0,9.047102602262599E-4,0.003634755842803796,0.0011828379015636882
0.0,2.6982302883900273E-4,0.0012143632731834038,0.006849214641939924
0.0,5.887944606035413E-4,3.412133854262074E-4,0.0012001150106907255
0.0,3.7094108801564323E-4,0.0013822861564533032,7.564680906556102E-4
0.0,0.001412657610057212,0.0016437443506155404,6.073088969174298E-4
0.0,0.0037543359880654573,0.00409800641961731,0.006636243333087823
0.0,0.0039033090457036936,4.78088095570729E-4,0.0020728554179877453
0.0,0.0010925850843226902,5.798379730828256E-4,2.9935081778956283E-4
1.974315149613654E-4,0.0012325245877696674,4.681828613738907E-4,0.007960770324465835
0.0,0.0020570208223835503,0.003892170044001627,0.006149200846437972
8.319636432943537E-4,5.738239301258042E-4,0.0019422809702090444,4.7933906219415533E-4
0.0,0.0013290178107374026,2.0840513992873347E-4,4.907504640138115E-4
0.0,0.0015333083534300365,3.600262147783968E-4,9.27255093440119E-4
0.0,4.018294311895028E-4,7.2172855195487215E-6,1.9943924155425973E-4
0.0,5.444436105016764E-4,5.535397052403618E-4,7.106048929748744E-5
0.0,9.395434436345379E-4,0.0010459991462894776,0.002531278823492077
0.0,2.329364733642206E-5,5.985584468614076E-4,0.001381936739617462
0.0,0.003626842874395735,0.0016458876406552562,0.005433026395803591
0.0,1.5286327981065941E-4,1.249585579196067E-4,0.0011441598345427947
0.0,3.822867085873231E-4,5.982960417190988E-4,0.0019462838279537607
0.0,0.00307856954161524,0.004674355067353447,0.0017467571324469252
0.0,6.976120197822994E-4,3.699600113227657E-5,4.05903760102074E-4
0.0,5.397045631334805E-4,0.0018214793352630517,0.0012217652351537154
0.0,0.001821645911046926,5.011865049568508E-4,0.0010481043867779194
0.0,2.39194105355285E-4,0.0038230708825044263,0.0031188802600283223
0.0,1.07922579311168E-4,1.4523806059110026E-4,1.5951231852572712E-4
0.0,0.002317022768307272,2.1926831708678958E-4,0.0013947261542988734
0.0,0.002373890770107872,0.003053702791953094,2.3147697409355112E-4
0.0,0.0018834073527891429,4.020105046569023E-4,0.00531778816889115
0.0,0.0015287379568227131,2.033288913884624E-5,0.0010635873277035945
0.0,0.0014759042887099046,0.0017679137874925688,0.0025561829835161515
0.0,2.8276097080408714E-4,1.2257036995402674E-4,2.6471699116879793E-4
0.0,0.001726160580333521,0.005116676022304547,0.0025951560181282844
0.0,0.0010467743676190854,9.332456899460164E-4,3.5064471927990246E-4
0.0,8.018636284360085E-4,0.005367080514981643,0.0018659480248299062
0.0,2.9993844652923674E-4,5.031531084967603E-4,1.8852787942855322E-4
0.0,4.2129376262682594E-5,6.718772272673981E-4,1.7289924967809156E-4
0.0,0.0022320106116247517,2.2812443083792142E-4,0.006762003492007646
0.0,9.037217670974111E-5,2.1386367059523685E-4,2.1295478010926298E-4
0.0,2.8237175078806207E-5,5.093304303440671E-5,1.5010968619099513E-4
0.0,5.710872742329308E-4,0.001283982650923214,0.002151898583433853
0.0,0.0026141483492663894,1.882032964985197E-4,0.002989719429451099
0.0,8.605421706786596E-4,1.0269609431144217E-4,2.2466054440306512E-4
0.0,3.6287154152766344E-4,0.0011093638857799075,5.060959097395953E-4
0.0,3.3069346859950004E-4,1.0266052589417124E-5,1.7109806849182813E-4
0.0,2.256540949603478E-4,9.27587559089114E-4,5.477126570243532E-4
0.0,1.92789382549788E-4,4.4511849988571045E-4,2.496224204331255E-4
4.085560719137538E-4,9.38752071465423E-4,3.863884596945534E-4,7.36122731306809E-4
0.0,1.905090205918352E-5,2.6366170368655374E-4,5.895261059553165E-4
0.0,3.639604147545102E-5,2.1230157201339106E-5,2.3781477279664373E-5
0.0,0.0019728458717956972,0.005471328628092452,0.009002369665029219
0.0,0.001412150465365468,0.0013249984679613916,0.006317721789840914
0.0,0.0016805100164745614,2.4428195105930634E-4,0.00327441651577454
0.0,3.662964020092897E-4,0.0024413277990593435,5.464895758616136E-4
0.0,0.0016181831168503697,7.785267936339549E-4,1.851265922810334E-4
0.0,0.0011878166819312842,0.002812320947200907,0.0019053288133801106
0.0,0.0021031659583588174,0.0029728042507238778,0.0017457812826461164
0.0,6.480037425983165E-4,2.0006941960555593E-4,2.1794460401950883E-4
0.0,0.0030351072864281173,0.0010195395365496256,0.005873504695852076
0.0,0.0021721736547712952,9.943428802693262E-4,0.0027719295184882066
0.0,0.0012191332219899159,0.001816728035008171,0.0019528721444471912
0.0,0.004498331182332121,0.0028015871876808144,0.0012101399905940814
0.0,9.160756929399271E-4,0.0015242462102598028,6.6576577812214E-4
0.0,9.713697935596807E-5,0.001312205603698067,3.0534779890822736E-4
0.0,4.3537404754027064E-4,0.0048675746200888305,0.003540960807177848
0.0,0.003571134598287248,0.0028896356679136872,0.002425796920450679
0.0,3.769553679861889E-4,6.349839159596365E-4,8.743144708597757E-4
0.0,5.144834399921159E-4,1.1955508616657072E-4,0.002667949086145983
0.0,1.317081158267574E-4,0.002527068850804977,0.001647881961101268
0.0,0.0013611869184080143,0.0024535417086529346,5.626884274280398E-4
0.0,5.94874340095163E-4,0.003431183346570965,7.713771123242896E-4
0.0,5.712283787236479E-5,1.797946865691601E-4,1.3455143330743226E-4
0.0,0.001364846514061939,4.6422479380190805E-4,0.0017068804672251113
0.0,0.002227808252261944,6.990302201698448E-4,0.0035441752639285883
0.0,5.276689026795666E-4,0.0031839681708205367,0.0016822697340014782
0.0,4.3402015268431656E-5,0.001234028818335112,1.650958601574551E-4
0.0,0.0019349405521431795,0.001729472671321542,0.002362274402199548
0.0,4.2689243299403505E-4,3.303035749896672E-4,2.5376797666128295E-4
0.0,8.536946189028724E-5,0.0011065219250218342,0.0013659786765245394
0.0,0.003274485806870737,0.006515216186192826,0.01091384148781781
0.0,0.0010123011813320288,0.004316913942710502,3.9112370637008574E-4
0.0,1.2795103470193163E-4,7.313024593837156E-4,0.0035181127346571575
0.0,6.882024724732751E-4,0.0011635966878972429,0.003272022112488142
0.0,8.599181853462173E-4,3.522412284024555E-4,0.0017881132050898945
0.0,0.0013359842354223105,4.8502107110839096E-4,2.748795455890667E-4
0.0,5.234326565671902E-5,4.46988656278649E-5,1.6730317791136465E-5
0.0,1.2083040775613721E-4,0.0023841157162380958,0.0011555209245958254
0.0,4.443179348139009E-4,9.403772537467231E-5,0.001829032082415313
0.0,2.86827156464272E-4,1.698854454341477E-4,0.0011145135701720434
0.0,0.0032321318495469927,1.788882887520894E-5,0.0031908761679868966
0.0,0.0034498609756205435,0.002847252339261495,0.00281585676620824
0.0,2.8243986757496185E-4,2.7680709424991734E-4,7.551153954666218E-4
0.0,1.4513462180406716E-4,3.019410061658661E-4,4.8731898509360037E-4
0.0,0.0022647211299686282,0.003701995995315557,0.0033684972976606854
0.0,0.0037594695003301233,0.005669294130953032,0.003411442784285388
0.0,0.002388196802915849,5.811751869966027E-4,0.0032263605304494397
0.0,5.27202429488093E-4,0.0010529807440983199,0.0018295229997556059
0.0,0.002391422894253541,0.002324800766906592,0.009733197128317524
0.003792498720802856,7.296428115221682E-4,0.0018286666039215784,0.0017640955923992488
0.0,1.1388703396372219E-4,3.6102290339698306E-6,3.461917336866346E-4
0.0,0.004994586105234346,0.002396075374788602,0.0015416331274312749
0.0,0.0022108242475566554,0.0014472684420786515,0.006381499880389709
0.0,2.98357751058981E-4,1.0801780117747977E-4,1.4998989399624637E-4
0.0,7.319150441981887E-7,1.309408770957103E-5,2.2758161827480427E-5
0.0,6.753023293165924E-4,2.454322768197648E-4,4.1641581523086383E-4
0.0,7.465262617409578E-4,9.550316697355952E-4,4.494183707035735E-4
0.0,1.7199848819871448E-4,4.107891189565105E-4,4.1400836146334534E-5
0.0,3.485328301123693E-4,0.0025252006660483007,2.212383986169921E-5
0.0,4.309476490658287E-4,5.626873114948824E-4,0.0013480553734752775
0.0,6.945919116361949E-4,1.9653163456384527E-4,0.0010190688918573125
0.0,6.031204816435009E-4,0.0010140097302341212,2.45938443380367E-4
0.0,0.010166857583163972,7.199525546711806E-4,8.328154667525981E-4
0.0,0.0019905963863619132,0.003384032214484302,0.00476554391399762
0.0,0.001626828531699513,5.639579365153164E-4,0.005878434841863795
0.0,0.0010521179211304538,0.003287098730294995,4.86748305037412E-4
0.0,5.1049134330822675E-5,0.007114866907821635,0.011203159369388477
0.0,0.004054984517956711,1.434958090041699E-4,0.002310562180593406
0.0,0.0034569651982522993,0.0038237286432295445,0.005300753999173002
0.0,2.2145174068174584E-4,0.005878877276776228,0.006364667568236685
0.0,2.0649901965952337E-5,0.0024575471755769736,5.19783398010879E-5
0.0,0.002746074440401415,0.0013190405317172818,5.046351743225202E-4
0.0,0.0014584341376504715,1.2011715534490133E-4,0.0034046869676560673
0.0,0.0012209225569583932,0.0016142449483689404,0.0028986619966997005
0.0,4.882162650437039E-4,6.76937991295847E-4,0.0017834263576643847
0.0,0.0035268079430513534,3.7676760535078823E-4,0.003714990227347471
0.0,1.6631158138238734E-4,6.073231849674813E-4,2.0645747729433237E-4
0.0011454719455656706,0.0023799493892961484,2.7405811462711486E-4,4.007197227145378E-4
0.0,2.3072031253349422E-4,3.9640605999697193E-4,3.2841687878346434E-4
0.0,4.272992680663356E-4,3.78960888321396E-4,0.0033262143161328704
0.0,4.474241427928304E-7,3.350814331758717E-4,6.986955061569619E-4
0.0,5.089947029520494E-4,0.0013929771321714336,0.0011372654611020493
0.0,0.0027858634162208225,6.464602660255478E-4,0.0011128124627442294
0.0,0.002862160457449114,0.0023440728194267725,6.221130690399966E-5
0.0,1.2888023594473814E-4,7.895751180621304E-4,0.003540070201224952
0.0,1.1321536289430002E-4,8.112441163931381E-4,4.348122825065963E-4
0.0,8.421772167234257E-4,4.890257375432858E-4,6.231528452958985E-4
0.0,0.007603343435806789,0.0030496529083084076,0.003427372757003507
0.0,9.326917275793627E-4,2.9821785148864856E-4,1.5013072053634696E-5
0.0,0.0013261599338482177,0.005104036891748345,2.4918796354277595E-4
0.0,8.123397922190774E-4,0.002148512724896526,0.0023905942128547887
0.0,5.619753055008682E-4,6.171330009058513E-4,3.0547013030742665E-4
0.0,4.2781172623898643E-4,7.33509356773109E-4,3.5216218684569938E-6
0.0,7.163804114743977E-5,0.004499977888136325,0.0020842894209131112
0.0,0.001226950241234603,5.26917943398972E-4,0.0013287882631288178
0.0,3.601014630924702E-4,1.61763360139479E-4,1.3133575397539758E-4
0.0,0.0015075541193685861,1.0644848303127064E-4,7.239924726719713E-4
0.0,2.7989852353080012E-5,6.013968150912557E-6,1.67795032799064E-5
0.0037924987208030683,0.0012116185878132649,0.014565926713778652,0.008861113021513645
0.0,0.00256071161667759,0.003374188836448868,0.0012588760087009787
0.0,0.0012127408175055204,0.001903838874812212,6.151976423640843E-4
0.0,5.574536888682671E-4,8.407384267418373E-4,9.469314570846703E-4
0.001194729699940704,0.0016772438761109465,0.001037091841414578,2.5680284910028047E-4
0.0,1.6642054858820554E-4,2.1875763398590293E-4,5.431275522574936E-4
0.0,0.007677855363603065,0.0023352799042433026,0.010766662859923686
0.0,0.0012359212318046203,0.0013172532676597563,8.290752345235506E-4
0.0,1.6359045797002862E-4,0.00226673774704681,0.001857706811498776
0.0,6.977798532005699E-4,0.001975328396448655,0.003444534529586558
0.0,0.00416695564982696,0.0017523077696175425,0.002988613814214557
0.0,8.43809525591646E-4,0.0037534192887434506,0.0015964800877709625
0.0,4.8502523078723035E-4,0.0010208627524705945,0.0010451623139488809
0.0,0.00664887421808522,0.0016595658310565543,0.0012064986443049471
0.0,0.0011833711901315634,1.856776591581713E-4,0.0018946026825813803
0.0,0.0019161766696258683,0.006011014135182322,0.0019221745009083996
0.0,0.0020426163716357774,7.975447100725581E-4,0.001042246924899391
0.0,0.0020557384191313187,0.0030069303015795076,0.003352165787629035
0.0,6.391683808146183E-4,1.0038857910845286E-4,0.001045253100459949
0.0,0.0029506189034190287,5.365545482493667E-5,0.002278100235680994
0.0,1.0270879544744407E-4,0.0013040575999700135,0.0010947320712873605
0.0,1.9690115946525052E-4,1.490483957566198E-5,7.079313029963947E-4
9.658553501329693E-5,0.00443756658935878,7.226663741506555E-4,9.283598066952389E-5
2.1289410246228978E-4,7.306193283491784E-4,4.324918366827224E-4,0.0022478084380637285
0.0,7.906299108732749E-4,6.695476352259834E-4,1.0064404529807269E-4
0.0,0.0012645429523556492,0.0010020592547393143,0.0018588396133344402
0.0,4.5273518478285396E-4,0.004622179011433585,0.001598540495171326
0.0,4.871508530864985E-4,0.002774254884168255,0.0076304723656673784
0.0,5.149311723633991E-4,4.1307048973662524E-5,2.2680392691026358E-4
0.0,0.0028544805815971285,0.0023550115486281153,5.408053467288829E-6
0.0,0.0019423102770491577,0.003388629428571595,9.451403938614337E-4
0.0,3.92098960860875E-4,0.0010468113759451963,0.0015071790159942517
0.0,4.3931629637097185E-4,5.298805991518056E-4,6.047025251733429E-4
0.0,0.0016892849314211634,7.680302181630026E-5,0.0019689682588940965
0.0,0.0012886491084532243,5.293503322934697E-4,0.002490392454486844
0.0,5.785497750213488E-4,5.404118868167563E-4,4.702763764606601E-4
0.0,8.035362765989615E-4,0.0029041428463151843,0.0037095542738089914
0.0,0.003065812857888845,2.531877637068466E-4,0.0018653264404487507
0.0,1.8096062719223977E-4,4.877096824805374E-5,1.9494348194034532E-4
0.0,0.001944975708889991,2.5745441471888034E-4,0.0031184838374286586
0.0,2.2107033707670487E-4,0.0011007634990990037,6.429505229840894E-5
0.0,2.868582569409169E-4,5.131221697695436E-4,1.285512398807787E-5
0.0,0.0016476626162578954,5.113628753285618E-4,0.002778558657059722
0.0,0.010708069040077517,3.1207482921262453E-4,0.0023436931925278183
0.0,3.1391780576460183E-4,8.470898163865286E-4,0.002036043833812369
0.0,2.826843860797601E-4,0.0010689544835941092,1.838869446198357E-4
0.0,5.888639511699137E-4,4.2193778729757777E-4,0.0012721506714427656
0.0,0.005121295107206392,7.907965139366041E-4,0.0038479215649027177
0.0,0.0018170598893668284,8.253056939141142E-4,0.003508836789169864
0.0,0.0010493976637502207,3.8449630280802904E-4,3.410786238395464E-4
0.0,3.719414773751071E-4,5.936610101153126E-4,0.002577190745663683
0.0,0.006611882680391707,0.0034497111651966535,0.0018646574186172381
0.0,4.28983083533077E-6,5.604620366886106E-5,9.172759472761557E-6
0.0,7.183861702705144E-4,0.0010490051774679826,8.506490601028905E-4
0.0,3.4787537744980425E-5,3.138523212355051E-5,2.717122425340318E-5
0.0,0.0030618091095871384,1.8094293921531695E-5,5.819317306272503E-5
0.0013222184739041995,0.005878689546043869,0.004592368414846862,0.0018163965025938752
0.0,0.0012152916718532686,0.0038173193387685453,0.0023582595048583384
0.0,0.002071260571334572,0.005690740149152685,1.7786078102112834E-4
0.0,5.310174757843947E-4,0.001443330025983786,0.0037395691986790765
0.0,4.863478300799413E-4,6.843112057937789E-5,2.4395084125715535E-4
0.0,0.0033532921924271206,7.091641199165339E-4,0.00838950662495021
0.0,0.0010904484284033106,1.130739424165519E-4,0.001074661173750062
0.0,0.0030727197432964004,0.00258840311780653,0.0023446191963218113
0.0,0.0023959836551214046,0.0013232137823822247,3.0617522436918876E-4
0.0,8.860670017208404E-4,0.001018608966225163,0.001220265784458354
0.0,0.0023127855920470233,3.957915347087156E-4,0.0040265299147891585
0.0,0.0010372132326902596,7.201013722358446E-4,3.0933261926313513E-4
0.0,1.821090719471143E-4,0.0026536220971085252,0.001693414840957984
0.0,0.0028456751037639664,0.004299789340183427,1.380151480297497E-4
0.0,0.00188221708253007,1.2892183436492431E-4,0.0027219627642849895
0.0,2.993687185211266E-4,8.939489789474126E-5,1.636926030531935E-4
0.0,1.3886744878553568E-5,5.047274042706124E-6,1.584299593916912E-5
0.0,0.001661838613995194,0.006182445840705053,0.005639080255084163
0.0,0.0057581823940103995,0.0026277937914284495,0.0031422072109636373
0.0,0.0023202520549353107,1.804507924277294E-6,0.0057563822815269615
0.0,0.0018844465333813785,1.0960800435713303E-4,0.0010895474229413607
0.0,0.0011716719153420216,1.9969726823565494E-4,6.981651795488334E-4
0.0,8.162217575590189E-4,4.057041021782492E-4,0.0010582770550162123
0.0,5.14789327632371E-4,2.0180063381136597E-4,4.3369146778230475E-4
0.0,0.0015023131456293924,6.526626409838803E-4,0.001921727305472893
0.0,2.811265002644631E-4,1.549562601074662E-4,1.773465057444337E-4
0.0,0.0024549167734351472,0.0032229511542473006,0.0013638465155355367
0.0,0.003676009649566003,0.001273478458153322,0.005054508526216837
0.0,9.773000963032043E-5,1.786887889409817E-4,2.6814487028593544E-4
0.0,2.1753817887177015E-5,4.772505036827306E-4,9.402810074972348E-4
0.0,0.003385480525049504,0.0012283923518426486,0.006274262739933797
0.0,0.0023799333203692245,0.0010215428238560624,0.004004039114710907
0.0,0.009876727828442894,0.001320054331276051,0.0019015085161957236
0.0,0.0027558553844200554,3.893290710173977E-5,5.830865978515498E-4
0.0,0.001148127740382028,2.2164102341710218E-4,0.0035173638317801945
0.0,1.672085217958626E-4,0.003372424013180421,0.005455905631820705
0.0,0.0019511996244115965,4.175825863452513E-5,0.0034250256244080617
0.0,7.827716443512579E-4,0.001252747217551104,4.362078958721234E-4
0.0,6.35625467039268E-4,0.002939170638306845,0.007528459563039267
0.003792498720803042,0.001419405083634844,0.006225239269608899,7.901489381977704E-4
0.0,1.7536166339899292E-6,0.003453280880223701,0.0016555040769549911
0.0,4.8305628410978647E-4,0.0010863533425180727,4.873654734514281E-4
0.0,1.6040504697104404E-4,2.7135073324745566E-4,0.0022345826301259563
0.0,1.470633229379311E-4,0.0015183114010927164,7.13592815315197E-4
0.0,8.909672870064896E-4,0.0012847387401011589,9.210020793368772E-4
0.0,0.0031560505221800957,0.001542878813295279,2.7911033346244E-4
0.0,2.822016071212176E-4,8.499977884070954E-4,5.534356559005591E-4
0.0,8.88147134784595E-4,1.1144313069383565E-4,2.6271556583140106E-4
0.0,5.811682813089913E-4,0.0017799835753731696,9.233523891362716E-4
0.0,5.977442645244503E-5,3.6242304815284544E-4,9.374746244646206E-4
0.0,3.869978733582221E-4,3.1774797297073773E-4,0.0014449343914799044
0.0,0.0029130445467775057,8.884689599156889E-4,9.152059279696734E-4
0.0,5.617024749831058E-5,3.2704919528876684E-5,2.220759400465381E-4
0.0,0.003850930179976229,0.0056921634189913755,0.0031276491964539427
0.0,9.897159057883416E-4,4.119934454019555E-4,0.0010838640236252067
0.0,7.196889392012433E-4,0.003967856957092506,4.669218782764885E-4
0.0,3.317990179023084E-4,3.166899390777428E-4,6.888492074878177E-4
0.0,1.900838047498255E-4,0.0011411954442342824,0.0020670540113156975
0.0,0.004226062753160712,0.0019989082624848097,3.19154679222591E-4
5.774775845362859E-4,0.0020994360310102335,0.0013042911205632347,4.0802283289139584E-4
0.0,0.00527647670698935,0.004681645307771597,0.003212676993855689
0.0,0.0011990686009629606,4.1405097779659175E-4,2.883039038163282E-5
0.0,0.003117304312569119,9.783919541164814E-5,0.002353937132753572
0.0,8.132171186519755E-4,0.003324061926472482,0.0017091758225777636
0.0,0.002560955671917608,0.004154615713741852,0.0031838556905421336
0.0,7.456077487901372E-4,0.003644351679080246,0.0015562623350051548
0.0,0.0032915526910525386,7.296924194528748E-4,0.005700605661645686
0.0,8.102515045623432E-4,4.138229281781271E-4,3.910335286992101E-4
0.0,1.786770445436732E-4,8.821628929839754E-5,1.9911534231482024E-4
0.0,0.0014966951797829055,8.127897729476E-4,0.0023849457160683312
0.0,0.0014595867847213126,0.0013195897297590322,0.0013492863404104803
0.0,0.0015737518408833226,0.007574988559468539,0.0014921528033138036
0.0,0.002583303921390062,0.0015410374979305038,0.003502813427652224
0.0,2.636058177585317E-4,4.1231415683464824E-4,4.6309264508976325E-4
0.0,0.0015388689997452771,0.004259537560922695,0.0048400719986632056
0.0,0.0012385241042017765,0.0036824292039528664,9.261384987682796E-4
0.0,2.945295481235724E-4,1.9774924989407427E-5,5.553737707484279E-4
0.0,9.016381396222347E-4,0.0010274189278455428,0.0039884616438681155
0.0,8.997626319967867E-4,0.0030863839784943674,5.948509096591154E-4
0.0,0.0018898231828159472,2.659705522957705E-4,0.003136250707628829
0.0,0.0012767245618508505,3.359752559395439E-4,2.899403138012154E-4
0.0,3.639604147545102E-5,2.1230157201339106E-5,2.3781477279664373E-5
0.0,3.33100906803006E-4,0.0010128611827359634,1.321308875667234E-4
0.0,0.0014038462198405941,0.0030974424936379115,0.002189250038060156
0.0,5.786158349031155E-4,0.0012089456150185024,1.6278650112426526E-4
0.0,0.0038350944779411322,0.002604110723786397,0.003067674335000608
0.0,0.0011518114758905956,0.002050623652904253,1.8894011108559514E-4
0.0,4.780140983089424E-5,2.4580446347539946E-4,1.0075799023833481E-4
0.0,0.006158301528913638,0.00256554341333116,0.002007362547489022
0.0,3.224914716895253E-4,0.0020822633348544835,0.0019935225886323522
0.0,0.0034401324879208234,0.005353431972549322,0.005680495837511168
0.0,6.793902421789628E-4,2.3318080532301093E-4,5.868804731263103E-4
0.0,0.004909169628643927,0.002884619432890764,0.002307471899600637
0.0,6.494532291959816E-4,0.007499932401530341,4.2206271583326437E-4
0.0,0.0018415971971244532,0.0010202560966220797,0.0013584593028322781
0.0,0.002665412258922357,0.0010198012574639049,0.0038544147801708568
0.0,5.389533710940067E-4,4.154214515050525E-5,4.97213871890015E-4
0.0,6.90672620953297E-5,9.95430755212062E-4,0.005239112907936878
5.774775845361544E-4,0.003957982431042417,1.8059554114157654E-4,0.0010094467391487715
0.0,1.573187955881839E-4,0.001029509424869845,1.0648973739359363E-4
9.630815683696777E-5,0.0013299739740521774,0.003004441022932069,0.002770858900981549
0.0,0.0013173842931559654,0.002025133672938473,0.00656495517186388
0.0,8.997549103508204E-4,9.949925648332432E-4,3.0709877617630157E-4
0.0,0.0015662273248407794,0.002352571748178464,4.590110236480312E-4
0.0,9.855588488006212E-4,0.003091377226888802,0.004188271721103101
0.0,9.915767251656468E-4,0.008696858101372518,0.0032235765911085936
0.0,0.0012371981515011028,6.380844080954272E-4,5.528068720235913E-4
0.0,0.00356088789419491,0.006011418545429258,0.0017748925656925836
0.0,0.0010604071975824467,0.0034912499653062257,0.008798372108622748
0.0,4.1571032576899625E-5,0.0012182785615111108,0.0012512365237969845
0.0,2.2301348640049295E-4,1.1246045255319382E-4,2.998355070495015E-4
0.0,2.2829005179601065E-4,0.0014222225376772576,4.326284870212456E-4
0.0,9.978160545193221E-4,1.430186733505561E-4,0.0015899905708321642
1.5401595150810548E-4,0.0030055278909525687,2.3797342380943093E-4,0.0031783943283989705
0.0,5.643133070215413E-4,3.332945387086031E-4,7.382488423199689E-4
0.0,1.3064657772679332E-5,4.305455246943291E-4,4.941288741120536E-4
0.0,2.7949946108501446E-4,9.758808939367765E-4,4.458255965570804E-4
0.0,0.00458571036670001,0.0024685319410414465,0.0036696662838203095
0.0,3.0335543723819384E-4,3.3966792253107105E-4,1.4668990844364345E-4
0.0,0.004981084267663139,7.633987437229159E-5,0.005224753445460595
0.0,3.529576021013667E-4,0.006987163874002976,4.517121320667972E-4
0.0,2.1291914402029485E-4,1.4574228415247008E-4,3.6474011201582555E-4
0.0,2.384254045228426E-4,2.0454238061791194E-4,4.656603892922017E-6
0.0,2.82341769233305E-4,4.2304570621709987E-4,0.0010372471002522826
0.0,0.0025498986606600806,0.003241823227022622,0.006984030264257871
0.0,0.004244940797924128,0.001077908965263979,0.003938182730515285
0.0,4.644651544043621E-4,6.633232086766235E-4,0.0014005821984802932
0.0,0.0012923764508224586,0.0012478371703841834,0.0018725726903878646
0.0,7.931852317281808E-4,2.827416187863877E-4,3.078135548173698E-4
0.0,1.1283500775337534E-5,6.699641349550978E-6,1.1393806620317314E-5
0.0,6.354622136909581E-4,0.001164590344904474,8.668912706431413E-4
0.0,2.6366323759186288E-5,7.733734956634014E-4,5.069855976243095E-5
0.0,0.0010600368080899004,0.0018304193089902958,6.624183614954774E-4
0.0,2.636058177585317E-4,4.1231415683464824E-4,4.6309264508976325E-4
0.0,0.0013663919621950229,9.626462591381861E-4,0.002719664703290569
0.0,3.748713596503991E-4,3.99715602626337E-4,0.0016775895776843797
0.0,2.2234169026870678E-4,4.3697344207739146E-4,0.002589093523882485
0.0,0.0017477602801690105,8.18492899465479E-4,0.0030528377700445564
0.0,0.0010335615183345716,1.0663579594384198E-4,0.0019271519651373823
0.0,8.353745440595818E-4,4.422715451346843E-4,9.834798619326739E-4
0.0,9.023276194395163E-5,5.59444467487754E-4,5.068367778835217E-4
0.0,0.0020878290919618017,0.0014185344219561269,0.006518647021909264
0.0,0.0035149540664342767,4.8709910236080864E-4,5.050848440965357E-4
0.0,3.778294574048739E-4,5.601484065249256E-4,5.933547368791983E-4
0.0,0.0015401321534791095,5.185947552163152E-4,0.0016261374433561811
0.0,1.513636335342557E-4,2.4340065991874953E-5,6.330337364059133E-4
0.0,0.008755147512749497,0.0011497578578837755,5.85972424571512E-4
0.0,2.3011610658828048E-4,0.0016856627855859902,0.0022386939821656135
0.0,2.032897312142057E-4,0.003634863297111555,0.001162444760895728
0.0,8.000640051205763E-5,0.0015764813816947951,7.6281386838209E-4
0.0,0.0032562923458131204,2.630605185685038E-4,8.691348415049562E-4
0.0013222184739042839,0.007195610675393705,3.2745358994331985E-4,0.005594222569803981
0.0,4.12214792115062E-5,0.0014012624607955442,4.0478082199874434E-4
0.0,2.2313173959177068E-5,4.569894555433522E-6,9.732673934746141E-5
0.0,1.645185552580613E-5,0.004620912451447832,0.005887968519858715
0.0,6.165812769881159E-4,0.0017819615118268557,0.0025864006503687723
0.0,7.04618308525978E-4,7.054816849235498E-4,3.7914396370960654E-5
0.0,5.367738084349394E-5,6.873689382843844E-5,3.6942494112767825E-5
0.0,0.006175186114941734,0.0027409142828647096,0.003872041810928507
0.0,0.0033377565835533934,0.002525728049515887,0.0029184705249575295
0.0,2.503033851745778E-4,0.0038800248845454856,0.004378035415346218
0.0,5.2466919001411376E-5,7.306864820759474E-5,9.717010720596498E-7
0.0,6.052106610929568E-4,5.384267128178588E-6,1.8201410423675395E-4
0.0,3.606810127527453E-4,5.401551550750126E-4,6.828883051408278E-4
0.0,4.381746717581528E-4,5.049796754362837E-4,0.0035992162142672295
0.0,0.0035563295505046354,0.002826733068804846,7.848652352509296E-4
0.0,6.1938681201125E-5,1.0049106482492167E-5,1.0157157017761006E-4
0.0,0.0028354962866904234,0.002766604863617204,0.0010125459509656514
0.0,0.002532753899793407,6.046816009245488E-4,0.0027713928812002474
0.0,2.569714799174165E-4,3.40484299365582E-4,4.3561213631759254E-5
0.0,1.3810663467348397E-4,9.860076065105682E-4,0.0016322010306719387
0.0,7.291867346880046E-4,7.684435513706894E-4,0.002612281695823798
0.0,8.113538260374572E-5,0.0010106125855495077,0.0014098315045559247
0.0,1.816686854452632E-4,2.15930191615664E-4,4.910483849005991E-4
0.0,5.16921179188675E-5,7.471104872495234E-4,1.481213301380326E-4
0.0,0.0018550112427507418,0.0022889465674005467,5.933610543076716E-4
0.0,9.307408199859946E-5,1.9681740238325054E-4,2.740702200284339E-4
0.0,0.0010957408200855236,0.004950719232029107,0.002564800013895036
0.0,0.0033733903423349273,0.0044161126341703515,6.581898309632385E-4
0.0,0.006705067646260808,0.0013943276082119115,0.004151705326995513
0.0,0.0052619767089082115,0.0011866868433596444,0.007954232202440622
0.0,0.0015227513452856947,7.348068161479512E-4,9.57949645233724E-4
0.0,0.0037709223985195736,0.0015949906669366011,0.006924272460214919
0.0,0.004709701149932327,0.002601384040105014,4.4709052723124925E-4
0.0,7.27007141019701E-4,7.374142492530716E-4,7.666426247184473E-4
0.0,6.029024059908208E-4,0.001644391843373656,7.05669941884666E-4
0.0,0.004784042570213143,0.0018241091204238202,0.003188126240447686
0.0,5.312125929870751E-4,0.007330758275183205,0.004066454642979383
0.0,0.002641338114293468,8.528684467491972E-4,0.002268485144393968
0.0,0.0015581254027764867,6.21161471878421E-5,0.0018887248058307143
0.0,2.760317412965122E-4,8.761997791469167E-4,0.0011884986317340625
0.0,1.9116919179224855E-5,0.0012493386474632963,0.0012361920353500017
0.0,3.2281653072175655E-4,3.0264595400038584E-4,3.265807608466473E-4
0.0,3.611544686717539E-5,5.470190905199299E-4,7.452648165028445E-4
