5K,50K,500K,5M
0.007317715773992864,7.466226370126173E-5,3.2699462690547116E-4,2.1718011482862266E-4
0.03346467555555532,0.0054560402514029875,0.0028845865951921215,9.97036131503382E-4
0.02138749495129251,0.014595801811900866,0.0020694439440363107,5.5928953985035686E-5
0.04947642829228061,0.007687822039712306,0.0016824650572108974,5.2003149498550803E-5
0.08419236216186529,0.00875852232316199,0.0017727957537649823,0.001694019932293998
0.009841599687790416,8.318103508831452E-4,0.002748726165668142,7.292705416228278E-4
0.007862816346561361,0.002171217175936722,0.0039232746789429245,0.002034810097427824
0.03787204128980285,0.009515484621914124,0.0028062459742270998,0.0010320222908839958
0.01609472382817371,0.002694256219105788,3.694440584976309E-4,9.195412260209917E-4
4.108628118029813E-4,0.004767378053323557,0.001105064890485413,0.001130077713972384
0.005738370736498941,4.0447733865659787E-4,0.003313169052383689,5.410361170527742E-4
0.005133089833532494,0.0025243164280055468,0.0034302992277380176,0.0010299447032133748
0.04431664780481644,9.267709831676334E-4,8.630469529322789E-4,0.0019486223548077848
0.018994949893503345,3.1035601934587556E-4,9.708403377098751E-4,9.275152956357328E-4
0.011321781461191399,8.748151101790711E-4,0.0015248990153327359,0.0012328181099929647
0.0018464173712543208,0.015956373244525437,8.437685156717663E-5,0.0016899279840218095
0.020718536035423177,0.007073406233756135,4.4679458435817E-4,9.058555091955825E-4
0.07671222833604402,0.0052657093147837905,0.0017485521017519348,0.0019036039246801888
0.045755070463551095,0.004707497106414992,4.1843670506823904E-4,0.0017159155182311931
0.04180464452248796,0.016207851169463196,8.642816184143517E-4,0.0026009023253806855
0.005863736899799092,0.022083416779544254,0.0022490299779490356,0.0027887677856210224
0.07035193133047209,0.021767129512748843,9.575278969938026E-5,2.693682605405135E-4
0.009895207981818996,0.012579836309767094,0.0014462973761343546,4.7887263013694374E-4
0.05566153698282873,0.0022640881436253543,0.002642128669498534,0.0021464937628706705
0.09415741419104638,0.02538308415187879,0.0027115560595094845,1.4894303788789368E-4
0.01078196889093211,0.01180134398867688,0.007355797951889391,0.002604281513351231
0.016485387339044328,0.012905027031573623,0.0033424574760589237,9.07977522307367E-4
0.017909766975231653,0.014284485718086302,3.326119920624034E-4,0.0013464609481058647
0.00934085387368025,0.003569120461787841,3.9308408993366694E-4,7.572453709051857E-4
0.06333698400058176,0.005203089365558372,0.004481088613224527,4.026474824162817E-4
0.01423928562475035,0.025518071716542388,0.0028141244084462012,0.0011475912524293865
0.06299005512891358,0.028500139801170676,0.0033543110524113574,6.496767327178824E-4
0.04480465859420506,0.010314889879538687,0.002785567540713926,7.848229070281346E-5
0.0023145643017510415,8.554206903090799E-4,9.760583661834282E-4,6.506813914846748E-4
0.00500842752768704,0.0024121789882342584,1.2091445846439957E-4,2.246205933842869E-4
0.18684903615776544,0.04572442255539678,0.012057468293533965,6.101000295575188E-4
0.07546064216213035,0.0025023458606730593,0.004018411838963111,8.27282200728709E-7
0.0697265873875994,0.02831920239327307,0.0010131835922348497,8.010770219321612E-4
0.09873737244591997,0.03011444254716537,0.0046841330047795735,0.002020633933072895
0.014817906775798043,0.023496918757106675,1.3227967007721497E-4,0.0019213540523053154
0.018550967618003577,0.004294071032571588,0.0011324523825119602,8.285172827237142E-4
9.97195108268556E-4,0.01013538277422489,8.520854931002452E-4,1.9247184651657442E-4
0.03444547368421062,9.030736842105389E-4,0.006229410947368379,5.808200505264859E-4
0.09502192285159261,0.019548947639099434,0.0011944335962473388,2.667223170481911E-4
0.0937872052738977,0.0246695924230692,0.003993369561633597,0.0025415920022816485
0.027555157352447252,0.024151667599955,2.1245075596357157E-4,9.61194106394829E-4
0.052770099308878354,0.01982220970666681,0.006626111634658934,7.602851585348009E-4
0.1359484866804873,0.01279567101201691,4.3298363618892956E-4,0.002405721968573261
0.05702907947718123,1.4065490665949378E-4,0.0032086897733670204,1.3296667444539522E-5
0.03103375592980866,4.1795492335123884E-5,0.0021930725487962982,9.898931579649256E-4
0.07102229426713066,0.01721814952196921,0.002966337785850735,0.0032664366721267338
0.03617665359597804,0.006493949370975317,0.009315190256713922,0.0015293188760058798
0.11187232933717513,0.007394558983607682,0.004571388286854404,0.005225098263702
0.021427750601110664,0.015647998565973265,6.813349078849468E-5,4.2750952435472394E-4
0.07174972541700603,0.0048160786844275065,5.198143179284454E-4,6.071320519512559E-4
0.12586734001409097,4.6780935214732716E-4,0.002195828484271157,0.003296119499195947
0.06004673427529109,0.015286423494558095,0.001564087546129988,1.2939321884221445E-4
0.007456824834885772,0.0475406419541058,0.007235130346571178,0.00388546774187385
0.09439084556203224,0.02541559375564317,0.005350402459550432,0.0012059512693753651
0.06648221485963195,0.005561721909930974,0.00172192792426844,0.0017184199864224844
0.007972895624579967,0.011441314414112584,0.008432463361378541,5.819354434109053E-5
0.010442495999999725,0.006849593081481345,0.001771099288237131,5.613964612084301E-4
0.00906408242677897,0.014613614542008662,0.005982025464652265,8.135925542630252E-4
0.019433058586312207,0.00479427127320318,0.0028417398488112928,8.144675544085833E-4
0.10461547144974204,0.05542424970370093,3.6615221772145726E-5,5.706546476935892E-4
0.03407425852791623,0.02199558324590164,0.0015111523953595034,5.326059575687372E-4
0.003409850838343204,6.43826370013725E-4,0.004585341877999755,0.001464559188761552
0.056885333333333496,0.019640684444444265,4.995583999999516E-4,2.598455039998226E-4
0.012713666392702832,0.0023703203323040757,5.194328726454433E-4,3.568714600634178E-4
0.027754727387152844,0.006820588815386203,0.0025995489310951187,8.537411469499389E-4
0.04144844248278533,0.03213792757386495,0.005282531856639393,8.227704539197054E-5
0.045922410938559685,0.0029105737419582063,0.0010000057870940778,0.0016160185229141244
0.019247642472591378,0.01776392086381662,0.0015028542924613952,1.2200254389488683E-4
0.0018024962998251556,0.016058642571172423,7.524380916708561E-4,0.0015968569476261603
0.026705645161290502,0.010983195564516374,0.006551307661290649,0.0027218276875001306
0.05213733284711278,0.008110046889581177,2.534513769711433E-4,3.471523143798231E-4
0.052440504153634826,0.0010119007598453527,0.0101004969740003,0.0010380788700020563
0.005133089833532494,0.0025243164280055468,0.0034302992277380176,0.0010299447032133748
0.0663859933191892,0.003901977449695733,0.0026624214779551927,9.793022756861805E-4
0.02086188017225442,0.01664632452721338,0.0040865891821843135,0.0027882543949135667
0.03793205066203141,0.0014368879548410682,0.0023391725665857016,4.094683238829134E-4
0.050930908326375576,0.019155215683500558,0.0020525474114330613,0.0013550744933260776
0.2167963076899968,0.0551512426104035,0.012772355303194819,0.001423528210226078
0.03006891134825773,0.0019130577883966899,0.003550257237155653,5.431675210639586E-4
0.0035060090343737253,0.0038911331506892195,0.004907930059337535,0.002693145080336366
0.0053990914817554836,4.090899075822134E-4,6.200689697550332E-5,1.543562815146907E-4
0.046285347850298836,0.02065591371420347,1.9470095798718848E-4,0.0014500987503696407
0.07318055216675212,0.013477829685785146,0.0026243111740624344,0.004581747828994726
0.0581029840210753,0.014251355027259516,0.0015637596811515458,0.001001845975213253
0.020497690028821954,3.3259101526410706E-4,1.0662491645786191E-4,0.001240150078239393
0.012794559766016076,0.013147683259586304,0.004273804446330158,4.1777427075678916E-4
0.004886990694329945,0.004931738345388065,9.719107837835569E-4,1.7751809325221933E-4
0.0026290278557810744,0.03362373814365955,0.0013172755165229972,4.169614363868816E-4
0.014662574457072652,0.003971299709570852,1.2518280861405955E-4,0.0028529646308985933
0.03681599999999985,0.005496222222222309,0.0029268866666667943,0.0010505152453335607
0.023571185529745225,0.015659403503601566,0.004037776165401692,0.0027440494886954853
0.003797024306316357,0.027401218361290648,0.0029828576348344057,0.00205937341176666
0.010106187105452667,0.004752234470891635,5.453483649874366E-4,1.586275969627097E-4
0.007125816306125065,0.0016382612992845214,3.434545117519765E-4,4.0507606349318536E-4
0.017182366040858384,0.0023957447327148723,0.0018967278631265877,4.1067664919999385E-4
0.017167272030707198,0.003062778213771322,3.430036517098524E-4,2.563344662976929E-5
0.19992224326654986,0.0591211156575529,0.01426696095710991,6.109705663317142E-4
0.01114139799710086,0.002184623957381214,0.0015956876024412826,3.054818498411811E-4
0.014885198902862716,0.014705823518379305,0.001774996150726955,8.46897073757971E-5
0.0952050141384379,0.011608200599622837,0.0018508541639343662,8.705460652112347E-4
0.018921821088950574,1.0014306151606171E-4,7.901483127156866E-4,7.494221391906061E-4
8.519229135873816E-4,0.02854277527058101,0.0030564097110608785,0.0021230598519434082
0.0496861052509866,0.003473823884225724,7.611875054767475E-4,0.0013791553535419565
0.03187997886161344,0.015608597842787685,0.0070988354931183365,0.0010723664956886459
0.006038964909379251,0.001244385851450277,1.2545325466703782E-4,2.1176720991607036E-4
0.04005387368434611,0.023414983989354522,6.261616605196317E-4,0.0013752814069069666
0.05808716526422076,1.060116309511012E-4,0.0014744072209699496,3.85116738498016E-4
0.02316418064547813,0.0011996123413134478,9.404053944526984E-4,9.111339817498679E-4
0.02895818870417251,0.015484130562896662,5.959360754190085E-4,5.625846599026795E-4
0.0039303147687026856,0.006881552115526496,0.002059801901086609,0.0010575878243857858
0.0023730367805509245,0.01260510043687208,7.556593527309364E-5,0.0012803772895973724
0.049262862764984,0.007699116123019542,5.614877778942833E-5,2.6265214109858156E-5
0.0337849227944549,0.005396621310810001,0.0025693403448084195,2.48557964365744E-4
0.02318546823672222,0.0010926221601979364,0.004779834974637623,6.967446953386201E-5
0.014079341243684654,0.0010529674550809756,2.9939015178731516E-4,4.955242236687269E-4
0.0033893288558604316,0.01938203708486487,0.003184287893022529,6.069830551092622E-4
0.0015009081981949145,0.0037805912639570123,6.579712971896003E-5,2.630161503655464E-4
0.010817722017083708,0.0019003107251204477,0.0010035537518211048,4.8067451817482873E-4
0.05967591381516241,0.019349164120227053,0.0025530131878823805,3.444176831486075E-5
0.05160545124453441,0.0014627679196028058,0.004943660174239305,2.8994213760863473E-4
0.028928997446645763,0.007117794792416758,0.0026906306972646478,2.825366887024316E-4
1.455892714582835E-4,0.006154857307311533,0.0016046878826130044,0.0013482928374315456
0.06834714234973885,0.013947378372643962,9.358562041436839E-4,8.569523573630013E-4
0.003020499802553024,0.012585863406943905,5.611019908770308E-4,6.816679327612528E-4
0.0910428070175438,0.04714479999999991,0.0018160460350877799,8.286086736841774E-4
0.04288407180552928,0.007650433072025939,0.0023260192307035395,4.0805099975536885E-4
0.04679625718456539,0.016511723132871543,2.9529934610386096E-4,3.7629539418801024E-5
0.02920646366924568,0.010423210463226673,0.0038625958060404253,5.795736122654126E-4
0.007165942230648312,0.00531159709305954,0.0014750623976261415,0.001446122471573695
0.03249870896281151,0.0025806031828344077,0.0033937189585114785,0.0018883309361065628
0.03433302205508859,0.007128349280121747,0.0012483160658251496,0.0012747945156540595
0.010413235583800761,0.020203775705996917,6.009685777142615E-4,2.471152289457971E-4
0.046285347850298836,0.02065591371420347,1.9470095798718848E-4,0.0014500987503696407
0.003480597845751461,0.002129607615018288,3.992442873343777E-6,9.019378975271413E-6
0.04603041362010103,0.004363020795530204,0.002459736086835352,0.0016474062826700412
0.05702907947718123,1.4065490665949378E-4,0.0032086897733670204,1.3296667444539522E-5
0.023155775749674107,0.007756517220773505,0.004778392260941803,0.0013616274142291254
0.019265544965737725,0.028191474074381703,0.004895572982479287,8.986982451929555E-4
0.0518377616518128,0.005612796111407232,0.0016269166228277912,0.0028976893679842114
0.04103466666666691,0.0010950666666668168,0.005417295199999782,8.23846640000187E-4
0.012151176616821713,0.011217493066406159,0.001676913448382822,0.0010752686243107685
0.15700101739813238,0.019569744574768577,0.0033344597849072227,8.662271378755892E-5
0.04135358210379712,0.012360993388254925,0.002915977589172662,3.943913148894883E-6
0.02224995071285826,0.010547899046437539,0.001559449241151396,4.481181072096032E-4
0.07499183120034353,0.013672029494884027,0.003371816918006213,0.0019769224737147028
0.18877870580732115,0.02926868230070699,0.002527046576121836,0.0011079863393213265
0.02352592592592604,0.0048824242424243105,0.007282135757575809,5.474029629635613E-5
0.043324633310502667,0.012280143286382977,8.149012837667787E-4,0.0023065379858857936
0.023651631304348136,0.024114456114009412,7.414866693588211E-5,0.0011010608278680348
0.03373810526315796,0.007792079999999932,0.0030167915789474026,0.001170568491368499
0.028319586656431143,0.00954480704265917,7.559753950341968E-5,0.0017739832799586427
0.001684210526315867,0.016378879999999995,0.004376768673684148,8.462999326330767E-5
0.10259280257091934,0.010116092108821993,0.005659703875803328,1.0985714133764297E-4
0.06195946330966858,0.0071923728782708135,9.474486882530219E-5,0.0020454154741254655
0.0711019127499631,0.016656214796960857,0.004650965687584677,0.0016648172227077948
0.05317199235369855,0.0027670276737379045,8.936886118857789E-4,0.0011414467787354042
0.010797002550182675,0.003674489358937757,3.7024045297494914E-4,3.7916369787665405E-4
0.07047059764911642,0.006936621191655083,0.002662673823824338,0.0015644147284334504
0.059314179716489175,0.006637341858908803,0.0025873937251177444,0.0014930769064255111
0.054817899303636564,0.005207413538351162,1.4225504444921046E-5,0.0012991128679937583
0.007563841447355933,0.015225672766751089,3.525097392435021E-4,7.946863589356914E-4
0.040257026042397503,0.005953209182082288,0.001128707586930687,0.0011051024805765967
0.03279374257186196,0.019634743546278994,0.0058641338894265885,0.0028663448495787926
0.07756678196709307,0.004394722460577333,0.001870078750467315,0.001513378501726465
0.035937923181710685,0.0036711077671715405,0.00813293838385221,0.0021140713260187805
0.011275012155557937,0.016364243497309222,0.002143009841876945,7.040182324046773E-4
0.038091324909483824,0.00494184744482063,0.0012467673619147126,7.576042604171334E-4
0.010883763379280627,0.004890053383669022,7.020829085704357E-5,1.760684523211176E-4
0.16827396709336365,0.021597912102777256,0.002820651906696728,3.7476990247111954E-4
0.007193016027652787,0.0034132753577981903,8.644450462193998E-4,1.0496928809496947E-5
0.016156189842591824,0.008151179901900408,0.0019265270965890104,0.0011139519581149844
0.0950913206228736,0.027139864273973767,0.004620257893447418,0.002137749678476398
0.010319094198101095,0.0022923363813222475,5.843368135897097E-4,4.8049439436776586E-4
0.038720473694385166,0.015983362023453844,0.006753115356344957,6.519032402993746E-4
0.03076086508534415,0.0012101207859873816,0.006782711377587753,0.0028766203261056415
0.02412281031006302,0.0022702155180023467,0.002104079816486473,0.001787542357584298
0.0014783396740955473,0.004482633774926599,3.516204977967894E-4,6.425130322850976E-6
0.039098215226135644,0.01613945467734836,0.008715556851763848,0.0011563409502082533
0.0026070626946353035,1.9807368235488478E-4,3.798850696281687E-4,1.6143447422294933E-4
0.033699020110944375,0.010048208756971176,4.7197745158702575E-4,0.002017179838919499
0.017053455019557073,0.007644556714472059,0.004355796610169496,0.0013831531551498958
0.08367630315366709,0.004883766059883404,5.861064352973722E-4,9.871526980356358E-4
0.015010962894161444,0.005325470853335153,0.0026634428482934193,6.185463358059925E-4
0.04379185501175533,0.018881287805629577,0.0035661186593528914,2.4223930330010185E-4
0.07441413593789711,0.009177063636486798,9.952682809859646E-4,8.692968002073493E-4
0.022461170305642916,0.005155770049881349,9.289651403698407E-4,8.178884864104201E-4
0.05383794429385411,0.02112571135008913,8.406595700819173E-4,4.205357183505744E-4
0.08058930814120946,0.03419666457958498,0.005854785582880318,0.0015464227602132018
0.020926479038817874,0.015758922077549066,0.0048020193743382985,0.00117132949556193
0.02642249995623311,0.00375729236129362,0.006393816158721699,0.002848115713301105
0.0763366654309587,0.00341151469174657,8.027542596389962E-4,5.589829096773245E-4
0.07077053869636298,0.0053548951246578476,5.679409456933217E-4,8.531864361899245E-4
0.0019134826103529212,0.0031794047589276567,7.568400359010253E-4,3.2007414905368774E-4
0.05811182790351301,0.018206384112320187,0.006693839420715918,7.979487833902288E-4
0.08687894941553374,0.008622996100821262,0.0014600836773653583,0.0016586063356701642
1.8249155944440097E-4,0.002504693339719281,2.2831698071043422E-4,3.619553878329728E-4
0.026934376358105444,0.00926879617557579,8.313185571484607E-5,6.515981416775425E-4
0.027165857338877875,0.015751596612598357,0.005225957344193359,7.475910221138071E-4
0.09425440448777107,0.026362266420601466,0.004685006586788066,0.0019787462943831858
0.0346032013922592,0.008830223945788543,7.615436408731273E-4,4.879376654119703E-5
0.012322788729453308,0.00485677844971639,6.527298918400664E-4,7.469646551307921E-4
0.005622986074387439,1.7935248839550942E-4,1.1987297020989848E-4,1.0120998451151413E-4
0.0254749623328485,0.007718695799787817,0.002537123332423947,8.482491665681684E-4
1.8249155944440097E-4,0.002504693339719281,2.2831698071043422E-4,3.619553878329728E-4
0.04458996250025711,0.0021470880223696067,9.533687107454345E-5,0.0010237498318024845
0.018711730901563833,0.002539844702524964,0.0012631154225596502,8.574093822797056E-4
0.04346447969616887,0.019744464944276247,0.007366312697133146,0.0012808867568859926
0.10576429619555466,0.02155796264151128,0.011663250029888758,0.0021565454564948117
0.007245870704264966,0.01229168291516781,0.007282080464453804,0.00276433174378759
0.028981576468543175,0.019012678502457685,6.066357869339099E-4,4.3036873492393154E-4
0.06668999509602426,0.01321241759249292,0.007022744919690278,0.004576632263813719
0.05669256094550327,0.0064167355039975735,0.001984691635460507,2.10018206313745E-4
0.003586730386014797,7.91119825739334E-4,0.004371882709438619,0.002083927714757611
0.020446299630003103,0.0025693973748638116,0.001009961616133941,8.56274630461162E-4
0.015465965168111948,0.003177978738693077,0.004549395789226235,0.0017395371890590579
0.0020057563885470496,0.004638701152634663,8.498430369183542E-5,5.838915218288048E-4
0.17300423228756018,0.041198428200794945,0.011711932675079204,3.9300661357051243E-4
0.01748044254219975,0.0032527915688263156,1.7003074377624843E-4,3.2417999735652247E-4
0.04592628387896705,0.020930095052506884,0.0014123513514785078,3.2537930649122844E-4
0.03525134441365855,0.008066581529456131,0.001294792035312861,0.0013123971371897896
0.016821458890675423,0.026059265135293455,8.862429679653028E-4,6.930246774373761E-4
0.08205235255006327,0.0016199870582720485,0.004142416123963742,0.0011558337942571568
0.0923553707766679,0.010512213844888249,0.0025302841031961732,7.086628053224695E-4
0.012329766442199856,0.0030278398314440617,2.4266835190002578E-4,1.4841543572614887E-4
0.04437519763355093,0.02007801600406038,0.001004305852139014,8.235482550806167E-4
0.06618898550724656,0.015571949758454167,0.007362486956521692,0.0038678640139131436
0.003734281200114206,0.0014344088630500616,9.878014889019859E-5,5.131638515011254E-4
0.018959828126766824,0.010930739805901729,0.00686118765021198,0.0028147594457679963
0.01099866057608558,9.8395725626573E-4,3.819224022671461E-4,3.6693848433240586E-4
0.0049287359607511514,0.002627804842397899,2.8120220603492624E-4,3.0620167838946903E-4
0.08976093936238122,0.02040064844703275,0.007334888242289572,0.005812666476233262
0.018947390065620982,0.004560595363599698,9.571148581348966E-4,5.785552943076588E-5
0.0706050818219855,0.016249488761998356,0.005647867493247678,0.0035516421469547286
0.011158958112796817,0.005713987400779192,0.003918438115607054,0.0016460502634758865
0.017803534883607718,0.008053720952887589,0.0018101532632689666,0.001990329442258217
0.08189841677663315,0.007828916661201087,2.8945413647938373E-5,6.852715800442908E-4
0.020125122882188474,0.02243161617340599,5.918386686300941E-4,8.026713386410512E-4
0.08697913858585846,0.027955731886868642,0.0037563801530615193,0.002631283998388226
0.0793277937424012,0.024608352000671126,0.0016288087977222164,0.0018856900348585407
0.08391507022777422,0.0027079187388982687,0.0026945306548475244,0.0012694241002763605
0.011578617800690793,0.003970891455775873,3.5636061855557857E-4,5.625269894840975E-4
0.005436535073057056,0.007921300871923822,0.0015250554020707781,0.0011638778425284318
0.055130574098364526,0.007626303204407487,0.0017863397126225563,6.671113271335997E-5
0.07891773121040943,0.015021904881711968,0.00844070073339157,0.0022790618246001097
0.09526028995186016,0.022092476980268467,0.0013500157213186532,3.242312481540693E-4
0.00984699862946524,0.005785692076623615,0.001139855088338989,3.6240020164268576E-4
0.0026778485282301454,0.006295877912127286,9.869583100137699E-4,0.001231367692996308
0.023983001516500346,0.011397620550180775,0.0037272044762901566,9.258759070353632E-5
0.03186568903316881,0.0278971281931934,0.0029158804306264456,6.705547963338565E-4
0.026605681818459417,0.013055751853702653,0.001320892203276946,9.840836150237238E-4
0.08115020921970899,0.00985768083159191,0.0023306848711596617,9.058085490519018E-4
0.010845343284253267,0.03313155686364956,0.0020265950381599365,0.005747426097887856
0.008758823359761834,0.0038983591777398217,1.5003097366211143E-5,1.6920444995901105E-4
0.02404386788218768,0.01295903557635857,0.0018289500478995985,8.940245931293439E-4
0.051654998696192646,0.0015712420535235134,0.005305315935577949,8.462020074624612E-4
0.08618989898989891,0.028049163636363544,0.004164342787878853,0.0025689623402019857
0.05445111955106626,0.02359140889104371,0.0013361324580200712,7.214162197483831E-4
0.010397634392231434,0.006722363944850436,5.448432448789465E-4,0.002215873331789419
0.015548031227121829,0.002969793948584893,7.290816977026302E-5,4.7967880758395076E-4
0.016624328195887227,0.007022922046894329,0.008580569364685004,0.004054248600222163
0.014400292196833432,0.009376979297038582,0.0014355393576324948,0.002040617905530597
0.038091324909483824,0.00494184744482063,0.0012467673619147126,7.576042604171334E-4
0.022377227292481892,0.008169634126466676,1.8518904824062336E-5,6.701368138854742E-4
0.003439716576824966,0.01424960012233045,0.0013554054884646265,9.787182367862815E-4
0.06778660921400469,0.038398439783296184,4.812731388978877E-4,5.619867260635595E-4
4.5972555525688856E-4,0.0018217543351608694,7.519276139758582E-4,5.076918270559788E-4
0.012624076488483486,0.005034571925249823,6.163817470664935E-4,3.0383822164289914E-4
0.05803714143694364,0.00817458057543279,0.001996778318884436,0.0014516491563948024
0.005658673811808772,0.011298653643364543,0.001327305028705879,0.0010395705468236908
0.002669468442177708,0.0016512547036463235,4.529411006109775E-4,1.7139977666270793E-5
0.0038695199118378453,0.009513936772704523,9.990992576500823E-4,7.820748466713683E-4
0.0766024073279096,0.015235094677286426,0.0022994497446755823,0.0015114108850751609
0.11359004119760985,0.012214683619697705,0.0011958099453114757,0.0014541840076805817
0.03703643429423422,0.005293453373142233,0.002864859882671878,0.0011566719579922979
0.03819199999999985,0.006489622222222311,0.003423171111111166,0.0010924684573334865
0.04362862582596034,0.024151667599955,8.523819464665757E-4,4.292551174823116E-4
0.05011717171717168,0.021047466666666636,0.006575917575757625,7.889393260605598E-4
0.12085575887766906,0.013630169944822655,1.7469693299209415E-5,0.001976979046638445
0.010124017671287868,0.002471394334312418,0.0017634960467946433,9.513375362585781E-4
0.0029648898612145134,0.016623655596173192,1.1148096792394715E-4,0.0015793765601457505
0.03196745606914031,0.004804913859058836,6.473336694085417E-4,7.414289715397853E-4
0.08399419899281113,0.01998735882320308,0.004597418897578905,0.004068101823683667
0.006830596491228051,0.00428518222222208,5.105030736842297E-4,3.1262344757898054E-4
0.05917658859948262,0.005159407016428885,0.004461573188864049,4.64091160504187E-4
0.040266764777052814,0.0017348392845784922,0.0019367728373409045,6.181394248727631E-4
0.07707124528314091,4.143713867556477E-4,0.008729783798822057,0.00315283697828351
0.029065430980085787,0.00573132949322445,0.0014995779105050685,8.53212553431112E-4
0.05268846591102908,0.011939061395164338,4.244232875477569E-4,1.595739273434277E-4
0.10497579409387249,0.017620819206105958,0.0016370696232290156,4.940429673962375E-4
0.02015496279436553,0.0018033490363738287,5.757121010805926E-4,0.0019687994033567016
0.016485387339044328,0.012905027031573623,0.0033424574760589237,9.07977522307367E-4
0.035233916414754866,0.012674585088068152,6.581621748956435E-4,3.462803664429872E-4
0.03130614113295845,1.9917609912518838E-5,2.5456150378809836E-4,0.0020871998597021407
0.008470716776005275,0.005281331372894396,0.0020831846003606016,3.772394234836252E-4
0.004544449832739466,0.004417926454541926,3.1862344325105487E-4,1.8204646788036967E-4
0.0021749890136985393,0.008893082919191338,0.0018631563722947564,4.8815746987744367E-4
0.0705096429325364,0.01186414568088781,0.002223142408180431,0.004013683009560124
0.007287536231883987,0.0022863285024154485,1.0377034782601069E-4,6.703403748780261E-5
0.026705645161290502,0.010983195564516374,0.006551307661290649,0.0027218276875001306
0.0018928947368422918,0.0011791916666666095,1.5815494736863485E-4,2.544710587728558E-5
0.12284212582393103,0.002210908134325896,0.0013788938738088304,0.0026624157182003785
0.07352493790480291,0.008423851402225114,0.0014156409910192748,0.0015249694423687574
0.05802538376955367,0.023295419999409997,0.0018037464681711845,3.51842335713105E-4
0.042936547641542915,0.008093374268796671,4.364211125726473E-5,1.7831386618071966E-4
0.011557849797958568,0.002200055276985503,0.0015861359421783221,0.0012474152545288075
0.06542638699592403,0.005372757444262064,0.002060763981136734,0.0012267255596145777
0.059864719812974435,0.014505907921697215,0.0026585370600833154,1.879568697136979E-4
0.20527922499021964,0.026146420438088448,0.0025021271579885756,0.0010916511728815846
0.015972024913092145,0.014051934344991064,0.0025670743806704846,1.8898001930538452E-4
7.505785740095199E-4,0.01005678796915776,0.0030613981439775438,6.19812661803631E-4
0.0036226780447361057,9.766608510152273E-4,0.001151638521512951,1.5937164963518498E-4
0.04011367352527652,0.007994007479457488,0.001519057383562511,0.0013634824728230761
0.01880392581094188,0.007701756494929445,5.862196491714949E-4,0.0013400295735919458
0.16399072666004516,0.041806559762187515,0.011742980298762813,2.377772808638806E-4
0.08511192112040085,0.013171303192894848,0.00212548092806709,7.19253929498126E-4
0.006509429801561387,0.0028966229500890423,1.8411688980913264E-4,2.399002637112499E-4
0.05229850000000018,0.01170775000000016,7.038940000037018E-5,5.437661590002029E-4
0.04575703446000378,0.02286818810058474,0.0064403922738679314,7.856185110297633E-4
0.02632281132202429,0.016440434685149406,0.004525855375069933,9.306412671981524E-4
0.007142949540220096,0.005865324628833071,0.0011329044292114068,0.0012613688977421217
0.009374562245546432,0.007992472981817069,0.0013592866420171002,5.142771841535703E-4
0.058736815510265585,0.01067510850315949,0.003139318092540544,0.004546605027375876
0.013929987880469731,0.0022413726393086123,4.183677843601869E-4,1.0791534269144888E-5
0.05030984249596313,0.0038326506807269066,7.040716863047249E-4,0.002015228886478005
0.010845343284253267,0.03313155686364956,0.0020265950381599365,0.005747426097887856
0.013012871402089862,0.006470889365140232,0.0033999672296266634,0.0010395191598094843
0.034090434839000934,0.0017890698668910898,0.0025342444635207875,6.652875565086291E-5
0.05433020048910531,0.001649395539242396,0.002746976214104251,9.8337609251168E-4
0.004421219677397232,0.00459180737476803,0.001912197483238526,8.534553646426123E-4
0.011900257696311348,0.0045314720895686155,0.003052281771610591,2.313977930607324E-4
0.014769660800135143,0.00944585291968001,0.0019808696237603334,0.002120433158278168
0.023352656427180346,0.02667156745985373,0.002715231594276346,7.992884783489373E-4
0.023049153049571645,0.00743758179295814,0.001542219065989028,6.605158008794818E-4
0.004945450806897427,0.04627481556842186,0.00619937198914876,0.0038670782595773413
0.018921821088950574,1.0014306151606171E-4,7.901483127156866E-4,7.494221391906061E-4
0.13535305130741915,0.02391903341923789,0.004739064339227113,0.0018441810858725262
0.049019102040433846,7.454534739823244E-4,3.38162559545708E-4,0.0011971164278191133
0.14003543427835413,0.010156097434344074,3.980940746247736E-4,0.004349454976105799
0.04470748294736848,0.021793823191578875,8.827024034881697E-4,5.247020775562204E-4
0.11193951599489134,0.007465215312914932,0.004464348788897919,0.005278380586739041
0.02483079190522103,0.009332109857717825,1.2602369480179014E-4,5.914855212290839E-4
0.01588407617314623,0.0011985625946376165,3.703328491860474E-4,6.371162477683289E-5
0.06117654366290195,0.0029745066577653834,0.003937295526523034,3.684676940964546E-4
0.01719569645951274,0.023749507796956233,4.0297640457656294E-5,0.0013935550012981444
0.0965570370370371,0.04530039999999999,0.0022006222222222187,6.763212444444917E-4
0.08202271172464064,0.04529040449826862,1.0015386433965169E-4,0.0011845843510655061
0.002078977824544289,0.0027969261523607056,4.083639898075207E-4,1.5465782434382917E-4
0.004439921054682818,0.0050848922631987455,0.0011949093217417035,0.0019718561222559897
0.15384910003656987,0.022081553191557236,0.007492056989262377,0.002721753282325475
0.2106600412670086,0.055022975951589885,0.012587364677216778,0.0014210431435768987
0.035128888888888994,0.022841325252525264,3.6243781818164414E-4,0.0011295929575756828
0.04509656565656572,0.009959999999999934,6.176037575758154E-4,5.184952686870298E-4
0.01623952384898603,0.003428397866848573,5.723408568108037E-4,5.305247564879022E-4
0.039424372881424696,0.002426406981948883,0.001318004620093038,0.001667938770379105
0.013947575757575858,0.0016846656565656154,6.324492727271754E-4,8.17868659089703E-5
0.032982337387625515,0.007524581702802808,0.002953603384452718,0.0010763899084083352
0.010619330272146843,0.001432794514752068,5.319136496559557E-4,9.31294117296737E-5
0.06331508967916573,0.003194654658604373,0.0016490093365920716,8.655937011624533E-5
0.016859130434782797,0.005708139130434931,0.0054476173913043545,0.004039574184347778
0.023942240556938187,0.02757171433461681,0.0032934704347714356,8.80501507150922E-4
0.006290574711404635,3.069766643111894E-4,6.177321204124774E-4,3.910840064948612E-4
0.003870796892352472,4.1062972558126724E-4,2.9580197926507874E-4,9.195410563247634E-5
0.12433029660617928,0.007413745761947252,0.003069564208701711,0.002928163586258357
0.047789226117146325,0.008230655168551813,0.002467261104266913,2.276695361183855E-4
0.06212777644930054,0.009946102649202482,0.0020138880161473492,0.0015874986211436375
0.0037006152691491426,0.0026763069337281216,2.2845993750834315E-4,1.7450171544006234E-4
0.10677693487524131,3.2181377150413993E-4,0.0034318576626431504,0.0032814402809534238
0.08462400000000027,0.00707653333333351,0.001299190399999909,1.320431680001029E-4
0.09267518643604077,0.003915440348399495,7.189272208058555E-4,7.903861762551946E-4
0.033045142662075706,0.011783151859704516,0.0017109658832956407,0.0010830220561833896
0.09505770678456252,0.02242997447009514,0.004340795514931968,0.0016460576307792292
0.051776506226859746,2.170986199933219E-4,0.0010504086166272574,3.635533463481297E-4
0.015745952569825195,1.382617609192686E-4,2.7038060603095315E-4,0.001996536303651068
0.0034294351387784546,0.030741168485680075,0.0024412220793502137,0.005962784710484652
0.0984822046752801,0.00596475112109198,0.00844088392711983,0.001104713919527275
0.05938619613392625,0.008160222226319182,0.0018434840108151058,2.5441219133456964E-4
0.07294799015400763,0.005862261124310099,0.002706483267989157,0.0018651092743410822
0.031147609002128526,0.015540526112408163,0.00709904313273906,0.0010832611707400303
0.004583551999999769,0.0030040102864195587,0.0025627636613442285,1.534402543418917E-4
0.011377543999999665,0.011376824055889358,0.002870660585800483,0.0013694731085628427
0.09140343766081871,0.045985539368421015,0.0022881792522292965,7.773073141340139E-4
0.09165598601921272,0.025023294390387436,0.004141846652490974,0.002782426088663199
0.02239350234448216,0.004544646433570722,0.004120132352882221,8.168814847626175E-4
0.022189007583209176,0.012457459455762784,0.0010451416973931021,7.219611239170919E-5
0.00401218948754781,0.00666381841399155,0.0014927046261451998,3.457199777502725E-4
0.029422686682898925,0.0061473318130085075,0.001399917641237928,0.0017344454275550062
0.0031242238303986272,0.0031782041380653283,0.0016387898265528174,1.0042510418168073E-4
0.003763206485695421,0.004421940837162823,5.918401239029912E-4,2.541051993108593E-4
0.08661734676077763,0.006534746491582471,0.00176871065179486,0.0017211174797925773
0.013798494286628733,0.005544299931236677,7.730349035308676E-4,2.123541350165231E-5
0.03343517783510665,0.001919760310116556,7.937798313467412E-4,0.0018030311141587591
0.029779524890465876,0.004190581543718133,0.0010129095856192137,3.201687867065613E-4
0.03346108343526785,0.014280051300405777,0.0010530952034743175,2.1121667936234545E-4
0.005641139189699449,0.001109892668964327,2.3996360354158137E-4,1.9940439898792435E-4
0.010281375649995388,0.01346185899313433,0.002860809279926018,6.979057859682628E-4
0.0023185087719297354,0.0010739263157893732,5.224292105264021E-4,4.123787561403159E-5
0.05614057489288413,0.008295663154153013,6.038248647810995E-4,5.628807362840182E-4
0.05615096176224053,0.005379519158741718,0.0022159025273102615,3.755835653074862E-4
0.014474860792738955,0.020315317274850402,0.003920710116222693,8.99295327009066E-4
0.025982386990229672,0.012903628206952948,9.30853267087156E-4,9.971864096693444E-4
0.006841629520740183,0.018146449749297747,0.008671728954939523,0.002572111262490009
0.02830245239861345,0.0029441275665253214,0.012594975419645849,0.003912085802405664
0.009038399786460661,8.096523803930724E-4,1.8179063789062024E-4,3.1827173333784E-4
0.05525343179471131,0.003318110800266559,0.010189755050259815,9.177746177778018E-4
0.05368081120920687,0.019587995100766583,4.5182773487408473E-4,4.390810707805293E-4
0.010526123080346712,0.002427684541896736,0.0016190680544587097,0.001018759786666421
0.009062954849785816,0.01748847818632733,0.0016651240184105158,0.0027970174340944142
0.1706979299281862,0.008679556155117315,0.0032430091677878485,0.003570185032314205
0.0011095326250066663,1.9561472297574474E-4,1.7470080098439555E-4,1.549900384011539E-4
0.007181001510662941,0.002585181314896293,4.352068865211721E-4,0.0017734889966212943
0.02687713646060728,0.007033877372845935,7.248121907321234E-4,1.8294147228225174E-4
0.026857829468253422,0.009480936310102578,2.6395173396749215E-4,4.732552859783235E-4
0.06932729164927696,0.011307233914692433,0.005812874099309242,0.0014668369243074906
0.050739096645152304,0.0210898239844439,0.0012381592461993042,4.790266483764157E-4
0.02443338989898967,0.00942842185912467,0.003434461421090981,0.0013847724021318632
0.030699926977389515,0.004742294801401801,0.0017840537727788742,6.069380432542385E-4
0.00860215053763439,0.001362007168458817,2.3894862604563918E-5,1.5794504181590886E-4
0.04570678099276567,0.016394469216765826,0.007761768712496016,0.0011602136249625797
0.01591038782407944,0.01194090177137151,0.002828072947745516,0.0012799599183788478
0.0019459223771389263,0.019515855908646695,0.0011810638498345209,1.3255324005011872E-4
0.020306455883852707,0.01112707622231168,5.022231802783065E-4,0.0016904978263053351
0.019925117613778975,0.009884409621623165,0.0014203661021197087,4.987020777576452E-4
0.04674564818380481,0.018854780375767984,0.00606583166638569,5.019092433807194E-4
0.06022762677701929,0.020276992064487274,0.001567773346507567,8.689693132999183E-4
0.007972551981341376,0.0021387743289901567,9.033331858612956E-4,6.628045019137731E-5
0.09594199680490693,0.047595138755221256,0.0021450778687050905,8.648860749173533E-4
0.02805763478096033,0.013356123783381364,0.0012237602678305507,3.119352761613116E-4
0.04022478190870472,0.007301627344341507,0.010826813064880375,0.0021280721284056866
0.008148804147228402,0.003593777771519275,0.0014299872169942353,0.0012641315878417438
0.06004715671962064,0.011038405023407204,0.0029741718395769595,0.004493882076835764
0.11522553042138016,0.006581185089661281,0.004577695914051573,0.005318977017038639
0.04521624051495564,0.00762161009926106,5.772688560057768E-4,8.36620610227669E-5
0.06597724269104534,0.008467841406180267,0.0017700637650424577,0.0014476121049078353
0.04543980143628898,0.0040228286229860855,0.015284942400266125,0.003950097843114215
0.18163837299132987,0.06933897552388907,0.015432581362191344,3.5030014285913186E-4
0.02724595637456798,0.01952005447243326,5.170535407559615E-4,0.0013354598331749342
0.0010382222222221594,4.6754666666654684E-4,2.8279017543858303E-4,9.514265487721092E-5
0.003761480816337883,0.006711795310877627,0.0015081876116641165,0.0012204435092358623
0.08194010833315767,0.006019548255116611,0.009244645719169697,0.00786041493534518
0.08849714151917783,0.009092333996331753,9.683590950055862E-4,0.001635091376846401
0.056885333333333496,0.019640684444444265,4.995583999999516E-4,2.598455039998226E-4
0.05073392520068453,0.015189511485296608,0.007827940387869969,0.004379830257307734
0.1302600095636142,0.006775594144127374,0.005086676825551236,0.003351431979180619
0.020073587543716624,0.023325776796046162,0.0034182829341403384,0.001267919779215609
0.006409309716788682,0.009681216796075845,0.0024906936240246948,1.6084303255610533E-4
0.09432218606975755,4.095632716102682E-4,0.0015940059027484876,0.0043109830959936375
0.054459193401936744,0.003318110800266559,0.010223096588473547,9.458019026965023E-4
0.10417330463396597,0.004954874813376331,0.002021415093308141,0.002879255396654382
0.036252000000000194,0.009890000000000052,0.0010841643111112833,5.504567742223914E-4
0.059831776071320064,0.008108530391913678,0.0019224072917828577,0.0014927726584272796
0.027631991827446706,0.01861574566155983,0.003047286245451239,0.001273627270212518
0.0548131041952707,0.013686165266666753,0.007951525871304392,0.004206714860171083
0.05503968330948351,0.018978592331134136,3.768440170739435E-5,7.502677233917942E-4
0.03336958460919318,0.02350373952450255,0.002970073550788308,7.598581595540278E-4
0.0557120181622443,0.00754923903321849,9.293995572847083E-4,0.0010852172008499737
0.05229850000000018,0.01170775000000016,7.038940000037018E-5,5.437661590002029E-4
0.08512276264681018,0.02412490584805889,0.0014012130666402824,0.0036432530671741603
0.05241141158288477,0.008996265995939341,0.0010577223818399764,0.0027328946671486107
0.04675973042649006,0.001804028069020397,2.9460682906779997E-4,0.0018145389134848614
0.07637599999999986,2.544599999997759E-4,0.0053529200000001,0.0012268741180002094
0.06693899076270375,0.007948357284330548,0.009939902987993975,1.6899230062775343E-4
0.05332776114492303,0.01392338720280808,6.363446577574524E-4,7.855901980558412E-4
0.013903015869464746,0.008199107283474505,0.001655670930369638,0.001688335609569105
0.020010601427115176,0.01689196330275189,4.742752293579041E-4,5.295140844039586E-4
0.11681897852747496,0.002349639263647116,0.0032553228206808746,0.003393489982415949
0.03393874116459093,0.016997643890945876,6.518229552340262E-4,9.566541635797238E-5
0.03991154148644297,0.006806697876670767,5.648270525444347E-4,7.915990708114261E-5
0.0026290278557810744,0.03362373814365955,0.0013172755165229972,4.169614363868816E-4
0.02688952925046581,0.011037742844109263,9.102320855427623E-4,0.001465535669356422
0.008590494225732269,0.0037889460642003283,0.004056334245393905,6.274526981270167E-4
0.024168132578247646,0.023708403023244028,0.00201457390954959,3.6869555924429036E-4
0.014138058899287929,0.004392719878636069,0.007166521639446567,7.169366970139687E-4
0.08877254003246966,0.010785923923209276,0.0017333108549211908,8.407286152851426E-4
0.04631601815196882,0.004685773604362244,3.581261880590045E-4,0.001077805665362578
0.09142170775834534,0.009882934980002965,4.5673430287202854E-4,0.0016838670734964302
0.01007326525013974,0.003943025357550102,4.3359236907747426E-4,2.848478852278074E-4
0.013208062942391198,0.0020652453069458124,3.2122736118811766E-4,1.3085354249885008E-5
0.00193919891877116,0.007650152391110597,0.0026219173259343555,3.8955415666284774E-5
0.10229890407341848,0.025833089138952648,0.004691338644402744,0.001827561064884104
0.0035680377657237566,7.865869887067323E-4,1.6866229686627354E-4,1.7548177650768507E-4
0.0956861638218609,0.007522750741680709,0.003135529378005703,1.941026040919907E-4
0.18370084385941363,0.03172776398249449,0.0015657160860088723,0.0012424214921300015
0.050949469049487106,0.01095540748128941,2.5737941718450498E-5,0.002446479593323564
0.00958276000416628,0.01771847106438148,0.007821658136462826,0.0017067327350548857
0.02004543713766606,0.014575176218449101,0.0018951124313374573,3.9197653940596124E-4
0.03136372665867311,0.007520189068140294,0.003161308102398838,3.105952222629773E-5
0.04926191909262784,0.011252676911573401,0.007428980721839759,0.004178181336501265
0.020124263294718257,0.006124922362315541,2.8809668201650523E-4,0.0018343536748682294
0.050739096645152304,0.0210898239844439,0.0012381592461993042,4.790266483764157E-4
0.012127087894154526,0.0029171371834919866,3.510733848568946E-4,3.633678149632526E-4
0.004875972222222346,0.0011319675925926202,2.483461666667227E-4,1.4564410574071488E-4
0.18877870580732115,0.02926868230070699,0.002527046576121836,0.0011079863393213265
0.03924440457351344,0.01020032474136904,0.00832918158512034,0.0011398564829318333
0.04794686359054769,0.010401685653488698,1.7789667138295846E-4,6.583862937804646E-4
0.030699926977389515,0.004742294801401801,0.0017840537727788742,6.069380432542385E-4
0.011665176824025927,0.013195730810237696,0.004699930383339065,2.4495497313567905E-4
0.004340109027947519,0.007138628810669826,0.002547830231508392,7.479608887515781E-5
0.0033703355493196,0.010363974095112057,0.00389192916659942,7.613819677600563E-4
0.05203398836435522,0.0031995317046867337,0.0016153378536100157,1.8537313012513155E-4
0.09886168938003227,0.018837365167929845,0.0045477758217893445,0.0018358641124029886
0.09314444444444446,0.04598012499999994,0.0020419933333333954,7.179823333333128E-4
0.0211487548105567,0.002615848973114781,2.76026618759679E-4,0.0018310695327459147
0.012794559766016076,0.013147683259586304,0.004273804446330158,4.1777427075678916E-4
0.013607896123149847,0.010643368664686667,0.002570239930266108,1.4876207022734286E-4
0.03809666249050115,0.007481869941232026,7.17506063780086E-5,3.288838303261485E-4
0.10632143243971291,0.051236644186636635,9.100471254701886E-4,0.0012583442835628787
0.06190202289696578,0.006590348034838968,0.004775995222152912,5.349922861709032E-4
0.025475082494597436,0.02717504170885686,0.002237822812865454,0.001172162697464336
0.03035780022608391,0.02690011980775666,4.506947545443133E-4,7.80097563513683E-4
0.052290881454445076,0.02028082413153755,6.465203823378036E-4,8.494882202211884E-4
0.05157120044700846,0.017800301850586155,0.007168026593191032,9.15643916595935E-4
0.004042139754816177,0.012089704371742744,8.94764306436454E-4,9.563235645443377E-4
0.1804520366929092,0.045230191915989704,0.012389863772560605,5.737703924281696E-4
0.00744681636001858,0.001445770012688052,9.314172754309762E-4,1.8808636044872758E-4
0.1708519185768733,0.02150156571760673,0.0029261636580111693,3.42085807064489E-4
0.046554162276936845,0.003941148053835405,0.0029304510272105916,2.6519869414571628E-5
0.04282614642325205,0.020041647589875512,4.1190241704053114E-4,6.965496758713445E-4
0.13179143530517975,0.004762477519066922,0.0019444112005723082,0.0033393718301304265
0.2364942519861784,0.05531069121558155,0.005938557752486083,3.6009181524795957E-4
0.012381832815568521,0.019621825564214126,9.696925172419492E-4,0.001598532367485619
0.03516806655109438,0.0019129753038069398,6.785633357388201E-4,6.472378474416934E-4
0.01391382721969284,0.02417299824689135,0.0038965831785559455,0.0018476081783511628
0.05536482950857425,0.005160323971111358,0.0016412000496777049,4.8902286837929475E-6
0.016165188667106836,0.00933825116033095,0.002989207764436586,0.0011091208653151792
0.03948236595936824,0.006192860613933841,7.870083246747777E-4,0.0025133629353605884
0.014029164654756066,0.014927412844036578,8.578249734426474E-4,6.818238856592122E-4
0.12265694634609073,7.739565190572716E-4,0.002958591442308874,0.0033803160866596156
0.007574348614248363,0.002680531984011805,6.277033685685573E-4,1.340180520914464E-4
0.0026105593609880564,0.04802008964174715,0.006895158429720931,0.004192574473713844
0.04245224663319506,5.06731705015825E-4,7.471334783351013E-4,0.0020546807689066416
0.005442201320961599,0.010673552203975119,0.0023241231324776183,0.0012447166606080532
0.08084073209527373,0.008816984673728774,0.0016544901701250067,0.0017397583420909865
0.030786493411437896,0.0019724531367973355,0.0031593639219039656,5.655618966343593E-4
0.018079537918342437,0.03135607942342321,0.003764395072524636,2.9253898244363145E-4
0.009673928840464509,0.014512789245139608,9.335778173363005E-4,4.420873305954837E-4
0.10406039764558926,0.02138764202262912,0.0021223564558297305,8.879427746993398E-5
0.011799634366559276,0.0465942657365368,0.0067336459019241785,0.0037506781722133225
0.06421604210413433,0.009210713225478003,0.0030481491871455317,0.0013885553295746986
0.041119902762382574,0.006459114342869547,0.0011951063645050223,5.787051892541273E-4
0.10967251187434894,0.009061746097558514,0.0053324531098983795,0.001148888694225874
0.01378511572947772,0.002513463724534364,0.007841235952945157,9.671344995970153E-4
0.060438120333772556,0.012481841018884596,0.007868843214756182,0.0042068011664471066
0.0035332958461197195,0.008643305799998818,0.0059591810265545355,0.002095444108913604
0.07751159349615815,0.007691720829230497,0.0019348870074670501,0.0014009719010997798
7.279112648658765E-4,0.001658325936078937,2.770892593416818E-4,3.2208926126354743E-4
0.03542473538110437,0.03403481761011432,0.002499929184525675,0.006394616706909033
0.009954232501119972,0.02671312519401348,8.786029973456783E-4,1.750868309656722E-4
0.02895818870417251,0.015484130562896662,5.959360754190085E-4,5.625846599026795E-4
0.002318508771929857,0.016507172581052644,0.0038398485808316674,1.3236720953303682E-5
0.019292811403550086,0.005384333723198384,5.573022803352664E-4,4.7091652723126563E-4
0.011727108728775248,0.04810649098452897,0.006658783691238058,0.004306853487668534
0.06907841455558647,0.022211572258664204,0.002955424020825175,0.0018303082737282361
0.002989898989899106,2.5769696969705835E-4,0.00417585939393942,0.0019570961777779297
0.007515856778643746,0.007708263196303036,9.513983669676117E-4,0.0011582274625393798
0.07168800000000014,0.00289333333333342,0.0018334623999999298,2.1556521599994411E-4
0.08408362360034495,0.009624195735759676,0.0014895070340940752,0.0016566783904066076
0.07512046536224228,0.00492700158646224,0.0018066181279745247,1.896577590691589E-4
0.0023185087719297354,0.0010739263157893732,5.224292105264021E-4,4.123787561403159E-5
0.03642862976366689,0.003361498620040674,3.1727827788653474E-4,0.0013472735321631134
0.002590332083873572,0.0023433637530233605,4.7116519513921675E-4,1.6196757838331694E-4
0.06165741186170123,0.005363909173966687,2.202744483079065E-5,7.131851715555691E-4
0.012313483897307883,0.00870481698538221,0.007483471289479362,8.271506876928732E-4
0.0018928947368422918,0.0011791916666666095,1.5815494736863485E-4,2.544710587728558E-5
0.0012312467437720468,3.494649206469354E-4,0.0010049190811841353,4.3002394245885464E-4
0.005663978789548409,0.0028966229500890423,2.1780900450598571E-4,2.1189274460443528E-4
0.05699810979272597,0.006489122620921629,0.0015401783161461532,6.098367778273675E-4
7.006927909942023E-4,0.004201417602219879,0.0010883518191748102,9.052261675141677E-4
0.06555333021034766,0.006889950485068681,0.0016368393048396327,3.4851174062123277E-4
0.004169201697003168,0.002835685229068034,1.9512093905914855E-4,5.420781765895337E-4
0.08498071412423297,0.01744794662513248,0.004788370540568687,0.0013822532226636002
0.08008313500258983,0.04272163201526593,0.003472491331916698,3.396712622643755E-4
0.054012500731029006,0.007787537943026398,0.0012265057936906994,7.11144114765487E-4
0.026431684576208855,0.02061351562051934,9.226559077224824E-4,0.0011963199221907113
0.020889635173668566,0.007403614607833856,8.012619173221977E-4,5.008994311072638E-4
0.005489434992248554,8.140786420976745E-4,0.0025911573913334185,5.683919961705299E-4
0.033082983835022756,0.011094230991610582,0.007381295696951782,0.002308933044803739
0.09917499208238831,0.009073825070093479,0.0016625214388568475,0.001722108663270885
0.014333520483981482,0.03252226940039592,0.001850130502354251,0.005934367064615251
0.004002029318569406,0.0018052136191999044,2.47345686077906E-4,3.2282705528163466E-4
7.141733120679982E-4,0.0011596444444443804,8.104216905921903E-6,2.490224178615429E-5
0.002030648318562733,0.001008498567912146,4.212291738978298E-4,2.160804815818421E-4
0.006358736842105335,9.022222222212871E-5,5.648999298251108E-5,6.920377356677348E-6
0.06523861026566398,0.017888700428893765,0.0042366831000179225,0.001560502243413105
0.08008313500258983,0.04272163201526593,0.003472491331916698,3.396712622643755E-4
0.07171993590748497,0.009635413898903763,0.0014325072227197478,0.001468421022422306
0.05719492753623187,0.012501166666666712,0.00800245652173925,0.0042354677072464755
0.010649520855572855,0.021554608998514472,0.003705399956618777,2.617267796891678E-4
0.03062508041574101,0.02412121796674938,1.473371039309354E-4,9.61724576437071E-4
0.015523401547978313,0.03800360252161887,0.006276914159792415,0.004521919092327642
0.11753708559303098,0.0016108113189273834,0.005316603327700264,0.005435516112285485
0.052547657577967664,0.011705327496890237,4.302923693863055E-4,6.342200627044882E-5
0.045059185495347084,0.02302123399909015,1.1518883653316728E-5,0.0014720070349744487
0.017161095428573903,0.0071520199100367976,6.772100510959317E-4,5.236194900996176E-4
0.04193584899812012,0.003550937412462402,6.9171845612526E-4,3.363612223674746E-5
0.008537777777777766,2.329666666665533E-4,0.003868066666666828,0.0018464660644445456
0.005753557495310532,0.0033894325005944673,7.715244088186857E-5,5.274908946664281E-4
0.0859611972668838,0.0363807395791012,0.006749245578969589,0.0025097161684056795
0.008807943397160916,0.017773089858516476,5.484827182605505E-4,0.0013177377426894588
0.024847692173695087,0.02108645202237041,0.0076290401697825866,1.5170516753626703E-4
0.043591082523845734,0.0027919529720544563,6.436644196237335E-4,5.683564459652786E-4
0.015731537534643354,0.00337008463529112,5.714494778718927E-5,3.510550810627578E-4
0.0035630561239738396,2.4209596946645254E-4,7.697242314850028E-5,4.113042779290665E-5
0.05011717171717168,0.021047466666666636,0.006575917575757625,7.889393260605598E-4
0.013722040909126768,0.0019739638082796147,1.122937693353782E-5,0.001222881973444718
0.009943193306510754,0.005495604907560189,0.0015001803083346003,0.002180971683688208
0.015179256195318328,0.0035979353254403474,8.199443038389807E-6,9.321012522361564E-5
0.0209278010751212,0.01234547496606358,0.0022918315662208977,9.466588441029802E-5
0.025982386990229672,0.012903628206952948,9.30853267087156E-4,9.971864096693444E-4
0.07388797690190932,0.017424162092568873,0.002204297601745373,0.001676930591002871
0.04560686821680586,0.019891122503554962,0.006511624711201771,8.672601681885185E-4
0.0038839718235784723,0.002767396331751466,3.4603124129729574E-4,3.1030344733390234E-4
0.04987848638353174,0.022063599896126555,0.006133708733450754,1.6890496362652646E-5
0.19992224326654986,0.0591211156575529,0.01426696095710991,6.109705663317142E-4
0.07637599999999986,2.544599999997759E-4,0.0053529200000001,0.0012268741180002094
0.012322788729453308,0.00485677844971639,6.527298918400664E-4,7.469646551307921E-4
0.060280693622809876,0.007236232680850438,0.0017968641673213157,2.167519942208251E-4
0.01955654867513505,0.008451778093458708,0.003087762092418732,0.001414658287727352
0.005061022517936054,0.008427727432305554,0.003811955034091375,7.912380080350669E-4
4.96458359556078E-4,0.006630810558924842,0.0035498241114727404,2.8839302515081553E-4
0.08935851861095682,0.025692749601372338,0.004197668095507405,0.0026489385740326803
0.026294596646155983,0.002646202231226976,0.0022243764058007304,7.20945226267724E-4
0.003223578258278864,0.0010217163506673703,3.4482876454675207E-4,8.381655807774383E-5
0.015670781310975025,0.005752163547842659,0.004493660059914796,0.0021489639262636225
0.00500842752768704,0.0024121789882342584,1.2091445846439957E-4,2.246205933842869E-4
0.011569307871579193,0.007991718755928287,0.0020282744682157128,1.7148879633518092E-4
0.06311123567090511,0.010880239113858424,0.0034815592017020504,4.080541332973679E-4
0.007155123098816059,0.010971405677022865,0.003574186361684914,0.0013005842249458849
0.029558305670083104,0.0064910365061595235,0.0013054168165112377,2.8414267692619596E-5
0.021853486854942226,0.008633230658605991,0.001847364230846616,3.9127055453368E-4
0.006957588577472194,8.197167871200788E-4,3.779279722661684E-4,5.92084031260574E-5
0.05078827353723457,0.008752271336373478,0.0010438628622896273,0.0016676642180767495
0.08573798911052029,0.007601628428342171,0.004223946299773848,0.0019307762212781032
0.06308324726688112,0.011917332430915844,0.0031400882819221706,0.0014753816879144162
0.006084353362087745,0.003216372473897013,9.144225423314063E-5,1.789745631240924E-4
0.012626123544677278,0.030188256712943905,0.003571765984022551,5.856404360288877E-4
0.16281420331666074,0.043781562205506504,0.014337470389329072,2.0154778066138317E-4
0.0387295672140734,0.014110447776992179,7.028180865003931E-4,0.0011574980016779636
0.04480465859420506,0.010314889879538687,0.002785567540713926,7.848229070281346E-5
0.0010766078903521633,0.0021925144390777924,2.2521324761781402E-4,3.45523307453436E-5
0.0022630023373099613,0.005112080935608881,2.1915017559583788E-4,2.3186807168949756E-4
0.0641963204851481,0.02341854914164533,0.0024178857608782517,0.0013969800834481916
0.05269090718191603,0.03524332320964592,2.3611611546274104E-4,9.172589475847082E-4
0.0839282324882522,2.320407601832213E-4,4.3066702026421855E-4,2.985966085037489E-4
0.19224967626729556,0.047250117054232536,0.017001227257742425,7.953615389475626E-4
0.054012500731029006,0.007787537943026398,0.0012265057936906994,7.11144114765487E-4
0.08120918953831037,0.03217013232916141,0.005537140255036391,0.0013330679348813046
0.027443777086852784,0.01653329162613459,0.003567540433002905,0.0010258810917729358
0.024694448518035046,0.006779000250706685,0.0015470118760868075,0.0023249574050070885
0.0038054811168564628,0.009797980189446413,0.001880930264879617,1.9808362908021215E-4
0.003324210526315769,0.001699399999999971,0.004216771368420943,0.002026520014736865
0.11203599862956094,0.01513967545668989,3.787895841083204E-4,0.0017753133103089295
0.007784214980800742,0.0018958378188780334,6.267201489333241E-4,1.3312144401692827E-4
0.030656025727534064,0.022934310019442992,2.869098204843897E-4,0.001128348563179256
0.09583225653008065,0.04596169603145499,9.409689336952539E-4,5.874552136733937E-4
0.0043868116297489474,0.00784750887749628,0.0012165759985799012,0.0012487090617089084
0.03941956715789497,0.002293752586666665,0.005400361856080783,8.804315632114669E-4
0.016624328195887227,0.007022922046894329,0.008580569364685004,0.004054248600222163
0.051228621211968396,0.0076127849706818275,2.150717097381017E-4,1.2548427963367009E-5
0.12265694634609073,7.739565190572716E-4,0.002958591442308874,0.0033803160866596156
0.009755841577860667,1.5545722901116922E-5,9.907312087507932E-4,8.701714990106475E-4
0.012833688874113593,0.0013495060753313253,0.001048957778011525,0.0011007923371382621
0.1238836634817166,2.3180765912694134E-4,0.0021910933896118296,0.003319418322764423
0.07616770186335421,0.011543214285714126,0.0060306173913040875,5.500950931678535E-4
0.042876881761407165,0.007159252258479948,0.003586762521925124,3.855314083771261E-4
0.03373810526315796,0.007792079999999932,0.0030167915789474026,0.001170568491368499
0.039620568475676264,0.009154459251735879,7.476162846280057E-4,8.111754604003549E-4
0.03164930502725833,0.010615262537609745,9.109000092843894E-4,7.495148753537745E-5
0.010962249109816209,0.008259845169976372,0.0012620966890469554,4.4796197799814875E-4
0.03211395741449599,0.002041172121391194,0.001628306091196813,0.0010870996433861534
0.00458391336511543,0.002830092606233976,4.773903278699302E-4,3.812044396289323E-4
0.026992227283818542,0.017892939219724287,5.605203261307613E-4,0.001465835343788869
0.009968384449576338,6.491364612388467E-4,2.3796429105399022E-4,2.159064139546059E-5
0.018473160423670757,0.012427627307589825,0.0011707352865596658,3.767099365916118E-4
0.08120712321745661,0.006844473683690519,0.006879046614318306,9.466957895882527E-4
0.011775686588910322,0.007224989497535954,7.052067521804622E-4,0.0012699216178113876
0.029830360079655206,7.991200008087217E-4,0.001746734468629787,0.0011540802495030803
0.08673852631578943,0.026566640000000016,0.004089264505263263,0.002527295238736796
0.007331986531986663,0.0028472134680134847,4.357687272727855E-4,2.7107437898993373E-4
0.010605975813209996,0.004419240178456258,0.002195634648463574,0.0013200809267040574
0.022014755920294636,0.01353413903838221,0.0022693121718032026,7.004087905275148E-5
0.0962575422979779,0.013125127435456713,0.00350574712004148,0.0010902435213839415
0.0012281687082533834,0.00932519672406564,0.0010547717345431972,0.0012655942470142984
0.0355457275578402,0.01223658952879052,6.369357781094622E-4,1.7937042502137696E-4
0.02259208231391731,0.006155714033596252,0.00226761234931296,4.116776087221315E-6
0.06177328282913462,0.007884946811202569,0.005689037990217332,0.003639609827749067
0.03681020027523332,0.013548385160508521,0.001978575390809435,3.6720905876481703E-4
0.0038078413564165384,0.0029572917544243966,0.001659330058433823,0.0011913281932541514
0.006056511701278635,0.003383171205120652,0.0013561034362162359,3.887002135846091E-4
0.029348187026817494,0.009665594636626713,0.006650058186954418,0.0013947457110526393
0.1195596046450546,0.01706099388012352,0.0010153906327086315,0.0016167129065744973
0.0017276800494232425,0.0016289189114426395,7.251805443306952E-4,2.76356660764705E-4
0.022870985636760786,0.010516378377863045,0.0038162671775087195,0.0010972694327118235
5.112174375332897E-4,8.525779904305792E-4,3.716192663476786E-4,2.7913340393419755E-5
0.01687146828253328,0.011924771714902561,0.0029686355568457256,6.94228709699675E-4
0.08879787305859134,4.2618331446096997E-4,0.004404269869343761,3.3396704091556836E-4
0.03617588903282605,0.001886212481551341,0.002000284800216047,5.530913236203019E-4
0.013953868465730823,0.011619433612298282,0.003088307316365219,0.0029378034879030163
0.011153260117823003,0.006422861718680874,3.0243827842675174E-4,3.0995308373485414E-4
0.027840213821510418,0.0019724493565216423,0.0058936720866884385,5.931248121593147E-4
0.009668540817609882,0.004086719715303706,3.171848226295591E-4,2.040345602685696E-4
0.0021749890136985393,0.008893082919191338,0.0018631563722947564,4.8815746987744367E-4
0.02493581644253857,0.007548696263629954,0.0012235811778786878,3.1522066714958354E-5
0.013098235117816846,0.0032937753052929477,5.313697457575663E-4,3.1704391079233015E-4
0.04333335982061568,0.0013102480485040623,8.840650062209687E-5,1.421943970119051E-4
0.04962330019519425,0.019206624805759298,0.003194873078490851,4.949682515176781E-4
8.216388225936387E-4,0.004349898170246642,5.434937947493912E-4,1.3702504630083947E-4
0.07920031108294295,0.01546947190300728,0.002744289323540285,0.0012710215486547002
0.05213520920507234,0.0032470985514794566,3.3875863347673253E-4,0.0011803393869564878
0.0022179546028270767,0.008760483905180718,0.002078796923064709,5.869954419163435E-4
0.0888713497388791,0.014793879177445075,0.00927718095065327,0.002664107750540753
0.1108184426610294,0.0072759880159189326,0.004369239135987509,0.0053433572522950746
0.11481142173348943,0.014328202141004592,0.0017466160053454572,6.809210186398037E-5
0.02260559301120501,0.005250056769867569,5.347380885791297E-4,1.892861099509999E-4
0.009963766705387093,0.01040305720717373,0.001410261037408783,0.0011385841088727272
0.008414070403161998,0.020451097833440852,5.767407224069827E-4,2.3418913104158705E-4
0.0014609175831583256,3.824473949344866E-4,1.0523684144193163E-4,1.7908320786392016E-4
0.034705230544961836,0.008698394962666868,0.008618903128729509,0.0010989796838522465
0.16746984021720254,0.02140119013866612,0.0031291883264095805,4.07502599808615E-4
0.02703780192905497,0.012121041910162588,0.002915427105011452,3.409230743814767E-4
0.04322002557008957,0.015228909807204849,0.007941478532644864,0.001093324003424589
0.009869062983023777,0.010503767496707844,0.0030594090829029396,0.0014412693824364584
0.010231745021605173,0.0016787506743394702,5.383358047160723E-4,4.397534664426703E-4
0.005318364805445396,6.21175610154217E-4,9.045329717189158E-4,3.071060061087702E-4
0.03495573258856883,0.005916728965211928,0.0015552231209007487,0.0017299207733312766
0.03456631284226423,0.020167772411343335,0.006774772305475861,0.0013935107852861164
0.05073391304347819,0.021998330434782467,0.006569766086956752,7.794809599999034E-4
0.02215984720328343,0.005651203821951341,2.2513672224156196E-4,2.3257265734705044E-4
0.1989589872802799,0.057087456458626507,0.01337675263693896,7.573527924086907E-5
0.04236278830762958,0.0012201579710011629,0.0032263885409982503,0.002625945459306802
0.014649861304846077,0.006808492699143299,0.001869562862709304,0.0012522599668949187
0.007064000000000027,0.02985731999999973,0.0014022656000001533,4.309385279998092E-4
0.03153354262850988,0.007836155358882962,2.672819450869094E-5,2.729690237776107E-4
0.0136707560921223,0.0015721564090889885,4.6218037747568235E-4,5.201589645087336E-4
0.005176500849770267,0.0032259981103436013,1.078614569612391E-4,2.7271360517544475E-4
0.05544093391247617,0.020834276677995187,0.0012311106405679922,0.001060100137496501
0.045922410938559685,0.0029105737419582063,0.0010000057870940778,0.0016160185229141244
0.0061098186248891365,0.005044008130450894,0.021557088537736056,0.0019325776158272375
0.1162892612737858,7.173979840598176E-4,0.002435973140431928,0.0034286346124685722
0.04006464646464655,0.00975999999999993,6.357735757576963E-4,5.590781026263627E-4
0.16136911889675837,0.002864713305268412,0.0036294703345126898,0.0034486402311283094
0.05939794697177098,0.006070607390507477,0.008641967929836545,0.002830648524322638
0.035149821589419,4.293196195906681E-5,2.477845204506365E-4,0.0017625440757723693
0.06746270794518539,0.006566451748888584,2.2190372996511715E-4,0.0014124261089914253
0.01612002196503382,0.0034105268264989167,0.0012140877095037548,8.068271810782409E-4
0.10044552214139077,0.027065567820336922,0.004708260046677076,0.0018842993546789246
0.007033362933660064,0.008178471223997487,0.004209611631522643,7.104819816485601E-4
0.11439571036376459,0.04018966924797495,0.0066677575424576715,0.0021095025655841217
0.023048827071784232,0.0071814516619625995,0.0016296718467791495,9.342750407086041E-4
0.002214105030224716,0.007572515291300129,0.0010736521939404007,2.8519003523436897E-4
0.02141494883310958,0.0050245041196930705,0.0011382506566004296,2.0478430843866863E-4
0.09508935684295303,0.008516774355666386,0.00347448887053643,1.6831128917720202E-4
0.010703726765048582,0.00407153232201812,5.613663831255493E-4,0.003138426849554609
0.053671125384137416,0.012830943716629465,6.616481145110448E-4,7.661623826606417E-4
0.16020399448776435,0.00949022454142265,0.005338662236721859,0.003549096649096703
0.0022270300173005296,0.006684616191945644,2.1583553940812352E-4,7.979336473029089E-4
0.008293240114853091,0.003335178527791545,5.519063634930508E-4,9.155557691438611E-5
0.02466665914007201,0.0011031317397822305,0.0021486561698556323,0.0016863852314155684
0.030648597355175895,0.011351042995588704,0.0076479607851504434,0.0023773310130239364
0.014657751332555207,0.0034467681718340424,8.934720517754E-4,5.741178231040066E-4
0.06118133661088771,0.006730460268222564,0.0011485843598213565,6.477392426822927E-5
0.15427765404906332,0.018302373029487447,0.003216219768223495,1.5368651895930356E-4
0.03271096437460674,0.006195737262272502,0.0031552226678758853,3.087892110875997E-4
0.009077969381445544,0.007519569484392776,0.0015092216093033936,0.0013927552856147804
0.027986302344363233,0.011748809435962862,0.001148482778586494,8.700303358743771E-4
0.02235667259664991,0.005073584440559954,0.0030351908680135145,8.839297274533523E-5
0.10497579409387249,0.017620819206105958,0.0016370696232290156,4.940429673962375E-4
0.021584746170999262,0.007988670727359148,0.00128221334404069,1.231748987700035E-4
0.03574938176238837,0.005501480887611856,0.0094033136852802,0.0021984077161134727
0.06326071484154858,0.014860981823059038,6.230377709889349E-4,0.0027629590999035643
0.033919437335860905,5.307788560081428E-4,0.006169775303079424,6.188425538261475E-4
0.007029552236257186,0.006377474221400247,0.0013362463064922963,0.001490008525515363
0.007816107050920486,0.0019219039127929102,2.708506239690642E-4,5.158195316711997E-4
0.009810216512506714,0.011946630843704113,0.0012057938421654703,6.401431226944731E-4
0.016628518701273288,0.0030997052582657364,1.1589284258156573E-5,2.9534169311543507E-5
0.017650745914859493,0.014593394510220521,0.004007074419982184,0.0028247307202580348
0.0016456987956887969,0.004324859069190368,2.6335793897850913E-4,2.9940415295419474E-4
0.04438648174188717,0.00993748945492009,0.0020478154944887656,1.0553063405064444E-4
0.0503896270742666,0.004425425165797624,8.013712542115269E-4,0.0011219721601848198
0.03737062987707183,0.020440287636386317,0.0012572628361132926,5.441561441991633E-4
0.09723097967314547,0.04606119890033939,0.0014107848103445835,6.000059401480538E-4
0.04086021505376356,0.0038709677419353256,0.004817204301075012,7.913978494625899E-4
0.09473954387930819,0.010388772246719656,0.001722787067886681,9.90610845874469E-4
0.014607099393705011,0.005135787601348035,0.0015521955326336955,4.888137153110843E-4
0.06249626357874455,0.006384685488496742,0.0013661523571786047,0.0011063255087920651
0.03116864996256003,0.010995437723424728,0.004478715168179243,7.867420796863918E-4
0.19449438939288793,0.02928133978509832,0.0023564453688466177,0.0011060383328168706
0.019673932357429008,0.009359130002440406,0.0016100569071847547,4.767633366440217E-4
0.007262036092287655,0.04533430519624033,0.006840436774355015,0.0038649305303220948
0.133745347969129,0.004456453424704956,0.006096656090043781,9.972651189581309E-4
0.011625553271680399,0.008346185138521391,0.0036492450893745878,6.480443545504468E-4
0.05433020048910531,0.001649395539242396,0.002746976214104251,9.8337609251168E-4
0.055035280808835615,0.006331985832778036,0.001053802726450954,0.0011994078082652362
0.018205691412049002,0.015454269515173825,0.004056030955155136,0.0027847664478998246
0.050941333333333484,0.013058000000000049,0.001119696400000209,8.558375520001998E-4
0.10406470362573104,0.04998795297684211,0.0017536647543579553,0.0011245706417003778
0.019986951595281667,0.0042540674739189365,8.619706806963715E-4,3.765796594216227E-4
0.022021008851950446,0.015477655568382596,0.002891169877773343,0.0018454058625879436
0.031018628229053626,0.009219699641750463,0.0029265942205669,1.49522879394968E-4
0.007729144236403211,0.0018770180559375858,8.076844433124752E-4,3.784319285525535E-4
0.10249604948389127,0.02814627461440636,0.004133583269922222,0.0019996366861468854
0.02624222853773986,0.0073498298573069125,6.37785961361143E-4,1.9658820028110424E-4
0.01192373612492274,9.081769445778639E-4,4.09122210978786E-4,3.696408808402626E-4
0.0027628220424372805,0.007410152412545792,0.0026451449873474936,8.515534006240383E-6
0.0025135010659636265,0.0021592623386792447,6.495619349706754E-4,1.7820578232457875E-4
0.010042408633858088,5.006746908562534E-4,6.240648003245471E-4,4.8451130748221305E-4
0.1147097753387675,0.0250454461282979,0.003988755197257691,8.770737115625586E-4
0.0560398528585846,0.016645952847596332,0.0013236667862298547,2.889776884817567E-4
0.0035332958461197195,0.008643305799998818,0.0059591810265545355,0.002095444108913604
0.06882905636880346,0.01499739773811785,7.681590629183638E-5,4.932197445238527E-4
0.03167311330398118,0.006912634073834411,6.184197449376668E-4,9.197675631969858E-4
0.0256474381580546,0.005186109886927735,7.281647318013454E-4,7.276228997478127E-4
0.17582239448186535,0.019143072380156643,0.008274914917353816,0.0028948371098760466
0.051500264307863225,0.018398591351652917,9.758115511134342E-4,0.0013061541295565089
0.03618229020485064,0.033756117958864656,0.002436395370331108,0.006299733756959336
0.1014930112687597,0.02610965274928256,0.004755015375542256,0.001922022338345856
0.043959199999999976,0.007232434920635058,8.007012841546125E-4,0.0016145194149696795
0.02579234019858968,8.601322057174456E-5,9.845157225992808E-4,0.0019374021344473798
0.05472759404190872,9.88134309517273E-4,0.005011504771522136,0.0013524870487254183
0.004684846945302351,0.007018003036242893,3.395805590610374E-4,8.838770640292615E-6
0.03960495565710632,0.015120637222089018,0.0016700607065681101,0.0014656060257236068
0.0843925694446871,0.007865219339514729,1.3679408663840693E-4,7.219216878527893E-5
0.004046239994401812,0.01822698492252129,0.00281631119050779,0.001470184297083305
0.024013599081624853,0.01656530826281022,0.0024416275804612256,5.418122376455883E-4
5.923767012519544E-4,0.0011367024403816045,3.246404198035461E-4,1.8326584622349468E-4
0.055560135399127304,0.005223591340656329,5.206115784775574E-4,7.956245862003951E-4
0.1270015892157238,1.5335782463351026E-4,0.0011952751655776677,0.002058340549993316
0.05094129102807189,0.0056846464197440275,0.0029203958604092704,0.0016408027307217884
0.038925604684051575,0.011278603649091971,0.003262212820508773,4.478784764205673E-5
0.013947575757575858,0.0016846656565656154,6.324492727271754E-4,8.17868659089703E-5
0.03853718152488274,0.006035587446996805,9.836517931844045E-4,9.303353430842608E-4
0.005914092150306114,0.002931243466983074,4.96357385975737E-4,0.0015046924555963499
0.0947952420393818,0.013665176279014759,0.003068247882410128,0.0011488583127940964
0.05493232514177705,0.011362525519848893,0.007856759924385604,0.004156536184499145
0.07417252025640209,0.00782112522969384,0.0020043156292333737,0.001667992423948146
0.002654862562204885,0.0012831225091223758,2.1689190413812158E-4,1.4196780016118818E-4
0.028614763096000615,0.014580891436568696,0.0036339916835662852,0.002790454991070539
0.04561827455394175,0.002836028633564042,0.001253563995734609,5.78352734920567E-4
0.03100374606506951,0.0028069309964498337,3.315543374292142E-4,2.4307892943742072E-4
0.02856314108508513,0.00261015061741168,0.0014832440420268832,5.081313087145749E-4
0.009328479635655659,9.779618912605706E-4,1.6674833179082212E-4,6.046730319252018E-5
3.3043727046626244E-4,0.01633749837608877,0.006648761249263059,0.0019435052154995452
0.023445396650234988,0.009305617136722318,0.0019032767814271005,0.002072662271324661
0.051776506226859746,2.170986199933219E-4,0.0010504086166272574,3.635533463481297E-4
0.0616311954458782,0.007317845792115529,0.0024192293147912163,1.6908765870383654E-4
0.01790389324647101,0.003957903226428033,0.0011818332939129651,9.050331687340243E-4
0.003372601817570103,0.0075647929989901275,0.0028928239649946845,0.0014943317132277202
0.007984971644097243,0.010505751831791945,0.0018274978767689315,3.9852997506325735E-4
0.03486280835016824,0.017687979267160425,0.007014839143927438,5.4534129713073E-4
0.2083097071337455,0.012960680764085084,0.00983382465704772,0.004397698375878314
0.030382718603432616,0.005069540949343242,8.000327259107167E-4,2.8100842235345697E-4
0.05744024654066858,0.008821442468469654,0.004684229751800889,0.001497048242799095
0.008965558504946548,0.04688051601196033,0.0064646254032907765,0.004105092454618824
0.0077283694723263765,0.020753558869587917,0.002418252669639575,0.0016514330451725331
0.009345997777778017,5.754263961842073E-4,7.058289856738364E-4,1.4534761947420063E-4
0.0010382222222221594,4.6754666666654684E-4,2.8279017543858303E-4,9.514265487721092E-5
0.005038076888471686,0.015158914660954098,3.0929529485331354E-5,0.0016366234347003942
0.03636299710914179,0.02028082413153755,6.720816875808329E-6,0.0013816506515917102
0.14498488499625917,0.022307938619065916,0.002097212274913148,0.0010608830612631108
0.017586069030136597,0.009417762205293069,0.00147802450172644,0.0020942625042669385
0.108533658601542,0.011785460310603343,0.001899168375357624,0.0012037491830541862
0.08409466531049511,0.021200055349481817,3.048236870496927E-4,3.1124151271431726E-4
0.0010467886183053775,0.0021978120130296125,0.003966330489405575,0.001701989491507438
0.008754208754208724,0.006868686868686636,0.0013939393939394796,4.85521885522016E-4
0.003410133806927,0.012841298862677373,8.968512284774385E-4,0.0015607025451054128
0.07865853497911854,0.005665364989728001,0.002038381560174788,8.705210408240104E-5
0.08387007883344745,0.009291845490088662,0.00639214624472077,5.408873922051623E-4
0.003217775596767076,0.014300039527232761,0.0026638563079705046,8.708795251527894E-4
0.006709744851729364,0.003066478654260513,6.490273801032296E-4,1.5784715848893988E-4
0.00372138753753871,0.002200804188645193,0.0051080479744487145,0.0016844524734895168
0.09010803740770094,0.007288444475281895,0.003727128376205537,0.0010529011736784813
2.3955707887591136E-4,0.010662487174396206,0.00636778231872353,0.0026220811178550465
0.022620859319375797,0.005457533482074241,0.0038933365059154674,4.006286233332266E-5
0.030881939484270742,0.013817618632061705,0.0010369340696932728,5.835738425417694E-4
0.036832626504758395,0.013055274197583287,0.0010394066885280181,0.001186828429611943
0.13549087285003641,0.014575341050194611,0.004731826027150044,0.0019228602272292857
0.004362754977422842,0.003866565253306871,5.252908615499767E-4,1.7719292670230247E-4
0.004875972222222346,0.0011319675925926202,2.483461666667227E-4,1.4564410574071488E-4
0.07952273799984635,0.013518940100765426,0.006955911440896613,0.0033367413323380783
0.20530540232370148,0.023926949314123508,0.007741030888802181,0.003193625737984144
0.026585950403760675,0.008751215297206067,0.0032203845846260314,1.4121713564990864E-4
0.03246579380859308,0.016662784565167895,0.007474327158061984,3.5850802174750533E-4
0.00949576027202941,0.0019641834648820872,1.9241755381911544E-4,6.434770921524258E-4
0.04563494736842109,0.005691720000000037,0.002410407073684176,1.4162834357906177E-4
0.05588333644576124,0.00436660981225464,6.623671190481558E-5,0.0010824021926813024
0.009974589106783503,0.00459987005858108,3.504776151741242E-4,1.8698248648587134E-4
0.04996068049439767,0.004720959999974031,0.004843331719891115,3.4512827897381746E-4
0.07257397894736843,0.004954035199999876,0.0017674129345287047,1.0829033891690968E-4
0.08326856986959458,0.0015409368386135704,4.028879002046084E-4,0.0010412010452690908
0.04245644950864587,0.005002719272714334,3.334146926240905E-4,0.0020865190533225523
0.013001701493249774,0.004616440216589148,1.5992550428553306E-4,8.523793148724709E-4
0.03720980860510455,0.03151686192297381,0.0019186604614023052,7.081821779428892E-4
0.054195775032288396,0.008711515315552646,0.0010013961363929042,0.0016140424562079254
0.013806527735405767,0.002272721604123806,7.169844125873425E-4,4.5196165922404836E-4
0.05605244984788307,0.011246148575062075,0.007652128452335075,0.0040384168021987375
0.00494328285143631,0.002050253355348978,5.743033392481226E-5,9.270162866975534E-5
0.16771466252552336,1.0406941490566649E-4,0.003691135475630145,0.005095154823073294
0.18988412329518212,0.06632036108220449,0.015534930105492282,5.141869411630205E-4
0.05589595289943723,0.005335593057204607,0.0016973976112073118,6.57423609430614E-5
0.022596917193316895,0.010500607711116532,0.0016538200154489998,9.091574482604386E-4
0.04682647765915568,0.005007325514344752,6.909091159958148E-4,0.0010636872860956773
8.727094652323822E-4,0.004030095648271415,2.2463068071065396E-4,9.868783274932855E-5
0.007972895624579967,0.011441314414112584,0.008432463361378541,5.819354434109053E-5
0.02094240928928777,0.0026429950712504526,2.5228935827751323E-4,5.357153166127718E-4
0.00250552257739847,0.00849850633437678,0.0035853080814722115,6.849760001035493E-4
0.1410516730898879,0.014699873276618479,4.5482985876620574E-4,0.0036773334630825407
0.01676444146139706,0.00430118553837518,8.165772439932113E-4,4.3041558426948904E-4
0.008320117442506185,6.012749211524306E-4,9.45858985644195E-4,2.989597262415706E-4
0.006525195647535286,0.0028486252889316625,7.611390103340706E-4,3.1265902310868505E-5
0.009086912067914692,0.003159262486013884,3.1099457845187243E-4,2.1348354182241448E-4
0.17746283109115937,0.012274152621286906,0.008613568846361452,0.003832536723582668
0.0076757256139810505,0.010527378936023065,0.007220032816229175,0.002603387589498975
0.024988904426275892,0.006581998939457353,6.079183874695128E-4,7.180937917999178E-4
0.0027628220424372805,0.007410152412545792,0.0026451449873474936,8.515534006240383E-6
0.048400000000000026,0.008334285714285808,8.739705263158477E-4,0.0016779683263159317
0.002714906387446671,0.001585715756787043,0.0011559545414682449,6.357161710917528E-4
0.009808355367530464,0.0026541189846641692,6.365636805921623E-4,6.59030996297759E-5
0.1300519699967497,0.011500860366952873,0.003554849006055414,0.0024482084979923994
0.004473140571231411,0.004265325526094481,2.766246398853868E-4,2.4453766501420366E-4
0.04427221300389965,0.010623289713471148,3.9937224600712894E-4,7.34409360305354E-5
0.012855737217360302,0.004833569588380103,6.043032663475772E-4,3.460665610944117E-4
0.03346108343526785,0.014280051300405777,0.0010530952034743175,2.1121667936234545E-4
0.037878704220906924,0.03087419480420721,0.003951522267433826,0.0017514607764417772
0.003466128315630763,0.015451364856551693,0.004030925007315024,9.081036205753287E-4
0.014531822073452307,0.004478926064498213,3.765747011412208E-4,4.7258988561698186E-4
0.015901797064845263,0.004264853054713407,8.823295903935336E-4,8.474230943987373E-4
0.018024430014487374,0.023629382739634306,8.129087015968338E-4,0.0019441016454794125
0.04543980143628898,0.0040228286229860855,0.015284942400266125,0.003950097843114215
0.005438759645793957,0.018605748188387543,0.014619564775865004,3.440094063377514E-4
0.006043863836201569,0.0023582685592262805,2.6380718502700475E-4,1.0616859670882428E-4
0.009724773850112908,0.004416516587506584,0.0037464771246456165,0.0015320725581643624
0.007612464187081064,0.007419453229677663,0.0037817551991187514,0.0031061276494715115
0.030730508045243552,0.012320561934535628,0.0038668244889196934,0.00271667437086015
0.019925117613778975,0.009884409621623165,0.0014203661021197087,4.987020777576452E-4
0.012551207777689298,0.013438315264723666,0.0022909712182201773,1.858568513318945E-4
0.1160606163205373,0.0028439092367532675,0.006684456185665238,0.005059870711279637
0.053377777777777836,0.00641476190476211,5.240952380955289E-4,0.0014978514904763647
0.055287112650259866,0.009593815099010635,0.007426001517369088,5.3963673648430026E-5
0.002893405724059532,2.4618565360451204E-4,0.0026764595297571587,6.67897943363227E-4
0.00823804421332805,0.008964331041041794,5.042900947694787E-4,1.769151312842968E-4
0.009328257483495389,0.007503946168813637,0.0011974076266353427,0.0013093317034425984
0.12026522791885257,0.0030807158647178953,0.0028343744523342093,0.0034721857606806314
0.0012497898787209767,0.011479456606590397,0.0025843532635980663,0.0017405593174331683
0.05011717171717168,0.021047466666666636,0.006575917575757625,7.889393260605598E-4
0.0821175917208688,0.010895143506113933,9.411679513027072E-4,5.125892932003054E-4
0.1285514275611125,0.06303046896906288,0.004174895031259595,0.005654836901591428
0.0041419553709141806,0.012188506968887014,0.0036465810458733267,7.330116471400568E-4
0.006807241355721845,0.002689610012055757,0.0013189763460067707,0.0010189066944364183
0.1949563891297022,0.03861283376221104,0.013484352121561773,0.0011533555755748892
0.03271096437460674,0.006195737262272502,0.0031552226678758853,3.087892110875997E-4
0.004020753038622709,0.018169226237732913,0.00402616457069188,0.0015164465261339243
0.11294724716282564,0.006115880377110709,0.004225309939055333,0.005422382064874001
0.050739096645152304,0.0210898239844439,0.0012381592461993042,4.790266483764157E-4
0.013335467619407843,0.005252862806198969,0.00161425791765754,4.96564281238072E-4
0.009569278836453275,0.0036316001872852078,0.0019079478870473376,0.0010730618214141376
0.04108810153358019,0.010921417239555769,6.134944896881396E-4,5.343695010048314E-4
0.20761308560795652,0.02329063512501409,0.008322836851989646,0.00365310910720883
0.04256372084195956,0.00964072993485431,0.00371648437436391,2.8907469445422205E-4
0.026343959079453725,0.01659529667879564,0.0015074902682569692,7.350534650626872E-4
0.0020057563885470496,0.004638701152634663,8.498430369183542E-5,5.838915218288048E-4
0.0107955896660268,0.011757596657488876,0.0030218038469334205,0.001157424757503496
0.016455174668566396,0.001093806741206879,7.512076146227914E-4,2.846315947720942E-4
0.015468974820846505,0.00355150705467096,4.2309123629255383E-4,4.3492147397806E-4
0.012940434805752122,0.0048744958932223775,0.0034755932079347557,4.806696247047511E-4
0.020151293015048116,0.003945454262828157,0.0014347251020279683,6.735038239902605E-4
0.02236152665643752,0.00446658353905552,1.729968303184746E-4,3.697584511328162E-4
0.024770370039856,0.001720645706975419,4.2781590128294596E-4,0.0018506364640629234
0.008802008750994409,0.0012441094868736221,9.145316229122113E-5,2.2911210739835931E-4
0.05640634114271596,0.017094688791178418,0.006551943928629405,0.0010397138419716194
0.030699926977389515,0.004742294801401801,0.0017840537727788742,6.069380432542385E-4
0.01920226243071176,0.0155842062403768,3.7930778095233444E-4,5.554663574072035E-4
0.013142222719026998,0.005243740752129934,8.93277480388715E-4,2.1374869178568203E-4
0.06489001176461476,0.0043999345801005105,0.0016658794987730405,1.4319905865254343E-4
0.008751515151515184,0.0014829939393939332,6.142567272726494E-4,4.117965818185699E-5
0.05657705521224784,0.009016696468689269,0.004221664540163906,0.002406988849786989
0.007924033359908846,0.01907588568372611,0.001575149479222004,0.0026546090782146275
0.033282516570566634,0.01887036903871713,4.716711794291204E-5,0.0015089654752013738
0.04061286492751932,0.014571841233052829,0.0036845741943828006,0.0010954938565764206
0.00919173405988248,8.260292561306403E-4,0.0012633616367453168,2.642167868492413E-4
0.07598422614760476,0.023959911222076385,0.0032147542510494475,0.002762682508408116
0.019925117613778975,0.009884409621623165,0.0014203661021197087,4.987020777576452E-4
0.04240600000000021,0.021035669999999725,9.101887999997391E-4,0.001104280396999925
0.08618989898989891,0.028049163636363544,0.004164342787878853,0.0025689623402019857
0.033460522084235625,0.026029183684834648,0.0019113787316139671,6.996081393904315E-4
0.06738204586551233,0.0101973871056812,0.002251719568534369,5.787716021196257E-4
0.05734874951276291,0.004049461209833296,1.2953991584113377E-4,8.277858769407939E-4
0.01044590312923791,0.0010290079801764675,6.758406334864064E-4,1.8375379144388933E-4
0.03418589944722218,0.005557956345610276,0.0011728477109143346,0.0012269786075570519
0.01687086329470599,0.02902169490966953,6.130893339411259E-4,0.0010696124057511447
0.07696316325036297,0.007137701560591922,0.0016004360666688879,6.57751856396053E-4
0.10379108766252378,0.006667564524993648,0.0029127924216678968,0.0036097147753176673
0.019983000000000112,0.004808560555555649,1.297285999998787E-4,2.557580230000103E-4
0.06582401477479219,0.01230582059783149,0.0014948695205101398,0.0016609338743774332
0.021252242848955636,0.014931376020348707,0.0019807520346178734,7.789216913422204E-4
0.020987883494101807,0.0067730409832350985,0.0011791157507164826,6.401052293861102E-4
0.06348258908168844,0.012947857400977803,0.004956612867325949,0.0022032804609573606
