5K,50K,500K,5M
0.007317715773992864,0.0019300591114658006,0.0017829852211152803,6.076908650234537E-4
0.03346467555555532,0.004836374309773057,0.003892632662120356,4.499160070488721E-4
0.02138749495129251,0.0161195348469861,0.0021045629973706166,8.178425145429708E-4
0.04947642829228061,0.008571184498013803,0.002027001977143538,0.00764770626324069
0.08419236216186529,0.008872581448752397,0.0032009531023495298,0.0037235288812771765
0.009841599687790416,0.0025574185016952133,0.0045267907481762425,0.00390921596202076
0.007862816346561361,0.003739132518195316,0.0031207438098152266,0.004153609573144944
0.03787204128980285,0.009974246848936243,9.593448674771912E-4,0.00343042931481033
0.01609472382817371,0.003600931652452894,0.0017012783426263098,3.9985214346098964E-4
4.108628118029813E-4,0.004411018119338254,0.0024681206055717506,0.0074095272038436156
0.005738370736498941,0.002098923390774369,9.609097863371353E-4,1.0209357509778172E-4
0.005133089833532494,0.002766774040525652,0.002268903855146122,0.0033971340910732904
0.04431664780481644,7.984195064320966E-4,5.852654989793149E-4,9.982074190034067E-4
0.018994949893503345,1.9097614434139174E-4,0.0024107062678946577,1.6386040134570883E-4
0.011321781461191399,0.004961953719642157,0.005304659850273893,0.0026803807148396987
0.0018464173712543208,0.019029089123020693,4.484404561736259E-5,0.0027908705389651967
0.020718536035423177,0.008450831458245127,2.7338302915067095E-4,1.3559636499283048E-4
0.07671222833604402,0.0028583111601506008,0.001803429902659161,0.0020977118540365237
0.045755070463551095,0.0055654713872608985,6.168753176258318E-4,0.004243282198903083
0.04180464452248796,0.016207254973300576,8.931180716430088E-4,5.271617947872379E-4
0.005863736899799092,0.022960391198596202,0.0010695213542796708,0.004274768970305982
0.07035193133047209,0.02230568400025658,6.954702342372129E-4,4.124746423407615E-4
0.009895207981818996,0.014271603243007486,0.0012928043832085851,8.911376099698388E-5
0.05566153698282873,5.737055425630641E-4,0.002576403211235865,0.0027206692309542447
0.09415741419104638,0.025870728706663976,0.00400486309144458,3.5813594895935005E-4
0.01078196889093211,0.01586480541712144,0.0019175072683490166,0.004944386870386837
0.016485387339044328,0.015409241569847057,0.004134025816732562,0.0037924822710539365
0.017909766975231653,0.014768591584020522,0.0049123392935148625,0.0025455324475599176
0.00934085387368025,0.003012362079617543,3.877112532554659E-4,3.126677541965901E-4
0.06333698400058176,0.005662500370082407,0.003160755950135514,0.002427561171748979
0.01423928562475035,0.030459721174116768,0.001282349774417262,2.3488526962826327E-5
0.06299005512891358,0.031648001024818684,1.0274604376027133E-6,4.998369922003125E-4
0.04480465859420506,0.013535080778305052,1.4564884186869835E-5,6.37191123017306E-4
0.0023145643017510415,5.796371876271437E-4,0.0019126904417967503,4.343526071951499E-5
0.00500842752768704,0.0015951873004055954,0.0022159187566908505,0.001128825508225364
0.18684903615776544,0.04765506571118803,0.0112358581095882,0.00557692594223362
0.07546064216213035,0.0023332525955048976,0.00455259764947518,0.0013218662719328268
0.0697265873875994,0.0282351041683406,0.0013716079211484493,0.0039204765071778926
0.09873737244591997,0.028495198474525352,0.004405574324580804,0.0020428871329584582
0.014817906775798043,0.022429439213671593,0.0019218404126650152,0.002774070012184427
0.018550967618003577,0.004107792945822342,0.001075403141140479,0.0015559272600983542
9.97195108268556E-4,0.010519047335708989,0.002151678117465363,0.003301173619769527
0.03444547368421062,0.0024895692520061686,0.007389757965873004,0.004186340790616224
0.09502192285159261,0.01930610052755508,0.0022759411287932344,3.686801358669926E-4
0.0937872052738977,0.0248388491048502,0.0028793292937114474,3.818960495230519E-5
0.027555157352447252,0.0229183485420529,3.159163342457496E-4,0.0028554529209845855
0.052770099308878354,0.018327669951148793,0.0042117420848142295,0.004538653921093362
0.1359484866804873,0.010494205505622708,0.0018622656745327269,2.8319169379811067E-4
0.05702907947718123,5.399564806243713E-4,0.003217479605655733,0.0017354816970756631
0.03103375592980866,8.737451788540776E-4,0.0050563688503232705,0.003723654260604494
0.07102229426713066,0.015441129165659866,0.003766067344503478,0.0043108950395047176
0.03617665359597804,0.004383305130088851,0.010267666500108432,0.002222224840445707
0.11187232933717513,0.007224514627272033,0.005296825127264888,0.0041751655887335365
0.021427750601110664,0.015185756064600464,9.438864253551281E-4,0.001689083484804867
0.07174972541700603,0.00558149958386501,0.0016308830997605493,0.003356610365084028
0.12586734001409097,0.0027805766395385223,0.006244483195119943,0.0025709947723707148
0.06004673427529109,0.015159384155980648,0.001594613933819521,7.349388593120547E-5
0.007456824834885772,0.04673180697564982,0.006964060619995526,0.0029458494554849874
0.09439084556203224,0.025009749528901386,0.004200961686586507,0.0039412097817636375
0.06648221485963195,0.004446165193105576,0.0029369665069085586,7.318594706215381E-4
0.007972895624579967,0.011399553284845775,0.009017687364019804,0.0027300895614373933
0.010442495999999725,0.008328823954188831,0.0014608329176766404,0.002345534598332128
0.00906408242677897,0.014707589955117511,0.00633129010529445,0.0035550163885760743
0.019433058586312207,0.0067355098414130085,0.0017222784657983444,0.0017238369849984718
0.10461547144974204,0.05580846201486921,4.277077272773062E-4,0.001787072694459067
0.03407425852791623,0.025201910997256896,0.0013842770149737368,2.7904842026513904E-4
0.003409850838343204,0.002390793258282609,0.005634517140570247,0.0013675322378230261
0.056885333333333496,0.02107771839587463,0.0014984932675429464,0.003177531288817456
0.012713666392702832,0.0028880883821231305,9.102851697607352E-4,1.0412829103617883E-4
0.027754727387152844,0.0034955991059179873,0.005959650217093592,0.001431620152339015
0.04144844248278533,0.03638225669448134,0.00211599111335511,7.213639626634882E-4
0.045922410938559685,6.574521831441355E-4,0.001510800553454081,9.359650533906234E-4
0.019247642472591378,0.0180140042838212,0.001260887337366479,0.0015169638248072293
0.0018024962998251556,0.017772368835323977,0.002350916059679394,0.002129855909157928
0.026705645161290502,0.011806689873760217,0.007658674121641054,0.004819596554145169
0.05213733284711278,0.00702105945364572,6.941840217318732E-4,4.2822435996103396E-4
0.052440504153634826,0.0015004902605864775,0.011922707308688406,0.006004712745806484
0.005133089833532494,0.002766774040525652,0.002268903855146122,0.0033971340910732904
0.0663859933191892,0.005672713816096412,0.0054057349698264185,0.005277134931944891
0.02086188017225442,0.018036797763383013,0.0017994966777493148,0.006678473257366648
0.03793205066203141,0.0013188311815716248,3.896989978538906E-5,0.0013473727977754456
0.050930908326375576,0.020914092450055908,1.0509336473989434E-5,0.0017614826422770661
0.2167963076899968,0.05764091880695299,0.01300260928903328,1.7533281656187887E-4
0.03006891134825773,0.0038329228267075252,1.5269433011448467E-4,0.005800091704013822
0.0035060090343737253,0.00359692597421233,0.00403377379918497,0.005395370209660161
0.0053990914817554836,5.075482277423532E-4,3.862935376191998E-4,1.9364613773622386E-4
0.046285347850298836,0.019214681443162303,0.0014059652063616887,0.0022951455051602623
0.07318055216675212,0.014197046884169203,0.004325645884370592,0.004072015499382406
0.0581029840210753,0.013810272507927714,0.0018440858335439655,0.00174226850293333
0.020497690028821954,8.881102945979602E-4,8.094811377085222E-6,0.003311591147117721
0.012794559766016076,0.016574519344927402,0.004266515421355593,0.0023588549505470673
0.004886990694329945,0.005753685149350328,0.0024211249435523116,0.003803557946061574
0.0026290278557810744,0.03464670451621371,0.002598860158519427,0.002003431365395727
0.014662574457072652,0.005075130324529887,7.085273076261279E-4,0.007063490469578706
0.03681599999999985,0.004681435767456276,0.002034853017396365,8.624641998155539E-4
0.023571185529745225,0.014557114917884738,0.006322568270405129,0.004758066343566229
0.003797024306316357,0.031020009962668935,0.0017191727556781539,0.003918738343742521
0.010106187105452667,0.0033140661568201125,2.2328938886360998E-4,0.001781591526858859
0.007125816306125065,9.397127649261639E-4,0.001946671233119138,0.004379511606047969
0.017182366040858384,0.003404900844111156,9.16310773473051E-4,0.001098295083799166
0.017167272030707198,0.0026437818712878878,0.0010333330440213597,0.0036345119332122236
0.19992224326654986,0.06274131537474341,0.01488062981279599,0.0014108217670024833
0.01114139799710086,0.004811608892326673,0.0022024567082872767,0.0018882952649033934
0.014885198902862716,0.01713977776041685,0.001990660884296253,8.43117898414109E-4
0.0952050141384379,0.007352087609524786,0.008138649390252219,6.487810545066944E-4
0.018921821088950574,2.8567123138875184E-4,0.003604790443470568,0.004127825425748261
8.519229135873816E-4,0.03268066653628245,4.400372313431879E-4,0.008129572449027213
0.0496861052509866,0.0021655782358300365,0.0018483006477537952,0.002381438460937011
0.03187997886161344,0.014446496502029844,0.007020605384985286,9.111111262525124E-4
0.006038964909379251,0.004852491636035796,0.0017850063336007282,0.0022744831429745
0.04005387368434611,0.022287146758174798,0.0014925670333600215,0.002933784423723736
0.05808716526422076,0.002265250258784336,0.0018144943019431177,8.780380187708295E-4
0.02316418064547813,0.002129353011753929,9.797946647780355E-6,0.004069986050618457
0.02895818870417251,0.016711998871819383,8.251467537551246E-4,1.0909209119492969E-4
0.0039303147687026856,0.008032342319172709,0.001090679720935276,0.0028909498168303836
0.0023730367805509245,0.009859182524297674,2.7215377629025893E-4,6.000904431589968E-4
0.049262862764984,0.007568424030041595,0.0016633878812533755,0.006007433562873837
0.0337849227944549,0.0031414975794653195,0.004356545641577024,3.568696985945671E-4
0.02318546823672222,0.0035053507610635177,0.0024795617068968322,0.0010470824839694417
0.014079341243684654,8.954232059301903E-4,6.995171105879499E-4,1.008496873625777E-4
0.0033893288558604316,0.020496777897386433,0.002834575527112531,0.0023311439847519713
0.0015009081981949145,0.0021135976301565793,0.0015185153874225923,0.002441045658882769
0.010817722017083708,0.0020092524768757546,0.0027009248966487847,0.002284165723609354
0.05967591381516241,0.019480773881240306,0.0022184657572464836,6.704438996368424E-4
0.05160545124453441,0.0030407740702704353,0.0061866084808060925,2.8599884835064155E-5
0.028928997446645763,0.006492353016355386,0.004132374762307542,0.0017330160210634723
1.455892714582835E-4,0.005788083605049119,1.9577405384909715E-4,0.003956772085126295
0.06834714234973885,0.01316079507611695,0.0012772286259644158,0.0036226005436458433
0.003020499802553024,0.010749727093785418,0.0035376118764933297,0.004922366205527428
0.0910428070175438,0.046583985142274555,2.5541778020254246E-4,0.003547785391346809
0.04288407180552928,0.009487519415273855,0.005010525959844557,0.001554486023980597
0.04679625718456539,0.01744113240526547,7.945590053299162E-4,6.326201215166281E-4
0.02920646366924568,0.015281014468806408,0.004635710359544344,0.004164285302322792
0.007165942230648312,0.007436431225892305,3.632118865751433E-4,0.005465011905252727
0.03249870896281151,3.7666939515926414E-4,0.005194153044703696,0.0015352953412827556
0.03433302205508859,0.00863629464864226,0.002318066853644121,0.0010020904000434092
0.010413235583800761,0.023261506398360367,7.838469028771442E-4,0.0033876412824524475
0.046285347850298836,0.019214681443162303,0.0014059652063616887,0.0022951455051602623
0.003480597845751461,0.0022355366121630327,0.0012242595170403486,0.004793854007492652
0.04603041362010103,0.005709303673442273,0.0013361231035403146,0.001268943391845555
0.05702907947718123,5.399564806243713E-4,0.003217479605655733,0.0017354816970756631
0.023155775749674107,0.007613653772236664,0.0027988515655257735,0.004600222999203722
0.019265544965737725,0.0310205638604003,0.0030926510028274653,0.003250769112845281
0.0518377616518128,0.009437383450012738,0.0020630160037084077,0.005501028541619943
0.04103466666666691,0.001027005915650889,0.0059897277177842516,0.00506211220104734
0.012151176616821713,0.013047796073513907,0.0027002784900115053,9.261991884591411E-4
0.15700101739813238,0.019285426491796966,0.004950370029619647,0.004249032939372938
0.04135358210379712,0.010400470472352971,1.5850137594615468E-4,0.0032903312861409764
0.02224995071285826,0.012177823860553551,0.001196132979171685,0.004198853808033437
0.07499183120034353,0.012889444279032953,0.004577074865025142,0.0030684448082197334
0.18877870580732115,0.028509304621752177,0.005164500658708003,6.667183876600713E-4
0.02352592592592604,0.006534027506628667,0.0066350234296196076,0.0015185990510706896
0.043324633310502667,0.015386252593598082,6.538572475051885E-5,0.005593274688783185
0.023651631304348136,0.02299034964871216,8.52697354453596E-4,0.003401670671739291
0.03373810526315796,0.008903847202366028,8.72626882618045E-4,0.0033341492104627113
0.028319586656431143,0.01103378587096292,0.0016827425606015997,0.0021766314942842347
0.001684210526315867,0.014831522422410393,0.0033178259889769727,3.577430782837986E-4
0.10259280257091934,0.012452499298179607,0.008695898450439063,0.003004804069029568
0.06195946330966858,0.004310261202712033,3.1525362803986885E-4,0.0026292719193988204
0.0711019127499631,0.015736152777535713,0.004959553143783544,0.004349730812462213
0.05317199235369855,8.75067110798171E-4,0.004419284057837624,4.4514370089009466E-4
0.010797002550182675,0.0034091462982877374,5.296634751300282E-4,2.0579433561524228E-4
0.07047059764911642,0.006451133276766736,0.0016213489579797204,0.0029287754269530326
0.059314179716489175,0.006681215278750296,0.0031199462526577673,6.663613825633546E-5
0.054817899303636564,0.007963126993404299,0.0024827022189414707,0.0013439353485582306
0.007563841447355933,0.01891179302489804,5.242094108021285E-4,7.447168538634575E-4
0.040257026042397503,0.007994409069172322,0.002511554407662763,0.0018111220148367719
0.03279374257186196,0.01972715874015046,0.0074409695346971255,0.00587302233755403
0.07756678196709307,0.00399173859183301,0.0014723978155009984,0.0015335794168154602
0.035937923181710685,0.0035445257416600482,0.008763127960056306,0.0022169564619448894
0.011275012155557937,0.018472406382394908,2.7116472706584666E-4,0.001986186886948695
0.038091324909483824,0.004489924372583546,5.654128349627517E-5,5.3820946562159E-4
0.010883763379280627,0.003982636024178865,0.0016220831538350919,6.126194155916936E-4
0.16827396709336365,0.019269311044726675,0.004849220709555033,5.63416079301638E-4
0.007193016027652787,0.0015108740774930937,0.0012420234889418185,0.0033808147369102587
0.016156189842591824,0.008192466527134365,0.0028808853842719985,0.005433622778410776
0.0950913206228736,0.028591375435076356,0.003924186420620576,8.875908111140365E-4
0.010319094198101095,4.205700583434905E-4,2.3112537620455275E-4,0.0016428540640388613
0.038720473694385166,0.018112602557013222,0.010922850611219621,0.0013754477406275065
0.03076086508534415,3.7039419470999055E-4,0.005406072170093848,0.003269459436083804
0.02412281031006302,0.004017775928238318,0.0019362474875795758,0.0015682634859543036
0.0014783396740955473,0.004073278439520461,0.002090585328859397,0.003391046930888581
0.039098215226135644,0.017567238680157964,0.010468869691636368,4.710434811758197E-4
0.0026070626946353035,0.001209379273401162,0.002210158571555677,4.101129692893465E-4
0.033699020110944375,0.00783432524161646,4.598728758868519E-4,0.0033704915497045273
0.017053455019557073,0.008139863707205415,0.0024673927179911497,0.003993019622498386
0.08367630315366709,0.006351175656394308,0.0010607506079734215,0.006191556435438964
0.015010962894161444,0.005871096289418327,2.0306858433038355E-4,0.002395220068429926
0.04379185501175533,0.020883607547331054,0.005023079729640698,0.002217721806008995
0.07441413593789711,0.01051160034807618,0.00180912998375007,6.573114867012285E-4
0.022461170305642916,0.005005993337639853,2.647148495030672E-4,0.0023642835911189624
0.05383794429385411,0.020591160957153347,0.0013688672917930875,0.005256266975574447
0.08058930814120946,0.036906878110816554,0.0046141099984453576,0.00435550553316709
0.020926479038817874,0.016889429036559666,0.005350064419939347,7.288612943094202E-4
0.02642249995623311,0.003653140674380703,0.0036990981211749434,0.002388086259681663
0.0763366654309587,0.0039270539959928245,0.0015041179155508599,0.002502086648539749
0.07077053869636298,0.0026980376072210065,0.0010219848029540447,0.001591813446178021
0.0019134826103529212,0.005594442777500486,2.206000829366861E-4,7.410322761268581E-4
0.05811182790351301,0.0180284252006945,0.006427023726633615,0.0019427321413926387
0.08687894941553374,0.006707217055368699,0.0020794734696153194,9.768881062711336E-4
1.8249155944440097E-4,0.0020076701330748736,3.333270025408275E-4,9.819046516941464E-4
0.026934376358105444,0.0110972222108647,4.886637509224496E-4,0.003935415766585537
0.027165857338877875,0.016021869364159842,0.005811413149734868,0.0014033858912097692
0.09425440448777107,0.027625646750232383,7.536928990919894E-4,5.976964861121342E-4
0.0346032013922592,0.007232741055248193,0.0017209378447927005,0.0038275397433134564
0.012322788729453308,0.005337665510423714,0.0012664423666950175,7.204246379172888E-4
0.005622986074387439,7.442548940712018E-4,0.0011361019359404625,0.0042159366612538
0.0254749623328485,0.00742828636967124,0.0012341093434319354,0.0024973428909730133
1.8249155944440097E-4,0.0020076701330748736,3.333270025408275E-4,9.819046516941464E-4
0.04458996250025711,0.0048573848695260755,1.2554013677869606E-4,0.0011561462499895317
0.018711730901563833,3.3356216826184524E-4,0.002825565986188462,0.0022316465226678785
0.04346447969616887,0.019490139971472874,0.008195750680065169,3.747367153299248E-4
0.10576429619555466,0.020478493430517945,0.011583149956060817,0.001030864488835741
0.007245870704264966,0.013933405163489775,0.005787882194870036,0.004811156323888644
0.028981576468543175,0.01946415161190769,0.0061956548236648526,0.001006499831449456
0.06668999509602426,0.014522691409997257,0.005676903305903268,0.0010780005905870757
0.05669256094550327,0.007669041319862524,0.004078510570996907,0.0024094764358645443
0.003586730386014797,3.635412628925562E-5,0.0034856918628683115,0.003943018925256154
0.020446299630003103,0.004263102758241889,0.0025288867191449907,0.0010946999035023075
0.015465965168111948,0.0036358217330797553,0.0037507664658385756,0.003772763229925355
0.0020057563885470496,0.005214399279325673,3.339978078551522E-4,0.0011119106371349173
0.17300423228756018,0.043060884078373024,0.010749984315443393,0.006676846352231033
0.01748044254219975,0.0011866554254357762,7.675383031354969E-5,0.0031156448606347088
0.04592628387896705,0.021434805284601566,0.0016041254421942483,0.005389417705296459
0.03525134441365855,0.009509565496976563,0.0024587385058854635,0.0010235177809659007
0.016821458890675423,0.028850136873496662,0.0014791125166270542,0.003077945405847401
0.08205235255006327,0.004238034913136032,0.005155365812638121,4.3855721444754995E-4
0.0923553707766679,0.010835236541218063,0.0060684636167430825,0.0024236071666848776
0.012329766442199856,0.003930854275903878,0.00132551027984172,0.004940953618754664
0.04437519763355093,0.020142106502563012,3.211735142245106E-4,9.868738395067752E-4
0.06618898550724656,0.01655043515705723,0.006586474196291785,0.0031023365904537066
0.003734281200114206,0.0015996417926108755,4.0979591671937664E-4,3.1285467997263364E-4
0.018959828126766824,0.013382168886161392,0.006225143574786838,0.0052031536408962955
0.01099866057608558,0.0012039063934437917,0.0017318148300105862,0.0042192231982485975
0.0049287359607511514,0.0027255175957172206,7.598821997810122E-4,3.5518074796009434E-5
0.08976093936238122,0.021017231677128725,0.00726857709878771,0.00562111892447688
0.018947390065620982,0.003816188081958101,3.0335407854202627E-4,0.0019482718384412699
0.0706050818219855,0.01576720499817401,0.00433010793403508,0.0017940442547197035
0.011158958112796817,0.0053793860412659185,0.005842926090877607,7.452207607346953E-4
0.017803534883607718,0.007977040779190746,1.7367980324618497E-4,3.191728876343709E-4
0.08189841677663315,0.007196408114173607,0.0014346080827279664,0.001532004089473274
0.020125122882188474,0.02122285577259784,0.0014049825834033828,0.003203643798664708
0.08697913858585846,0.02720633754138423,1.0586613353525826E-4,0.0010345461752756513
0.0793277937424012,0.02549728719511865,2.972202055684027E-5,0.002248652540859102
0.08391507022777422,0.0030057657650651194,0.0011668525708733062,0.0066057076365132516
0.011578617800690793,0.0033024541880219316,2.654830439209762E-4,0.0010690087631620424
0.005436535073057056,0.01068839830238113,0.002309676817764802,0.004623741204483491
0.055130574098364526,0.009039741807995104,0.00328017831533874,0.0015566439805005628
0.07891773121040943,0.014978631554378962,0.00957228672622257,7.134646328992026E-4
0.09526028995186016,0.023389485153270568,0.002394192683825833,1.7708160603292005E-4
0.00984699862946524,0.006670611850560415,0.0020595816493011268,1.4691907528917975E-4
0.0026778485282301454,0.006440995680848861,6.670136074673187E-4,0.002381449916529772
0.023983001516500346,0.01088348839634339,0.0016553123074672116,0.0011541317137515746
0.03186568903316881,0.027538614133355614,0.0010223120275450626,0.0021600115318714717
0.026605681818459417,0.01192770763861678,0.0031574340806539668,0.0016851985309372015
0.08115020921970899,0.009534640295120503,0.002149182764645627,0.0012074474780772485
0.010845343284253267,0.032132965953678996,5.653828822448231E-4,0.0031808349452132107
0.008758823359761834,0.005911059100980439,4.328452606201084E-4,9.042007746409918E-4
0.02404386788218768,0.015572940968152565,0.0011042810471829049,9.728749023374437E-4
0.051654998696192646,0.001403632098458012,0.007009027796366772,0.002717743688880537
0.08618989898989891,0.02639046179026485,0.0063838346029593705,9.498144376770399E-4
0.05445111955106626,0.025625536139670568,0.0018429398696299944,4.5509131438020337E-4
0.010397634392231434,0.005915932308782455,0.0018552736169864345,4.9352542257892375E-5
0.015548031227121829,0.005221548864740661,2.160868149796395E-4,5.932207020673589E-4
0.016624328195887227,0.006754015078399975,0.009421885740880069,0.002965119529301229
0.014400292196833432,0.008834712742981506,0.0012080779075202747,0.004546432678181148
0.038091324909483824,0.004489924372583546,5.654128349627517E-5,5.3820946562159E-4
0.022377227292481892,0.008202903968817751,0.0014674249403218136,0.0011369331154088677
0.003439716576824966,0.014751738410758216,0.0025963226035305613,0.0017817929451949927
0.06778660921400469,0.037704155939029586,4.365905272069984E-5,0.001179049211285964
4.5972555525688856E-4,0.0016330905980916988,0.0012473821913496703,7.026101786036848E-4
0.012624076488483486,0.006924908515850143,6.487200703370904E-4,0.003911539071296844
0.05803714143694364,0.007840023310500273,0.0011757240911202463,0.002212854936373512
0.005658673811808772,0.01385026500710982,0.004197988209887961,7.106517620081777E-4
0.002669468442177708,0.0036768350652511884,8.114966721783894E-4,0.0012979835636224221
0.0038695199118378453,0.010698497879510058,0.0023567350280263564,0.001336732296773079
0.0766024073279096,0.014660743500709818,0.0013759545703342965,0.003868404274259421
0.11359004119760985,0.010474727419508332,0.0028183688140857514,0.0020125942943375673
0.03703643429423422,0.007725511234430251,0.0038037053375680674,3.521373102609463E-4
0.03819199999999985,0.006800692519012983,0.0010909083700064157,0.003925630966107442
0.04362862582596034,0.0252116119840784,0.0015589793236092124,7.090799911434627E-4
0.05011717171717168,0.01972640676545024,0.002850547931690849,2.7788420630636354E-4
0.12085575887766906,0.012041119109929216,0.0012963499153812422,2.0442260956002073E-4
0.010124017671287868,0.005159457979467607,0.0019531723933776724,0.0014427677487424421
0.0029648898612145134,0.015773950106840275,0.002049571700019856,0.0013863549468040716
0.03196745606914031,0.006028157690344511,0.0014344322595198804,3.6503833833521957E-5
0.08399419899281113,0.020416524317214624,0.004825594072455871,8.930881605372549E-4
0.006830596491228051,0.003890692971358554,0.0015053470970046352,0.008452184246150034
0.05917658859948262,0.005433357888908962,0.0050646723910503,0.0020280082642234122
0.040266764777052814,0.001330084591570482,1.1440187308868236E-4,7.747332108391999E-4
0.07707124528314091,0.002998424770916482,0.00911348054232312,2.8333605879815506E-4
0.029065430980085787,0.007341925663350605,0.0033545651899611387,0.0033398581973103094
0.05268846591102908,0.010993153057558176,0.00155617031061398,8.736191420901125E-4
0.10497579409387249,0.019424588456587642,0.0023025055494912037,0.003271115076949927
0.02015496279436553,0.0025812984451452194,0.0012716114398932026,0.006160819365961048
0.016485387339044328,0.015409241569847057,0.004134025816732562,0.0037924822710539365
0.035233916414754866,0.01214209113843933,1.0473673541057447E-4,0.004366568695659832
0.03130614113295845,5.738968326823015E-4,4.539437290744529E-4,0.0013270224264315669
0.008470716776005275,0.007246332368108075,1.7601812810951609E-4,0.003969186692480553
0.004544449832739466,0.004149437879600278,0.003119489157570562,0.0017463795460481834
0.0021749890136985393,0.008824446096645696,8.914535054106406E-4,2.538087904034463E-4
0.0705096429325364,0.010339467120861803,0.002543650759382722,0.0017882093869479767
0.007287536231883987,0.0037235197607336755,1.4281859058911007E-4,0.005585648120627329
0.026705645161290502,0.011806689873760217,0.007658674121641054,0.004819596554145169
0.0018928947368422918,0.003891566097850146,5.636971757950077E-4,8.95432622384945E-4
0.12284212582393103,0.0040253983074072545,0.001491538603065795,0.0042286125685913325
0.07352493790480291,0.004647000854744787,0.002442617124171795,0.002707996320735299
0.05802538376955367,0.025157670171548217,0.002252155748753354,0.0014346519045965278
0.042936547641542915,0.008000501070416994,0.0010223086301168174,0.00250707713453541
0.011557849797958568,0.0038742134013165556,0.0011547666477700446,0.0014039994010697995
0.06542638699592403,0.004324408187303333,0.002491308531801405,2.6427635002060953E-4
0.059864719812974435,0.01581548243463683,0.003823340044080302,5.190697775032873E-4
0.20527922499021964,0.025674289270516185,0.003984524046578214,6.057829927773895E-5
0.015972024913092145,0.01687792003849606,0.004403314856410226,2.231042211498372E-4
7.505785740095199E-4,0.008471797209230449,0.0030624219634956223,0.0030225621522529038
0.0036226780447361057,0.002369258769217804,0.0011502304619880374,7.84270921353556E-5
0.04011367352527652,0.008129545723263886,0.0021680558190426643,0.0020299934530574972
0.01880392581094188,0.006877355924876016,0.0012549422436737366,0.0022045157616412685
0.16399072666004516,0.044515109679894804,0.010539196746334734,0.001803283310035745
0.08511192112040085,0.01331701315048889,0.00571591097275944,0.0017524219635790216
0.006509429801561387,0.003231208077187957,7.471535159654668E-4,0.0048011993633586235
0.05229850000000018,0.009713006073105294,0.0019591705697629895,0.003409190855051778
0.04575703446000378,0.02473796079700288,0.005069427517245113,0.0013969523484327164
0.02632281132202429,0.018475877057207095,0.002178776358417119,0.004639651475790862
0.007142949540220096,0.008273085064010624,0.0035822595569633777,0.001794529633978486
0.009374562245546432,0.00887490479076042,0.0024337951915429853,3.7616134829650705E-4
0.058736815510265585,0.0117885788879166,0.004293779541850036,1.3899728345524276E-4
0.013929987880469731,9.142928007987317E-4,0.0014642810146037316,7.200673174207596E-4
0.05030984249596313,0.0013753679300647654,8.912766040745442E-4,0.0038586515771578483
0.010845343284253267,0.032132965953678996,5.653828822448231E-4,0.0031808349452132107
0.013012871402089862,0.00775180195524326,5.897976704994238E-4,0.0011667282989155623
0.034090434839000934,0.0014070692149832282,0.00934501599543347,0.001289706883456766
0.05433020048910531,0.003910699720785489,0.002208781265362829,9.967126080772438E-4
0.004421219677397232,0.0017188678192479527,0.002952568940977832,0.0034658426671581462
0.011900257696311348,0.002941385733288888,3.331244242133487E-4,0.002434545433922842
0.014769660800135143,0.010112782637432337,4.0301609520114733E-4,0.009396903189716057
0.023352656427180346,0.030642192491185407,0.0033113738248254226,0.003018654144176089
0.023049153049571645,0.008280452191650654,0.0036188434398604042,0.004014043167443436
0.004945450806897427,0.044057749237811264,0.003710013828973078,0.0028340053681529765
0.018921821088950574,2.8567123138875184E-4,0.003604790443470568,0.004127825425748261
0.13535305130741915,0.021628762798611118,0.005652279335616414,0.0010428130981807772
0.049019102040433846,0.0019801610441891326,8.443627015754079E-4,9.314531233762576E-6
0.14003543427835413,0.011529801150648398,0.0019456275873040508,0.004751133121281502
0.04470748294736848,0.024137267277487114,0.002559033339525353,0.002908336462631931
0.11193951599489134,0.007227438270838845,0.006997312888538906,0.004200871405214795
0.02483079190522103,0.011600682268159473,0.0022119804869283233,0.001127182513434443
0.01588407617314623,0.0012207158778413493,0.001005643944118679,0.004460037110535774
0.06117654366290195,0.002903421567988726,0.0035665982202719246,0.0019764772278006485
0.01719569645951274,0.02604713837175891,7.917036607116477E-4,0.0031628052062439124
0.0965570370370371,0.043292188234633204,0.0036949239283787087,0.0016626973208487088
0.08202271172464064,0.04465812259232372,2.4074682030641211E-4,0.0011006162647605024
0.002078977824544289,0.00205273839129654,0.0018193009095887102,0.0010462007668102864
0.004439921054682818,0.003988048604427025,0.00271576800747406,0.00379826652805436
0.15384910003656987,0.022182763359499563,0.006267546368893979,0.00547148744896419
0.2106600412670086,0.05728788859988791,0.012365373094236742,8.248470004016441E-4
0.035128888888888994,0.021211087973923255,0.002096997432376003,0.0022114047037368515
0.04509656565656572,0.009044240164827558,0.002511475244129478,0.003029385372850566
0.01623952384898603,0.0026869720366983433,0.003521150558583189,0.003444182173871661
0.039424372881424696,0.0018587613485927896,0.004723727524171749,0.0023266661008625737
0.013947575757575858,9.859698422082903E-4,0.0031680341857244793,4.4586919589414373E-4
0.032982337387625515,0.007141620673509951,6.179704573992174E-4,0.003296637916354539
0.010619330272146843,9.93119872434549E-4,4.123184677467514E-4,3.7960846079639136E-4
0.06331508967916573,0.004369248384745927,0.0038177979085585556,2.8649993618813336E-5
0.016859130434782797,0.007829074387675928,0.0029360046573969328,0.0016883757517699677
0.023942240556938187,0.029754945186015284,0.0018395209459101203,1.0398624347678901E-4
0.006290574711404635,3.5761667435548253E-4,5.526249799840838E-4,1.1253473406535858E-4
0.003870796892352472,8.100935886467844E-4,0.0017345229399926003,0.002339823706357808
0.12433029660617928,0.007921031329627758,0.003311475517278291,0.004826164718530818
0.047789226117146325,0.007848745748009766,0.0038462920003739976,0.0013639071553563434
0.06212777644930054,0.008956502277253198,0.003037495579374938,0.002595443575492895
0.0037006152691491426,0.00278757404116453,3.7066658560695254E-4,5.26007992436593E-4
0.10677693487524131,0.002066902923493191,0.0057534666338639965,0.00483388918022232
0.08462400000000027,0.007008880131724768,0.002429622514122746,0.003834359764331687
0.09267518643604077,0.005242181379964161,0.0017261038943135638,4.1856347859212654E-4
0.033045142662075706,0.009968381591189143,0.0036372977773778455,0.002066378968781455
0.09505770678456252,0.02224145817919175,0.003021403965997374,0.00174606467199018
0.051776506226859746,0.0017441994216785576,0.001482708264729166,0.0014885831870511132
0.015745952569825195,7.912231121705452E-4,0.0012836488008568514,0.004217440028403319
0.0034294351387784546,0.029686391985101993,0.0010386967666828272,0.004284387753973177
0.0984822046752801,0.007378356640277649,0.009789362221435111,0.0012768969996211589
0.05938619613392625,0.007422553389746994,0.0032496114691872016,0.002513511937901456
0.07294799015400763,0.006953274131547963,0.003741961396951606,0.00406413513949025
0.031147609002128526,0.01566931964761067,0.006935602710215275,7.706961668853988E-4
0.004583551999999769,0.003701435298998137,7.47128445601736E-4,0.0017056114817655926
0.011377543999999665,0.009611771961932294,0.0022069547995389746,0.0069939277402999815
0.09140343766081871,0.0427910508674433,0.0015951814337434092,0.0026805123588833943
0.09165598601921272,0.02452992766563207,0.0028521461758508537,9.074102020081219E-4
0.02239350234448216,0.004449894053594825,0.004478842202203749,0.0034699816805198055
0.022189007583209176,0.01241166947643871,0.001098988417389266,0.003968374835399252
0.00401218948754781,0.007978847697053192,9.63916821141135E-4,0.0018111034200246308
0.029422686682898925,0.006815471589585841,0.0014001987612066258,0.0014857790982304865
0.0031242238303986272,0.0018634831147799297,0.0031009049047732522,0.0014838724246166563
0.003763206485695421,0.004109011971244376,7.628798212327252E-4,8.866811096576926E-4
0.08661734676077763,0.005660345506463357,0.0016779652802675676,3.081106561186214E-4
0.013798494286628733,0.005219030532609636,7.632797253339858E-5,0.002676489672357534
0.03343517783510665,0.0015688532899562288,0.0015553714482200675,0.004385944795674861
0.029779524890465876,0.00391080650048999,0.0012122024882097215,0.0033986185568920125
0.03346108343526785,0.013600917668654849,0.0028069063942073413,8.887488265264111E-5
0.005641139189699449,0.0026548455239105277,0.0017107571346918079,0.005038017088051804
0.010281375649995388,0.014319903203491505,0.0013803534857415455,0.005020974215024302
0.0023185087719297354,2.688757738701179E-4,0.001929498946792559,0.0036543891824268914
0.05614057489288413,0.0068479786845468,0.002024800894351093,9.6572349639117E-5
0.05615096176224053,0.004913090541881943,0.003940258016342602,0.0015555027629254579
0.014474860792738955,0.024232038319087736,0.0045231955249962295,0.004806028055641657
0.025982386990229672,0.011884510287835512,2.827716683511687E-4,2.2591201649634662E-4
0.006841629520740183,0.01874845363454912,0.007904843868351545,0.004532804648490439
0.02830245239861345,0.004998231614902866,0.012685885839482727,0.0021927229547739685
0.009038399786460661,9.126259156209473E-4,0.0013061727254606176,7.657721607355299E-4
0.05525343179471131,0.005736396129504434,0.010771996528638776,0.00178653790228513
0.05368081120920687,0.019701184026985088,0.0013414429258748455,0.001770702428492283
0.010526123080346712,0.0038374303570736052,0.001310065135671909,5.383891552240059E-4
0.009062954849785816,0.018787188414309153,3.327525882719106E-4,0.004602097997091395
0.1706979299281862,0.009254682340494385,0.004158027636577024,0.0036973004229862794
0.0011095326250066663,0.0023472407445275846,0.0010184155513587386,0.002984706091844111
0.007181001510662941,0.0014649491989400585,0.002104707775726369,0.0012625052481624733
0.02687713646060728,0.007083623189212777,0.0030231940197782193,0.0013271844421288096
0.026857829468253422,0.011001503615443074,7.091548038806303E-4,2.778968802923477E-5
0.06932729164927696,0.011697180967371358,0.008110047657895142,0.002243365143023888
0.050739096645152304,0.021179126399044783,0.0017731965044836503,5.950755692365089E-5
0.02443338989898967,0.010246983780423921,0.0031674197416914763,0.007890797195521918
0.030699926977389515,0.00570511156774858,0.0033858448203565555,9.501756809285966E-4
0.00860215053763439,0.001987330467364533,3.2984126678598385E-5,4.495311730612005E-4
0.04570678099276567,0.016480135124257403,0.00778151995357387,0.0024649520888636017
0.01591038782407944,0.011077673709557066,0.006260575406184858,0.004756594299274933
0.0019459223771389263,0.022823750792924525,0.0018775138035675393,0.0034487233067389857
0.020306455883852707,0.011811948114382478,9.267340327951942E-4,0.0016185822266051443
0.019925117613778975,0.009681372059046147,1.4019525843608102E-4,0.0010896773524144805
0.04674564818380481,0.020104734560253322,0.002687700621937442,0.001553315608411027
0.06022762677701929,0.02170355957099646,0.0023239221407225694,0.002485358009044468
0.007972551981341376,0.0034446985953688644,0.0024152882685901556,0.0026320710161716965
0.09594199680490693,0.04758810039396282,0.001756735697039993,8.539212819150215E-4
0.02805763478096033,0.012422816686246842,0.0031154215380320453,1.8784398898635734E-4
0.04022478190870472,0.007891839791576564,0.013441882484896276,0.001826261554102562
0.008148804147228402,0.0034412273724038272,0.0013815144000446841,0.004904434966194563
0.06004715671962064,0.013417923130683974,0.0036292875598054383,7.90223548585054E-4
0.11522553042138016,0.007077602872827757,0.0055805871244075786,0.0031750482162166537
0.04521624051495564,0.009331766358427425,0.001110827769177396,0.0016817285030882318
0.06597724269104534,0.005794592012779984,0.0025866078352269036,0.0013574039255133286
0.04543980143628898,0.004887088536640422,0.014767284103814286,0.0027617325879052616
0.18163837299132987,0.07155558143717528,0.016999368737670488,0.001431778978772643
0.02724595637456798,0.018117794526920278,5.341786646516756E-5,0.0032788061027357205
0.0010382222222221594,7.016935138725429E-4,7.00938897070489E-4,0.004428416214174093
0.003761480816337883,0.008021786422445708,0.002195582457353728,0.004639853197571731
0.08194010833315767,0.006506808229177639,0.009369652567298705,0.003147150396712321
0.08849714151917783,0.005533206460457845,0.0013250184282482386,9.222477589922266E-4
0.056885333333333496,0.02107771839587463,0.0014984932675429464,0.003177531288817456
0.05073392520068453,0.017298593969461457,0.007278289915769224,0.001475183428400654
0.1302600095636142,0.007179819393930877,0.004460023923864502,0.006060973834832169
0.020073587543716624,0.028481762190379876,0.0019101789578993755,8.089461920941993E-4
0.006409309716788682,0.011843215596674285,4.569581447896413E-4,0.0024295512423179923
0.09432218606975755,3.2478843201867415E-4,0.0019531922397596287,0.006502515393016122
0.054459193401936744,0.004473597868799159,0.012009912887178379,0.0030211267601341586
0.10417330463396597,0.00560419409513648,0.003444285332732288,0.004507000670366797
0.036252000000000194,0.009407277780299544,9.83182042578005E-4,0.002831260589762167
0.059831776071320064,0.007978470702701817,6.419903361730158E-4,0.0017827043665649242
0.027631991827446706,0.02009314081185529,8.021730250945235E-4,0.004819965834980248
0.0548131041952707,0.016652923537470898,0.006034836454936347,0.005139109424208055
0.05503968330948351,0.019168028576624214,5.79960423307222E-4,0.001495823914982711
0.03336958460919318,0.02629450419015706,0.0018422085329177851,0.0033801459308016374
0.0557120181622443,0.0052137969800972,0.0013924661520669439,0.0030055692667294606
0.05229850000000018,0.009713006073105294,0.0019591705697629895,0.003409190855051778
0.08512276264681018,0.025535609354531624,0.0024489846083178605,0.005236384670086976
0.05241141158288477,0.006827766572964674,0.001236746000198797,0.00263066705880346
0.04675973042649006,0.004224625403967089,5.757261921314149E-4,0.002212763680407635
0.07637599999999986,1.5549058620528686E-6,0.004522550681664363,0.002188300243405848
0.06693899076270375,0.008507461296719823,0.011342929445014359,4.770024105271752E-4
0.05332776114492303,0.011982508068640275,0.002412824796663333,0.002806759042114841
0.013903015869464746,0.006526987232754846,0.0028566226633995003,1.44211833029197E-4
0.020010601427115176,0.017114712714449948,3.8268776269294037E-4,1.639423359116073E-5
0.11681897852747496,1.4544163154754406E-4,0.004469372809784514,0.007870545062093654
0.03393874116459093,0.016835482817310836,0.001639841186089426,0.0037989228941919255
0.03991154148644297,0.006297769575432715,1.0038357859762554E-4,0.002541987510355989
0.0026290278557810744,0.03464670451621371,0.002598860158519427,0.002003431365395727
0.02688952925046581,0.011625774315455006,0.0014054560008706614,0.002455422113446213
0.008590494225732269,0.001786388814756742,0.006559122982895744,9.573360193283946E-4
0.024168132578247646,0.027369763970913907,1.6650216025528646E-4,0.003065729559713303
0.014138058899287929,0.005434118828150352,0.007777456978615562,0.0010582828060077744
0.08877254003246966,0.010226315672895257,0.003176357302419452,2.4398444278662235E-4
0.04631601815196882,0.0034537701055190723,0.002562472793017029,0.0013061556466921183
0.09142170775834534,0.007230767125843443,0.0010545328186140968,0.0013257999063300459
0.01007326525013974,0.00517799760415052,7.843424021946828E-4,1.681512261934182E-4
0.013208062942391198,0.004293972251535468,0.004343057389359681,6.725638554790104E-4
0.00193919891877116,0.008683440867940975,1.4246702110287188E-4,0.003254968506912456
0.10229890407341848,0.024916005958364264,0.002704605535428369,9.100984402746387E-4
0.0035680377657237566,0.0014021444298730804,3.921394140020374E-4,0.0018743433894382465
0.0956861638218609,0.008022703019618372,0.004461514767116262,8.215552354128309E-4
0.18370084385941363,0.031786341707366106,0.005426496052698313,4.2972996696385806E-4
0.050949469049487106,0.007300953898731602,5.97419632849138E-4,0.0030589581128165743
0.00958276000416628,0.016683133304619267,0.010711185251186877,0.002506577213096918
0.02004543713766606,0.014408846794706873,3.985560397273076E-4,6.934542205478348E-4
0.03136372665867311,0.006598373881416646,0.0037476158592831053,7.370257033899652E-5
0.04926191909262784,0.012499378142056128,0.007824021075989432,0.0013296576910148837
0.020124263294718257,0.004691463828697619,8.80933195159595E-5,0.004668335870447837
0.050739096645152304,0.021179126399044783,0.0017731965044836503,5.950755692365089E-5
0.012127087894154526,0.0028390048852955274,0.001839595472003864,0.00439633554266499
0.004875972222222346,3.521993832749535E-4,6.001997503194577E-4,0.003311449375634495
0.18877870580732115,0.028509304621752177,0.005164500658708003,6.667183876600713E-4
0.03924440457351344,0.007292222098433618,0.00960014316326859,0.001813011113266752
0.04794686359054769,0.00821185740971079,0.0020390800685934616,0.0036401450780250274
0.030699926977389515,0.00570511156774858,0.0033858448203565555,9.501756809285966E-4
0.011665176824025927,0.013054132396902621,0.0036832949264569872,0.0014472729589034325
0.004340109027947519,0.00892588913730939,8.287510291595935E-4,0.007461504646471377
0.0033703355493196,0.011951717618020928,1.732003437577969E-5,0.00518072331365089
0.05203398836435522,0.0032061663099330587,0.0029499946665443163,0.0030969677233356916
0.09886168938003227,0.019110144794600006,0.0034528373810295584,0.006753620408930936
0.09314444444444446,0.046473992323052576,0.002301423642228002,3.931672548512769E-4
0.0211487548105567,0.0032445786192425692,0.002032794113261423,9.414172104255012E-4
0.012794559766016076,0.016574519344927402,0.004266515421355593,0.0023588549505470673
0.013607896123149847,0.011607950332890169,0.0029520396749021603,5.009243799203604E-4
0.03809666249050115,0.006916591629372404,0.0014956844241892473,0.0030136311844556935
0.10632143243971291,0.05131717079833013,9.386305402900909E-4,0.005236665500754535
0.06190202289696578,0.004788544201965031,0.006289662742336766,0.004839214122449385
0.025475082494597436,0.0301660647428195,0.0017721616794732066,0.0016272056699318336
0.03035780022608391,0.025901297691245728,0.0014907061087960018,0.0011512179578199247
0.052290881454445076,0.020892537517621493,0.0017034165256139744,0.0014609499685234127
0.05157120044700846,0.017545702735592496,0.006799780936963068,0.002010594226803443
0.004042139754816177,0.009915513147305382,0.0021294220308002904,0.00212438882243467
0.1804520366929092,0.046551700114642845,0.01275365694870629,0.0011841827509862515
0.00744681636001858,6.58315498796579E-4,0.0030830302034425424,7.806087502701226E-4
0.1708519185768733,0.020461382344915485,0.0061691107855930604,0.005408958808141617
0.046554162276936845,0.0026938340568149577,0.003673214670851447,0.0019281360325060005
0.04282614642325205,0.018467239207526916,0.005810358169270141,3.3490111261690243E-4
0.13179143530517975,0.005880358971329927,0.002521588279278173,0.0052026343307447365
0.2364942519861784,0.05882992887763178,0.007386835910073236,7.113287053231612E-4
0.012381832815568521,0.018224875472542736,6.423006429070951E-4,0.002041230750622972
0.03516806655109438,0.002032876812339601,0.002212666082241062,6.892115596569247E-5
0.01391382721969284,0.026711313582810516,0.004646868231654901,0.003920034855572911
0.05536482950857425,0.005081412887423991,0.003168987992753874,0.0017507606675786875
0.016165188667106836,0.013370156684467388,0.001146091042346931,0.00302929012197489
0.03948236595936824,0.00428895365606578,0.0043762335706589005,0.005971410413300468
0.014029164654756066,0.013615070477964286,0.0038082205708163887,0.005185524683827789
0.12265694634609073,1.458251691258483E-4,0.001915829546422352,0.0010407265121218394
0.007574348614248363,0.0038396612737055746,8.933113510735681E-5,1.4543895179347535E-4
0.0026105593609880564,0.0478310958299447,0.006482476796541516,0.003992094288942988
0.04245224663319506,9.325507124051791E-4,2.7519594037995717E-4,0.006289351179418398
0.005442201320961599,0.010008895969301088,7.941686593982521E-4,0.00510083795599843
0.08084073209527373,0.005836378611090013,0.00146709347527925,0.0022480906955901965
0.030786493411437896,0.0030348579663523013,8.937773299220976E-4,0.0017114237053123028
0.018079537918342437,0.03634730771078476,0.003099060060457316,0.001601058165754689
0.009673928840464509,0.013646856553309444,4.914349542235155E-4,0.0018986204443564262
0.10406039764558926,0.022920196595700815,0.0034166324189340374,6.932878344283025E-4
0.011799634366559276,0.0449684148603197,0.006579452455000654,0.003774751217508737
0.06421604210413433,0.010807197288163525,0.0030764467571432704,0.0014684513862209885
0.041119902762382574,0.0065308056860889745,0.004690316213630527,9.164532776374496E-4
0.10967251187434894,0.008823794719578563,0.005546328544705004,0.0014784251086053198
0.01378511572947772,0.001573811530506211,0.007987418663846245,0.0016444525959985507
0.060438120333772556,0.014216913415878892,0.004853780531234553,1.4184960863117288E-4
0.0035332958461197195,0.009630563355252664,0.005095838273787799,0.003787213106146018
0.07751159349615815,0.006879809332035518,0.0025817003300394417,9.650074761434872E-4
7.279112648658765E-4,0.002017461154909048,0.0012439429943808763,3.9813005189514753E-4
0.03542473538110437,0.03291045219754297,0.0022369904929115114,0.006233202528697826
0.009954232501119972,0.028949122930335688,0.002170511457360089,2.753097014533567E-4
0.02895818870417251,0.016711998871819383,8.251467537551246E-4,1.0909209119492969E-4
0.002318508771929857,0.017242563275559973,0.001281043160374182,0.00399470275304436
0.019292811403550086,0.003980522161981464,5.580863148147281E-5,0.00446775691182303
0.011727108728775248,0.04672910580417153,0.006390464508196986,0.005060073260842712
0.06907841455558647,0.023150825126273904,3.442605250849042E-4,0.00137788257375852
0.002989898989899106,0.002788253782983991,8.029546576881774E-4,0.004669429401382861
0.007515856778643746,0.009661973050943197,6.615283852344211E-4,0.005192169347365033
0.07168800000000014,0.002894302755184547,0.0012902144364122328,0.004013203074305607
0.08408362360034495,0.007436328210384751,1.2112383971175789E-4,0.0014312582149199188
0.07512046536224228,0.0053589050184742505,0.0027118178327034657,1.5899199438204874E-4
0.0023185087719297354,2.688757738701179E-4,0.001929498946792559,0.0036543891824268914
0.03642862976366689,0.00563004653674989,4.2312911814007266E-4,0.002121514885089398
0.002590332083873572,0.002561644921545722,0.00138100066773383,0.003608961274674719
0.06165741186170123,0.0028983590956507795,0.0015749524344531066,7.937975235796711E-4
0.012313483897307883,0.00864743011384915,0.008282665131463382,0.003355178056046824
0.0018928947368422918,0.003891566097850146,5.636971757950077E-4,8.95432622384945E-4
0.0012312467437720468,0.0025501873444920397,9.458491768707916E-4,0.004574475124987141
0.005663978789548409,0.004495582275673063,5.048746785631848E-4,2.11862621669874E-6
0.05699810979272597,0.006366433755842314,0.003392892284703511,0.00235253664091217
7.006927909942023E-4,0.005991655113350596,0.0022571967867238765,0.0035736415969018246
0.06555333021034766,0.008779279697483745,0.004739096925549201,0.0032704552241134923
0.004169201697003168,0.0023844045975838966,4.1757520495571673E-4,0.0013092900433345277
0.08498071412423297,0.016288424686421624,0.0060650679137655575,0.0019725082755112804
0.08008313500258983,0.042005850721878915,0.003238358855752628,0.0023035351291512225
0.054012500731029006,0.0077834903407143635,0.003154177842285033,0.004118801757825745
0.026431684576208855,0.019409570389692092,3.91008365350162E-4,0.0034121800110246485
0.020889635173668566,0.006896617331113994,6.208611915614966E-4,0.00475662842271488
0.005489434992248554,9.112256941655933E-4,0.0014392813114160244,0.0037715942199648103
0.033082983835022756,0.012355781152411519,0.006717111355895029,0.004504076529947861
0.09917499208238831,0.008423511738829359,0.003727037921561072,0.0029479268632067995
0.014333520483981482,0.0305421870137384,2.7056050699139525E-4,0.004318223628118238
0.004002029318569406,0.0038274983690759403,0.001498560181584301,0.005083611070330586
7.141733120679982E-4,0.001527132289004121,0.003224111856942575,0.005225407960408276
0.002030648318562733,0.002890808015589881,0.003924688250900542,1.725577617671764E-4
0.006358736842105335,0.001031968292735212,0.0013906263340602587,0.004178142628664666
0.06523861026566398,0.017052744426740558,0.004498436237769609,0.004297619333027532
0.08008313500258983,0.042005850721878915,0.003238358855752628,0.0023035351291512225
0.07171993590748497,0.0073046851069164705,0.002556739608097686,0.0026918530564888758
0.05719492753623187,0.015302234758534018,0.0074100371829384564,3.254765997976641E-4
0.010649520855572855,0.02215395919960284,0.005646531824763112,0.002110359647712931
0.03062508041574101,0.022756144889330015,4.6815331296656555E-4,0.002416422438306609
0.015523401547978313,0.035181034118548,0.0053994732727076925,0.006218489512382461
0.11753708559303098,0.001541965374047348,0.006307052805155268,0.0041647276927578615
0.052547657577967664,0.012360871617813853,3.2005098290933915E-4,0.005724690673993518
0.045059185495347084,0.02154167469204123,6.030129754764262E-4,0.0032251115795908767
0.017161095428573903,0.00873739017122944,0.002423741150712865,0.006918299164789175
0.04193584899812012,0.00588509659775779,0.00102162496527518,0.003410840664829105
0.008537777777777766,7.545630942280679E-4,0.0011919924737246548,0.003348880049775384
0.005753557495310532,0.0036052699160263905,3.3780453479987396E-4,4.6250523818000083E-4
0.0859611972668838,0.03850222783385392,0.0028424524564988236,0.002672054572145383
0.008807943397160916,0.022059993879721844,0.002815271708809927,0.003079450274820367
0.024847692173695087,0.021261979819539593,0.009437761235989077,9.415446336124015E-4
0.043591082523845734,0.00192255069713153,8.211066651028592E-4,0.0026383943604773403
0.015731537534643354,0.0013447439082334527,6.289560476394854E-4,0.0024472849048221483
0.0035630561239738396,0.001242559853118116,0.001562792946859968,0.0014069187280403032
0.05011717171717168,0.01972640676545024,0.002850547931690849,2.7788420630636354E-4
0.013722040909126768,0.00132734211424281,0.001829236413852896,0.0023788925297239115
0.009943193306510754,0.0059724940945484065,0.006820261470190996,0.003816078479477688
0.015179256195318328,0.002318089130619303,0.0015873791733853827,7.178635755108072E-4
0.0209278010751212,0.013866479032548593,0.002480540364218432,5.907967881862145E-4
0.025982386990229672,0.011884510287835512,2.827716683511687E-4,2.2591201649634662E-4
0.07388797690190932,0.0168289584145849,0.002736822015229522,0.0018591316848643956
0.04560686821680586,0.02018667311614578,0.008601751236999609,8.246422250845573E-4
0.0038839718235784723,0.004599608346974867,0.0037775534230880784,2.1635366271148152E-4
0.04987848638353174,0.021588789063003884,0.0042092610159045266,0.0013600071066654743
0.19992224326654986,0.06274131537474341,0.01488062981279599,0.0014108217670024833
0.07637599999999986,1.5549058620528686E-6,0.004522550681664363,0.002188300243405848
0.012322788729453308,0.005337665510423714,0.0012664423666950175,7.204246379172888E-4
0.060280693622809876,0.006563186189262516,0.0031081547826751084,0.0025349069005328054
0.01955654867513505,0.009493093944918441,0.005147479098229918,0.001016139961173196
0.005061022517936054,0.010177031426395356,9.755978916887387E-4,1.4731124544006715E-5
4.96458359556078E-4,0.007756891237278621,0.0019252270688388264,0.0010862168616201499
0.08935851861095682,0.02587765558582497,0.0024094872980821216,3.6412560070344594E-4
0.026294596646155983,0.0058834623372099664,0.0024094388625911746,2.969772475484754E-4
0.003223578258278864,0.001142591412797284,2.3986314644472643E-4,8.017310935812816E-4
0.015670781310975025,0.0065584545190666066,0.0035925284311841455,0.004816694283208523
0.00500842752768704,0.0015951873004055954,0.0022159187566908505,0.001128825508225364
0.011569307871579193,0.008849853115170302,0.002214028312399795,7.479758992128368E-4
0.06311123567090511,0.00972924825817926,0.006249220316201364,6.063964662312522E-4
0.007155123098816059,0.013509730062223928,0.0032609245773662135,6.878172578137294E-4
0.029558305670083104,0.007213586247304012,0.0018118322078376232,0.0013528457416565765
0.021853486854942226,0.009467370336278213,0.0024278538119485997,3.947674213401182E-4
0.006957588577472194,0.001386554371403673,1.9130718744690594E-4,5.88201413516279E-4
0.05078827353723457,0.009511986056966171,3.8178211589720226E-4,0.001950156393255884
0.08573798911052029,0.009641592757567617,0.005583742319988562,0.003744545107764622
0.06308324726688112,0.010994197946426818,0.00408840495805469,0.002567501757913875
0.006084353362087745,0.003793599371801688,3.4163380713896215E-4,3.5726180958287534E-4
0.012626123544677278,0.03535794213156411,0.0021951038211116833,0.0028675235442025466
0.16281420331666074,0.04577680034500603,0.013313990368194186,6.319071383043281E-4
0.0387295672140734,0.01601724693664128,0.0016113466212767684,0.003235406960798034
0.04480465859420506,0.013535080778305052,1.4564884186869835E-5,6.37191123017306E-4
0.0010766078903521633,0.0018878889072588775,0.005937141038205654,7.648983291499944E-4
0.0022630023373099613,0.005209145118708933,1.865674727663386E-4,6.486710407419735E-4
0.0641963204851481,0.02202938520415867,6.136541651854407E-4,0.0020379922337691522
0.05269090718191603,0.0341102760412989,2.356072482687142E-4,0.0010470261884371025
0.0839282324882522,0.0026438824200009183,9.073289093180218E-4,0.0027389778420257114
0.19224967626729556,0.05235462137226198,0.019370373826456858,0.00624856601385121
0.054012500731029006,0.0077834903407143635,0.003154177842285033,0.004118801757825745
0.08120918953831037,0.03151012232494761,0.0031985418121548773,0.002626710422364105
0.027443777086852784,0.01892614883451664,0.0018390613652510008,3.602526181938534E-4
0.024694448518035046,0.0066328772875961185,0.0016051019065857289,0.006145959984649292
0.0038054811168564628,0.013020675692164625,8.466342624125686E-4,0.0014785916217889931
0.003324210526315769,0.003953850124230402,0.0033675696890747052,0.0037522096608620954
0.11203599862956094,0.014923002764729607,9.433037166309783E-4,2.769568978696499E-4
0.007784214980800742,0.0033879434859207555,0.004699885850060938,1.5214285701826955E-4
0.030656025727534064,0.021511987752710713,2.840016264480141E-4,0.0026922872553948735
0.09583225653008065,0.045044984979655055,3.879309114339032E-4,0.0015225864263684057
0.0043868116297489474,0.01073644803069812,0.0014975011754224676,0.004655962098946518
0.03941956715789497,0.0036627077385217393,0.005875214451855936,0.005078217098295783
0.016624328195887227,0.006754015078399975,0.009421885740880069,0.002965119529301229
0.051228621211968396,0.0070875334208481385,0.0010518677873613807,0.0023188706696319677
0.12265694634609073,1.458251691258483E-4,0.001915829546422352,0.0010407265121218394
0.009755841577860667,0.0016906864599509697,9.683901961786785E-4,0.001031827080121366
0.012833688874113593,0.0038166734122091696,0.001372676914176348,0.0020227360779363035
0.1238836634817166,0.001309133524036197,0.0021837045425725592,0.0016426972725779529
0.07616770186335421,0.012752017555005801,0.009658097883459787,3.5243059067499653E-4
0.042876881761407165,0.006797613658456387,4.959091557271384E-4,7.611851383587342E-4
0.03373810526315796,0.008903847202366028,8.72626882618045E-4,0.0033341492104627113
0.039620568475676264,0.011971289047656902,1.6012523087855426E-4,2.4876671057576016E-4
0.03164930502725833,0.010948819254270459,5.853695167955671E-4,0.0017388618585852788
0.010962249109816209,0.009377477086990936,9.242387445916435E-4,0.004462203626602136
0.03211395741449599,0.003250810908025721,0.0017195762114598793,0.0024006699304146024
0.00458391336511543,0.0028132675900969443,2.0641809546919718E-4,5.736358257075878E-4
0.026992227283818542,0.018777694494497295,6.000708639472143E-4,0.006597035812578876
0.009968384449576338,0.001011305480231115,3.9640876499933455E-4,3.775501958338459E-4
0.018473160423670757,0.010874888575287428,0.00374433034018264,0.004208935522827997
0.08120712321745661,0.005796365812214559,0.009405302008089025,0.003251375510610789
0.011775686588910322,0.007183510668655898,8.413156369668923E-5,0.00523074775962815
0.029830360079655206,0.0013859585741919625,0.0013799759263141433,0.004945859789586533
0.08673852631578943,0.026492838095042524,9.35916712914796E-4,0.0048281179170335895
0.007331986531986663,0.003990039003034104,0.0039292834241260784,0.0045880041853774796
0.010605975813209996,0.004952845171671356,0.0011133853316019039,0.003990329171426115
0.022014755920294636,0.013251239281310664,0.006418885084149216,0.0015483929031225381
0.0962575422979779,0.012787387154610263,0.004468437358399443,6.101632462806387E-4
0.0012281687082533834,0.013009086633126441,0.0028941088933629997,0.0031993935726990024
0.0355457275578402,0.013113433062334298,3.142347448504987E-4,0.0017406344044203822
0.02259208231391731,0.004022464874320363,3.9681461912382664E-4,0.0018832525503161618
0.06177328282913462,0.006851233927654797,0.0030012850463738846,5.458081440468089E-4
0.03681020027523332,0.015540818303342734,0.0019324351987982736,0.0014049388662824738
0.0038078413564165384,0.002552101552644305,0.0021478463601790907,7.83484284348066E-4
0.006056511701278635,0.0034565502230749444,1.8927935106570619E-7,0.0021686492611900456
0.029348187026817494,0.008602033724694173,0.007109225741936413,0.002730187083749684
0.1195596046450546,0.013699399915695624,0.002234851789533601,0.0015515762743210837
0.0017276800494232425,0.001157713565064407,6.326470958036691E-4,1.1760889498011152E-4
0.022870985636760786,0.0088370823439869,0.005232731671681002,3.716843089451971E-4
5.112174375332897E-4,4.838942760775475E-4,0.005326446163475606,0.0037118154521661425
0.01687146828253328,0.012265828280039439,0.002401838092022886,8.162666175358355E-4
0.08879787305859134,0.0014256544388483606,0.006632089058945515,0.002747376002039978
0.03617588903282605,0.0012583143092983167,0.002566673218083144,8.973339088846641E-4
0.013953868465730823,0.011593545432815915,0.0011832743194891246,0.0067225843011863694
0.011153260117823003,0.00687441207635063,5.674668063422995E-4,9.107852461243834E-4
0.027840213821510418,9.6390117759872E-4,0.007446639943383316,4.5397163857203324E-5
0.009668540817609882,0.005850028371534254,0.0035878776214202236,0.0020418989886194306
0.0021749890136985393,0.008824446096645696,8.914535054106406E-4,2.538087904034463E-4
0.02493581644253857,0.007799145530880372,0.0014146362781853501,0.0017101244736722994
0.013098235117816846,0.0047431467314686445,0.0012840706252210904,3.4485262396089113E-4
0.04333335982061568,0.002714493465731897,0.0015489172866122356,0.0031859831046969728
0.04962330019519425,0.01826031776753514,0.0034973289749328966,0.003401118856040802
8.216388225936387E-4,0.0038145137433025244,4.747772742972899E-4,0.0033492686168671588
0.07920031108294295,0.015212905276845436,0.003996202223233122,0.0011040923356606582
0.05213520920507234,0.004904723061963486,5.01800991578656E-4,4.979855770170065E-4
0.0022179546028270767,0.010085931236902622,0.001658819979483853,5.585401984769429E-4
0.0888713497388791,0.014585033371157304,0.01074574255332232,0.0012158023727085287
0.1108184426610294,0.00798128990607192,0.0036512899377983293,0.005775300956590077
0.11481142173348943,0.01526498699922958,0.0022670735961786955,2.4884415475735566E-4
0.02260559301120501,0.005858405559856572,1.9316922753341892E-4,4.231388400304588E-4
0.009963766705387093,0.010271322496751414,0.0037606941349126867,0.00158542900502827
0.008414070403161998,0.021756006518200845,0.004857345948025846,0.0024476213458978695
0.0014609175831583256,0.001069636563288295,9.857009153686343E-5,6.26716640100219E-4
0.034705230544961836,0.005109341458424998,0.00986608940331953,0.0024995246278691147
0.16746984021720254,0.019211437133259877,0.004559024898245568,0.0015552238673695105
0.02703780192905497,0.01103163264157601,0.001199672019232843,0.002107118313005927
0.04322002557008957,0.014756805034447857,0.00837106607687437,0.0025208691979020604
0.009869062983023777,0.012734864244099517,0.003942123846208388,0.003604981036341729
0.010231745021605173,0.0018798393788680542,5.506756958131404E-4,4.020481566233296E-4
0.005318364805445396,0.0010493593254527992,0.0011239285202701249,7.537297079300981E-4
0.03495573258856883,0.0046979446672396835,0.0022946146151310858,4.4093019967151264E-4
0.03456631284226423,0.021043256673419435,0.007184475639516147,0.0017008528292665672
0.05073391304347819,0.02338312629469904,0.005481025180342376,0.002602993717129364
0.02215984720328343,0.004614756167337045,0.0019436102092104406,2.785303034536839E-4
0.1989589872802799,0.05927295566504412,0.0137546634739833,6.865074667677545E-4
0.04236278830762958,0.002249213832117855,0.0046302296947340164,0.0029963142635326596
0.014649861304846077,0.009788309936764331,3.5185148675293237E-4,0.0054043097783416285
0.007064000000000027,0.03013277060602975,0.002133524285485681,0.001612819696184854
0.03153354262850988,0.00799349796435674,0.0015882657470487112,0.0013022238875983019
0.0136707560921223,0.00168771870994774,0.0018864951578157795,0.002482853941239089
0.005176500849770267,0.0030918467087496225,0.005447330453238521,0.0027495396554864096
0.05544093391247617,0.021866614949300728,0.001899166518761868,0.0018642333620974524
0.045922410938559685,6.574521831441355E-4,0.001510800553454081,9.359650533906234E-4
0.0061098186248891365,0.005267626831234356,0.02163711798013089,0.0011163551296709626
0.1162892612737858,1.856025533329141E-4,0.0027315769790041303,0.005301157725276349
0.04006464646464655,0.010348152962408683,0.0034165386021932013,0.0025029254458998128
0.16136911889675837,0.005793603021673736,0.0055944652451582425,0.00380945972441369
0.05939794697177098,0.004788321708493169,0.008930316661715775,4.339221299802415E-4
0.035149821589419,3.174319026673352E-4,0.002569626617419277,5.936137070726822E-4
0.06746270794518539,0.008761628774850816,0.0020842117175878926,8.876132389184201E-4
0.01612002196503382,0.0027519180498116838,0.0025150538374590914,0.0028929469085645786
0.10044552214139077,0.027627309656594972,0.002818757845269047,8.939260732774494E-4
0.007033362933660064,0.01116601084661465,6.476066876093106E-4,0.002209544859013353
0.11439571036376459,0.042459240718493954,0.004836078800846273,0.001562807546086265
0.023048827071784232,0.0058381396997938175,7.753333020051217E-4,0.004937272248419372
0.002214105030224716,0.007500500393959102,7.693652800940413E-4,5.6446303091016735E-6
0.02141494883310958,0.004848968680506902,0.0015239193951276288,5.83228260295636E-4
0.09508935684295303,0.006958129403558672,0.007054688765560049,5.725610984298701E-4
0.010703726765048582,0.004291212742834842,2.988688259687009E-4,0.00355083679111595
0.053671125384137416,0.015104641097545116,0.002153558186355806,0.001654674727974823
0.16020399448776435,0.010805148636449224,0.00573399243258068,0.004321576171236377
0.0022270300173005296,0.007060900497392995,7.082763771216006E-5,5.126227726107471E-4
0.008293240114853091,0.0032885373988212276,7.389162193379266E-4,0.004033542889992704
0.02466665914007201,0.0018308560981710577,0.00529983602208566,0.0025896380919971313
0.030648597355175895,0.013072501268453135,0.007521024180605514,0.005113165472329069
0.014657751332555207,0.0033076006972439266,0.003999011933965554,5.915463214251284E-4
0.06118133661088771,0.007326079912424465,0.002447410887692374,0.0026158999248203267
0.15427765404906332,0.01738197157569945,0.005288756132367367,0.0017020607082063237
0.03271096437460674,0.0058545357671335825,0.004806540902686381,0.0016575097361012498
0.009077969381445544,0.006308389884049627,0.0014463864920706343,0.0027640895845019438
0.027986302344363233,0.010556319585601109,0.0029257745953054897,0.0014777938320412333
0.02235667259664991,0.006086676266421986,7.262198361598527E-5,0.001192709515558961
0.10497579409387249,0.019424588456587642,0.0023025055494912037,0.003271115076949927
0.021584746170999262,0.008998748322825288,0.0010699168223424092,9.781306242433246E-4
0.03574938176238837,0.005908852200118181,0.012047947971030806,0.0017916560196329777
0.06326071484154858,0.013802648562268708,0.0017986874077143928,0.004338012553887933
0.033919437335860905,0.002006209957315713,0.0062792445841588895,0.0017575165099867908
0.007029552236257186,0.007624922430269876,6.752409640283975E-4,0.0050747821092905114
0.007816107050920486,0.0017518117004854757,2.595641182129117E-4,0.0013847700790301453
0.009810216512506714,0.014513113185119626,5.165658994514342E-4,3.017054624445993E-4
0.016628518701273288,0.0031276097212496246,1.51680305354488E-4,9.891985971675129E-4
0.017650745914859493,0.015903808322136077,0.0019572165519424413,0.00469861654454726
0.0016456987956887969,0.003866940374882508,4.777128836511884E-5,8.788887556520197E-4
0.04438648174188717,0.008582089477627149,0.0039253780891115005,0.0010250249892035774
0.0503896270742666,0.0039005342163437096,0.006703832750023304,6.671696799622474E-4
0.03737062987707183,0.020766135700844512,0.0019112653716910606,7.434571181452757E-4
0.09723097967314547,0.04525214163543949,0.0011586356086976612,0.0015126466498971822
0.04086021505376356,0.0033692831003850595,0.004985440703468852,0.0017277351489596816
0.09473954387930819,0.007707905217907001,0.0033483925311679754,0.001224972757801357
0.014607099393705011,0.005701868806251647,0.0035638444497875428,2.1784752641870115E-4
0.06249626357874455,0.0032620966263423373,0.0013093004194100828,2.3651688945310796E-4
0.03116864996256003,0.012511799477833208,0.005026947829408513,0.0030307028063071666
0.19449438939288793,0.028740728144234052,0.004555769245989624,3.536961946337535E-5
0.019673932357429008,0.010820988252015322,0.002564719434684166,6.193284416686794E-4
0.007262036092287655,0.04352070889596404,0.006658992024667048,0.00354545051911408
0.133745347969129,0.004517197944893476,0.004748145396186941,0.0010245251736837057
0.011625553271680399,0.00764771629167518,0.0017558170217237329,0.002988972460404729
0.05433020048910531,0.003910699720785489,0.002208781265362829,9.967126080772438E-4
0.055035280808835615,0.004851198304666207,0.0027557860504804333,1.4898889738901725E-4
0.018205691412049002,0.015893841575828495,3.773860962262745E-4,0.005285710547671892
0.050941333333333484,0.011390006532288763,7.914816676529711E-4,2.2416720129330033E-4
0.10406470362573104,0.0467409934839637,0.0027349365455657986,0.005156633909432217
0.019986951595281667,0.005119343984032635,0.0030530888443541723,0.0021063872955640866
0.022021008851950446,0.017194915304647524,0.0038240758919402453,0.003147229804832817
0.031018628229053626,0.008851504227060355,0.0017560183237005677,8.060425183839087E-5
0.007729144236403211,0.0025352737619638785,0.0013484578594196673,9.87112857240836E-4
0.10249604948389127,0.028291130396009605,1.9597664873669806E-4,9.794018154944135E-4
0.02624222853773986,0.007128521412666742,0.002205553674647684,0.00563429228130106
0.01192373612492274,1.8219236683782802E-5,3.4856081242750606E-4,0.0010703586558988437
0.0027628220424372805,0.009437747276107931,6.78161624273724E-4,0.0026377164290367476
0.0025135010659636265,2.088039215469408E-6,0.0028696065040756578,0.0031755997614336304
0.010042408633858088,5.034225142835272E-4,8.377403695182827E-4,0.0011083817325199686
0.1147097753387675,0.025270917423267317,0.005809909977167595,6.281868033623182E-4
0.0560398528585846,0.017570642397771345,6.832768828037735E-4,0.004095135663835742
0.0035332958461197195,0.009630563355252664,0.005095838273787799,0.003787213106146018
0.06882905636880346,0.014305325203112137,0.0038661853394069408,0.0024283480971054316
0.03167311330398118,0.00627163143166673,1.1600898447626374E-4,0.003917338527947411
0.0256474381580546,0.005830466301768692,8.830236222681675E-4,5.356550231026592E-4
0.17582239448186535,0.018618697095250776,0.007031269343710357,0.004146888141481177
0.051500264307863225,0.01719242630669426,0.002790676195601933,5.400688035197543E-4
0.03618229020485064,0.031077137156147266,0.001981606583979793,0.006195332575572984
0.1014930112687597,0.026738366150612675,0.00296017372149374,8.724959126989319E-4
0.043959199999999976,0.007901137651801287,0.0017503017005942789,9.155626700474332E-4
0.02579234019858968,6.138666718485995E-4,0.0020980454530678855,0.0050914455899967416
0.05472759404190872,1.7437616755552405E-4,0.003785925355009278,0.0014788934931559254
0.004684846945302351,0.007652120281070583,6.600100624166919E-5,1.8670452356000112E-4
0.03960495565710632,0.013664590313847156,0.004771599041185315,4.383856414752022E-4
0.0843925694446871,0.006083057187481064,0.0029376601774260473,0.003975369501431914
0.004046239994401812,0.01972830791984611,0.004318390365516905,0.0021623934449064453
0.024013599081624853,0.01988065109971626,0.0013267757688082368,0.0029163228023092423
5.923767012519544E-4,2.2164960375003253E-4,0.0015920763914064782,0.004286449068225575
0.055560135399127304,0.0035838459787502727,0.0011422164169385123,6.099438535066978E-4
0.1270015892157238,0.0013136647613405045,0.0027804434772574433,0.002253693370911597
0.05094129102807189,0.00410767129202257,0.001504998546680898,0.005212080394229297
0.038925604684051575,0.0113780558009309,0.001407785648061902,5.14188108420121E-4
0.013947575757575858,9.859698422082903E-4,0.0031680341857244793,4.4586919589414373E-4
0.03853718152488274,0.006862747853971534,0.0020561357107855165,9.96361304826668E-4
0.005914092150306114,0.004178064439698525,0.0020731457001436832,1.6577007561381307E-4
0.0947952420393818,0.013228448969153555,0.003937047455381863,0.0019495302343069435
0.05493232514177705,0.011983671912725037,0.008159010851189585,0.0019404783516113952
0.07417252025640209,0.006742092204693342,6.267417424254441E-4,0.0010319727855970671
0.002654862562204885,0.0017754679629370393,1.9474913328634534E-4,1.6757368724142419E-4
0.028614763096000615,0.014643196284303538,0.002051393180608995,0.005108698531263923
0.04561827455394175,0.0011731020261368428,5.193684047743946E-4,5.856334399322918E-4
0.03100374606506951,0.00484850029816915,0.0020036275212741814,0.002594298459351871
0.02856314108508513,0.0016831604610715967,7.587071857478168E-4,0.0022397570350299796
0.009328479635655659,0.0016290671911903338,0.0018223999102840492,3.554524825600131E-4
3.3043727046626244E-4,0.015503098704652307,0.006499930722345665,6.120902916572506E-4
0.023445396650234988,0.009204435778800913,3.2356747752228693E-4,0.0047448963199703
0.051776506226859746,0.0017441994216785576,0.001482708264729166,0.0014885831870511132
0.0616311954458782,0.006720212075260896,0.005606101276290331,0.0015889799549227536
0.01790389324647101,0.004512000222935798,1.5946622133754276E-4,9.730502666812485E-4
0.003372601817570103,0.009325140014498207,9.691150214166186E-4,0.0033827040991806605
0.007984971644097243,0.012160430406356058,0.0016670361935169856,4.28004803639873E-4
0.03486280835016824,0.01849432134221991,0.008880762553785409,0.002854341337254734
0.2083097071337455,0.014886949902982028,0.0082367137078958,0.009045001731608871
0.030382718603432616,0.00405308695534836,6.016298228573943E-4,0.0032441550262446448
0.05744024654066858,0.010500600006251547,0.005159307341954369,9.755408285971535E-4
0.008965558504946548,0.04538440195967524,0.005342363797268474,0.003983472358575019
0.0077283694723263765,0.02203099780849616,0.0035018040629215736,0.007250607474139347
0.009345997777778017,6.231349280994401E-4,0.004440929038837778,0.0037466580110507852
0.0010382222222221594,7.016935138725429E-4,7.00938897070489E-4,0.004428416214174093
0.005038076888471686,0.01852911452254939,3.832975564189109E-4,0.002973858718660312
0.03636299710914179,0.01860893527671939,1.7174951540216042E-4,0.0036089355482328946
0.14498488499625917,0.02121791777367736,0.004424048424240048,0.0027669725871341134
0.017586069030136597,0.008677670178471996,6.557386725412627E-4,0.004132365980532643
0.108533658601542,0.010272498937522908,0.004023416164648931,0.001785358002920379
0.08409466531049511,0.022339750580532624,9.91958444046964E-4,0.001917538437647867
0.0010467886183053775,0.0031785462818876955,0.0026373456672295426,0.0037220674219182676
0.008754208754208724,0.008021252016349272,5.009100517283126E-4,1.0605559997963123E-4
0.003410133806927,0.01249372277670822,0.0016998489193849108,0.0022222653430941388
0.07865853497911854,0.006910261539998352,0.0027045811525642197,5.99453875417814E-4
0.08387007883344745,0.011462047692572882,0.00760693988857504,0.004216909747366966
0.003217775596767076,0.01703463133141792,0.003446861196192546,0.0040657036680933675
0.006709744851729364,0.002782876002221931,7.681319195909225E-4,8.069053981679422E-4
0.00372138753753871,0.003513744981557494,0.007339744659551152,0.0021066169830928254
0.09010803740770094,0.005610145884653364,0.00467709063124207,4.1466392935264704E-4
2.3955707887591136E-4,0.011410107882072085,0.005483504829346571,0.004476209329351373
0.022620859319375797,0.0062910962811680415,0.0028975763194635765,0.003929117060172123
0.030881939484270742,0.012625336075779224,5.842111979516955E-4,0.003260294509904383
0.036832626504758395,0.013588255789334128,0.0016648420630001534,0.0022819927072784863
0.13549087285003641,0.011009152935005507,0.004942466852383818,8.07700300295625E-4
0.004362754977422842,0.004468572915338016,2.3469692028076569E-4,8.152259523544527E-4
0.004875972222222346,3.521993832749535E-4,6.001997503194577E-4,0.003311449375634495
0.07952273799984635,0.015367721816520413,0.0043813645524752075,4.87940150624846E-4
0.20530540232370148,0.023020156520647785,0.007397341784850539,0.002930441361210881
0.026585950403760675,0.009065119996969823,0.0020031821070399538,3.2243738349963734E-4
0.03246579380859308,0.014664026517596422,0.004040888526060815,0.0014174800045903895
0.00949576027202941,0.0027436349177674467,0.0011437401497304343,0.0010257244999152416
0.04563494736842109,0.004942936065553463,0.005126470973204184,0.0036871812441463246
0.05588333644576124,0.006307729589466177,4.929219994811006E-4,4.3667619354956624E-5
0.009974589106783503,0.003093808322579506,5.646392510517647E-4,0.004663578725623225
0.04996068049439767,0.005318782786989454,0.006182296037189166,6.212196914424592E-4
0.07257397894736843,0.008585089678494525,0.006536619429086128,0.0011332834085070044
0.08326856986959458,0.0018169982583860246,0.0015081468658727447,0.0036820602844117294
0.04245644950864587,0.004087370367255043,0.0014146995574953415,0.008024497730915677
0.013001701493249774,0.004962058792058729,4.6651730591266543E-4,9.336593951390444E-4
0.03720980860510455,0.03370122200723216,0.0012621972911314072,0.00372360458391587
0.054195775032288396,0.009669158517386995,0.001482545403979891,0.0023633232291451643
0.013806527735405767,6.808667699936184E-4,0.00277562241350724,0.0011748264963763815
0.05605244984788307,0.012725457836367462,0.00649397017599267,3.464439839223717E-4
0.00494328285143631,0.001970161684893631,1.0509767210942751E-4,3.7711085645265717E-4
0.16771466252552336,0.0015380391545516368,0.004755622442031706,0.008678695091634981
0.18988412329518212,0.0715020950044191,0.018187081411003867,0.0013395333563575207
0.05589595289943723,0.004113263158511489,0.0014845508459888238,0.0028708907201522205
0.022596917193316895,0.010858041727843805,7.851480715454332E-4,0.004380599708159124
0.04682647765915568,0.009474434744237595,2.6807170234993634E-4,0.006427094948505505
8.727094652323822E-4,0.0026213781984304398,0.0013448279877583855,0.0019860165037680925
0.007972895624579967,0.011399553284845775,0.009017687364019804,0.0027300895614373933
0.02094240928928777,0.0015312779766032097,6.464854851010243E-4,7.128942854575762E-4
0.00250552257739847,0.008271363715257144,0.0015805434078897623,3.7117716518747055E-5
0.1410516730898879,0.01589267252856236,0.006348335389386084,0.008158276820146824
0.01676444146139706,0.006369032687610417,0.0013346529758916938,0.0013197258683686768
0.008320117442506185,8.978771642905411E-4,0.0012569946623385228,3.0829597698876814E-4
0.006525195647535286,0.004886943397168802,2.525113462204869E-4,5.69686744600468E-4
0.009086912067914692,0.0022850254529699094,9.404158255682213E-4,2.7781827065578797E-4
0.17746283109115937,0.012721727588798169,0.008654075351248562,0.007877397030290294
0.0076757256139810505,0.012266457873869754,0.006690337957131398,0.004481101019588336
0.024988904426275892,0.007591154376209015,0.001009737969379316,3.4182677383515496E-4
0.0027628220424372805,0.009437747276107931,6.78161624273724E-4,0.0026377164290367476
0.048400000000000026,0.009496534516312266,4.739666842698856E-4,0.00326513939740861
0.002714906387446671,0.002779762556185077,4.1753936718049426E-4,0.00375106589570454
0.009808355367530464,0.0016947581135236837,0.0011680693360161356,1.2241779438964457E-5
0.1300519699967497,0.012432984666014762,0.005436125681838763,0.0029362977637707633
0.004473140571231411,0.004184885373684572,4.785813232494691E-4,6.064058913953721E-4
0.04427221300389965,0.010575553312552327,9.052385397098581E-4,0.0011110806338110446
0.012855737217360302,0.0051944984074567485,0.0011741068802768794,0.001706564646426352
0.03346108343526785,0.013600917668654849,0.0028069063942073413,8.887488265264111E-5
0.037878704220906924,0.029940385796539484,0.002690306763104676,0.003049256112990322
0.003466128315630763,0.01730323032442037,0.0028937957928554534,0.0020548546049081236
0.014531822073452307,0.003554507048204174,8.147854149624729E-4,7.903697055662229E-4
0.015901797064845263,0.004000668779327753,0.0010346575296584482,1.960375940033691E-4
0.018024430014487374,0.02358291447166997,0.0021375916044261618,0.004311299094224716
0.04543980143628898,0.004887088536640422,0.014767284103814286,0.0027617325879052616
0.005438759645793957,0.020235677761170592,0.01579288677076296,0.0010786109511420497
0.006043863836201569,3.0775113400730264E-4,9.162563585392535E-4,0.002471989514890774
0.009724773850112908,0.00401687242655073,0.005611890695749786,5.376207769382799E-4
0.007612464187081064,0.00857290269228655,0.0038693707627212234,0.00316937960913074
0.030730508045243552,0.013023390913046834,0.0028182763073778816,0.0056748995691601216
0.019925117613778975,0.009681372059046147,1.4019525843608102E-4,0.0010896773524144805
0.012551207777689298,0.014739316919251002,4.373942608329675E-4,9.469443201642184E-4
0.1160606163205373,0.0023918720795125443,0.00754123173045886,0.004152820322740631
0.053377777777777836,0.004814322140516095,0.0017079270591963992,0.0028616125965644705
0.055287112650259866,0.01121335672641684,0.006049346330023757,1.792742207304574E-4
0.002893405724059532,0.0012615827825050072,0.0035538467950362125,0.0015056252050419964
0.00823804421332805,0.006870228492484197,1.5962971934969944E-4,1.754402549218054E-5
0.009328257483495389,0.007534496249152968,7.54455427698546E-4,0.004039298213027223
0.12026522791885257,0.0028321844674620163,0.0018274026084085773,0.010003354580595494
0.0012497898787209767,0.01185497444032491,0.00392235530145691,0.0054592618760525334
0.05011717171717168,0.01972640676545024,0.002850547931690849,2.7788420630636354E-4
0.0821175917208688,0.00990304771292399,0.002415057604381832,0.0017652690650736774
0.1285514275611125,0.06089117006493093,0.004948464793741852,0.006377342081392842
0.0041419553709141806,0.013152997506765081,4.261464976874876E-4,0.004689144154000135
0.006807241355721845,0.004071113681327555,0.0010617463601174716,0.0021649214204844465
0.1949563891297022,0.03978347541409962,0.015082673610497596,3.8953806226651213E-4
0.03271096437460674,0.0058545357671335825,0.004806540902686381,0.0016575097361012498
0.004020753038622709,0.01737213783064058,0.0023716343635933885,0.0026036680341226673
0.11294724716282564,0.004595668471628078,0.004391489589044351,0.003500673299109965
0.050739096645152304,0.021179126399044783,0.0017731965044836503,5.950755692365089E-5
0.013335467619407843,0.0056147039719957005,0.0017406331374835201,2.5069467491721167E-4
0.009569278836453275,0.005397982443697148,0.0010671495091865463,0.008896016494459367
0.04108810153358019,0.009747311191620464,5.101931264662698E-4,0.0034645204271754122
0.20761308560795652,0.022182037575977837,0.007470433904251587,0.004813853637299196
0.04256372084195956,0.008540414579375308,0.003057726660720344,9.847296603412669E-6
0.026343959079453725,0.015166715514045408,0.002792828566313246,0.002080552454850917
0.0020057563885470496,0.005214399279325673,3.339978078551522E-4,0.0011119106371349173
0.0107955896660268,0.011137753787637903,9.935791909130485E-4,0.005109483954605082
0.016455174668566396,0.0026114981898317105,0.0027208862550503112,0.002956307847811358
0.015468974820846505,0.002691790917954033,9.556690276259069E-4,8.118016276594696E-4
0.012940434805752122,0.005893916311499403,7.801494927178334E-4,1.2496920273665947E-4
0.020151293015048116,0.004924767838181708,0.002237379511659241,7.274130997078007E-4
0.02236152665643752,0.0033746216080406304,0.0019786126919296575,1.5064444490212045E-4
0.024770370039856,0.0036918719867964295,1.1063579598797676E-4,0.005943049433566745
0.008802008750994409,0.0025501488328893264,3.430083792540255E-4,5.730964557544758E-4
0.05640634114271596,0.016997442671484706,0.006209707335183045,0.0021588863062210802
0.030699926977389515,0.00570511156774858,0.0033858448203565555,9.501756809285966E-4
0.01920226243071176,0.018593182625246132,0.0048698667195946396,5.734896405990098E-4
0.013142222719026998,0.004886087719280704,6.133091635270683E-4,5.3172182977470305E-5
0.06489001176461476,0.0070261978730005925,0.003932076949123505,4.483755622983833E-5
0.008751515151515184,0.0023004858192913345,0.0027560777706013492,9.705050663487018E-4
0.05657705521224784,0.007924761777129195,0.002426911657780776,0.005967264150298891
0.007924033359908846,0.019608540544067896,9.065230247398106E-4,0.007166373722512406
0.033282516570566634,0.017603738582735447,0.0010966279930019827,0.0029752517504953234
0.04061286492751932,0.012653141892665252,0.0029342270000290885,9.345878796221535E-4
0.00919173405988248,0.003453599009521892,9.163481372980142E-4,0.004385880535474995
0.07598422614760476,0.023392326537353413,0.0012442277646031333,0.0010035433863045398
0.019925117613778975,0.009681372059046147,1.4019525843608102E-4,0.0010896773524144805
0.04240600000000021,0.020521903664720734,0.0015444632636071873,0.002590900450702947
0.08618989898989891,0.02639046179026485,0.0063838346029593705,9.498144376770399E-4
0.033460522084235625,0.0279681124166812,8.507193858484939E-4,0.002042659049461478
0.06738204586551233,0.010688651954654519,0.0030786031643383516,7.207701696171099E-4
0.05734874951276291,0.0013868802973918525,0.0014947599712491673,0.0010241497626959867
0.01044590312923791,3.118906455977089E-4,6.507157991008269E-4,0.004983131020019136
0.03418589944722218,0.00675860858249474,0.0035889621114799466,0.005627246588237917
0.01687086329470599,0.03266046566366574,0.0015890379495571028,0.0012352063858585513
0.07696316325036297,0.0053586526222760165,0.002923882372201918,0.0010060599759156626
0.10379108766252378,0.004240400587397054,0.003986750144305305,0.008967928525243765
0.019983000000000112,0.0033508115511418322,0.0014491727297025808,0.003688148996166324
0.06582401477479219,0.009320935804255021,0.0015582729388278164,1.8378645185686502E-5
0.021252242848955636,0.016563940518861772,0.002812080919466254,6.649828237452578E-4
0.020987883494101807,0.005823421554666029,9.133335069224617E-5,0.0014697504797888546
0.06348258908168844,0.01813753338944461,0.007208541870991685,0.004399724520546272
