5K,50K,500K,5M
0.0183178579464487,0.007115661408637332,9.436109752263078E-4,0.0052234087182348845
0.012015839999999889,0.0034728484293615747,0.003902698148449457,0.0013452903410862138
0.003176582971025743,0.002839123284633649,2.2369288943169252E-4,0.0018297595408895972
0.00290665115043498,0.0016523301691001979,0.001424274721544848,0.0011572533626096123
0.003433128402619838,0.008621209721038582,0.00559664261623081,1.658641249147722E-4
0.015729548220568018,0.009580979231246308,0.006375419752507365,3.615577572446682E-6
0.01193767765490282,0.0017039692355273726,3.949950825876413E-5,0.0011323942251391039
0.016346549428223778,0.007968750134307978,0.0012371186823104674,0.001980246981061251
0.004247029983421903,0.0024562186700868792,6.819313920866538E-4,6.743416110222672E-4
4.8800636928003627E-4,3.6638250080367474E-4,0.0031109183247306493,0.005013246510803371
0.008897366003205582,0.004764189003023711,1.8298644245088943E-4,0.0015167793210905853
0.001068743281459378,0.005745425488909816,0.0010085073581714414,0.0023269322507938244
0.013575339383484701,0.0075522082774164495,0.0020466083451374825,1.7230337611595908E-4
0.007003913575110769,0.0030383768453470417,0.0022738216438865804,0.00151771864960126
0.01794815999999988,0.0015549483271033449,0.0027089658038137454,0.002705037838563351
0.040785588553968743,0.013401086784491367,1.0462611131711874E-4,8.737553278839183E-4
0.010561367697886877,0.005929977895388836,2.2766943528307828E-4,0.0025940086820220314
0.008622460417430993,0.001436530332065523,0.0014397026691228786,2.4814424514046885E-4
0.004417554637403892,0.006550293582543984,0.0022341916827614545,4.136066165789892E-4
0.0067686863701699185,0.0066717074863946735,0.002685057425723114,0.00158088797590894
0.0034640000000001336,0.0044108198991950065,8.406274143308856E-4,5.019623035520393E-4
0.017372994617128473,0.004383064526826456,0.0019033362131451903,0.002826526404830521
0.003903620203568351,0.0019179202319307028,0.0032480646538230215,0.0036513663685402956
0.0032996004430711117,0.002529829348968608,0.0015724706919665143,0.0014018581033529908
0.004549793228388536,0.015750844329083392,0.004273772251920064,1.0046246571667342E-4
0.01837545938648469,0.004715326877280642,0.0015545835473143275,0.002515915792141632
0.030199175375678844,0.006164783385902761,0.005367542282765925,0.0024118246343369787
0.030471494486340497,0.004578771089290646,0.002725131037500069,0.00129181901778095
0.014404519269904027,0.0010981264346830001,0.0011410155424974144,1.627883758805124E-4
0.01975540431338796,0.005226306365577971,0.0025248305448990482,0.002209514612947827
0.013784066061900776,0.0021421003883088405,0.003864424703628536,0.003711497752405557
0.030182493448387606,0.0017952589628245196,0.001002604837935044,7.605612675571502E-4
0.007576000000000027,0.002934023660759566,7.631352144619186E-4,0.00308510596687106
0.01143232209777391,7.36808888380964E-5,2.474640701566835E-4,8.726736270338327E-4
0.04650784000000008,0.006268929102150489,0.005400146220536861,0.0018376044674693892
0.02521237759999928,0.0031453340371434546,7.83569790899552E-4,0.001001529152285241
0.0131889761257229,9.408736138688785E-4,0.002027177262925478,8.420026015918113E-5
0.0015992000000002449,0.0028778651648537767,0.0034648877331295846,0.0024282709811283
0.05536255619406468,0.0026426939806487625,8.277938974728933E-4,5.512691964754431E-4
0.004990638498747146,0.007916825908188319,5.513467556176321E-4,0.0023362336515746485
0.026769192909590234,0.009721919735505069,0.0036943882244219184,7.098239802363349E-4
0.0049594852870296965,0.003937110374519186,0.00163095142104014,3.1464907201712595E-4
0.02256895999999986,0.004236126563530895,0.004306330552435789,0.0025153344473241024
0.0010254559545421179,0.003178481583070295,5.991180059477326E-4,0.0024677057181178162
8.797320138852621E-4,0.0014566930245548755,0.001130149358339319,0.0024786268166144695
0.03593443010789121,6.528008617463499E-4,3.199235099635711E-4,0.001462535981684887
0.016304400439214106,0.0012016385101010219,4.5971137792333305E-4,0.0010662765165734278
0.009350522351875083,0.004073340505679904,5.145024479737702E-4,9.92192356218218E-4
0.0012665151999995405,0.003108589501801262,6.193210843337127E-4,7.991074840685286E-5
0.018415288274005404,4.416303409906508E-4,9.932469156379575E-4,1.7809948561431366E-4
0.02442783999999998,0.0021289542037281617,0.0014879936544913708,0.001073798844004381
0.049576239405985184,0.01857688125588742,0.002932050014871925,9.105171752255617E-5
0.00784001148138036,3.4500222965794247E-4,0.001716124571360278,0.0018994807867810382
0.038047359999999975,0.008013375374257059,0.006549367785952054,0.0012871134877520118
0.008212251029280582,2.4400347640529674E-4,0.0010160563917573917,0.0032361186276914644
0.017494149039511964,0.007746609552370831,0.0018502749081679148,0.0020657422718355356
0.004213864248474562,9.64980919376552E-4,0.0011995178148229485,4.2195260447229873E-4
0.026311432223029563,0.005298211261398844,0.0012361113323281492,0.002884056789265843
0.017448157950143095,0.0018669603127909884,0.00125113639851826,0.0034174918750271566
0.009142085751303977,0.0035300679564989374,9.934047204444494E-4,0.0013789361622304089
0.027749120165288358,0.004186581960340993,0.007382137966535738,0.00206393414493929
0.002246314109047703,0.001556797088523371,0.0014316457560455446,0.001222866572961906
0.030859961691752424,0.003948045276995897,0.0026225834787031283,2.6721562655916486E-4
0.02169360000000009,7.478569239697253E-4,7.08527961126304E-4,2.8522987979695547E-4
0.05935931593405508,0.0023289372830241906,0.002631922600721426,0.0017006225654816465
0.011664860679425817,0.013606293284020157,0.006810253584741918,0.004231803447051112
0.009907030211571294,0.004062518495213448,0.0028286317269987185,3.223255065030793E-4
0.0026131955017146984,0.004635035022980968,2.425544988735595E-4,0.0012479930920674676
0.010876732160531307,0.00806945724755029,0.003239808921989475,1.7912212993788625E-4
0.0015313582839571016,0.007345785699067947,0.0034525687446280246,7.812955970463148E-4
0.0037206420625505165,0.0023285482422823467,0.0033713950026108552,0.003144363920197568
0.026081996601007518,0.0018498459326493633,2.566369706917815E-4,0.0031426256806843522
0.0039591860099167375,0.0013540571843391191,4.757847122637271E-4,9.220149456050653E-4
1.3066086399970978E-4,4.544741705033717E-4,7.224853852070279E-4,0.0014315516939268358
0.02204000000000006,0.013161122088366284,0.0027644908547290736,0.00545004891976042
0.013660802537330152,3.706262751583811E-4,1.5663053794678916E-4,0.002384705514668739
0.029621766655999693,0.0050711918687433855,8.9776338424441E-5,0.006717448767177281
0.007995788117812097,0.004562175223698839,0.001796784058241796,7.70101690017233E-4
0.009262228610095846,0.0027857789473830457,0.0024214706768753863,0.004062464074668958
0.0020700917522940244,0.017725231188554378,0.0033457612802113277,0.004647444634388507
9.369815093376652E-4,0.0014915429157083947,7.08861969282921E-5,0.0013405348187102049
0.019755047941782573,0.0038844804711720216,0.0019810596743127717,0.005132412660602524
0.007935303781625882,0.007572497536671014,0.0027260742381206397,0.0014469672445586296
0.007983792447784022,0.004451849844947953,0.002044549902596282,7.428868448350334E-4
0.019732029869217405,0.01162627853845355,0.0021574551522661745,0.0015729204484810078
0.023199560960000087,0.0010453344182407287,0.005166040577797459,0.0012480684465067116
0.02347852925695641,5.4119386323358437E-5,0.0030054561066174437,0.0033676918708580523
2.46794896570463E-4,5.085209834958387E-4,1.729507605115113E-4,3.8328646217011613E-4
0.00110676483350229,2.715062656414965E-4,9.832599731228586E-5,2.764428639672282E-5
0.004832230783928188,0.006516351689874361,0.005569608883270332,0.003315389393369675
0.01344006835409628,0.0015217334871113763,0.002784691061294975,5.742473988814556E-4
0.005705907469687906,8.379504727418164E-4,0.0013317516261608688,0.0022230954670672187
3.343283631084882E-4,6.212870233575674E-5,2.808399392518145E-4,2.8184146587399396E-4
0.040627200000000085,0.003196675059630949,0.005238938302338458,0.0017436698726993605
0.0019191135173066965,2.904545669610689E-4,2.0059319429679856E-4,2.438534146400179E-5
0.004935861684638309,0.0042476649798073585,9.110061332612988E-5,0.0016465108725879356
0.005486288329763278,0.003003975437834594,0.005622388686432944,4.930133004047432E-4
0.004885355319538315,0.0014829969418624503,0.0026441729172812186,0.0026532546831900356
0.018191698117833412,0.001251052944701551,0.0037149667856377962,6.941346006636161E-4
0.031126286286128287,0.011386402734001055,0.0024334828477142723,5.013813635765381E-4
0.04665668121021349,0.006851076951652102,5.428585072843051E-4,0.0021236902272477876
0.013672733721213248,2.0242834598313157E-4,0.0020414971326288317,9.430550054701266E-4
0.04229217884991887,0.011605939709761648,0.0034016939592689255,7.815338088504875E-4
0.007271157128969133,0.0017082474670657075,8.679945130299112E-4,6.962223486114892E-4
0.01008929309340049,0.004788442601887181,0.001910132870109015,6.426141856841214E-4
0.0035210456553098624,0.006076141829711057,0.002116017734562048,6.481389834833706E-6
0.04787743999999994,0.0017404398107746522,0.003562454453967634,0.002707517559106254
0.006394241833165906,0.003495052511209767,5.17127316967958E-4,6.41269158475348E-4
0.01197529938248463,4.3756314717417234E-4,0.001645184337095526,2.962766279185963E-4
0.030729019668792417,6.314666212610209E-4,3.4585338898246025E-4,8.598514773999895E-4
0.0107103951787851,0.001454032139322757,4.13589200127215E-4,0.003978151794577592
0.0019759999999999778,0.0021998657284723055,0.001618443300020589,7.988928234750059E-4
7.455994489735271E-4,0.0032765203292465976,6.62144188363946E-4,0.0024625983975579187
0.0330587200000001,0.0015023136478281574,9.174213602414216E-5,0.003441921415375915
0.009321077757964313,0.008967772616368608,0.014975152916299361,0.0010173866374738605
0.006008959999999952,0.013189800883348646,1.5322038599296928E-4,6.485682744914456E-4
0.026527999999999885,0.013277724900255583,0.0015953111275046616,2.1893979425668952E-4
0.03037709971942479,0.003499733490750915,0.002510784416909992,0.001077470078706608
0.011868152217921934,3.655054065385565E-4,0.0014571883386512254,9.31866360674653E-5
5.425778615676111E-4,1.855890874822654E-4,2.1956164670693044E-5,1.1993396195846101E-5
2.2376780396898846E-4,2.2844160714436612E-5,3.52269389950225E-5,7.465083033285859E-7
0.009166400000000019,0.0032018137367604282,0.004535539864724991,9.342685886291058E-4
0.004500089888661637,0.0025230644097371524,3.9019931398647553E-4,0.003557902723306456
0.004136947968000015,0.004778677959393796,0.004042088761673557,0.0020996169473058712
0.03541028985856287,0.004929338993610921,0.006876231882227302,1.3004177633291203E-4
0.03843807999999993,4.1657915521575717E-4,6.037417330115868E-4,2.488934499657036E-4
0.019410002064595533,0.005338926650087394,0.003864984393032511,4.559609840969481E-4
0.047234638198082025,0.0012912351499299523,0.0036681150861376105,0.003423705428149435
0.006465976499386766,0.011440583410659731,2.2562055964441465E-6,9.553963815377258E-5
0.03843969664000002,0.009146406700110687,0.0025301115965411514,2.422419608572035E-5
0.004896992482412185,0.006852011694510815,0.004394442112248625,0.0021473856453561556
0.021317046137761544,0.004064810789904951,0.005958974291392427,0.0016648067794355482
0.009675534664743135,0.00501004456213594,0.0011132110441245402,8.36861479801998E-4
0.005510331350546833,8.008211911064198E-4,0.0011322562781058204,0.0030107427627508827
4.4999419574822584E-4,3.8350561541115224E-4,8.633645315619771E-7,1.998408595066954E-4
0.025231853935138555,9.85530162522546E-4,0.0037614412472271866,9.631727949612067E-4
0.012912751801088085,0.0057569973322366685,0.008199016888407518,9.058763567526551E-5
0.009204296814203745,2.813933734878863E-4,0.002280055006596068,5.536889967225582E-4
0.0063718117760003246,0.006341160252064881,0.0024639564011312842,0.0014551120445234211
2.9002240000020052E-5,0.009016058968562057,0.0031794111875687037,8.205512573946638E-4
0.026690560000000252,0.004389866153332367,0.0013351330650441806,0.0010192576743757176
0.020300800000000008,0.010631544352903033,5.283066392369751E-4,4.956949260790378E-4
0.0015007257072428004,0.002632835095846997,0.004554419890713368,3.291421628766056E-4
0.0018284842498875146,6.347994646327125E-4,0.0019183801849763811,2.87425468828777E-4
2.0699741977329417E-4,0.0028476930393614716,0.004900740535497143,0.00454130935992409
0.0032988402214751745,0.008417385803484834,0.0021032481526094197,7.984026679946983E-4
0.01638655999999994,0.0018018204178026354,0.0011482039118901888,5.2819559474448496E-5
0.007010522876319382,0.006414175532038014,0.0012007576195604995,3.2473668159904126E-4
0.015387142818440351,0.002331462562037296,0.004407358994695925,0.002370741693371211
0.06734271999999986,0.0050757825834018,0.001427206246292112,0.0011947993429557435
0.006868841418410001,0.004809328584310824,0.006042099655161534,2.640072469933762E-4
0.00574591999999996,0.00239275290949692,0.002734276752817344,0.004397720467444799
0.003492882260518978,0.010166560521753989,0.0019306642193658771,3.272300365939935E-4
0.02052123463843869,0.0020562551702283383,0.004523840188643269,0.003618651540070461
0.008212623615999726,0.006969393088941622,0.004309382355646596,0.0015659547085589143
0.002799039999999864,8.86323510660425E-5,0.003179698735542802,0.0015875084925744964
8.076799999997553E-4,0.005043436985308514,0.005413207834191969,8.576857597475396E-4
0.009987835366230824,0.011128871720682998,0.0014891768014662077,0.0021779883616994677
9.831716325075996E-4,0.0011646273825879495,0.0012025754223699999,0.0016470459183481516
0.03977111552000001,0.009740760918001579,0.0027307481225945507,2.6431412099747753E-4
0.024015919597989953,0.006422888666825898,0.00326129007047609,0.003914633174581447
0.00544238328566086,0.004507221215104627,0.010007343855676575,0.004013380737631818
0.010663354366974298,0.0022781862365935934,3.3682256036704494E-4,4.884276251349018E-4
0.0020019329676614905,0.004067188062852889,3.9946947355007367E-4,0.0036358834894185676
0.010688892636740777,3.841681887627457E-4,0.0024108691375688274,0.0033998438160247613
0.049967766400000224,0.005110860184344146,0.0041958701221906924,0.002531869883615201
0.03961023999999991,0.0057601558839829314,8.423373159995862E-4,0.0011156719572803508
0.008411651368663259,0.002920344353603157,0.004484683338024312,9.617515729436625E-5
0.03298012778516646,0.00325218137619665,9.305635549670122E-4,6.796115519366319E-4
0.04209336634880001,0.01020377387988125,0.005237627539791845,8.394566871857689E-4
0.020568012928000146,0.0070952237872883295,0.0038232160001758775,0.0014664614049306746
0.0049055590221811175,0.002295987462056916,0.002630088630411111,0.0012503482741456548
0.008576004228710262,0.003909808593310545,0.004985496609311617,0.0031772259038180075
0.007831039999999678,0.009435067696350163,0.0029749859515910693,0.001977902341814719
0.010566756003455247,0.00399156731737893,6.146660365128342E-4,0.0019979573909567616
0.013296090008514762,2.043231923565928E-4,2.2095917857500256E-4,0.001840902649506362
0.01129569834872246,0.006259622017986244,0.004238226672338974,0.0014432717526146055
0.0032250806270157084,0.008563033603408073,0.005559099947754793,1.8668593369720283E-4
0.01591384438198489,0.004501696470307104,0.00500801278265751,0.002453549575555848
1.4021227537378125E-4,0.0013413364717139603,5.410437111382486E-4,9.801636557605301E-4
0.023689543622515002,0.0022754681285467497,0.0023354471834099986,0.0024060433317814583
0.0058446385499698154,0.0015871154383201441,0.0030920616488045592,0.0014679421644633076
0.008825220630515622,0.004212402042343678,4.901326223981405E-4,9.777178993739936E-4
6.017863938861526E-4,0.0024267839299749114,0.0011155153285998904,0.0011885700364652515
0.007208960000000042,0.002508148707921931,0.0014842737178071275,2.1579279230166115E-4
0.0017559673957352141,0.004408957943962427,0.007021947593730814,0.0012005948327584285
0.01522243740262419,0.0122072059012166,0.0015999374869233307,0.003295236812316582
0.01939042943227752,0.005268958374751674,0.004078730586294059,0.0010493150862028496
0.003791076241508195,0.0028201656760319387,9.864766019895051E-4,3.3591747177732904E-5
0.01122033407276856,3.547430147148111E-4,2.62400922427091E-4,0.0031702775509684393
0.009098437078834176,0.006241900710999504,0.001134545396923703,8.504722615532145E-5
0.05153845472180596,0.013842680771294913,0.004520833477308139,0.006681430013921075
0.010342325773332219,4.1617380928804493E-4,0.0011888508411498097,0.001022874323664536
0.0106614399999998,0.004153613239311071,8.371835258198512E-4,0.0018017695410976753
0.0030485894453322615,0.0037432886368415907,0.003908726275430818,0.0053259714660508495
1.583183647025019E-4,0.0034767537371240462,2.9379353159187386E-4,5.379940527261351E-4
4.0319999999993694E-4,0.01603641152139168,0.0015883435927919187,0.0036660207702756686
0.02516656455050248,0.0051102568047997066,6.94901914864543E-4,0.0018366542372534322
0.009384949120000097,0.017171888952458914,0.002906660274405004,0.006014483739176235
0.011359655996135927,4.1889436495582365E-4,0.0028724031243277954,0.0013091958963319986
0.040747441368064075,0.003214595757094818,0.011583576860554334,0.004709991077780584
0.017127040000000093,0.0012642900711299365,0.002280520876088321,1.8918646499122005E-4
0.006182743976737903,0.006848038475606444,0.0029996008175336986,2.273571131818919E-4
0.011931616003030138,0.004235317147751839,0.0014047315764260078,6.187999450379843E-4
0.0025430070624229343,0.001503101246410472,0.0030543572464702797,6.21745927709518E-4
0.003584681107500717,0.003077052893410886,5.9754421728897E-4,4.3448353738424165E-4
0.06292740665599972,0.007116267878763072,0.007904378842137794,0.003494916396270753
0.019025959884432002,8.440643635857743E-4,3.449651375463487E-4,0.0030350851145356074
4.6079999999992793E-4,0.013371168751206808,0.0029931693328952846,5.950949356378077E-4
0.0276307758671316,0.0024406296004750613,0.009139726365293773,0.0022018429887861795
0.04182660668840507,0.0073386777657874405,0.0055267117190571985,0.0012243030483578253
0.02143302833187282,0.0023671510740021,0.005491598291271927,8.309465978534967E-4
0.00989879885548739,0.006531197005398948,0.006134340620324474,7.646325077237393E-5
0.0014898691863683526,0.003266203144533673,2.5539800112628743E-5,4.072923544650159E-4
0.006238506371880447,0.00491302770379283,0.002792468791800279,0.0017738632844962058
0.023016535114293135,0.007090237960055701,5.768098401774946E-4,0.008050330407330053
0.02104342732800002,0.003394895262924691,0.0010206270959953745,0.0027679293858094978
0.008270647114808183,0.002739799898010098,0.002683588467876419,5.193421796845232E-4
0.013379485947402386,0.007490365283199215,0.0017757742753355737,2.0853637557673632E-4
0.049011876351999994,1.4247482633478192E-4,7.028819394652164E-4,7.64120199022722E-4
0.014747200000000071,0.009836917541164114,0.0020665160760882095,0.003635968673709744
9.45752342243146E-5,9.446070819015825E-5,1.1328860227154458E-4,1.4340286750970496E-4
0.0061178750448950435,0.006609093764301139,0.006480194900752279,0.0022956707865634195
0.030958582842367854,6.242432565291001E-4,0.0015137170902683739,0.0017529538191599636
0.003835783174705652,6.81853360707701E-4,0.0015696751685401523,0.004039344704167681
0.013247880128000267,0.005837095215399657,1.5664438762352795E-4,0.0037292551512604355
0.0160230400000001,0.004790459849130513,5.722460095399784E-4,1.4631460222602755E-4
0.0031309298615393466,8.526544267726132E-4,0.0010659374168557354,9.714941094589055E-4
0.009253275576120738,0.0039662802830899525,0.0020458457861965676,0.0015107813173135158
0.003444807679999995,0.012437233515659507,0.005332572885630493,7.854132711260231E-4
4.165953088957064E-4,0.003878657043132394,0.0037411691109097145,0.006767364133313691
0.008109439999999912,0.005388976347710406,0.0018867573382944647,0.005532666967593025
0.031794434860871364,0.02111691140520153,0.0018569076141925452,0.0017507444446599938
0.0015153111230272742,0.002299772439655919,0.001454899254626311,0.004449805112916631
0.0013053901869725898,0.004271919276517012,0.0016779543510896389,7.884283348193069E-4
0.00848494862971827,0.006451538004030533,0.005239099648525425,0.00531972659471025
0.0033179587708217534,9.26640727311441E-4,0.0054915887745171504,0.001014942306745438
0.04367165439999998,0.00507213563368869,0.006914348019957606,1.4518162759125097E-4
0.002020934767906863,5.750622016312617E-4,7.157082294526261E-4,0.001159535491787865
0.01906037439999997,0.006933172395453546,0.00672167629784215,2.06186753344495E-4
0.017751415395717673,0.005211794905400358,0.0030547590721110573,0.0015168483040313152
0.014363052543999943,0.021794936566959855,0.0010668914630063142,2.7625238416439934E-4
2.2820161403571047E-4,0.0036199050653760168,0.0013711973544426723,0.0023917423813582923
0.0017563063237199044,0.0015018739202374172,0.0013338430592400089,4.980108631291073E-4
0.0024398044786747724,0.003506403929633909,3.1431326731353896E-4,0.0015259400543263166
6.573095134415619E-4,0.002516348452071382,0.005531336365668271,0.0025165699243494544
0.015135638570395198,1.4830935444897975E-4,0.0011060930022283948,0.001550735810127992
0.004648966713973757,0.00385941780890559,0.0036803346600832727,4.228498173794825E-4
0.0011238400000003201,0.007275155824028268,0.004000540596439839,0.001541093080863476
0.047349221156556265,0.0015101469787837107,0.0011440747442696964,4.6676062949346786E-4
0.04029832033342884,0.003328083279233507,0.0025664643921063934,0.0011664843474872288
0.016620954005868372,0.014519409535153247,0.004095648977476466,0.0028402859320720317
0.018405215562604882,0.003615847815173767,0.004380551549748812,0.0014575430306682513
0.03501690255846703,0.010338595146379784,0.0013583576881091182,0.0017456216019891104
0.02405572306918402,0.008027740440767928,0.0010822377708694653,0.0037595769413385494
0.0014308586580819523,2.986043539549133E-4,5.8233810171812406E-5,4.1353589079508475E-5
0.0207258686162195,0.002681375898668903,1.5954925687011734E-4,8.559046531746439E-4
0.02317105752578552,0.007060746205177493,0.002680728229370599,0.0018556913579584888
0.009115710147863335,0.001965898375094054,2.4161881162116245E-4,3.204512556757449E-4
0.02008399999999999,0.007847074703909107,0.006064207595386506,0.002751733040712967
0.00964157800753462,0.0016961637346849373,0.005123529091108512,0.0029131238996638166
0.013002674455252642,5.998042898910537E-4,5.063745489992835E-4,0.0020337354374924455
0.004706001838738187,3.1956052161050255E-4,7.613214368576911E-4,6.79092087167365E-4
0.006650129984677354,0.006313517577006269,0.0026601315409218755,1.670847322037172E-4
0.020396094056348346,0.006514028461997445,6.565582226935041E-4,7.611395140494359E-5
0.018367199999999917,0.009780386878538994,0.003518413739455717,0.0022755558528806397
0.049590544510667516,0.0029489874319979697,0.0025940162789527092,0.004109613763867972
0.017974944860917663,0.0012136223633797405,0.0023663224239655056,8.606968903193124E-4
0.019556800000000152,7.375575966184211E-5,0.0031690235535688505,1.326233725453818E-4
0.0019120058846384545,2.0112293212200017E-4,0.0028375422714849246,5.6560235255376344E-5
0.04117522889362684,0.012708021371947225,0.001724031923708806,0.0010852744287755652
0.013175493965587669,0.005504343482531575,0.0014682136989622593,0.0037070140185692805
0.0014273301685418208,2.0313170600053993E-4,2.1252164446233888E-4,1.5906200871632756E-4
0.030701837762239448,0.004684874819173901,0.004113906906188403,0.003153054223291818
0.026126345094532155,0.008086114129249422,0.0021358711976982026,5.603352534553352E-4
0.033724132296908876,0.010991213951610271,0.0015416117032101668,0.0022016800020900726
6.919999999999149E-4,3.3068359527299584E-4,0.0026218290707431535,0.0039137730956615435
0.020631420560966063,0.0016694738145253628,0.0011414811773402807,9.589289278051468E-4
0.012869301265932746,0.0017633030593118917,7.937689439922812E-4,0.0031873165316252273
0.010371084799999819,0.0011076163061116695,3.628558341007837E-4,1.0503439837417083E-4
4.5931258679932085E-4,0.0012591197719328262,0.003380771278428618,0.003462322242439031
0.0195754893872348,0.003115786678118751,3.0721422113395467E-4,0.0013818802594277669
0.04368794028501399,0.0029186577738550268,0.0028047352925474334,0.002045866432166643
0.015274456496801175,0.0013715690804462478,0.0036901868919879794,0.0024634694993322563
0.011631389589512597,0.00437824726071101,0.002115784429820855,2.2420405458889459E-4
0.006026506240000007,0.001621387432701571,0.0017792236477452983,0.004166560922163831
0.0012870375397056517,0.003256601512994842,0.0029326891594116966,0.0016639959918316597
0.006804617629547098,0.004987421525772945,8.084780688604723E-4,9.435802602623583E-4
0.004309380790585491,0.0014508320824604918,0.0021021890663943396,0.0033460187236213643
0.016934848016882498,0.0016220370573977183,0.003169250455164585,0.00324953276724671
0.01787217632254534,0.0028048287821317297,0.0022013911153661025,0.001738437623166833
0.020335404302883255,5.542833377602222E-4,0.001416368736718728,0.0014265959364352795
0.0034472709052753496,0.004735639717525228,0.0037040332710912053,0.0023187622505070273
7.40894389248671E-4,0.0045696004358292495,7.371943467742527E-5,1.8958324986813248E-4
0.03087312927375423,0.0034801713447863594,0.002605596988340361,0.0010795041214283314
0.002016055883753231,5.629066852956185E-4,7.445500379772351E-4,0.0011851560978559438
0.01363508594903351,0.009450484192041681,0.0021805312128110143,0.004049610706693035
0.020547756399145235,0.005873523815825765,2.8288348698961573E-4,0.002307859419958691
5.541647850153508E-4,1.4194158261669022E-4,0.0011571577295159195,6.481816508939022E-4
0.036509196799999866,0.01191128505985839,0.003745234559297872,0.004901063574365594
0.019009937621492824,0.005042152684219142,2.1929978201547777E-4,0.0046267244201686685
0.022879217387247894,0.0077392293199154485,0.007126613087731238,1.651298412566629E-4
2.737036107924862E-4,0.011424517642326881,5.569419290758493E-4,0.004780360737360878
6.517192307062367E-4,6.179624635616333E-4,1.899903819740504E-5,8.915116344005801E-4
6.091223086873551E-4,0.00466120749588025,1.2761986929074201E-5,2.1107459834698466E-5
0.01791706207999988,0.004860891920533739,0.004281208534188563,0.005582980911197688
0.011973257881227503,0.006068684624356704,0.0033358813477994986,3.199093515396783E-4
0.010397046156225533,0.007244010468581889,0.0013484684173385405,4.617968674656572E-4
0.018071715211680786,0.005869841771425533,6.43798327798636E-5,7.756315829407617E-4
0.021409763365832394,0.006010100046044771,0.003482088231252556,0.001241022193119603
0.013625340633515835,0.007577549883137136,0.002046353826382907,1.7249427284972657E-4
0.007442388038515372,0.0026457530711323793,9.06543378229801E-4,3.2532174888497226E-4
0.013869818106289473,3.3915676252116477E-4,6.737727525999005E-4,0.0019571691137591288
0.039967999199980085,0.004017533183630122,5.615756920189635E-4,0.0015735288256933547
0.0072970869751918955,0.0016197892013973055,0.0015154268534356865,9.079169342058578E-4
0.010280010498993285,0.004072601674709875,0.0017089296187853787,0.0027675424269295503
4.2564769340934977E-4,1.9009023870358128E-4,3.4365283772753655E-5,3.1730853637762795E-5
0.021864703102816282,0.00346430032363365,0.004914943282559015,1.4406079332653077E-4
0.02449116843859156,3.298636812645306E-4,9.714172881394312E-4,0.0010257656705007223
0.011965942080622627,8.879699856041423E-4,0.0016130858896914457,2.409463810261192E-4
0.008241592895268157,0.0038803008399962424,0.0025051872753145688,4.620840429725437E-5
0.00458251617839589,0.0019205021686544699,0.003315406695631573,0.0029451456524172137
0.025058880000000006,0.006010103323165428,0.01149919637551311,0.0023167983024512395
0.046851002367999994,0.010855102171671516,0.004800636570993166,0.0068215507711888446
0.007175179379484529,0.001851508200859794,2.7597847107718455E-4,3.5001783763568075E-4
0.034746880000000036,0.006870861874449519,0.0022947493468792324,2.984728062784825E-4
1.7342129025215932E-4,1.2297139127307054E-4,4.146213554039223E-5,6.363939949078082E-6
0.008675034853458614,0.003382026183838738,0.0032126395961583937,0.0013617765572345375
0.026223299685443346,0.006560234924888664,7.64529355845478E-4,0.001718658006782725
0.023598973132928733,0.005726844992704678,1.1986413090267637E-4,0.00234691890049946
0.03530507736954025,0.004077101951330375,0.002402871823706687,0.0020396160295066412
0.0037730943273582103,5.260375359313385E-4,0.002803761045692691,0.0077064296822379206
0.006554850048543915,0.004007864385930515,4.853766177209056E-5,0.0015701273394304954
0.015514135040000099,0.001136537486828959,0.0014853633433316027,2.7613508534973796E-4
0.04592575999999993,0.0022623525516275445,0.003509487496654251,0.0023348735990071923
0.016154866501954475,0.00262285611939918,0.0027085849011619445,3.8523453145218004E-4
0.001727569920000116,0.0014104652305565457,1.8038275473841736E-4,0.0027875565678188163
0.010799990897229718,0.002035523064983592,2.132965518199664E-4,0.001815034869811175
0.014631438938952097,0.009993651558811135,0.0025390884976091523,5.685217093609386E-4
0.007091839807039979,0.004035872272519558,0.0025842545035211772,2.9358175728133595E-4
0.0024416539437177587,0.0020077413004983002,3.467123631668567E-4,0.00236943992039218
0.016697759999999895,0.004057251444801069,0.01030706574780027,7.76744282366959E-4
0.003944994114461439,0.003671359929426809,0.002212382564542899,2.0683985292631527E-4
0.0024986656573677516,0.0035959144546991867,0.001087863392237074,9.395315849627409E-4
0.028656989960749217,4.649924695187682E-4,9.459963535144732E-4,0.0017402959687244715
0.023195917997841882,0.0026992280876381703,0.003920337674263191,0.0013182431975505462
0.008042781878831689,0.0035884468762884376,0.0023553178597779073,8.299962742621046E-4
0.003037739271789773,0.020750551391775778,3.947687034259977E-4,0.0025514527101782036
0.01303628353304176,0.007331419844793796,8.017890359244273E-4,9.104642536983398E-4
0.01926575877398715,0.002179977088317867,0.0014682249790027209,6.590866543522752E-4
0.025886574950375385,0.002832027177824825,5.823005715294149E-4,7.093561202142773E-5
0.0028583251645746643,0.004369541309893934,5.9711352767966936E-5,4.435226433094036E-4
9.538493519375157E-4,0.0033602954464790136,2.6540571201128345E-4,3.552966950047168E-4
0.015408158480013645,0.008544635588706773,0.003814409266817975,0.0023461148833612278
0.048375507252668926,0.007592322971808008,0.0037882673782445586,0.0015883874100478534
9.737618121445278E-4,7.070888300988136E-4,0.002322355095677559,3.018045112966407E-4
0.018257684111360417,0.019629393786159355,0.0010272409594247467,0.0017821120473977548
0.00958208000000016,0.0016452800758376407,0.01047931657249257,0.0013017017180250168
0.01873606111884807,0.004560628850575954,0.003809739625822872,8.390665023610966E-4
0.003996160000000026,0.005726878212869879,0.0031948600634803537,4.826259648749165E-5
0.007032968315468651,0.006399562047192558,0.009629127526081905,0.0029110280473325046
0.019702913919999787,0.004254105465619329,0.002663946605943046,2.497752807257836E-4
0.008384923190561056,0.0023320299490505736,2.6661724639609474E-5,1.5700370402083053E-4
0.012593938004023064,1.533475365196485E-4,4.252427017444561E-4,4.99209571128518E-4
0.012745713414734405,0.005761744922117895,0.002517481297614088,0.0027623228072689576
0.027981570199406725,0.008628245934343859,0.0010101637017522203,0.006188290997654056
0.028750328320000018,6.095949548446944E-4,0.0016078007060222888,0.004818270094348431
0.026873213440000043,0.008555310037864472,0.0017878257845334034,0.002975174804365599
0.008585556873355271,7.666253103983944E-4,8.546078847094796E-4,0.002322807780104519
0.007764529841319907,0.0011253845585718228,8.219514502387781E-4,0.0018225543513142079
0.009505792526863503,0.004755971231475931,1.883548932936638E-4,0.0015129913372408238
0.003141228666143558,5.447246296453772E-4,0.0022746785794139205,4.767593412601742E-4
0.011639164150733183,0.005817932003290949,9.079350629471739E-4,0.0029323416266835434
0.01332561664319365,0.010242816095371143,5.022786129729173E-4,0.0022249997991610204
0.05262654630422715,0.00951797000804327,3.639202685165375E-4,0.0014776946997676582
0.01079236092062606,1.8555490032693252E-4,2.832458806504131E-4,7.243708226229677E-4
0.00376862767848272,0.0038865838830877105,0.0036603327793616907,4.5976124025025545E-4
0.010845037537882938,4.5451590565419385E-4,0.004209703520114659,4.440948107365397E-4
0.00314265018029071,0.0045094019746920585,6.340103831355284E-4,1.7115061335418305E-4
0.016643731733857848,0.004824148582027864,0.0015618836753821272,3.514576276252458E-4
7.65353837906772E-4,0.004433268439035547,0.0016613166299657791,3.9697465478758176E-4
0.020756121392670135,0.011199021104057572,0.0042114369676600205,0.0015802426218873844
0.05244159497350642,0.0060644259405866485,0.004816884348679773,0.0010054102703471735
0.011730534588754473,2.1157224198326861E-4,7.422358251307547E-4,7.198387935686084E-5
0.0028825600000000895,6.71989604054346E-4,4.525988611978615E-4,0.0021209467405813864
0.02062609343449462,0.0022809647563619695,0.0010347603520151072,0.0018311008159728193
0.0038217599999998964,0.008720595492335725,3.200098622451186E-4,0.001622290879282895
0.011868572129626744,0.0010002921896502062,8.519504383349538E-4,5.090471988705555E-4
0.018448636799999973,0.005892815895791492,0.005356351240766166,3.9190743922790094E-4
0.0041878711805250915,8.228994465664609E-4,0.0012870744648348122,1.0540797130307579E-4
9.798117016032969E-4,1.6735382678139527E-4,1.3996535662001366E-4,2.7378618539184394E-5
0.002798080000000036,0.0013342224873347241,0.007436001272312143,3.3404138486148316E-4
0.011016652346146545,0.0023619477911816338,0.0038233153590722523,0.003210289151270098
0.03911551999999996,0.006934280222971934,0.002729970230101797,8.423198122504694E-4
0.011509213866109574,0.0023392686255053084,0.005021558811573041,5.057042952674996E-4
0.001975049376234355,3.8405204141217834E-4,0.002813297767401118,4.663602028222893E-5
0.01140617189379703,0.004457569928231164,0.004798750582209446,0.003076179350730986
0.011053979658170343,0.005295635659644526,6.573984629902885E-4,0.0015296777317930221
0.015911833409472546,0.002619409649029966,7.689581071201391E-4,0.0018405177513176729
0.006336538413025082,0.0012487045952356269,0.0031926084856009813,0.002426387997057527
0.022977092663409922,1.865651464911165E-4,0.0036969732821306523,0.0033191268418214038
0.05229051513600069,6.722765980409218E-4,0.010533262932350906,0.001381777412703844
0.006203758479381705,0.0016630774485524302,6.159372736332935E-4,3.824196852929562E-4
0.025756000000000112,0.0013854423508428138,4.3929570130885054E-5,4.336824569350917E-6
7.500375015606606E-5,7.932177073898891E-7,1.925941218361095E-6,3.9725310414860036E-7
0.018519288708632915,0.005715561097366052,0.0010374910711374583,0.0022971093573680122
0.005486468502512214,0.002154399564753976,0.0022706265074920336,9.547819451881316E-4
0.008686379189501214,0.005990394091982321,0.002682849356348549,0.0013331392342263992
0.02015285598200691,0.0012237960410246675,0.0033163086799373872,6.316858238339203E-4
0.002002653266331648,0.002640368913392449,0.005956230574616891,0.005868130727498615
0.012735261645366234,0.0023641242762677856,0.004069525419953202,0.004131823548169322
0.008433850846271176,0.0017886703947317573,0.006814544162019813,7.189001861696606E-4
0.0022815759931436464,0.0026986037757736835,0.001017591757693742,0.0015237029767795592
8.10135694827574E-4,0.007604472624607617,0.0041950810072732825,0.0015730244811400507
0.012704847669841892,0.0014606860948912978,0.001214411129401048,0.001969256738568705
0.012211574969804986,0.0033927087215573845,2.1889641695017618E-4,0.00199044338453958
0.0017769913298993421,0.0032261774068800676,1.4609424726562428E-4,6.162565124370177E-4
0.003128993977175365,1.107721598667677E-4,9.372119918564792E-4,0.0038058373868733453
0.01882139680827894,0.002115101624611427,0.0010203809845122094,7.142928219381495E-4
0.029789602142942462,0.0020357203104671706,3.373051348805056E-4,2.169519309602741E-4
0.00591211120457269,0.0015660175680876076,0.007353597038191051,0.007078357671974622
0.011299561567416738,0.008897021953079731,0.002886713813901931,6.484598261750074E-4
0.0014844967297778712,1.5765710632208014E-4,2.489499101852697E-4,4.171660995960153E-5
7.24416058505424E-4,5.761838701351803E-4,3.5318695625327564E-4,4.331168915093881E-4
0.031563519999999845,5.115795111397814E-4,0.0019331081412672368,0.0037142447318152527
5.743595445687438E-4,1.981920381645415E-4,0.0010701660258147605,4.1645463720645337E-4
0.002694409682481469,0.0027822409363993383,0.001148029805371542,1.8937031854515674E-4
0.03228924739836413,0.0032269521046056474,0.002513836298699658,0.0010694134688728628
0.019110357758943996,0.0037139258420088475,0.003101567834201415,7.196878463010892E-4
0.03080832,0.003958709149412654,0.005880769063697722,7.55861447826689E-4
0.025575639390984787,0.006907316851771482,0.002807255169912299,6.568038320880678E-4
9.540739470396928E-4,0.0034075490618885236,6.263310638372577E-4,0.0024658428866163535
0.01821144573436828,0.002975552764558742,9.468968921186871E-4,0.0012293073310037927
0.023037427135678485,0.0028036497497613303,5.28018249691459E-4,0.0041136140598719674
0.05674733964800005,0.005360199144356814,0.008140279911120096,0.0012641821868244474
0.01723107445079275,0.004279531359303923,0.003881867924411475,0.0037253054456862777
1.987391666858131E-4,3.235882561579187E-5,4.410865135574487E-5,1.2047588248628434E-5
0.009328676661068404,0.00198191421079722,0.0013149962985014065,5.829393727815437E-4
0.017965394802428956,0.00727924861018289,0.003914614811708273,0.0024800506078492524
3.026477698846993E-4,5.324607286432056E-5,5.089035233830368E-4,8.010376556894292E-5
0.009669120000000087,0.006419166664329845,0.009269311395037838,0.002894560087994491
0.015161976548941148,0.002577528764691984,0.003677198437819563,5.482108251025784E-4
0.008306350053029031,0.0010226755009378821,0.0013494914115699853,4.050837418961938E-4
0.031179577889447235,0.004198173396116709,9.409354602785024E-4,0.0010250826918320563
0.021875694746449504,0.008273410983442597,0.003219611718032387,0.0032605199263860156
0.016160010016668686,0.013480345624128809,0.0015014400195682803,0.006791328858490177
0.02076239999999996,0.007987195188844831,7.207028856622832E-4,0.0021685585389417117
0.011376305928945044,0.002747958939550598,0.0028609311927826624,0.0014692915398913963
0.026672918095395202,0.001964003633375455,0.005065658825442654,0.004694070734346134
0.002375059376484428,8.723472428797561E-4,1.1602350570992281E-4,1.7312477568462582E-5
0.007324019752461679,0.012564482638388037,0.004095973584034367,8.97730143241761E-4
0.012879317613714239,7.734495682723315E-4,0.0029374971355953555,0.003121679949357795
3.4394156937424123E-4,2.2732620910471996E-5,9.39588670304651E-6,2.0779114699736683E-5
0.037749121325013846,0.00818357518323043,1.2543764838834903E-5,7.850700043647851E-4
4.6115586149697574E-4,8.038419505740357E-4,0.0027835875003554555,2.8189901699682274E-4
0.024011497487437174,0.006403484400250895,0.0027022227392982942,0.0015506427043854912
0.004650321919999922,0.0018992363012453328,0.002674598283614271,0.00228753685069627
0.03690773876736042,0.006419848705933817,0.008262540651046146,0.008351548735594072
0.020764160000000143,0.005445479860280433,0.0013396381748030928,0.0015353934974861039
0.004958079999999976,9.51266300356024E-4,0.001057357320644825,6.37654032401791E-4
0.008873080019165869,0.0013207120164804298,0.00649579574115966,0.004366523306850167
0.009004560637174601,0.008933783933772026,0.0014840059886893375,0.002406841145100608
0.022899814005376107,0.0011251199773913978,6.672146231307963E-4,0.0011626661964427853
0.012025300632515765,0.005553221484769608,0.00254095351929308,8.271686347352822E-4
0.007957891981243031,9.965616565618805E-5,1.6497364526081134E-4,0.0014188067763014384
0.009222668931098528,0.0018875565171790993,8.057222088191396E-5,7.055221849165871E-4
0.019241776767999763,1.7396289253668318E-4,0.0033488902402328824,0.001376561210471916
0.00608327824818814,0.001067080510251442,0.003212686909364796,0.002440222360900973
0.013194050251256268,0.001202267331644406,0.0010522210413563425,1.2481501845139402E-4
0.006518869444261558,0.007656871377764076,0.0028338519046428846,0.0028268987594482656
0.008927345032899797,0.002237581992037888,0.0035907603716936313,0.002198643940725522
2.420396493551146E-4,3.2618768721566396E-4,9.468004365868436E-4,1.4345972643602074E-4
0.004821279999999928,0.0055652317638593685,8.226004247302576E-5,0.0022278813905451944
0.02060964375579255,1.9559802606161636E-4,7.293001185201264E-4,0.0016132896464453594
3.7881949602413373E-4,0.004922712743110431,0.0020470792568459497,0.0025422091018761023
0.009472876543999753,0.006661963009261029,3.6915448532193196E-4,0.003309864859194045
0.027908007315203938,0.006995871385173323,0.0013653953597682798,0.0018953484384483335
0.0015313582839571016,0.007369704313954795,0.003453159998153104,7.811657266010032E-4
0.007897937270486377,2.840201726328484E-4,0.0030984162342865273,0.0017129140231422202
0.019495810958793946,0.005633967661505672,0.0015982799617487336,0.00197812053174
0.01735789916385249,0.004414785520749477,0.0029839823750604276,0.0012171808283338477
0.013414865866179517,0.0033261010081911805,3.185390429755716E-4,4.794308457916699E-4
0.014487362184054628,0.004943210287617956,0.003673726035265298,0.003940197794585872
0.018034251957972727,0.0017176400994353435,0.0017639544320232723,6.714924449936167E-4
0.03557466402252877,0.007731121144510799,0.001868343593101415,6.184190128642297E-4
0.0028000000000000247,0.0014387518147763734,6.429734077086913E-4,0.002884643067899595
8.758686430742602E-4,1.0613725531069856E-4,4.179498761887958E-4,4.909665331049101E-5
0.01262473664000019,0.005300606417947273,4.208317755984847E-4,0.0016981775766244933
0.031647359424743546,9.480115054783134E-4,0.0017389395428114858,0.002165671995192526
0.009314266306699159,8.579399413375533E-4,0.0013325164360681783,8.654938098771651E-4
0.008745080778586564,0.0034423393773128073,7.887824016409379E-4,8.853323307854983E-4
0.023283582089552324,0.008334160936458081,0.0039641508191482966,0.004084043279888349
0.001902325316113324,0.0061706686627498305,0.004006151528090918,2.3182343665097648E-4
0.019505600000000012,0.006186628356834145,0.0010535071408841468,0.00534547559558729
0.0034379048822350197,0.012756074157824749,0.00272608104414149,0.0013904427528255215
0.007527564032000278,0.00988634799528798,0.007311577392944302,0.0019420821818660894
6.548626034739158E-4,0.0028311545252353654,0.0013580493239874361,8.534166516563754E-4
0.016756480000000074,9.605340836080778E-4,0.001385626905276216,0.0024188961000934928
0.018833600000000006,0.009611714876664346,0.0015253527002836442,0.003059999805857805
0.04152831999999984,2.5209184776486815E-4,0.0051984373884074175,0.006274704479333204
0.0031704944319500667,0.004631851743760501,0.0018217693879058225,0.003374733391695712
0.013979870600788218,0.002604890146109196,7.50696011900798E-4,2.1219173271628318E-4
0.023185474022350903,0.007693411703590277,0.0011762752150994505,1.8470300621739586E-4
6.129118309602964E-4,2.2416722147994374E-5,3.198586803765929E-5,1.9390165596574124E-5
0.006952851467541757,0.0013041960804573438,0.003037772782030351,0.001488230078829243
0.02731363785763219,0.006273570294176967,0.0018953565164849806,7.450664805230822E-4
0.03226178048000006,0.00987881530737833,0.006099051897964891,4.2290279713563805E-4
0.01014730012921232,0.0014262864519745523,0.0012269007676411695,6.156575790085112E-4
0.001578248922137296,1.4202438029522403E-4,7.189933813770205E-5,2.37058668168375E-5
0.03525675217688118,0.005963900708769954,0.001488268405336557,0.003046853040075792
0.007979489741591128,0.002977861024433537,0.002977445399926948,0.00273802065054507
0.017121724764648807,0.00262073458899139,0.0011090235665833891,0.0031660473698414465
0.04769288320000009,0.012375484046270646,8.837271426722637E-4,0.001159030201915101
0.011693406148173222,0.0035712251941190844,0.0037769256535034362,0.002243986908541801
0.007658935852621562,0.002323995874155882,0.006626486408789156,7.668692369448005E-4
0.004004052444919645,0.0034680245896269953,4.347835626616297E-4,0.0010385033215841671
0.014814720000000059,0.0025969956944967842,2.8684358705821644E-4,0.0031101321828179707
0.0024286449887095433,0.006835708310632238,0.0011749018982805447,0.0019211721499050164
0.023625590639766,0.005724624628484463,1.2030311593462846E-4,0.002347023986457979
0.05745995532800041,0.007093627342314557,1.6706368379448833E-4,8.365766816849085E-4
0.026322050574210488,0.01153433317946384,0.006386080464471144,0.002397201364333796
0.01096384959999952,0.005986297781884531,0.0030019023337981565,1.93864295619961E-4
0.0010089668669148637,1.9474050399102206E-4,1.5232712690815486E-4,3.0243032773837185E-6
0.032115182181212835,0.0012571059348166552,0.003368526736384736,0.003988128561985453
0.005408019723790736,7.646281400760311E-4,4.7779043446472994E-4,0.0020953587959730994
0.0020155199999999374,0.0026500957080191068,0.0035724184487005983,0.001927809602388697
0.004040053858063513,0.0019397696917782803,6.231900027598991E-5,0.0022937791608367945
0.0040251006275156325,0.0012821398953677121,0.0031477856366372023,0.0023595512525732654
0.0029421135528388,0.0049136658636362435,0.003457519136805676,0.0037739045013684197
0.0029449304715636337,0.004790797460556773,0.004795371044398977,0.0032223313139728704
0.01875698094203096,0.0054904370848767895,0.0047875543154842,0.001453826581482884
0.017112555819060214,0.004403141379670744,0.0019230544099301716,6.706916695481509E-4
0.005393292390265029,0.0036152766682080134,0.0011090070170970887,0.0018079774641049135
0.009098663248812654,0.0052784282358471725,0.001340616804385184,0.0016164595187388691
0.03167546603928617,9.042932579199636E-4,0.004013535576705252,8.453055791660669E-4
0.010234552606755256,5.852640601325251E-5,0.006421509085906616,0.0010117662793938486
0.01292757141661635,9.139400717940547E-4,4.074498082618208E-5,0.00443760589874027
0.033003986430197196,0.0038595558468164093,0.0013481637279514347,3.468376381602356E-4
0.048607388739316255,0.009394570165653978,4.359855681585692E-4,0.0011902857309575683
0.02685742350057041,0.0029106857653264,0.0020724843648739248,0.0021821008314177413
0.0062942507202894404,0.006122551343535121,3.409148673584328E-4,0.001987906030133546
0.0031329909750119306,3.1943333771078386E-4,0.001451136326342528,0.002042384458579579
0.02169360000000009,0.0017521636083075443,0.0074958496530759255,0.0038958053338964405
0.022583331456110158,8.114045487048682E-4,0.001028531568072042,6.309349078045073E-5
0.032775819395485,0.006924760553601188,1.4649986463053242E-4,0.0017712751922772435
2.0644782195437743E-4,3.65559458961373E-6,1.8375060872250748E-5,3.533664761751783E-5
0.0075904947737015505,0.013195306032768972,0.0027594844304926758,2.744205079419082E-5
0.023360863233292683,0.003040535841306273,0.0025895604920302528,0.001308408867114904
0.007666880000000154,0.012303743570438952,0.002218172958650566,0.001273007720775876
0.02540437452800015,0.008089271357274441,0.003607045331011083,0.002920612585671556
0.02357063968874129,0.0013444954320545066,3.284694906953134E-4,0.005889119823446659
2.003696701180039E-4,3.409856884953017E-4,2.7478542214346953E-4,1.972729058693663E-4
0.017590512562814128,0.004936329473220618,8.838336000465432E-4,0.004004263773809716
0.001312714471793596,0.0010307400563555902,0.001214224078917868,7.265730719596598E-4
0.04773478297599987,0.014771444262777433,5.639171677362942E-5,0.003551558099287977
0.022917690554439894,0.0056398066652876624,0.004534535825965208,1.2036023562033144E-4
0.013698570531471863,1.564149653801345E-4,0.0027143472808111974,0.002349080337331547
0.005607680000000004,0.007077446432483314,1.6854114015152355E-4,8.417010413397374E-4
0.0015750393759843926,0.002442640880550681,0.0026375702437691326,0.0010082068530055527
0.043417787903484384,0.0015614539356444412,0.0028493949541881225,0.0022769283875350155
0.013172166860578498,0.0015421126744961369,1.1164334182728526E-4,0.0012211492269622716
0.065635534336,0.0021418855433751327,0.00409138502722306,0.001970102371833482
0.030640102911999922,0.006966897404174777,0.003674028426103093,7.191563563919701E-4
0.037406720000000115,0.0041498214204434,0.003082671003481585,0.0026512211799624152
0.026188769117179583,0.008872287265279454,8.594008578281135E-4,0.0017214436531830246
0.025433673949696867,9.452449700408927E-4,0.0013547222195786635,0.0036305557418437884
0.020249740772634084,0.012900868298715396,0.006753852713556996,2.39200385498739E-4
0.005076799999999881,7.216641931034884E-4,0.006665037019510045,0.001835164230145292
9.705938706596011E-4,4.0866053204649495E-4,1.3879868512384588E-4,2.278502463178071E-5
0.037138399999999905,0.004922658584335382,0.0036469299021983925,0.0028681031638938537
0.01207802211852065,0.0017649334081662484,0.0021334012177931347,2.4692524592711623E-4
0.007838792928023506,0.002943567289997086,0.0021160042001128992,0.0012969210581124102
0.02048073604100403,2.1693287943479287E-4,0.0014997045544228875,0.0025848387707171454
0.007298126950679845,0.0020059812076537406,4.041583919422877E-4,8.767230586617379E-4
0.021405553599314543,8.930022989349913E-4,0.004720183246272472,0.0023751949744034782
4.985738390523853E-4,0.0016058920937933596,9.47762382025541E-4,0.0035790408026517007
0.009970239999999908,0.004453089701754176,4.639357270974642E-4,6.044352896211747E-4
0.023196986285560738,0.008942986327337785,0.004788178114865417,4.6176280986079133E-4
0.005997161105445901,0.0017137574477312954,0.004164964181173927,5.474523232884507E-4
0.006939461060730179,0.0046643536209969305,0.0017973348357263053,5.9718816005860376E-5
0.008427027904000073,0.007275843491875378,0.0028984925331172473,0.0031869026858646343
4.442064962546072E-4,0.002197549945539602,1.5815229636028904E-4,0.0022267404600972516
0.028425833732771303,0.0010745100378596445,0.0039955420444872615,0.001610236527754799
0.0012566811085650866,0.0016608274034858918,0.0026484181591829984,0.0042165427116582855
0.006825362978968075,0.0023836664468405155,3.287520868828775E-4,2.4751081319940305E-5
0.02497023999999992,0.003253671199772379,0.0023336675221657943,0.002641272251149629
0.011479502903248113,0.002745977933551837,3.118496663886195E-4,0.00850527603717516
0.011037065608029735,0.0046190489681239835,0.003475559113448022,7.098748215482781E-4
0.014388139842660127,0.0035505213223288043,1.763288961814874E-5,2.0731789448125634E-4
0.030308159999999917,0.012406720867094378,0.003600687099859723,9.718212973800489E-4
0.012908047449268552,0.0023670098310378186,0.0012044593593392194,8.850498971135154E-4
0.023632485146372506,0.005253437987154497,4.3348359794181945E-4,1.6439185558903002E-4
0.030059298789346434,7.673664207539233E-4,0.00265463778349484,0.005011046135888764
1.4096051008339152E-4,9.795479371886013E-4,0.003505564846249949,0.001283139840848097
0.05132415999999995,0.007333885767150106,0.0027516616664202687,2.3541661568371453E-5
0.03138399999999997,0.004477682218996026,0.006091258983250691,0.002896514796958405
0.012960148619330703,4.5084439322768636E-4,0.0014601822588763572,0.001366604440220774
0.003861313295144802,0.005398386373118154,0.010612521238723109,0.002241135439127452
8.076799999999773E-4,0.012925229267136684,0.002784082139254407,0.001647546318299331
0.0449017599999999,0.009513517345794753,0.0021060331488786943,0.003236618917157319
0.03417220887272735,0.013345706189777323,0.003306706713905636,8.072145929733325E-4
0.011318875241549838,0.005440072585443067,0.0013635653897313576,0.0010096903469627896
0.06026668595628936,0.019473155758172957,0.005945251305988567,3.157416266275726E-4
0.007175179379484529,0.001096462848931156,0.0024655117063783322,0.0017523880776090979
0.025341119999999995,0.012399124568840625,7.989751818937574E-4,0.004512391759350809
0.05204998348800016,8.784935534587035E-4,0.0035210226584055926,0.0076686681907577325
0.04041519423999995,0.028388478748419876,0.003408907798759908,0.004717224684154919
0.018105289428605533,0.003550202194597166,0.0036971854716253256,3.117372429597103E-4
0.0018147483542136314,5.424402733353246E-4,0.0014468451574107136,8.493019826655121E-5
0.0042974525671828035,0.012122471168664843,0.0032465518744775324,7.68842295786522E-4
0.0268232701190619,0.0018581587572667024,0.0012265865832334687,4.041661171082926E-4
0.026035883553481964,0.0057229990385730956,2.211531643403486E-4,3.889387550369827E-4
0.0042550418453308515,0.009631900527030116,7.935250363160921E-4,8.533406448563097E-4
0.040594475995979866,0.009971503891048561,0.009113422713713348,1.0034471339164152E-4
0.025034441209856206,0.0065309061820313374,2.756569597823777E-4,2.610931663983296E-4
0.032203348806207344,0.006446699850044535,6.435739861225809E-4,0.001303186151139224
0.013878074886921943,6.75005659176442E-4,6.11920024511603E-4,6.566242786071319E-4
3.980799999998563E-4,0.0021894543078394557,7.572242494042758E-4,0.002029027668509542
2.4507987294360416E-4,0.004164836292885664,0.0018681672150063426,6.026487605911664E-4
0.001975049376234466,0.003957228492453857,8.814187866474871E-4,0.0018549601896257137
0.011824361475927882,0.00223186928349011,0.0023940989888220038,6.301191965207208E-4
0.020699679999999776,0.003385097774278867,0.001172572491511925,0.0026478794710823594
0.001084651871999647,0.0033044857920781537,1.3372244772909416E-4,5.936138678704275E-4
0.009487825556265655,0.0047516228541321925,0.004930591802002632,0.0018466836212323626
0.00839938013672522,0.0034729624914479193,9.934973272578019E-4,0.0012590281773902675
0.009838144649008795,0.014904863510734544,0.004128649382432325,0.0025777035408495776
0.015936640000000057,0.01190846097259357,0.007090149716934668,8.842299935281073E-4
0.004484145156231618,0.009241165958667762,8.352250274664962E-4,0.002749409096084484
0.00906858360513916,0.0015494234976261548,4.300420570681649E-4,0.0033749254691714677
0.01021014510413206,3.9242993676523166E-5,0.0031990471338541786,3.5261679869637416E-4
0.014537712515078294,0.002284957742758831,5.987987935913708E-4,1.24698610295626E-4
0.028265428161740602,0.01018418355401185,0.008063904323919568,0.0015298435370617591
4.409321923293302E-4,3.112445294102685E-4,3.943656797599739E-5,2.300845928378293E-5
0.020663473679499694,0.0022717307753272182,0.003349256692349348,1.3235966886111707E-4
0.0013969736399186826,0.002776188457349781,0.009425642182565003,1.7694419452455462E-4
0.025722313545834652,0.006837709845330497,7.164656355396204E-5,5.914716484828331E-4
0.0011181046558241755,1.2849910583888197E-4,3.617869436832673E-5,1.9988786974624047E-5
0.016759375224206115,0.005796358554371521,0.001443841110970455,9.812947991927168E-5
0.017599861855494968,0.006375014397065021,5.24986766254925E-4,5.988678644564605E-4
0.012030334787862172,4.4130589248429227E-4,8.43197349213001E-5,0.0019383452842550422
0.00433915479140555,0.020012927876494273,0.002068042745813978,0.003441090751453767
0.013895822989087536,0.0011224066559599732,0.0010892707679386326,3.469301538789882E-4
0.01804256000000004,0.005659697918442785,0.0027351114874145654,0.001427585112152796
0.0049442714104166625,0.0011233615196565038,0.0026213666463953825,1.176389136380552E-4
0.015221092900682328,0.002109833761716763,0.0050080540500673865,6.506238805058101E-4
0.003453527350090635,0.008199042415223179,7.899902044403717E-4,8.430558593288673E-4
0.012121975161842102,2.700386349098194E-4,5.791917467279362E-4,0.0021891720590263564
0.008105338112000078,0.00505077726146779,0.0022760405922559457,0.0024184312832489546
0.01326879999999997,0.009334443734476117,4.8239167490282675E-4,0.0018520318072730024
4.641965591598875E-4,2.962540499706449E-5,9.976475630870707E-5,6.477567879682839E-6
0.0019311369882953591,0.003939335738427104,8.962251856853551E-4,0.0017359490658275917
0.006915146623999835,0.005750780305818992,0.0031405844888394707,0.002564314149246849
0.023306817448762552,0.008138969902492013,0.0020715571572104013,0.0025469301593692138
0.006111969204024126,0.005715100926630301,0.0012216759965970603,6.085026674325089E-4
0.036569246231155705,0.0030383556633901275,4.1858681242764743E-4,0.0013750308030849828
0.006985529192983968,0.0014238643082153614,0.0011487169126124163,3.179327696296045E-4
0.034487542188554814,0.0011934794922360075,9.78718653001592E-4,0.0010426861977113704
0.0022840314862542233,0.004870168474061964,0.004201028960739928,0.003246418082925029
0.016818720000000065,0.005522746829446534,0.00485133947655314,0.002346903443298576
0.02587016780800011,0.016621411899000904,0.014349915999069651,0.005249575396471973
0.009128009066376674,0.003908776222264487,0.0037150979109763504,0.0021208284716500714
0.0023334033566677626,0.004144589081630623,0.0035095738377300956,5.23105858400541E-4
0.02293456000000016,0.009346889219933763,0.005732150652501211,0.0015439361356597292
0.020707436181259586,0.008707877599428704,9.354790026748772E-4,3.09562052774659E-4
0.004775119377984423,0.0019350796115825554,0.0021419978427318705,9.157886459399111E-4
2.2749772471792283E-4,8.538736061188419E-6,5.44603598163441E-5,2.686930563346818E-5
0.005715817757275271,0.002382413424267142,0.002336932658998437,7.838627128963989E-4
0.006247580461048056,0.003501783473410105,0.0020669173106280807,7.333017134517075E-4
0.017124667475474798,0.001702279217415317,0.0019383262565718868,6.923252720140847E-4
0.024504326499306527,0.0017473437904641782,0.0013693631860529991,0.004384613150975475
0.002373962558959744,0.0056765310563059845,0.0050947783414496545,5.982582699350377E-4
0.017575439385984656,2.849083602386726E-4,0.0034082739514379326,0.0018845929017261005
0.0033867962518517748,0.002350755318823105,0.0011189545304989645,0.00422659357980621
0.01694172526565515,0.004585374222036472,0.004217124422140925,0.002253127869664929
0.003577366756062572,0.008227485317815808,0.0040665261771122285,0.001356063551508413
0.013697112741045014,0.0021693024114104453,0.0037742417314454713,0.0019338384515281692
0.04090382394026045,0.008589409950911472,0.0018572975087042625,0.004967238870387043
0.010547202939448906,9.320094938500319E-4,0.0010200980034094848,0.002219107445809181
0.068608,0.019713276204027963,0.008447563360679089,5.788183769731559E-4
5.528616905006726E-4,1.4864413149578973E-4,3.8484601089930766E-5,1.2703920386369371E-5
0.016724447774329194,0.003756984997894516,0.0028754616642408287,0.0032328131802517035
0.032496982727516555,0.0010551179183811987,0.005360037365077952,4.7368948434034497E-4
0.03497237410030252,0.008251231274577053,0.0024720388492270873,0.0011208014898270724
0.04550045337599984,0.015217018837208829,7.436870834243159E-4,0.0018499239074685203
0.012823026992477374,0.002586409994000067,8.571332655073435E-4,5.214619604353482E-4
0.001030050876899988,0.0012669499731733705,0.0012341573217449634,0.001439554292481293
0.003996159999999804,0.028381037567712708,0.0022978131848521155,0.003472457272450047
0.014854399999999934,2.866662068978787E-5,0.0045737984390903375,0.0016805070295868862
0.012153915135999949,4.1913706142793217E-4,9.789239173929598E-4,0.001423469575591918
0.040193543437567536,0.0017927051002855077,0.0034217199887840444,0.004675887395044431
6.511379388115568E-4,0.0016083044152818094,9.919785587702414E-4,0.002502513150246101
0.048739477760000094,0.020598233985152703,0.006180570856496037,1.5478112903255514E-5
0.009433703456388122,6.788958167598424E-4,0.003794025669267802,0.0036230619966899757
0.005760391196642073,4.099745437520088E-4,2.197984361045281E-4,1.3504838279376587E-4
0.01243969453049525,0.006635549923407264,0.001343520813207238,2.369096230523382E-4
0.0029625409641323985,0.011852672297445577,0.004611155346173956,1.1464997427657053E-4
0.02338546744201686,0.006059499867068441,0.00223356909732364,4.843419476555644E-4
0.002472710249614478,8.787744323160202E-4,0.0027035108347641,0.0015217174887667015
0.025009183003015044,0.004582657294105452,0.002281189487617235,3.5275689313549454E-5
0.014612615335793167,0.004092430143197268,5.648154186417287E-4,7.143554227148075E-4
0.028211575039999826,0.01089909570103953,0.004950722146019326,0.004060778884702243
0.05064551295608404,0.013666146806694712,9.190193440545613E-4,0.004159797603045299
0.002313374921099768,0.0048239013147791795,0.003113349373544872,0.0030589419625732727
0.004352706475176937,0.005537302321339865,4.921475587598145E-4,4.769463594171963E-4
0.008151268766719788,0.005026343199377337,6.600768353179909E-4,0.008482483889244441
0.009239353885720699,0.0016044000839454786,5.604516882669477E-4,0.0027772806111261102
0.012797034178759558,0.003493069193935982,0.001898883055694239,0.0031749836160359503
0.0011750293757345415,7.137004696960401E-4,3.69833967412513E-5,2.1169428727737136E-4
0.012613556542607013,0.008480297872296746,0.0010747963966780214,0.0023170419840770956
0.017124843429718158,0.0017067057496718589,0.0019389822300688486,6.779904399590423E-4
0.0031302792057453788,0.0029341358850432098,0.0013756304161807176,5.632294591741971E-4
9.872567107207185E-4,1.689537818588244E-4,9.529264281369718E-5,6.149466460531553E-5
0.010565364179452995,0.0040945150968740235,0.0021010855257416233,0.003345604188407727
0.00453422958864147,0.0036089946185235977,0.004243943329086286,2.898595941043247E-4
0.016060918383323464,0.008466526306688316,8.553398430208858E-4,3.379388006496953E-5
0.0032250806270157084,0.0029747716022194793,0.0012261284145371244,0.0024167797945172766
0.02479238680378615,0.010947641678701658,0.0033861509958635905,0.0026512390929568364
0.005457447225581528,0.007561708409403929,0.002776449808512917,0.002079031924744089
7.744000000009521E-5,0.0047363522007251024,0.010039494628859558,0.0017413912697008538
6.561599999999057E-4,0.0020835246692432197,0.0026783695292302845,0.0021539085856050466
0.06566469343391018,0.010104831277441693,0.0034802188623954144,0.001649411946497399
0.050112843776000116,0.012649357752833046,0.002969818221406517,0.0015688620665762487
0.0012713391981808034,4.917569421191306E-4,3.322602133067422E-4,0.001142278386792103
0.010443329192431516,0.0023451659955293636,0.00267138840409209,0.003989924171801107
0.0031251200000002033,0.0012785951838545362,9.89891660970521E-4,5.123374721315299E-4
0.0165824576805306,0.02175926490672696,0.004160172539363822,6.389719098878992E-5
0.03988191796742844,0.004464998906950809,9.806129578632894E-4,4.0498163211326305E-4
0.003066345069256166,0.0015040870915938548,0.0028371041953277093,3.187186322366793E-5
0.013613740343508474,1.0671225504506085E-4,7.021155124407051E-5,0.004600914637629613
0.002140927782538736,0.002981805222591238,0.0037759911319612937,7.975447617717327E-4
9.442861023184842E-5,0.0018961256445511909,0.0023141757628273585,0.005633391665499433
0.003007469747599118,0.006776120490592444,1.62425353268222E-4,6.721402141574018E-4
0.01323381480504496,9.815731834742854E-4,0.0020602663796005253,0.0029841788770489435
0.0030886066551247815,0.0027950434672807667,2.893989897482241E-4,0.001086881222572167
0.01875041715203515,0.0015070393361240925,0.004749757893873964,0.0018722842644592421
0.003829610642285708,0.017612374307821938,0.007541213552355407,9.476779458533916E-4
0.014284515264166261,0.0034505378495118693,0.00611722564448407,0.0017961905397566977
0.001956771292515672,0.001449854398402876,0.0015045500893570369,0.002024289386771197
0.003450381494831123,0.004633958139540706,0.0037796619876981907,4.241383930669862E-5
0.008589692226206536,7.475898753315224E-4,8.706993832059418E-4,3.22336546733748E-4
0.008227359999999684,0.002700104347938881,0.00660444526233217,0.0024314782211574126
0.023968104887261754,0.010395758441015701,0.00247784259739392,0.0021178023163308524
0.002375059376484428,0.008416006062074183,0.006386856172250418,0.002427837651322605
0.012943999999999956,0.008685355995864397,0.009366559069242553,0.0011310201296790279
0.008428410710267975,0.00689619227943694,0.004336179964723315,0.0016235453368227066
0.015251999999999821,5.126200985485774E-4,0.0014389225175108766,0.0018223044623215667
0.015005695181888434,0.0024250589678945778,0.003774919283542455,8.950639533625848E-4
0.004795339897675312,2.5892201776801923E-4,0.0014848267893400055,0.0033031648442304416
0.012664706630564737,0.002205392452690247,0.0016600344258002053,0.0014067977770421125
0.001509519243380431,7.031163959734234E-4,6.550468247768575E-5,2.295269292527101E-4
0.02933112837338178,4.5851534939912633E-4,4.985964462007489E-4,8.943770421769686E-4
0.004627971996505208,0.005113577158433947,0.005288779282263982,0.0024519040546108805
0.008402929299765351,0.0038977304417260003,7.649764378194985E-4,9.912846365723552E-4
0.010310400000000053,5.687694486427031E-4,0.002017490323272697,0.001471483494434489
0.01894938881114558,0.001294028912212248,0.0012730399959024184,5.546416359750744E-4
0.0037727111924204288,0.0028205046708995596,0.004972728440890505,0.0011556309450049898
3.380425451862525E-4,0.01395112818501301,8.619582640933874E-5,0.0012592516398013118
0.00580774441410048,0.0010501468656600732,0.005444942772654171,0.0034846646174351292
0.011325561936144403,0.0072532415513165,0.004152785968526535,8.418797879174497E-4
0.022455207425316644,0.0013950915467001398,8.771154559192089E-4,5.437453899514602E-4
0.018367751100967965,0.0015736004771704927,0.001138197810154971,0.0014328753712852702
0.006190610890727897,0.004149740973520757,0.002930576250273724,6.572920385365129E-4
0.014000000000000012,0.013842280258461348,0.001980564390461348,2.705423893911707E-5
0.004258993489741317,0.01601093018694553,7.949019763456481E-4,0.006088084352342214
0.03196661748613277,0.0070841785455393515,1.1244015244321029E-4,3.4175100001066107E-4
0.034826382390153454,0.003475668617040517,0.002056664511202344,0.004333157179757907
0.0021450306560000243,0.0036113963397221838,0.0019829448716238707,0.002635609932048366
0.007398914572864343,0.004468643780481985,0.00432662192646237,0.0027368227147980748
0.06160883135999984,0.014459155488188324,0.0024457210947217423,0.0015109620378920274
0.00682517062926559,0.004763342897334696,0.002747560523527148,0.0017722031831642632
0.018361401827386655,0.003632642933108987,5.822014661096809E-4,0.002263929589211578
0.03198478662306551,0.009704177002877401,0.001946455302885397,9.11192853273827E-4
4.5953167467138734E-4,8.535693443658676E-4,2.0077745210511644E-5,0.003092673697496773
0.031651581934314374,0.011362659626017197,0.0023481035729362395,5.002355344681615E-4
0.03462462742657402,0.0022914025344231703,0.0036870520676662855,0.0025905720782204433
0.019739128320000132,1.3772106887188773E-4,0.01470250817980756,0.0021944516343839204
0.07373409940079796,0.009529430407596351,0.004484354440812766,0.004129741209509241
0.0011499138785684426,0.004663645683235962,3.198722592019365E-4,5.419022112468364E-4
0.010232685323878776,0.0027295196183774184,0.002689610663157871,5.857794225413437E-4
0.024514916184364993,0.013223339765144223,8.660110931072624E-4,0.005365983130481771
1.8841481371145719E-4,0.002886174351448223,0.0013946115532994519,5.88564297521188E-6
0.017792818572878528,9.833581910114228E-4,0.0043029118000112,0.0018632287334715049
0.014329879268710018,0.0059525093043384806,0.002967256665021627,0.0014396779850266433
2.440219307124655E-4,0.005053601069461068,0.0013696737258802395,3.572977409684007E-5
0.008300684590173552,0.011967080160623976,0.00477752508829677,0.003576888208875849
0.005999789994749952,0.0014609329142016181,4.6072127154165774E-4,2.709478578121842E-4
0.009897925173075202,0.0016628143707343467,7.439907895675649E-4,0.004655539989300244
0.003431555402410866,0.005356595875418637,0.0019025676179710033,5.737799200951873E-4
0.006025150628765666,0.005258338034660767,0.005317837523515718,0.00253873440489416
0.005455924738811164,0.0030097073889376246,0.011880768176731291,8.099233518639488E-4
0.03453567999999996,0.0017331759675578429,4.184694137450151E-4,0.0046447155315517685
0.01881144969152197,0.0026026957706293988,0.004698898456814327,0.003634380625780796
0.017156386301424464,0.0018251623441531972,0.0011425425646653942,8.116618536539999E-4
0.0036999037373745165,2.51392802498649E-4,3.7504530430197935E-4,1.477392195662387E-4
0.018700692167805677,0.005637065484176196,0.0018589912624675797,0.0017368894367691956
0.012609931114496473,0.003157968677575283,0.0018145089605617211,3.538317153115374E-4
0.014019840000000006,5.810470991505223E-4,6.402754051015869E-4,0.0011463008451018109
0.03144191999999979,0.00927213838289953,0.001360583525576553,0.0011723249036628136
0.009003855972459007,0.010410618861638188,0.0031187921059019352,0.0033977448347031203
0.02071035489724409,0.0040077617935904185,0.00229447415919187,0.002815969905662048
0.015967359999999875,0.011661543315577005,0.008630721499386595,0.002097519526605529
4.7965800141412456E-4,0.004632106041116436,2.3706124577222646E-4,4.4346462280563245E-4
0.010000000000000009,0.0037640126184675937,0.008550684924275131,0.0018707386401195514
0.01716991999999995,0.0036459831177246826,0.0012207784698086144,6.658048306157349E-4
0.01582438787656645,0.0035610063802252135,0.0020602506618757773,0.0018720127296311111
0.0036032964824120844,0.006319558460294671,0.0014315813799292698,0.002819208373586584
0.0021045363200004052,0.00909498784138485,8.147370890743133E-5,0.001985815210284514
0.013148555350691371,0.009271677999317496,0.003787875262590612,8.991928330149834E-4
0.02345287981914799,0.004955913454843713,0.005267913588577854,9.523989159967338E-4
0.01559731787339437,5.149114765200178E-4,4.737151338667387E-4,5.249313328121443E-4
0.00750546005029071,0.008018942288124439,0.0053470711801110495,9.774268555750613E-4
0.039450879999999855,0.005923436189925413,0.0011526943801452028,0.003090930389012536
0.010270423549938278,0.0022139701830525883,7.448526599060912E-4,0.002136437673013507
0.022189494603578996,0.0028160627980617914,0.004670054574553384,0.0017819993073573404
0.009156550860140047,0.001336824248110118,0.00235788981678553,0.0031250489726413833
0.017636479999999954,9.849589398528424E-4,0.0021389694913604984,8.766406198577048E-4
0.011743916774288508,0.0034682340168253755,0.004513175369209481,0.0015087177654799088
0.004505257564873912,0.0022577437347586354,0.0020342346819740326,0.002245698730885246
0.011978239999999918,0.003018992432834544,2.3107495613017281E-4,9.968675288107853E-4
5.882895700464654E-4,6.08159613677048E-4,0.0014700181486246098,0.0037275201630300025
7.001599999998387E-4,0.012909270463112854,0.003861864419354988,0.0019977044978208847
9.344000000000019E-4,0.009336516666698214,0.002501574898778669,0.0019556298001850436
0.001985099878753328,0.0012071038645652553,0.002653726400052147,0.001079045932108253
0.0744661913688434,0.007140229170523325,0.0011555612470708528,0.007513403936602366
0.008394524002502788,0.0023576613719099356,4.744885981977311E-4,8.756165860850973E-4
0.003996640000000107,0.006709830152618501,9.662969074348826E-4,0.001430861344213108
0.029151979519999927,0.021279986326459666,0.0094202447973879,0.011587444507772382
0.009302187519999894,0.004918228602659225,0.001998730847994512,0.0022169519467394316
0.012394254529897487,0.0023196185121196183,0.004420171646440399,6.200316449438716E-4
0.007146403324624462,0.004855947631623669,6.846853622062277E-4,0.0010643743698037778
0.0018142206895232643,4.118499945942166E-4,1.587953235578762E-4,4.7034828369614437E-4
0.010806719274523972,0.005018971570489851,0.0010135605676546778,0.0010215868241088926
4.270207257692801E-4,0.0015714423895770155,2.855960824974605E-4,0.0039322472692109815
0.0022269214720000985,0.010735825197690452,4.791884397785662E-4,0.004351625000313497
0.026629938155541377,0.0018449567414353663,0.0014100091626594313,0.0011174065759824714
0.018679258636712357,0.012243654768007962,0.0010890617232772082,0.0011139062430548068
0.03421457536438422,0.003414965264747015,0.004058399892596731,0.0016589240112743152
0.018041932208793687,0.006997098518688016,4.1295861345758134E-4,0.001327888217431905
0.006335365957068082,0.0014978925960452587,8.860708577028413E-4,0.0013110276675833987
7.147801600001502E-4,0.003498693840746858,0.005177732264946888,0.0022037458269821286
0.01563168000000026,6.875634549503573E-4,0.004200714397679217,0.0018266589140807366
0.029314167836492322,0.009517252602958104,0.0023457735557650405,0.0028072435789732175
0.02205922918400005,0.012328929627746232,0.0039338109480899774,0.003363754703127997
0.0044560000000000155,0.016956819164540837,0.007553946769102149,9.846665852508707E-5
0.013034824059324102,9.627923849611086E-4,0.0015012406262606692,9.305510461091737E-4
0.00848928785923797,0.0014103080881373575,0.0033025170036891094,0.0010543484028053829
0.008748251529705708,0.008790069258452382,0.0010290492329620982,8.95309412032641E-4
0.004291421952000052,0.0017635820697674554,0.0016491424338620497,9.742583729759335E-4
0.018671108965649927,0.005872673643947981,0.0037070883221075497,6.927344145061442E-4
0.014470805194263029,0.0015034736460192819,0.0011895969893118573,0.0012150797855425242
0.0010163278682624455,0.0018789667887805228,0.0019381031816005923,0.00105327955026846
0.019847680000000256,0.001617309199588135,0.004555011542028753,3.8545007021240085E-4
0.03416192000000007,0.0011065530705272053,9.381852191401308E-4,0.002452870536837626
0.001638565269696889,0.004174391655753674,0.0020504031788684107,0.0017077058311963202
0.015502956653067779,0.00886397515167614,0.0022760950359526078,0.001268768221399874
8.771191442624726E-5,0.006501792811060225,0.007210314550056163,0.001601628237705932
0.03865529112608583,0.011856237941704848,0.004338653299716715,0.002008074456013068
0.014571452824433092,0.00227858480567199,0.0039552892373771785,0.003089181446733427
0.014307396858676711,0.01071662077986018,7.391894338960656E-4,1.2576822003274553E-4
5.17110399997911E-5,0.004890838078552395,0.002229393691325132,0.00358836758502612
0.009396228248501384,0.00457991157567231,8.659973856696335E-4,0.0023749018556300074
0.024042584894035768,0.005533595137418246,0.0014265958611020535,0.0025343598150057156
0.022042392218963425,0.0017053483025237792,0.0030431195861251314,0.00750605111353253
6.314802300078578E-4,1.0187493082983584E-4,8.440452201682158E-6,2.7108036058212587E-5
0.017617527638190963,0.006400493534222575,0.009138162889234755,0.006094520295728595
0.0014092895396419383,0.0017011388653270945,0.004888405393432319,0.0022745886527012005
0.0092169992736025,0.0039518936564321575,5.729482424720521E-4,9.635546255486249E-4
0.0036897382400002954,0.007179447421703289,0.0031649220833601666,0.002467386920460779
0.012769418792454966,8.086988825231539E-4,0.001631471005560102,1.6307681318271592E-4
0.0073668339430372765,0.001783205592980508,0.0014958591151204015,3.028409078684735E-4
0.021392850241366976,0.0010622928860402375,4.6404118438087797E-4,7.850812639617542E-4
6.314802300078578E-4,1.0187493082983584E-4,7.674575280352343E-6,2.7198138109519165E-5
3.561621373536913E-4,2.754719939340422E-4,1.536430011089155E-4,3.963460495830702E-6
0.02835041985147968,0.005017780679792971,4.5630509369032346E-4,8.493074823157087E-4
0.00842776764537101,0.005554544854454058,0.0015598005361140421,0.00761322409669507
0.02570119888357225,0.009815273625948806,2.0910222115233523E-4,5.832023463214764E-4
0.018583438531317813,3.5633929529368016E-5,0.008558104598572595,7.405598360904662E-4
0.006432894726402697,0.006657113875773669,5.925531725919213E-4,0.0010531047296050023
0.0030341273133043245,0.0016025390154870145,1.3371894900915393E-4,0.001167091106275553
0.009338671324636616,0.0011290913980276374,0.0015894803025781057,0.0014389333390616432
0.026139909998196598,0.003961520026086407,7.376463033398339E-4,0.0016778267559739435
9.681613656602784E-4,0.0016279626254361483,0.001641466901011211,0.0014034438839078543
0.015518430580362839,0.00620806906318954,0.003312786900811431,6.682433683638956E-4
0.03568895999999988,0.006765619192395711,0.003374042611992367,4.154488202001705E-5
9.325173929974895E-4,0.007201211911634364,0.0036243230989136954,9.236804449661573E-4
0.0014286628445364033,9.684350693872136E-5,1.0816793083005063E-5,6.854432587267813E-5
0.006421119999999836,0.004895211363485252,0.0017817870552971904,0.0013894699649237285
0.002601382659604794,0.0031909275567638764,0.002472847375876766,8.876118962226375E-4
0.009438233814937691,0.003536001933174382,0.004902238010847215,0.0036689303930688144
0.007169273390550401,1.2617109088486345E-4,0.006213782865682749,0.0031874483597399417
0.008534506360477964,0.0016052540940018002,8.80918122626636E-6,3.318364265660311E-4
0.023082613042310185,0.0017978694885920632,2.5714606108317994E-4,0.004221665192846169
0.006129342317309841,0.0119807887048592,0.0034964441523780104,0.0023456073921078228
0.03727071895359768,0.004785350622936502,0.0017196575431339678,0.0014752896030106877
0.002907908480000332,0.005422178442841208,2.8884113656935106E-4,0.0030861315617491947
0.00983975526400005,0.002634287629551091,0.005401259153583915,0.0010721663425912187
0.016704992854183955,4.468058946851661E-4,0.004156441208526549,0.0032611455542102454
0.017869626028199637,1.5142442869431338E-4,0.0010807815520786912,0.0013254697486217992
0.012998577833730292,0.003669336212198581,5.895152374656882E-4,0.0036372672884591203
0.0420268800000001,0.0028953181330335642,0.00417408479940895,8.260240566109189E-4
5.0001875062333695E-5,1.016035328750611E-6,1.6233699220079358E-7,4.7142558296565514E-7
0.003297440000000096,0.0030417061593512873,8.258470842226195E-5,5.459705651971181E-4
0.009369802520208968,0.0032314222144306085,0.0013719247886561897,5.203857641479299E-4
0.02403500332032027,4.1718116219491286E-4,0.008975017152291653,0.002402908657491265
0.014452058307953639,0.007491860018638611,0.0010847530075320916,3.5505544826542224E-4
0.005114489565453795,0.002233105327517304,8.255686319427191E-4,0.0012367136488989905
0.01288132646816639,0.003727004859789335,0.0011276424244282682,4.789224442430042E-5
0.02716573585285731,0.0017130353317006408,0.0011055691389905142,0.003181576700457045
0.014025350633765797,0.0054414982748896175,0.007174617176121782,9.648821999210578E-4
0.03375455999999999,0.01405139026539537,4.217914902016062E-4,0.0013946497204785357
0.015339868159999992,0.005932365756168956,0.00394775748068088,0.0017901947145881891
0.006173784063999932,0.00864851238549802,5.539303572383858E-4,0.004576387914497326
0.01687868096549372,0.012245603479121181,1.488611378126503E-4,0.004465206716812498
0.017768196645267742,0.004109832465864494,5.149661187288102E-4,4.16524018253317E-4
0.009916311261090728,0.00596995412587577,0.002001991356356506,8.034181053802268E-4
0.0031750793769844635,6.77569479038927E-4,0.003011442161911172,0.0019338431420326753
0.013986400000000065,0.00423758998171464,0.008218850825603474,3.641207729724316E-4
0.0076088858064896625,0.0022826017471480053,0.0017292433353461867,0.002184361173464988
0.005001599999999939,0.0011706395939423686,0.0032556911277938916,0.0011695193966642092
0.01637120000000014,0.0034627975179524206,0.0011632423784340151,6.8760164449988E-4
0.0010402988473773276,1.6032380036571747E-4,1.3992173905505938E-4,5.245016513398269E-6
0.003003849193436032,2.4474445766792724E-4,3.6020005717749925E-4,0.002241993789742939
0.016804592384645052,0.004318299749751085,0.0033956920708814457,0.0014895484270962612
0.030655385426609616,0.0035994751577436146,0.0027637570863126015,0.0017624791427990338
0.02163922649600014,0.012126079297598236,5.124444193119748E-4,0.0031491868127853095
0.02867688553161707,0.004363121261361069,0.0012919485043008105,0.002296468474283997
0.0165465600000001,0.0016444065374163763,0.001275212699171857,7.574994807355573E-4
0.01268835581347938,0.0024444976053230594,6.296334548315796E-4,0.003039822051014829
0.0019868749424697147,0.012107115966295951,0.0029042036205992696,0.0010539457016854057
0.02644177821517313,0.004274378785324329,0.0031678687764610247,0.002145582230622889
0.025430239999999937,0.002790330362216986,0.004079389301534286,0.0024138832595845816
0.01677541938548473,0.004460105783896142,0.002830153673954291,0.0040564813001648485
0.0015059992765746877,0.006963725712961418,0.002922506655384778,0.002494407267443697
2.322645919695057E-4,2.3955293138523155E-4,1.5811148224586727E-5,1.6085655255243474E-4
0.017099887649651143,0.005227756046917254,2.8106165945149127E-6,6.211181061816537E-4
0.04190080000000007,0.010999348109239415,0.0033007802607719627,0.002710636376247133
0.037587750999029224,0.010655376676728556,0.007229735477435328,7.482435080330418E-4
0.011905724038662855,3.7385872328920485E-5,0.0018797410467846247,0.0012804612099445933
0.020432088831999984,0.0052795389501388845,0.001284984338918993,0.0029582870553837015
0.01526714167854223,0.0016216244200414,1.13948000379738E-4,0.002951905382920686
0.02236810404057448,0.0029094413269318414,0.0019888112207642845,3.148931641018377E-4
0.022921058635795837,0.007452825461108021,0.0036627982328618003,5.128362409946773E-4
0.01646271999999982,0.0053357634442223745,0.004543366693839035,0.0021473310489124042
0.016222815938229954,1.608611593043613E-4,7.511093074448451E-4,9.170049249178156E-4
0.009942135209380165,0.004857825884309288,0.0015843815564119794,0.0019427823956296886
0.011801067851407412,0.014701555230495798,0.0015684361051789145,6.336301524570947E-4
0.00880099436365898,0.006127185803751614,5.128055202269766E-4,8.711628028244777E-4
0.019044320381347735,9.563148052732506E-4,0.003175005925692309,8.474848591066841E-4
0.006137065471999881,0.006961220360003129,0.005247268963288532,0.003632563462130367
0.008736485049066326,0.002477362636503353,0.0018606113461829285,0.0010497447452761485
0.029985914619229503,0.013839304541823583,0.009454635425718116,0.005331391229020488
0.014905163216695438,6.767561482219353E-4,0.0016515350709026544,0.0012410288020714422
0.015096993892906863,0.005739928175114484,0.002470464440818665,0.0012876580245129166
0.0058896190211235044,0.019322551186827575,0.003450447948728952,0.006625462583429997
0.007639883513567655,0.005002679028147571,0.005802494396043122,6.486538997479945E-4
1.109838325507424E-4,0.0025150577354237096,0.003966075577641912,5.671545979321951E-4
0.0016583674266569656,0.0032545373547404302,4.3053056463098616E-4,4.8226431178828723E-4
0.035467573116928164,5.081119237729803E-4,0.0015634114397125032,0.001779571410874814
0.019508800000000104,0.003640337901677171,0.002167265382707728,0.0024541544134586424
0.0036054216120014375,0.002987499925476817,8.177503115678245E-4,1.4988445442106245E-5
0.017308800000000124,0.0015714577044771971,0.007290042078756498,0.0012205159397351562
0.007135910959923164,0.008888149456472538,0.005184975923304691,9.100186957313738E-4
0.016960480000000056,0.017904561543298003,0.0023841508376682974,9.179011098250367E-4
0.0012250306257656756,0.0012770304090081405,0.0045319095297057755,0.003592484106847787
0.05340159999999994,0.011106269373770239,0.0017243762210956692,3.6742512904031077E-4
0.04116312016690725,0.004090825838596592,0.0045763872277065935,0.0014903108355482266
0.007228524045797627,0.001881710450458252,0.004295242552227377,4.606518854310858E-4
0.031365419337335165,0.010627182168790661,2.9304119629047776E-4,6.951111806099419E-4
0.03708652001727583,0.01618210091272724,0.0016837134983261452,0.005196739666758102
0.013380788278169305,8.098010499579091E-4,0.001544665409435968,1.5870318286049804E-4
0.00105860955955428,0.0012010076056270247,6.794360420799839E-4,0.0016326638480027578
0.02467328000000002,0.009590669244335825,0.0031404226577044225,0.0038583354642869327
0.0473475200000002,0.010573893419191016,0.002297668062544167,0.0017599203903704286
0.0060204798387147205,0.005758942314114987,0.006349097946909539,0.002049206956034895
0.0010009860811890153,0.003695380315418791,0.002949772179919289,0.002146421401735428
0.01404622622124097,0.004799623134397956,0.0038088640829683196,4.7213647416408794E-4
0.01635711999999967,0.001357031063524028,0.0034494478325726163,0.0034126663500306798
0.011799819075848594,0.004214472182387352,3.2471458298410916E-4,0.0014619131637769733
0.022138920204535742,0.0015527447914102676,6.519798054050968E-4,9.30253479491799E-4
0.0010290748471239208,0.0017635295712152186,0.0010427967119513986,2.875704581288546E-4
0.0022219731688227075,0.004043460327866362,2.6702086057002564E-4,9.285379582752862E-4
4.6280867333516984E-4,0.001375498743611182,2.990840047023246E-4,0.004019333943348585
0.004612446700798745,0.006663160670338897,0.003035512963126097,0.00442161067364788
0.017262400000000122,0.006093135662471938,0.011928327656058446,0.0027371316578370664
8.805090105262614E-4,3.1941884757621575E-5,1.63018950196106E-4,3.748518374939483E-4
0.03875264000000023,0.002275159592742604,0.0024197548870101837,0.0035418850166187843
0.0013365886693326168,0.003225630286682213,4.930922432889728E-4,0.001310903468308311
0.00549455617725397,0.0031983431850360136,0.0013150403243846487,5.609935018111734E-4
0.01283666807955941,0.009353380437567282,0.006492133612996498,0.009409501973523193
0.015142239999999862,0.00333699306976043,8.094289028948154E-4,3.199998735536891E-4
0.01713288185883938,0.004658618580750372,0.010877646672245882,0.001592822368450398
0.01265872478934212,0.0013342366091820114,0.001021842275768941,4.622980902795527E-4
0.02254699003219851,0.0027155633959181635,0.0020084376698019657,5.138097852397383E-4
0.015253759999999783,0.0029533872152601726,0.001635492991258758,0.00131870264400602
0.004075194936626721,0.0018749331935686868,0.0020397106534642408,0.001541312002316628
0.007096320000000267,0.004843413575681188,0.0024341783959650476,2.6118613427938975E-4
0.0025323612160000897,0.011509259734721278,8.806802580445527E-4,0.0010897943587262482
0.014379586423250991,0.005067678826371479,3.310430555909482E-4,0.0012791320937162545
0.020520231310204053,0.004829206574571557,5.304054265202278E-4,7.274166773767108E-4
0.002239698818966484,0.004306660597986571,0.0012599815730380023,0.001822757341596538
