5K,50K,500K,5M
0.0025612249532387435,4.267815382651729E-4,5.101508414615727E-4,0.0012792248523631957
0.08323952298069806,0.014394276430605493,0.005409810460009837,0.0016461262206922303
0.04305820792021569,8.468282597653579E-4,0.0058060299518465745,0.005148932180998443
0.034810880665271375,0.001963375961082628,0.021454008424277308,0.003820749318151697
0.028287003052986964,0.01130821915697761,0.00288688212725873,8.508596880909981E-4
0.00853527400039806,8.962563925207353E-5,6.815309496621671E-4,4.899860917227571E-4
0.08092721125676362,0.018014934451632537,0.014597817950209223,0.0029184645160061098
0.014383249155720442,0.03300104823533152,0.0084064592957462,0.00135849898557532
0.0010854169113085092,0.007015092778901633,0.004002056859018786,0.0015531446695865498
0.049029346772338625,0.08223330287185261,0.03158610301905819,0.00891062855309173
0.014895743424738548,0.007636513204794097,0.004460020953837277,2.2204312015035999E-4
0.08180304447872296,0.004123509012174399,0.0027885743658629682,0.004720401482473471
0.02123168890868149,0.009332130415156781,0.004124126032323316,0.005763374356021727
0.00927830600550271,0.0031127755039323363,0.001953539257023758,4.6379821970343965E-4
0.11627553830380942,0.026378964843054853,0.00160706281482549,8.279107764619042E-4
0.004095205626693071,0.0029207268407031445,0.0012273240058855376,3.5498599214183233E-4
0.0802502946819529,0.009326700046226682,0.005313340236409951,0.004899402659327591
0.040084398312728343,0.0011652503874890825,0.010520502748507791,0.0029273509676189897
0.023963775258246146,0.011401699627770668,2.9021380293563985E-4,8.023019313490084E-4
0.015263545002739739,0.001522467485860666,1.0266391044833077E-4,8.179706610497767E-4
0.001801140456396487,7.998469093806953E-4,6.107561457744013E-4,3.408641676729562E-4
0.0013333333333333717,0.0017129476775405255,0.006454980311603742,3.135385281261005E-4
0.005465047119519061,0.007354617712927906,0.0015330677470414388,0.002423395254657557
0.0060845831056434395,0.0042670756018163255,5.495359396413725E-4,6.090667124223284E-4
0.028331288460580802,0.001975287370949385,0.0032921202679885415,0.0020761433088616545
0.03324507401077106,0.03129548829900917,0.0038906016232910985,0.003527113528868635
0.022427958767292682,0.006864916849828054,0.006978151352818566,0.004258849247607993
0.11871378112952179,0.03871414246961456,6.617313602240965E-4,0.0072024607974278945
0.0643361299509877,0.014168575164875926,6.388758314372902E-4,0.0014739220127068917
0.0043803008128525415,7.456104890519688E-4,6.038560772795611E-4,7.710043004640715E-4
0.005145820854567776,0.008177299031679562,0.008478568075096645,0.0018784369113119285
0.008429749890430209,9.952269674282734E-4,2.978889521688846E-4,8.755169082108797E-4
0.0018181440872059372,0.0018321911461085451,4.8012059064277574E-4,4.406971688249857E-4
0.0017777777777777052,8.570235970124025E-4,0.0022770755939100556,0.002376629207577505
0.06680976245602191,0.016446607365937328,0.0037515170131908098,0.005687263001698329
0.0324839978739649,0.005172610681079113,0.005162966970082714,0.002560583269665217
0.052178020103420916,0.004722137020609553,0.004481753453830573,5.5704659274972465E-5
0.0337012475512076,0.011413170334321147,0.0049311840429517445,2.2792426411900223E-5
0.05600000000000008,0.024692592222333304,0.005225668419230195,4.561532435132243E-4
0.07114817612887864,0.005085764502787076,0.0015148390940271993,0.0013296672626808613
0.010258858914510388,6.945394521355897E-4,2.5793981298978785E-4,2.2320238360537306E-4
0.061142493769775014,0.030262845151520366,7.769376550642582E-4,0.00165863173382925
0.001426434509342815,0.001422505924542097,0.0034604279861774443,0.003101903276218601
0.004074501122073791,1.3534735664679642E-4,0.00202430787184201,3.6728224655062255E-4
0.0919009540628942,0.024634628129585202,0.004395164052588095,5.176160939968758E-4
0.009190791876484252,0.018663288782781735,0.009051644205842526,0.002206727922181416
0.1666321198779895,0.001871328625344069,0.0010633857146831605,0.005087049565973849
0.03657697738858689,0.0036520912889306104,0.004794913824700379,0.002969229639571379
0.0028324642562336986,0.0015196078973618635,0.0016086662721215529,8.878241249143525E-5
0.019685062139663045,0.00905503043603826,0.013838901586811938,0.004829226701766538
7.977239269370191E-4,0.0014485964033130825,0.0011605921297393892,0.003517340296782474
0.041889336577522245,0.00929389174196604,0.012354822391494115,0.0014036334827112645
0.12428842234064297,0.03259177764488642,0.004145806973197708,0.003630289584754058
0.06269186361386736,0.026347240554216018,0.0030498559788657343,0.0018820232165481575
0.014969269759118404,0.0021795947112759266,0.0024168766693550866,9.809363886373447E-4
0.0039354876381430415,0.017991908800762922,0.009526523099489467,0.006037760852866057
0.06263300367875362,0.028125264978457794,0.013687778503107092,0.024453133023183915
0.0185550911348871,0.021480776671110622,0.0020610960371612364,0.003990110247292792
0.0,0.003680341097765244,0.0018204499320362277,0.001900193682519008
0.010889110946505774,0.0015042627894657674,0.0011804794443278264,0.0016702723925290216
0.02774374592803961,0.015350184102468889,0.001751491514279255,0.004992985764651482
0.0019403590014283106,0.0059195890542666,0.0017775930570824202,1.9812386677053482E-4
0.0060727911036956295,0.001150084613872043,2.4754363798883095E-4,9.089877989094114E-5
0.222564781327067,0.023341232171772613,0.02361951024244232,0.006464570924704024
0.039161920912962875,0.020537443559098038,0.0038111369538467747,0.0026452901052428494
0.07561432176135367,0.016572670275773853,0.0010713203517406546,0.0023492574293134606
0.020822237297488475,0.0018160138444320757,3.2907432780242236E-4,4.896793556036619E-4
0.0030230992405232662,1.6050598262455042E-5,0.0012412477979797654,5.274736772476727E-4
0.0012328475534651656,0.005409333344281601,0.0031217105470926947,6.671606311344272E-4
0.003774150425336149,5.601526536801288E-4,3.0953595667041476E-4,2.8504111449718E-4
0.005069689742699633,0.0028036995095330414,0.001461508477914846,6.902327554098676E-4
0.013953680914891036,0.007454616497855046,0.00125270437864645,6.752262772850974E-4
0.0036014289698399855,0.0025671637426142478,7.543381852167323E-4,3.022146063436573E-4
0.00329414727057865,0.004811387813200538,3.150902732133332E-4,0.0012896416641959142
0.0028565206864078923,0.0014729714431926033,0.0036936873883120533,8.850482671556428E-4
0.017177752654180777,0.004431894479018613,0.0011374174461315945,0.002902155336277835
0.10508553260885384,0.005780302928872996,0.0021996978703772126,0.007870662627879626
0.06661130017991805,0.005705587743387315,0.007561983078422674,0.00117807303718096
0.017367358230232645,0.0021532741160417753,0.01177046244550139,0.003244367679972001
0.08937370706605881,0.012938458756433268,4.6033246981488885E-4,0.004216362745446255
0.006708695777554353,0.0014461336600811719,0.0033911851835323296,0.002283881463108492
0.16698659193534762,0.0823153852853865,0.02033769526733592,0.003451169502182424
0.061440334534558126,0.005226688030591985,0.008108573641148283,0.004039463505858095
0.05478044692704739,8.887860373060738E-5,3.332044232193507E-4,0.001355345422796608
0.04807591676198225,0.017621651509041582,1.383385746856196E-4,0.008934241898414576
0.13841175206937698,6.646773506811169E-4,0.006569800469144563,0.008018843247678303
0.10352716347869498,7.526268567697338E-4,0.001693594335116978,0.005113493820657928
0.024609431867129397,0.053967647071549184,0.021123712031337536,0.006454446620794817
0.0028945114127725555,6.303111603541992E-5,4.887340593968054E-4,7.856270807599006E-4
0.12044788035601163,0.027714189492368344,0.0014546950032785898,0.004884443886380048
0.123728492399404,0.02561663412589691,0.0025459011028963587,0.00952341916952448
0.01190449150663985,0.003008838975694202,0.002166334611193558,0.001954573836521534
0.03925522610329024,0.030146454442489905,0.005510982916976221,0.003130601616513435
7.527956161304233E-4,0.002471918249687495,5.336308019964657E-4,2.7634961668999953E-4
0.0010107244425791714,0.03426910880952829,0.00860222122488992,0.003036723525248276
0.008095077838063337,0.0016878948920418249,4.486561903165982E-4,2.0695167018437713E-4
0.001053241850312063,0.0014290216454696724,0.0023739012204800946,5.666815607727017E-4
0.012950092806955964,0.015467271699308628,0.0023978367579179797,0.00762593658480454
0.05318543632384104,0.024305810513397995,0.011066658123411668,0.002433803761848487
0.07446351429296491,0.00927520743159916,0.0022991141757743873,1.0521104530792162E-4
0.06327810627826361,0.035359085101707606,0.008949896118383387,2.8242193928782497E-4
0.09276750047651318,0.012718819719806694,0.0018539675275120052,0.0038617710301050157
0.004936501846317514,0.0030339637610356917,7.686059925762019E-4,6.356237304987551E-4
0.23990197069807748,0.02854244686555857,0.013537910701623829,0.003269737038113623
0.025474890504567388,0.02615569767355887,0.008845865981076053,0.006148364722333723
0.029874997367713017,0.030903629051983447,0.01625030956397134,0.0073171973602323675
0.013385573026149405,1.3740458280673556E-4,0.0011521979282140995,8.780036424520511E-4
0.009789729907514573,0.07154119870393309,0.005928730248353863,0.00862486143243733
0.1690347386912579,0.32244758200277013,0.1315247078321534,0.02088713488556808
0.0025863706110071908,0.0018112286232685525,1.3458569537383422E-4,3.769334665458817E-5
0.029391950812432257,0.010824067606265994,0.0011064394099537629,4.166564040358014E-4
0.023347573328742564,0.05239215941264497,0.021692379105333004,0.006851077313389375
0.06024793601329852,0.10130182171623024,0.04756346945691553,0.004501701319303723
0.049737957948051956,0.00432577182288537,0.02291643488817535,0.004387532424113888
7.530142759852737E-4,1.022132686200996E-4,1.1179023506066425E-4,5.09594011519914E-4
0.0725803685299086,0.028002228663043683,0.017977748560694378,0.008329025062484816
0.25677290141441317,0.021357662392055093,0.00909709595315302,0.008727082538839121
0.00883476497583905,0.0688361903519398,0.013527104408441886,0.002634090603878694
0.08335238184928821,0.016877556902589144,0.0016352515452503736,0.00250000609021424
0.023792503811402212,0.015992255214238287,0.00517894347176584,0.011001613681712843
0.0013717032251237108,0.0029221528249686922,0.0012892908132738305,0.0027993595482220376
0.006438536507351598,0.008998305231691484,0.0027480745142505693,0.003286944887453972
0.3207870165116739,0.2893384977088095,0.06325467524252018,0.015123006539609515
0.059873627622048876,0.020363836170655535,0.009429876673983328,0.003579459786292197
0.0049985258465939045,0.001338862021080012,0.002542483407468171,4.1054392574453667E-4
0.007692919232622465,0.005016959681819916,3.1208183962843755E-4,0.0010349477901512873
0.0032476290671038066,0.012587866519617689,0.009236619755196991,0.003934406305482557
0.0027448988015662786,0.0027220606228614483,0.0010700093586707407,0.0027937427392664875
0.021784287072207097,0.019004433401690488,0.0029079327633267345,0.0037725066143841023
0.018672709923305192,0.013657432284007575,0.01135849453734727,0.006442956531099209
0.002186602909592075,0.001557348101174861,5.382578423755472E-4,1.3568533086201167E-4
0.03017912292251613,0.016564064474166106,0.004100940150267745,0.0017075557924854199
0.004274604493771194,0.006114768406649345,0.00972664463948765,0.011772452374189696
0.1100702826315192,0.029131713402849216,0.002635421438421276,0.003067064820282719
0.025189379975282047,0.024383279075245904,0.007346204717259346,9.209140190118791E-4
0.03840353360951686,0.011893488703818181,0.008525609360460866,0.0011055359684356884
0.011509422665523657,0.06202336128236973,0.007256805837323022,0.007659915819319172
0.05085381320659026,0.01635380664543531,0.0015650788910507032,8.803314397497416E-5
0.0031559507905312327,9.4861681278795E-5,3.355770973970272E-4,1.7541981566617754E-5
0.005141286341461972,0.006093550895880576,0.003483256476299096,6.345371357894825E-4
0.00535467491517006,0.0016504119515760728,1.5293925692215003E-4,3.0727925510233225E-4
0.001426434509342815,0.002001426146208382,0.005176047153868892,0.0019869432575783295
0.04153161217246458,0.006123138069009417,0.002026994556543639,0.009979676163432802
0.09058312802040962,0.013657350749050017,0.012045081191800793,0.013250469868731853
0.05621916118854238,0.004721568441376437,0.011491966259701987,0.006819667606784202
0.023070884350300833,0.01212552738218933,0.012363526451504186,0.001581285834209981
0.10448374376883024,0.030419129396372504,0.023185743229154537,0.01028269871976023
0.15916016488167278,0.025416518399368135,0.003993409369961753,0.002933250544929942
0.024486294804355987,0.019468616913830998,0.004105969550797874,0.0024155003997973915
9.583227513270113E-4,1.9000615791689565E-4,1.145633343340322E-4,2.6820075129163708E-5
0.0034990790477650944,0.0029181710058014117,2.511029202080593E-4,5.0807701230724525E-5
0.19400541905734914,0.05391206134454653,0.02555685277410168,0.002020393895347553
0.022342594046632934,0.04035533873448329,0.020689272137444946,0.0031230903708445623
0.0027560838309003584,0.028305937526439305,0.012237169022499121,5.820050420572699E-4
0.03995046930239021,0.014387814475578253,0.0012421462091146748,0.002369232584789199
0.07987872747219209,0.013159521646038312,0.008531414882219722,0.004239292151258868
0.016762331409351863,0.03135584921022445,0.0016539513198069674,5.183762872130242E-4
0.008422920005429149,0.004474995521219809,0.004605042515125949,0.007842858784392342
0.20987202358905266,0.11302741613824158,0.011089326713311504,0.004269713104590972
0.00800000000000009,0.028243601059134982,0.004164192740350597,0.005540286246458609
0.12710276449108232,0.027020413413516343,7.545548684045105E-4,0.001966389653028354
0.006203023238351948,0.0034387733923767175,7.374127169399631E-4,8.016229510047262E-5
0.10187619112611282,0.004366774280103935,0.0056026649135034945,3.145515523979415E-4
0.05158273987964642,0.013009372388750717,0.002912052228467158,0.004775911741211195
0.0545060533537731,0.040072431464439145,0.0018272553099127596,0.0017460507038599086
0.004071421140242028,0.012742663427404285,3.364049996789913E-5,0.0021940807111794276
0.0022006592577124458,0.0026808599243268046,0.003996327169222579,0.002183093330842227
0.1549495282148875,0.0525822110380626,0.007217393023501903,5.365434683885631E-4
0.07446900358033734,0.007664855064281075,0.001231923487636541,2.5020896623897693E-4
0.005864020378562177,0.004503393047835324,0.003386922617881982,4.036205810867005E-4
7.040936321443352E-4,9.17739353737975E-4,1.3183545337779905E-4,7.955007085255215E-5
4.6987505792179786E-4,1.093550457748825E-5,1.0095824237073598E-4,9.452364437970101E-6
0.004473057093620112,0.0012661313011593908,2.7590737973849145E-4,6.669140514750727E-4
0.09718290925963154,0.031357949692708754,0.004528282093636123,0.002979440766655393
0.04200920211500041,0.0039168057804772555,0.008856134792182068,8.613252592834237E-4
0.010311413285160893,0.0037770036343269327,0.0018299997791345586,6.391015908734007E-4
0.00400661658052531,0.0013238882881894006,0.002623785314090007,8.334627276115227E-4
0.002264152382360716,9.983856688782707E-5,0.0011922667886786688,7.160673867992812E-4
0.004237008344713842,0.006927691985970412,0.0028162001652699657,0.0022841571694992447
0.0017393496899595503,5.312391678939887E-4,0.002623657496825026,0.0017360419637116146
0.0608456732783915,0.013687697839171419,0.0024598252370748243,0.0035136435329640604
0.011546499143930139,0.0085335756367831,0.001614549531328637,0.003431610776845546
0.00799807821991659,0.0022918418296433334,0.006435801095127599,0.006022421630937301
0.08930601404937524,0.020350213046688173,0.011517059013945603,0.0015103390533845206
0.005656581964965157,0.003776472115698803,2.0036360910320977E-4,0.001075210418287411
0.018555197681715523,0.028833060726441637,0.03841126433952709,0.026636762901151856
0.012777038261339945,0.0030174979426728244,0.0015813093568431773,0.0015669629081662428
5.980932985086281E-4,7.083151066519816E-4,0.0017952760367518953,0.0014726359027664492
0.022726208320262464,0.010405936915032249,0.004643409985422707,0.0014491943411994502
0.08562213954702669,0.007803328958935726,0.006201356063373638,0.0029052080597164773
0.29123022554138306,0.013242599767469889,0.07806383244532461,0.03189925208058992
0.03175666220562661,0.014655195681832708,0.0011154386306448335,0.0018442791393472851
0.04240079236605141,0.014110457918123211,9.544286398538563E-4,7.420489263243702E-4
0.04104609242310696,0.01569587569725245,0.01103013583443331,0.0055234249456029135
0.016993375901327188,0.002160078877631751,0.0018535743619311194,0.004670541678293282
0.025673602612321468,0.008806000135690049,0.003109917180850768,0.002009203176265567
0.026002559419772264,0.00969809560837866,0.0076052015602254665,0.0035633051360139927
0.016595339988313727,0.03951097081978268,0.008139153221198181,0.002260292713265337
0.12202409271144407,0.004372627217190158,0.006655725917379925,0.0031700766447083657
0.0113114912632725,0.013139509282080105,0.016906391580022516,0.0036786436719485915
0.06259059269295711,8.70351226467289E-4,0.0076046380918578,0.0010491253335809165
0.03509482073834371,0.043191284963569686,0.004508648131752012,8.390362333558969E-4
0.004590969591285151,0.004399175692994567,0.0019309230679527465,4.751439532703923E-5
0.19034184574566673,0.015427638244768104,0.002273165338605049,0.008932927171857825
0.023151915135813647,0.013183983594268988,0.00515335997015344,0.0035118841370079907
0.008719321045484887,0.015962357530860907,5.149167929650071E-5,3.992025827710696E-4
0.009538039663043828,0.017900720169752322,0.004040668150668003,0.0035653687442290236
0.018553563976454444,0.0046264164543806,0.003996774898452664,1.6809497185367607E-4
0.0030043145438188763,0.003302398890932604,3.590546126908746E-4,0.00102875852177689
0.0841663438740465,0.02927210588427849,0.002041586840648781,0.012486764360848118
0.028153564262236277,0.006863789814251088,0.004200260132364782,0.0019913425728126355
0.02056892501573255,0.007226533198598852,0.0048433115573063845,2.0279059715178129E-4
0.014902946772151574,0.012424496301990301,0.0033494935590450644,9.642155356529671E-5
0.10821487791207691,0.003411053484511627,0.011870338590838922,0.004404987206045808
0.0058646154834392505,0.0035219397121190837,3.3453466149643667E-4,0.0010722531976062608
0.008577418991301551,0.0016656814942013587,4.497984473744867E-4,1.0825690999613014E-4
0.007258711479865285,0.026309972927478713,0.011834019686094823,0.008326014275489008
0.07812072058292376,0.02230170658009499,0.0046301010123759095,0.002915164039703449
0.02596264881476891,0.004138214174212464,0.016078598572565984,0.007435711196992357
0.0015795133416505818,2.0787806261539558E-4,0.0030677324445804307,0.002530608698191385
0.03788242301866918,0.017074391008964268,0.01542036103107731,0.005215171591564012
0.12404875220939762,0.04940535335527092,0.006882164101344845,0.003997041015220593
0.2813769386502559,0.003041376331903194,0.0070819995224820215,0.0010091097443154402
0.10164953923378277,0.013258211344498219,8.619195296329206E-4,0.004212224082577832
0.09120882394673661,0.015947580478670783,0.005054287558629987,8.087932517543291E-4
0.04030149072837756,0.01146417977411591,0.010489256982896055,0.0010847553046487346
0.19425499918963846,0.05484432268453927,0.02582689643154435,0.0018653339350909871
0.006053840923058834,7.038545022150153E-5,8.441113803146389E-4,0.0019459147905428397
0.15917031318195154,0.015687072059242437,0.019446714295733518,0.0036401860298186733
0.06690636664279204,0.04236852889596174,0.005059660599517905,0.004358229562857244
0.07879110662309169,0.005472753140929276,0.006316134853927816,0.0035300623948387936
1.2421052631585527E-4,0.01741946901985609,0.004287727391448869,0.0018330594164926936
0.03453901941128944,0.014927106189431556,0.0024399060997440905,0.01135485645602278
0.0042042343312628854,0.0027669042155950285,0.0022246613373929133,1.666988699486094E-4
0.005032450825017807,9.134723815937664E-5,0.003059849779264178,0.004686149260047294
0.035964597877722916,0.02733042977644609,0.013309177527824175,0.005720698662743921
0.0024434536231792594,0.014600874964366812,0.003023827425247045,7.112883578890269E-5
0.05019827922949386,0.03322847896940387,0.004077280256241894,0.003451206182754999
0.10184454543480101,0.024396045992849367,0.01156326544428682,4.946400898207562E-4
0.09978685506949718,0.0362524192715948,0.01634669750602456,0.003161904875637782
3.018585497198032E-4,0.005471257467497537,0.0025886606372929463,5.469972879467544E-4
0.0065974817264207505,0.016002711266351725,0.0069480017346531895,0.0037231927715860856
0.012287809478212815,2.821158834559865E-4,1.415133247806122E-4,6.683646337416846E-6
0.025085858587480078,0.04801229990287405,0.01334580974771005,0.0010120693805314943
0.007340692162940077,0.011433416631558972,7.386906368555362E-4,0.0027207975365320615
0.07637983839358155,0.003916552775284051,0.009264925998696135,0.0073475907457787116
0.11251155160598834,0.031457358580033234,0.001815827094087132,0.005764804557137056
0.0707626175772405,0.030198493279459775,0.00510186636149743,5.829500940696974E-4
1.4592353642680337E-4,6.721882400020906E-4,1.4208063433120792E-4,9.082633641815512E-5
0.0045339584074868145,0.006315102692379843,0.008523887972077699,0.005544394242568227
0.020583553285243045,4.68097055841734E-4,0.0029646032243810906,0.014768738582755648
0.020000000000000052,0.0011398404223409223,0.001234755975336975,0.0018201658559731729
6.344122050481369E-4,0.0032062743475478215,0.013305391355212621,0.0044592652127648106
0.03871624952306132,0.047212591885708366,0.020167893409285077,0.005910532404994516
0.0014193449924573246,0.006745041907107619,0.005585903616714785,0.007943816063204783
0.017656273475447855,0.017877669982543268,0.00797987584603659,1.6033174600894293E-4
0.00423322125864782,9.968910729110955E-4,0.0025612728360171087,5.343638925060964E-4
0.03981782104471595,0.0019180870705195658,0.00688846733033173,0.006426621183183094
0.03296412033477858,0.01968293181984621,0.0025972726266429574,0.0018328348811072115
0.01942005913749435,0.06041413905276889,0.009076002874336265,0.009314078995258455
0.024160914467444675,0.011183896227196845,0.0012328060224443482,7.197868112736169E-4
0.00487395936381632,0.01359268591555062,4.497920426477211E-4,2.1495504564263541E-4
0.024605517675587316,0.0018054852325840559,0.0035215443418436026,7.805907940321422E-4
0.018672709923305192,0.012139331302601428,0.00949417267416216,0.0028054432219707737
0.018521775617113295,0.015973710847661908,0.00945028077805523,0.003026662625850605
0.03080727895917704,0.0036615897518338125,0.003072539783210949,0.0019907508087917067
0.06090519723139835,0.02488225738145069,0.009916656872421995,8.56372388074748E-4
0.009633926664747843,0.05438960609310677,0.010256146333695431,0.0051933443637095815
0.0029645256639591676,0.008350961490075609,3.365671726772107E-4,8.924811057651672E-4
0.08119569335571386,0.01941657699751435,0.0059760835344679405,5.064280142583442E-4
4.0404040404035953E-4,0.0015333557468388602,0.0021495455277559645,0.0010846733832074614
0.010324431663556954,0.006060020317963377,0.0027182621467036396,0.0015752190628168568
0.0036911538007178297,0.011735736334835462,0.0010363953279749134,0.0024926850442967214
0.018815314460321707,0.037746128961366844,0.008647151449718105,0.0029739237088580424
0.04286258090597726,0.010886296142215222,0.004593880773490937,8.909998978759558E-4
0.08814839848228258,0.009801889402193563,0.010801168878078363,0.0019380625562582271
0.017584791971679503,0.01222557603823342,0.023177326258451803,0.0027459844560452176
8.271784385404449E-4,0.028989960629703052,0.00842935444795666,6.275569715949716E-4
0.020672093676728027,0.04316705577562204,0.017714946423908317,0.009686686540682079
0.023690013842865208,8.028003905454715E-4,0.007972405540776252,0.0022173742704176993
0.02498565614137278,0.010646138676845038,0.007288177315187987,0.006552386867502657
0.009039618572763756,2.8142424422703243E-6,0.003232560921796785,0.002297542889380517
0.20587609724634665,0.005605072812700563,0.007193666499539981,0.004274570683753354
0.05086046884641854,0.02098152157113299,0.012447732055350517,0.007039875350136801
0.012051974469545531,0.0031731002753388983,6.090966885230554E-4,0.0012848346940194642
0.007402229054280223,0.00227835092641473,0.006644470840822219,0.0012101977530227265
0.0011555646008496827,0.001495310097600231,0.0031652056073585536,0.0012922092275605538
0.02378357078678129,0.003926558714317958,0.011559516711450495,0.006901607623997321
0.0026839417754318984,9.950751151198337E-5,5.330806714941674E-4,7.634303476320388E-6
0.025507517100676693,0.015376555992753874,0.023551862183122926,0.005743120958050122
0.004949272747695863,0.0024718771407374195,8.125567893037229E-4,3.315336969028138E-4
0.13281829911857945,0.087475734607303,0.016024509727852534,0.006153372149880384
0.03585923227920414,0.024357286365852424,0.009128363032958397,1.9883170614578083E-4
0.01111215188498803,0.017907152879500413,0.0010759470954860258,0.004194056363727956
0.049561913155952736,0.080805787810324,0.03223948946104882,0.005318197453770365
0.01692762023867394,0.005414250592090234,0.013173273688453046,0.005551545225956026
0.01857280899928193,0.0016904072461558842,6.684516342522261E-4,0.002070488366979773
0.13001309350343876,0.050419916111846555,0.015550616390973007,0.00878296567736377
0.1606223379481111,0.0381274076813566,0.0012052144303830697,0.0013539579590016808
0.020012210182183257,0.044745286843954714,0.01808642842284606,0.008929851364332459
0.0915123227625806,0.023031518926740026,9.068923354721911E-4,0.001766138761306446
0.03648114071533494,0.009370464964924967,0.010498911022974186,0.002289678044390506
0.06642498547597143,0.005704330165672045,0.009367898066713745,8.484338522084539E-4
0.003887209362105914,3.349909562743995E-5,3.505169422212672E-4,7.687015921487296E-5
0.06611565424695656,0.004639578098663582,0.005635042111529301,5.862005029461265E-4
0.04561509645532231,0.006590003982050261,0.00584665220708758,0.004932277729527875
0.09906382978723405,0.07908695408564907,0.019992418692423852,0.003574678214998772
0.019887209781209916,0.042563016377444494,0.01767463988477225,0.008834190752343011
0.04577224454843435,0.020682373514770154,0.0031385691490820413,0.004429249190512291
0.0037910941804465545,0.0018456898509010263,0.00395756321277146,0.007710067333738959
0.05132322636880665,0.0033941417043267244,0.005507185844604487,0.00382561879373269
0.02984034747358427,0.014279343593206912,0.0016293087311954337,0.006061907778077705
0.1534572356968196,0.045191584280787775,0.0061938910114806905,0.00300961922082084
0.0014704840727463536,6.474925442355228E-4,1.2234841104722988E-4,9.247918699393688E-6
0.19776197728562184,0.027255630380240828,0.013652955478823253,7.13586080077394E-4
0.08409108988773355,0.03124084555681776,0.005108436276733683,0.010600590872339423
0.0033995143282970048,0.0033615951050549753,0.0025053919580808265,0.0020564666105510943
0.02211039784166671,0.009451531710728303,0.002102115425810871,0.005163725846680487
0.009583991822582872,0.006761449951517074,0.00624567214131647,5.854476139278126E-4
0.036071382114359195,0.02272227413953233,0.00441433383226554,0.006542395092441796
0.0016161616161616626,1.4909777777556826E-4,0.0047175180308499645,0.002061851535093283
0.014458433190278036,3.7662660229061203E-6,4.480047428392319E-4,1.6329490836809783E-4
0.0324839978739649,0.007124792946292113,8.327928027984158E-4,0.0012951993598508639
0.019001900965715822,0.03234907495026295,0.012788664006687636,0.005665087420108268
0.0036949948453145936,7.070597401671187E-4,2.447351588217667E-4,1.300400545525656E-4
0.02216267279159064,0.01493263223578892,3.16655199560473E-4,0.001908360569515869
0.08342093310439753,0.03373399286746254,0.004478511389682412,0.0032411806348437056
0.03681899629519852,0.03366589024952035,0.002756235451114662,0.013958332544439529
0.1221156122471641,0.03209921252490138,0.004653879039347543,0.0049764227047057645
0.089592373177096,0.008497778931959818,0.006869669271910293,0.00976491311974922
0.023150090546166787,0.015259533647965881,0.014710600823284311,0.0046651989186451345
0.0986645078312353,0.006948009198489888,0.0060269324831311085,0.0018483231393918954
0.09174042738233303,0.04477645516683603,0.006027101865151974,0.0030705970621126926
0.140062298087362,0.005622818839085975,0.0040109171571909834,6.571549039327949E-4
0.003541857442377422,0.030210800305899014,0.036906152091634906,0.02335250321362043
0.022363011889090394,0.0016945447636599479,0.0011260112745392183,0.0019292354664393059
0.07516424550923835,0.016447380174671646,9.747210761751604E-4,0.002368016561819957
0.01908994303117494,0.0024498833185599366,0.0023957585979005967,0.005765189049132124
0.1365423496651958,0.010716580106803028,0.004522093030263516,0.004156418272828271
0.05614282890980225,0.010005425026559923,0.03202240824193688,0.025759124229202852
0.03931620272193428,0.019881250585244287,0.0034391134495274354,3.615298353715585E-4
0.13523433018592307,0.03983189126554158,0.0011703957636345422,0.001835917369698826
0.008500601276703256,0.0024587979428338166,3.0683603007748374E-4,6.972206851806349E-5
0.015516968047069134,6.711235006361608E-5,5.971053112887711E-5,0.003339952805618605
0.029567649460684346,0.023011482057077145,0.0032402293618243104,0.0025616229588023088
0.10812707661736247,0.04802301058662952,0.008346933838070223,5.102487529546704E-4
0.014693486656023467,0.0278787437433689,0.0394347901226151,0.026223647946384772
0.004765242362972477,5.113648900006312E-4,5.414641538956089E-5,7.162235407362391E-5
0.12444732789309781,0.023700108987425347,0.011330697532234415,0.005499714410993007
0.05421773309178135,0.041052295606422345,0.01249234629808053,0.0021382364785337443
0.017878875035390002,0.028254873217220935,0.013938745289988251,0.006578021183428237
0.002615892790229107,1.1500744607542495E-4,1.4656150981313425E-4,1.888084800051097E-4
0.05194830279500371,0.002816174029549403,0.0067089857680842704,0.0018738138490926367
0.046431315645944965,0.0096805771118561,0.004052972563796215,0.0025080100803314856
0.06279098424662616,0.005581675437316627,0.0020069142997707627,0.0025797684545491024
0.0058575096237796056,0.002921030310430495,8.877098765657568E-4,2.85777868385175E-4
0.05333360183121688,0.0037142388774725633,0.005315777154580665,0.0055688748718600274
0.029430389179831713,0.007151470909721281,0.006110598122118949,2.3392626894600947E-5
0.04810510653107335,0.03487841143138499,0.00979297749176214,0.007362964558233434
0.10853384951574066,0.012750705567689145,8.503800379875166E-4,0.006566478843791513
0.10150662223791979,0.019515435904506922,0.0021562443998971743,0.004095202762885421
0.004708588641076764,0.06358175909515039,0.011087917647715636,0.0036845093233471844
0.0111241943302992,0.007229276789357811,1.7897521974171392E-4,0.0056436747878335185
0.10300772285267573,0.01151490964451456,0.007572056719335489,0.0017778736517155226
0.012193548030719504,6.503620394691108E-4,9.599060304290531E-4,6.701820347142158E-5
0.04974055299556526,0.00640086474430197,0.027978407300870037,0.001270047049662177
0.001030012238148931,2.0754909959215992E-4,3.315611802048027E-5,4.7672410177581496E-5
0.03028931397530223,0.006757552899786453,0.013116687757528233,0.0015608133334742388
0.007863909948319574,0.0672300888445279,0.024226378149921263,0.0020180985672028765
0.011179575723924919,0.0059000995249815285,5.900859910722366E-4,0.0018298247357775375
0.04534613949365321,0.020350174314785138,0.001766814580373922,0.0012682330282948928
0.00980162239711185,0.06219356865672479,0.014053963485892317,0.002713197916418276
0.22266708751764566,0.12424351218176048,0.014243266518811155,3.1694530975898973E-4
0.03220816721186915,0.05370671002175669,0.017594823551217578,7.672732538236117E-4
0.025043569388837367,0.00643074872625585,0.006793504013514557,0.0019254749128676024
5.898833547720665E-4,0.002232251975112034,3.853061024803558E-4,8.899308469330033E-5
0.058181634040583116,0.010704869687095905,0.011532215310812903,0.0010568484233931404
0.00473245906609871,3.1756487482483583E-4,4.0493667620337525E-4,1.9209980400603544E-5
0.04785384261884697,0.01696532519295671,0.004552793498521287,0.0012300872268260952
0.05183890083089026,0.00472070574403446,6.175060846579547E-4,5.954455289980442E-4
0.05779064145003557,0.009456250219052892,0.009285829166060649,0.0011252515220225895
0.049737957948051956,0.006355701041563974,0.025266396570842613,0.005282787781708449
0.0071308872613132105,0.029242388013263235,0.016172773566001806,0.0036121075376915864
0.06832018954594062,0.005855829504493653,0.0011248131446632138,0.0022314426261239337
0.0130164895974534,0.02070914499001594,3.529669339661712E-4,0.0011543969522506948
0.0020840185675732336,5.382110072632256E-4,1.1625549280679586E-4,1.360935412100583E-4
0.016888784024243028,0.029291509004375573,0.004611394976355623,3.6942668765316283E-4
0.0013360284638301633,0.0015847758090215271,8.868074909948226E-4,0.0033780922972150482
1.6640667178907903E-4,6.720165207637044E-4,1.1528435192894134E-4,1.6091117930168593E-4
0.02877196230370006,0.008803839419556205,0.0038510378552624185,0.005520335011405476
0.0026362883630012177,0.0011943354682788965,2.726320830392771E-4,1.6556277748735142E-4
0.014843675032823418,0.004147032702429859,0.005465313407355549,0.005184177021590626
0.11523492962310646,9.893649643101454E-4,0.003027616309566013,0.008579252812190422
5.552967666654677E-4,9.399954860384203E-4,8.008466006518392E-4,4.0320052852812154E-4
0.06984590207318106,0.015031954118929058,7.281326379479124E-4,0.0019823089182750488
0.0036916572030322257,0.001634404839232858,5.14750236713505E-5,5.61205717189847E-4
0.026955286771603214,6.805844238165184E-4,7.862746066928432E-4,0.0012738711692364612
0.0030098079119618222,0.0010912858957814863,0.0015427522477431336,0.0021117905201866486
0.031459822418345294,0.01617688968918719,0.006304009661132206,0.004190619896524691
0.022883122790465872,0.013579139779356698,0.0022834454200783122,3.8307845106159527E-4
0.022895063494117726,0.003635070121622941,0.006971824611429318,0.005371531598053199
0.010650015139747449,0.0040193062598371625,0.0011628275722643168,0.007201206540366413
0.15336834514059944,0.07694675953377175,0.011954029546336866,0.005269549289030556
0.081878945695475,0.018714200924259947,0.011160339836909186,0.002565537829147799
0.027757865891113054,0.0539857143325565,0.021081178272646307,0.006251930963876324
0.07325808144131887,0.011494437248390573,0.0014404479480153254,0.0037993789479082558
0.3229402650134013,0.0640181094846029,8.370793139229458E-4,0.009115512734266721
0.021838274372132045,0.02525521545933296,2.5887273286951454E-5,0.00162464158804944
0.06090519723139835,0.026596514522901994,0.010316069297727118,0.0018315044479228911
3.498976678554265E-4,0.0016468084947946192,0.003425367363223015,0.0031727954438074287
0.10373512940488132,0.016711914288315557,7.626058737430491E-4,0.0065176600299954235
0.020383099767162016,0.012481696812961627,0.0025348486383340147,5.562392940217153E-4
0.038339877459824534,0.023445196940125118,0.010655021685710666,4.931873703443515E-4
0.01965253215057906,0.013165242384598524,0.012288671178826007,0.0014660049398942233
0.01539514356891926,8.962846721712914E-6,7.958578837916919E-4,4.862488158565446E-4
0.0011628355038547096,0.002768230556822656,8.172335240998164E-4,8.391155155787975E-4
0.05038937778643792,0.06057080869115634,4.170042056897933E-4,0.0067098184518948915
0.0014704840727463536,0.0012671406707082404,0.0019422414144811145,0.0018519623534458448
0.07640309612445335,0.00882951995793,0.004974872789839377,0.005386980501508458
0.004792191203014651,0.008487487078438688,0.0017510882728750286,4.304757899065409E-4
0.05282594290477983,0.05759079727430824,8.743571830438229E-4,0.0050205086402141455
0.05303107349672323,0.004601251361753751,0.015314071097910685,0.0042610280557129005
0.0013039575015749954,3.2862951292349533E-4,8.815152188236881E-5,4.678200687403018E-5
0.008038904139727356,3.551321030811436E-4,5.627440567870263E-5,8.125255848174532E-4
0.07987043967749033,0.03671776563361371,0.0012021187047691587,0.0014214768657485489
0.10426683258595458,0.04612582041923158,0.008716602926288073,7.800321779221412E-4
0.010140306882853344,0.01682089580746359,0.0072431146845335715,0.003686458454737687
6.942171113957349E-4,5.643681936673768E-4,3.181303170692184E-4,8.975837641300037E-5
0.012823850901028186,0.007380256756901389,0.009786627567309452,0.00480479501938626
0.14338479066805834,0.04874372387285018,0.006234210430702719,0.007591871371159564
9.744644054755786E-4,0.004050832136961435,0.0024597129160444458,0.0012123727001934548
9.96155213520075E-4,0.002298279313527927,6.436689367945806E-4,5.409940025485156E-4
0.008279821947528902,0.005367045495624759,7.895924509565513E-4,8.566544521373399E-4
0.006663978097124921,0.003828672858963914,0.006257464289368244,0.0023353345525405724
0.04964716625815216,0.016005256473091145,0.002899151796355899,0.007764990576526129
0.0035268670405768296,1.914297049376419E-4,2.229818253833878E-4,7.439486436532953E-5
0.017873657845049597,1.38995226700254E-5,0.005570366290886801,0.0012576000154033255
0.0027618609489571096,0.00200183852320414,0.001037361754885627,5.602324237083103E-4
0.004843789124957979,0.010813365060716668,0.0025298820616415332,0.004988800553709901
0.005471597563618205,9.774862403245923E-4,3.2211498294484214E-4,1.755324823603679E-4
0.03714239520299981,0.00820391732043854,0.005328060652999416,8.668271170485554E-4
0.08987121784247305,1.822958135458729E-4,0.012343836832871179,4.311277519434867E-4
0.006030946542511346,0.054269796561212356,0.00885545866881278,0.0019483749130653457
0.005999999999999894,0.007467692165776252,4.813663557184933E-4,0.0018571105390272995
0.051405574067818,0.006024035949279744,0.007436193581800598,0.0019972880900935453
0.026728321383434166,0.002134132525721309,6.09111345859394E-4,2.9677668548528784E-4
0.07646434009684155,0.013323050780166278,0.0013157318984200184,0.004412915675958262
0.022863615491753468,0.0029894535050297437,0.004533763353327294,5.561424697253035E-4
0.008028051084680635,0.007159048904989932,0.0014536464246967676,0.001793549542136123
0.001362603113933715,0.01804125942269008,0.007434868948829609,1.8688433773967505E-4
0.019337116990341727,0.01139524757907543,3.598409181129939E-4,0.0019950517975202524
0.06441209134935258,0.011336838450891005,0.0034247471106954703,0.0023793765535235836
0.11140186354058318,0.0352424783084083,0.0095803689654288,6.243654769579898E-4
0.03683581913441491,0.0422045335841196,0.0016374744506665335,0.0014457322400493304
0.1002493966597495,0.019635909055655505,0.005308955664386972,8.433762636538165E-4
0.03922385966077409,0.02435970143631377,0.020833628972319083,0.006174406669979238
0.046431315645944965,0.008872292706501122,0.007359462644240776,2.4512647677031184E-4
0.04278877970929201,0.019024916361270898,0.013313789439571282,0.0013249896858563992
0.01990995312868702,0.013148134728337693,0.002814829066993866,0.003643304201050971
0.00271399065575822,0.002958392986459668,6.193886173762867E-8,0.003136707980226806
0.0019531484693031554,0.00632420043052238,0.0036628597514246795,8.495057227150592E-4
0.009873755184769717,0.011862157977770496,0.006035670717954155,0.011237358453458612
0.09227001892332203,0.08029290081777757,0.01913092126317005,0.0031676008723911645
0.00520440837252558,2.3727673563462466E-4,4.913191974619169E-4,2.1011138923476427E-5
0.00836333942072348,0.0037561962395215656,0.004465531057050836,3.9950195864500265E-4
0.063466097508452,0.012256701019863196,0.0025664177810626096,0.004234799142120074
0.0011742610154504278,0.003650410571043549,7.289454318524664E-4,4.5694509414272916E-6
0.09035542152439044,0.025894412199722234,0.0072202041008572835,0.00377430382529119
6.146492411756158E-4,8.890221341380829E-4,1.0694982542658076E-4,3.525734223166862E-5
0.0023674598906224644,0.0011243215396143594,8.164800010902053E-5,2.262648157692137E-4
0.0021853407111319667,0.003928723085263273,0.007373100856459807,0.002011682008376399
0.03056488181930626,0.006833892648752563,3.579922548828984E-4,3.713841643547798E-5
0.0714572635995165,0.01647839371061339,0.001542695645912916,1.9953361567869835E-4
0.006647305313759284,0.0014363099291150167,3.3157880513054797E-4,7.650214078133992E-4
0.09558153322860435,8.679087020427486E-4,0.005297473436716524,0.007878554476718947
0.09373142151249539,0.05485099437689649,0.010067521876568543,0.009978143562739303
0.06869972004280825,0.012946281683111311,2.3770602463207073E-4,0.004302465423959758
0.02506703953405694,0.0105870154311208,0.008400835791710564,0.0021517940503221933
0.03786168870145884,0.011503682409572169,0.03929278684506036,0.0011197503867103813
0.004029530310739441,0.0038824502636648117,0.0023843656139752862,0.0016061592625233499
0.007600540893468992,0.007077398502479833,0.009674597795447387,0.011709208002967972
0.0012199753393629569,1.207419117085292E-4,0.0014065349766267,0.002528748767067178
0.13666473167185156,0.00865459990416462,0.008158355563117725,0.010400924446122265
0.030033513484556698,0.004328040727357758,9.8861721418325E-4,0.0038843152453060907
0.0183746348832196,0.003699875265428593,0.00110843379598667,8.354384926166844E-4
0.004318519506485165,0.0032329543765826046,9.587995008213396E-4,4.142863049487372E-4
0.07124725582922982,0.007016398892478396,0.0011527917629352935,6.233061128605567E-4
0.0018185083154781297,3.0262781326061323E-4,0.0013806968812337076,0.0010750873027377335
0.031025950229132584,0.008647032646715899,0.004208105964996382,0.007071468492719954
0.02506974595594601,0.0588207629136389,0.02163818038730717,0.0017578796624072416
0.072372406461048,0.022590768724471914,0.008723633464533705,0.001991731747387327
0.016115472950216942,4.745284540513978E-4,1.7877332080781867E-4,2.466493765843138E-4
0.013651240814585991,0.014271997263831274,0.0032813636578987062,0.002753300032870403
0.11100140461931278,0.05948969711415028,0.005190875812881596,0.006315560309499323
0.09496735823293109,7.966939527882698E-4,0.004040603931494791,0.0026175510843847215
2.2119448494927892E-4,5.195256369618671E-4,5.6446527344787176E-5,6.820313461749602E-5
0.042705596331174926,2.349227298348836E-4,0.007854464976980342,0.0031431342618295642
0.02516166983654001,0.02104057444753279,0.009612695646759168,0.005632958081247616
0.0025612249532387435,1.327460557937381E-4,4.731077977302639E-4,0.001249586199488522
0.06233788185245979,0.011124963059469306,0.03412305814236425,0.030448636667180704
0.19115404363677155,0.0376451441918325,0.010465377212324193,4.8790907742761566E-4
0.006769878242137634,5.956172796489745E-4,5.5547166378379595E-5,4.1993707378139744E-4
0.0015425041266946037,0.011880293678233,7.188785493255272E-4,0.0012832014104793685
0.06442367406619694,0.009576783810713857,0.005461474639510787,0.004387769416060876
0.015646486605098466,0.040762353473098215,0.015352377187849531,0.00429072016563004
0.029510181830450986,0.019247986123139264,0.002493944549863346,0.005850986358209697
0.0018037561054314534,0.015315183238841602,0.015152013131138462,0.0015787338283480153
0.019383821741437747,0.0380947293749655,0.005876887641484959,0.002761285548584702
5.709852605776119E-4,0.016201980583110794,7.343015015565806E-4,4.90410839436234E-4
0.1625542952549923,0.010429476818143355,7.157211998706115E-4,0.0059027571648843395
0.01970556847981521,0.007014120528266524,4.2888168491545155E-4,0.0028159814178745873
0.0790664921031168,0.02638119353946078,0.014222915248592182,0.001755367706630456
0.08450541057650544,0.03652531688632651,0.011801034292174264,0.003871250242129595
0.010982298429110035,3.106459442369991E-4,0.0018470125189559766,0.00272392644846865
0.020685538232016312,0.0012158928171299276,0.015718663331116253,0.005982171999395245
0.09900799894271256,0.02658968607697598,0.007223978692949154,0.002340805668729592
0.08914463995069084,0.009943740817118511,0.004036810383005008,0.004562140321525554
0.1608572137042573,0.03135926277390473,0.00344847521451949,0.013040134737651993
0.047324410121679955,0.006450599874525889,0.006003029138645604,0.006838922685169963
0.1549495282148875,0.05279296774291374,0.005351903583129008,1.1991467567816357E-4
0.005278026396220203,0.002297571510241536,0.0022825465112017054,0.00234354382413585
0.016496194016090433,0.0013029414232763382,0.0017699886600852043,0.0026541841799997434
0.005278026396220203,9.736914325982048E-4,2.8760149058866476E-4,1.0084540678916454E-4
0.002375967951534045,0.00114691958032059,1.7803574122663058E-4,3.722031522110465E-4
6.688654136349254E-4,0.0020417673922524995,0.001028251472573507,1.7281133480822423E-4
0.006470336946130632,9.236321630927032E-4,9.354465588649527E-4,1.8954039362786506E-4
0.09350757648706189,0.027287543651289988,0.0063548590260253555,0.0030833756895519634
0.03957160191318263,0.03812542030451735,0.0058578248231707505,0.0030042658147593966
0.038857897772898324,0.018475302079358748,0.01171584296035139,0.0033682235058876647
0.0034911783441765247,0.014020599797197053,0.002970439810856356,2.6426533871269693E-5
0.11927061533895032,0.03335509793539037,0.005464225673807949,0.012129557771065414
0.005544960715799885,0.0015760110950588462,5.553218608234531E-4,7.508385337892337E-4
0.006305574866926097,0.004211699373984509,0.001008950710210309,0.0010250322388835418
0.03953153275785949,0.0016793308786321663,0.005276030443441546,8.742001025545507E-5
0.0020209828564083116,0.0037386776221553586,6.608764342730687E-4,0.0010667063947252446
0.05864724589288678,0.006716946770451444,0.01052068551687684,0.00329216800505196
0.03156710677166404,0.013933025480475432,0.004532447964969773,0.001519008034118983
0.15995560988599036,0.011855193841945,0.0016349501118796321,0.002179239965671513
0.0734285952494678,0.022260934886368242,0.004712881840593957,0.0011815484749787995
0.039510811449736,0.0014738400786849784,6.235251476766608E-4,0.002605841617943116
0.1144943521780618,0.039751326685009074,0.005925939776576686,0.004562213663347985
0.040602174528746725,0.009814811337410462,5.699571814342959E-4,0.010744719220219218
0.0025021366964555086,0.004095501508985719,2.2402697935703365E-5,3.0758406096852576E-4
0.004170184492419513,1.879616862601952E-4,1.0799823931487696E-4,2.122595028109632E-4
0.08504242060144152,0.03012925063638719,0.01309551330012497,0.02472588038500055
0.04019296482412082,0.004505482411658483,0.0019277545220958115,7.452146080579432E-4
0.10826303412403557,0.0397928742760886,7.065269712801871E-4,0.003033136241724059
0.640005274915839,0.04243308698609619,0.019766792561317192,4.639275705256955E-4
0.10437486091995109,0.01250027751680283,0.012255813983140844,0.0061548069111241254
0.1624586413250669,0.02497191469502449,0.011090449909472362,0.001730268032423044
7.043432274663736E-6,0.0023744872612938162,2.938054721557504E-4,6.84336489160097E-4
0.0010315104190507394,0.004024472256126945,5.920950086104144E-4,5.283462028127522E-4
0.08361789917251183,0.012833900028123561,0.007317612728888951,0.0011195465436640703
0.08318487545292029,0.022768958054063423,0.008538813853778401,6.29143154040272E-5
0.0246556203984749,0.01155146078936175,2.6023340902128013E-4,7.801270578004311E-4
0.011999999999999974,6.733017443250056E-4,0.0014328512471735908,0.004932066933499013
0.0964446136882408,0.006926929509547526,0.008400986141424276,0.003355913244809033
0.0024538815868966183,0.003272381203593168,0.001774515053615011,0.0031619940831133647
0.0017531808793694913,0.001531029494305695,5.23826036579897E-4,4.494314311686603E-4
0.00486526370077625,0.0014366981045877227,0.0070677052900802355,0.002835936986609805
0.002855276793558797,0.0011159609414405848,0.0010856714011442795,0.0010795729172553478
0.06805253197016756,0.0540370425994082,0.016159426166999443,0.009157150433031502
0.04891032010091925,0.016724150477812217,0.0015747588313196309,3.7261428602894674E-4
0.020000000000000018,0.010133372411025021,0.005711093467367645,0.006806430803577845
0.039958131673210266,0.00835707577235845,0.006987167036951748,0.005830264142936012
0.07646073479799755,0.006678028417212434,0.004006939279384143,0.013328948513251185
0.02975123014824443,0.021164940802622614,0.0027467592832796546,0.005765012607495678
0.07145726359951639,0.017719074435680687,1.8589480292442034E-4,0.002679984779369016
5.069544132476829E-4,2.516560069201761E-4,1.4114861098848042E-4,3.6003965056262083E-6
0.0014099573213920138,0.006585135483271622,6.714801398682114E-4,0.004676472739189857
0.020804070312396044,0.016125660827916003,0.005734770474522959,0.006560510130566802
0.0011708223042112887,0.004055837814236354,0.0012948360909797397,3.609765376519018E-5
0.0533384595821979,0.027354721454789774,0.004702383179970727,0.002578305292818867
0.02898533509059127,0.019884466252096313,0.010601454591761776,0.0023727571979592107
0.027817983831477128,0.052339487992410574,0.016997173152017313,0.0018964993090147177
0.04975768549693621,0.02744616332853843,0.017263395285247823,0.01082279922560038
0.03610067482913128,0.05068641242388034,0.019966270245727925,0.006430693266725011
0.12198067716880026,0.009535718220168465,0.013163366970383861,0.005040003823337321
0.021152973233311122,0.01091400763635352,0.007824844121351695,0.0013104984323696845
0.04247385131094628,0.015084884366325657,0.00879059506534077,0.007682824991022709
0.07008965609200503,0.008056715964178778,0.00277401180221513,9.927033822210447E-5
0.04062728792303917,0.030555366119271697,0.008942760075891096,0.005276512370804932
0.013377983141449945,2.1482839942758004E-4,3.7611718806647844E-4,6.372901152284955E-4
0.09381335589038471,0.027797652988909037,0.0035035456915174785,0.003721856028764659
0.02276894392027561,0.013241743247495049,0.006456319278460788,0.001918227706109544
0.16698659193534787,0.07958963528093832,0.020088745440891162,0.0012622631448187536
0.13284626436521257,0.019735504944329504,0.021751771314645268,0.003091373109769456
0.022370678146453705,0.010468376457142915,9.158604419847115E-4,9.083423965048467E-4
6.846569320176131E-4,0.01042466299018321,1.892218147401405E-4,6.174318787878915E-5
3.751622539912779E-4,9.407130780880462E-4,1.1663110165159186E-4,1.5337172574332126E-5
0.23990197069807748,0.028686210644581298,0.008067420577345356,0.004427280632957858
0.026548465598312847,0.014167902829800589,0.011572228584994293,0.006267416061187767
0.016477522568391554,0.021669082565162968,8.629110582548159E-5,0.002031276687242277
0.010666947221134777,0.01581086509951998,0.02157142466704076,0.003594780901043873
0.016847841252218925,0.003926090308207703,0.006067588126169772,0.0065372427843425765
0.11992802770301479,0.024930012508712972,0.005393909539412457,0.005697170205869806
0.011360616116179566,0.006970575762343688,0.003213793231411783,6.601031701093641E-4
0.001321775600258166,0.0016774940070787851,0.001961661732182997,8.350120115877892E-4
0.020158520042827182,0.009699485967854289,0.010220791820714926,0.0037967495367069106
0.08480061477720838,0.04788597082041747,0.003282861541698824,0.0016743629864326057
0.05982385543833161,0.00631697245568783,0.006049300479643669,0.0018392714046020025
0.0636930741283216,0.014795253528574366,0.012071800212882322,0.001112333888410659
0.01813219208130208,0.0019789395373831105,0.003728796284939002,0.0029727739571020193
0.0304357141051507,0.003291042104327275,3.7731497217437384E-4,0.0011290829688736551
0.020188649826932605,0.07778152607741085,0.006152685153009808,0.0036245745587797037
0.007618657853297608,0.002723281426516321,2.4252273818247644E-4,0.0011200557829285193
3.635025937572697E-4,0.002144503017557157,0.0011302780946070845,0.0010861257731399918
0.005222057584702398,0.0015871658899355543,0.0015153965121316316,9.772414110185603E-4
0.0714572635995165,0.01748177728916527,0.005051462963107389,0.0033274664331693835
0.050054079573347274,0.005547236655457496,0.019080606254819547,0.003938183175140149
0.011952675900540662,0.00528786890684534,0.00195041131234828,7.418336816343527E-4
0.0022015792842705116,0.0025454185892891785,0.0011107563165788374,0.005896721127263778
0.06367869945958579,0.004099513162569038,0.003442947053640041,0.0011285079168788026
0.0057058236182740245,0.006473179037379504,7.025759919367066E-4,3.112883749960237E-4
0.06853454165006918,0.04389372574103456,0.009970802430886735,1.6091285919394264E-4
0.07900729864729943,0.015829545716635026,0.009283956729589125,0.004300911057958922
1.4719981590294027E-4,4.3961215516225835E-4,0.004862310662978539,1.5273135425279E-4
4.779787287859408E-4,0.00505163684330564,0.002341862577080075,1.9233595699522414E-4
0.03350347636278429,0.010261617922874217,0.0038687981562800107,0.004199392202516979
0.008452736517328528,4.530534216738785E-4,0.0010655741733218628,4.570917345955801E-4
0.021615415874940327,0.04547256424451765,0.016212220861273587,0.007927806950603392
0.01802638237208479,0.0033128230386760722,0.005699530821231372,0.0030399574195308686
0.004151203142910236,0.004387263320729414,0.002941905500188739,7.099076906016051E-4
0.08862337409984496,0.050873416498018346,4.8458471136909545E-4,0.002267332120679343
0.015369127613978283,2.528694887387683E-4,0.0020658997525755457,2.4681863840042675E-4
0.04799999999999999,0.04328422999602885,0.001342704225844038,0.002346997582444582
0.03185185681002269,0.010981660529204762,0.009952339419731058,0.0019916700284329774
0.05883976564264478,0.020494885221477417,0.005595513587339626,0.002069344055593899
5.862395460712443E-4,5.574556382946266E-4,3.6581495894429436E-4,4.705519904857889E-4
0.004309096661232792,0.00524801215363042,0.0029966664096388743,8.030500875223303E-4
0.3031023965155258,0.18093389583812777,0.004095914382430679,0.008521023428713696
0.0282062802111799,0.0072275854264534645,0.011537603280250554,0.001796505906786797
0.005976868293326689,0.00433567056871247,0.006958627741190156,2.378422529110553E-4
0.0649563377842064,0.008217203719360024,0.004208068637533698,0.005288871276856063
0.006885333855531104,0.001922517890383484,2.2476205646411993E-4,4.185806657848933E-4
0.0021456518531955005,0.005613062282419977,0.0024193455462007954,0.007494729148541664
0.0023674598906224644,0.0013703829918842148,9.537359234611313E-4,0.001309199053231454
0.013922880607619653,0.023366219677700542,0.007040710228651111,3.0760353947376713E-4
0.04570856995651185,0.013130514028636013,0.01206221648206957,0.001954448112336254
0.05946926629267773,0.03570811998587005,0.005309706654775421,0.0015783924127234505
0.11267647982960764,0.01687632471262151,0.010725327716315123,0.002611723339858476
0.0015452634904038168,8.319529982088961E-4,1.2168354702643493E-4,1.5944163075815284E-4
0.0027448988015662786,8.777166108723137E-5,1.0950658420142194E-4,7.5232511144833E-4
0.08993386727066598,0.02487309646288123,5.111069645734813E-4,5.354600034294479E-4
0.13760915759677714,0.0017053514338894096,0.001414302965985613,0.005513842707589738
0.20228188877007824,0.026225437755456067,0.0018549462165847938,0.001781354043428341
0.019047539175217648,0.007183904849567257,0.0024694780335407338,1.4046815320066356E-4
0.004765242362972477,5.113648900006312E-4,5.414641538956089E-5,7.162235407362391E-5
0.007407371342966013,0.004372010866004426,3.679090867642859E-5,1.9110609873135653E-4
0.01159277704288214,0.005006484067666989,0.00754865192587705,0.0029189385640323385
0.016116625717412802,7.46720998881548E-4,7.327765678538069E-4,1.932504383296582E-4
0.002297714901096621,0.0010145706705362498,0.0016514760095331527,0.0012476880747354078
0.0013673706572337923,0.0012108225235332145,3.55788768063444E-4,1.0195469228989169E-4
0.17199577128402171,0.0030284657017750844,0.011908853958996985,7.315906716749116E-4
0.016847841252218925,0.005192100630666961,0.006765335727921603,0.007434443379233293
0.14890170503707487,0.0013237922587532893,0.011401633847124372,0.004751774675968213
0.001069518716577541,3.813762762377784E-4,0.004917565823049737,2.877256163161153E-4
0.10674134734799127,0.03565286888886695,0.0031067604921410576,4.052843756344731E-4
0.029476161638317303,0.002788559246814759,0.006806517611729657,0.0028317230842839396
0.032686686344803165,0.007938973350406135,0.002245477227965547,4.7338151156921916E-4
0.007144930634927291,9.571382589201163E-4,4.337774447968864E-4,6.79893238947121E-4
0.022782248453353963,0.04139699239307464,0.017921018044455037,0.008131499011899392
0.012791505976491752,0.0030525882081471247,0.011825439260939707,8.544774584309544E-4
0.09271673701458627,0.06955484541860991,0.024372823995453475,0.012215683328082363
0.016672682925171496,0.028922964137530864,0.00494018640477071,0.0023552066365349657
0.0019531484693031554,0.006344338997671219,8.75412630354587E-4,2.1265343881525145E-4
0.06868216591710408,0.006314079432309669,0.013121728467911011,7.956673950858725E-6
0.03346678415452851,0.02435146818769039,0.0027579896204949546,0.0017405966165705447
5.709852605776119E-4,0.016516997560189553,0.001464885642535966,0.0021774954783322603
0.009193877962051688,2.0265555694099304E-4,4.45575346988078E-4,0.001500809496398398
0.015695395773510718,0.005394357271032703,0.0026435831640422985,3.0999434676924295E-4
0.00190744794144114,0.0031001166465037516,0.00240779304091028,1.0098580740210505E-4
0.009049846769427891,0.014809303251934339,0.001543711040588288,0.0022461246733895455
0.013443330062017844,0.005023071097217753,0.01162761854699751,0.004938415596944496
0.0010311892852053074,1.4403366378990307E-4,4.720409241094691E-4,1.296691875845772E-4
0.06833945112910218,0.012355872651500852,0.001475187653599573,0.002853321933691042
0.37245788828003673,0.2130039226213685,0.013100301925521984,0.0963921828021516
0.0976806919241729,0.017823550981655452,0.003022147899291175,0.004142169858315894
0.009564394992256147,0.00262059198867201,7.149887998512663E-4,9.258936891301329E-5
0.015613152672992446,0.01322551930680355,0.019021932225964856,0.0038415818150177245
0.002126597375618296,9.774096093999513E-4,0.0010722393103846884,2.312322774071734E-4
0.002584712460757389,0.0015849572202652079,0.0013405951361128907,8.480446847745546E-4
0.10307464768753766,0.02414429068875925,0.011088672097576985,7.10707996048575E-5
0.014612981746745588,0.007844079521191897,0.003522700954049177,0.0023546510963650914
0.12041514644686267,9.909539334779912E-4,0.005230846987722654,0.002602596428209971
0.16975363343267938,0.037361457670444916,0.003284570811226499,0.0011130344228889577
0.016430134695139063,0.011093105934153982,5.521705318970471E-4,0.0018151457776246346
0.03921038177351781,0.018376684885816178,0.0025072270312817345,0.001611829290145154
0.0012385509861538172,4.16404197510724E-4,1.4741088725355662E-4,1.699681808031818E-4
0.02411171065099361,8.89837400575692E-4,7.163229530138754E-4,0.0015405966270905262
0.01591542935321507,0.02404878106913672,0.007556829141262292,1.3066047283160666E-4
9.358611942046783E-4,4.330094536715033E-4,5.697646315390142E-4,0.0010215994025350443
0.03521360742753205,0.050800350500169185,0.024828885272867363,0.007368055757528865
0.02306759182056566,0.05427006410376932,0.020812045945510112,0.0028311589723827232
0.037966784964847754,0.020593296480819274,0.0015439014030476296,0.00826564749928369
0.002782056868294141,0.0037189377220817306,0.0012357625040192225,9.666532753332533E-4
0.09333623654666068,0.01609364440270993,0.00786980669414626,4.062041247126582E-4
0.07759168919381322,0.017064186929375037,0.011309624471858497,0.002602092906672201
0.062207405714172104,0.004283269650192862,0.005868337357663125,3.196237304640168E-4
0.08756357659859139,0.028673147136882533,0.013510916460918858,0.024374642430330964
0.03215715472565753,0.020392636127749147,0.0024322331806182454,0.007834359864361706
0.11875713425210446,0.021586800984726914,0.0061088179461499794,0.01062430169594874
0.0017929116945552951,9.537281882716666E-4,4.554941364230686E-4,8.935250176268555E-5
0.06354793317457762,0.007171443219671443,0.0013406794571657842,2.4135844455507494E-4
0.06295965824390824,0.0588033451210042,0.017883159708767405,0.0033309010493107406
0.0016275003195567335,2.7277254590478634E-4,5.50346767663074E-4,1.4819574206821322E-4
0.0010621340782557577,6.791834612747947E-4,7.902593416839617E-5,2.910675122909825E-5
0.0029520250169660545,0.0014985675455517382,0.0013387943332734222,7.983208612836592E-4
0.0015996807129854084,0.003505468552090129,4.577986025147723E-4,7.228863832944404E-5
0.015081222987450026,0.005348880343817827,0.001388801859024459,4.487758269301215E-4
0.00925727642010507,0.012504388816588878,0.0063675162650481286,6.927785097614235E-4
0.06236444063419863,0.07426349889411803,0.018914928291071446,0.002182037517491983
0.07737314534992591,0.025775794301977944,0.014150552085461648,0.0018951816360239637
0.007160220327643202,0.004019941933779719,1.9990225615454415E-4,9.664969841138525E-4
0.14422243093987663,0.017665127909725676,0.009075009974148342,0.0027429037750514645
0.10346510918710668,0.03353998210178501,6.16797021227608E-5,0.0039929275667739475
0.05443316864367137,0.007411622759730849,0.005311330551371718,0.0014725229817711323
0.008995160906992518,0.0020745302048014716,0.010081816277411374,0.005643289899095151
0.00910764904591022,3.8354041553146864E-4,0.009110676131805677,0.005226016287093613
0.02000229774267224,0.018347038418012798,0.016576409341947644,0.0035715577605417814
0.05936081470533625,0.014858770942665581,0.0016151365664644898,9.089217342707853E-4
0.04344183801708401,0.009722181654110254,0.00843909226270125,0.0076239554788432645
0.07032326156674605,0.02300954901044714,0.009114008812806676,0.0029222700554317966
0.05347180236805592,0.015680229205323398,0.006054077618982994,0.0034352076525072496
0.06235988772844128,0.005733317887170434,0.00860677030967318,4.099506220087541E-4
0.07029664981172633,0.009622037307237829,0.0028874708745432976,0.0016180633568757335
0.11285300028734971,0.026011382886929547,3.6521158284821224E-4,2.0328244046449249E-4
0.10486434488196815,0.056754187279382876,0.06720776754890298,0.004138409145465994
0.01916430430603802,0.0033860841507493025,0.009693012279157523,0.0064565077104236325
0.0701424089185167,0.015049951375525603,0.0022158803088532055,0.004456657722954369
0.009687852757357089,0.006042853156234429,0.001782947654642475,2.0507466393172367E-4
0.05057660149785766,0.011453604212353426,0.0030524208127570757,4.5742738559877215E-4
0.0029650744011740487,3.05402954653834E-4,3.0067816591545696E-4,0.0012129662293397631
0.00559230223576801,0.008501765425183347,5.062342409258629E-4,6.780063259887457E-4
0.1450632059750822,0.05069395222000385,0.006482912374653658,0.008682663421628678
0.13718652881257107,0.10453325049067126,0.004741993787114858,3.131754711509574E-4
0.12055681983522515,0.00367517481138992,0.005913819902427448,0.0028072054518829214
0.06781181577733675,0.018098038009068736,0.008530133858206196,0.004174421851889059
0.15187419712427824,0.0048780562977704086,0.005797337609181146,0.004188181860928546
0.007255594388266277,0.021154628363204895,0.013137385105054983,0.002815796940274704
0.009148906081171037,0.010706910759894687,3.860499400258073E-5,0.0017029314182868199
0.06609446365295404,0.020931731955498897,0.0035469087646905805,0.0010089577995161336
0.15430152353517335,0.018779272876526,0.0035306956209812806,6.021854636266731E-4
2.509803013169312E-4,2.676963990335207E-4,4.1074637432116085E-4,8.459033817246088E-4
0.010312897335113676,0.015061792146622557,0.0031106801805550447,0.0017579099674968914
0.0010107244425791714,0.03256860619978033,0.009506330239510027,0.004852191856975793
0.008463194365151581,0.001962737493032373,0.0014468587311627016,0.002300092248702806
0.009039618572763756,4.62686772685252E-4,2.618968033888987E-4,1.4275326717735877E-5
0.022261303627381948,0.01047767666075174,2.893324920582881E-4,8.926576848696118E-4
0.00257329421127419,2.922574015922684E-4,1.734262992861928E-4,1.1959673444011152E-4
0.0261045414078803,0.0025088403442277037,0.005430398517876838,0.0026026582478286125
0.04759012751556279,0.03276687356332279,0.0029604059256507402,0.001652597248629035
0.1229257742753232,0.0054189138169611325,0.008080126550958095,2.629098170201606E-4
0.005270152435215596,6.299619498505302E-4,4.1749639930970596E-4,0.0015554570461206792
0.2803553074549987,0.017448584562378442,0.010112839368662939,0.011692962259358225
0.036408833589521294,0.0031690569149500246,0.00564376946279159,5.506483665745863E-4
0.015569488546756435,0.013549406960651933,0.024084835842177747,0.006214609083592409
0.2767272053060632,0.005515024542856949,0.009768244865991076,0.0023796227746358486
5.352482821480874E-4,0.003345114500861833,0.0028758316108405692,5.243029335101579E-4
0.030375428383782283,0.004415204859729307,0.009909580198521745,0.0023375075275088608
0.16698659193534787,0.0818162617479147,0.015634816545577364,0.003838847600944666
0.012632716803686116,0.019154131488697348,0.0011906294309522005,0.0020564359791669963
0.006011909971995544,0.004735028820562317,0.0028805667192319125,0.0017069758342098025
0.03963977767082983,0.03186371245828811,0.006158863504703872,2.2247269483333644E-4
0.004729096156977026,0.03877478569360184,0.0013384521838714317,8.413958695047155E-4
0.01967125539670163,0.0025731534087895516,0.004413818221627328,0.0017467124605146573
0.021784287072207097,0.017335385863858625,0.006517111884674845,0.0027186232682184404
0.0644494454792938,0.04054210175963518,0.0046339658555789994,0.0031712201034092505
0.0059355379378428896,5.164721294179529E-4,0.0028444719389275016,0.0014286971057950238
0.008806064388572241,0.027474770207769623,0.003930794121498686,8.091038023593026E-4
0.04322085069026687,0.0026201839710059925,0.002208991167550479,8.787174724386787E-4
0.06661130017991805,0.006659824108244187,0.007623529868356425,0.004806039638695596
0.10325461174725552,0.03192750721649945,0.0025975800623123904,4.146662523453268E-4
0.03285604727583238,0.01293006784487753,4.4528640984824847E-4,0.0032387017782783125
0.020460619916994684,0.03897253832105561,0.010506707265541246,1.6198209336790523E-4
0.016413724655771067,0.04088292446684056,0.014732587568222712,0.00433103530065493
0.02776880508933684,0.0032094664930267733,8.766038786819762E-4,0.0033262087398066493
0.07642045823585493,0.009196087348789737,0.008636753785202886,0.004543673319099094
0.006016079631460591,0.001268759502621224,0.0015831236241852097,4.492705576071893E-4
0.0015893645225504385,0.008670122646103595,0.016545942061904968,0.003331784579332022
0.04824448813229282,0.0332083545474438,2.8893156236896035E-4,0.0011529906036000953
0.009555026552471238,2.4152945259378318E-4,0.0022187540066308303,0.002374494294083019
1.1137447669246067E-4,0.00822127244726387,8.167182176806474E-4,0.0016540411787278858
0.05734228956068347,0.026220360335610964,8.441167378403937E-4,0.009553641518213366
0.03282335337371828,0.018765645204836544,3.2311127432895897E-4,0.0022587714639939987
0.001211790343162536,0.0025858527404735163,2.4004715153797833E-4,0.002158101869404461
0.03764454843933493,0.08805912966123146,0.011872033693391444,0.007860555977132479
0.03732109252202399,0.026849088912667723,0.004992778400836167,0.005549528942048215
6.669258858052898E-4,6.899608734867011E-5,2.982498703109559E-4,3.2593840984194484E-4
0.1387759542065453,0.060017778290477865,0.001243134672049806,0.004876226415641843
0.003980452089192697,0.003199997336454388,0.0015501879254396452,3.465968989274556E-4
0.04332249781306874,0.01449266077371484,0.01261609233932684,0.0012682814444907793
0.1064902000827257,0.014158745343388384,0.0013318591798849898,5.605922208539252E-4
0.14996610033742389,0.01913888275274081,0.011599694320267265,0.003521386684376566
0.001745344019435935,0.0029632797711880276,0.001539655681605387,0.00255851623779411
0.015073287968446087,0.006614065918113816,0.002732132648010262,4.159836595131029E-4
0.04227542668815428,0.013750061445879777,0.004171875455623413,1.8005892291969092E-4
0.06648789859474745,0.06317519003853174,0.01718225074244306,0.0013346970377507736
0.12319907898352084,0.023538737414247116,0.001888286395172215,0.002237201739272418
0.01002162128052082,3.2542825110912476E-4,4.131908206350831E-4,0.0011732454264412554
0.067780559463213,0.002850528511964222,0.018743795740559465,2.6473414290383674E-4
0.09811898267868042,0.0037002996315562992,0.004475494054533648,1.2619913510738954E-4
0.0020237225065344593,0.0032487343289900783,3.220470562416132E-4,1.844661459767535E-4
4.0404040404035953E-4,5.47428895191092E-4,0.0020845476402085545,1.341351174984536E-4
7.224060646736941E-4,3.4374661391047256E-4,7.36970550185353E-5,4.122471217625261E-5
0.19061077064452023,0.017990179294654088,0.002030168862936919,0.008766145017439223
0.026231004799905845,0.0319284672567449,0.014987159658010734,0.0020815916439346615
0.10437486091995109,0.011650431583877387,0.017962681095976908,0.0021217815028670723
0.09144359697327237,0.04640957284223959,0.007855316263606195,0.0037065483052161215
0.016847841252218925,0.0026811970583605713,0.007631611486995014,0.005376006715089141
4.342197935177425E-5,2.338636241281734E-4,0.0035082613882044585,0.0018481544630288278
0.1279598533948785,0.003344864232202337,0.010917941070408497,0.0038401702450674324
0.087676518604588,0.036406374752640434,0.0021278765376402113,0.0014159160736749216
0.019151282502673086,0.004711356170876948,0.007113774529627679,0.005705866357745447
0.029037533966084907,0.0076532314967446445,0.0072827549477835615,0.0039392567445029215
0.05941356163268817,0.011693002269849128,3.5500122749790883E-4,0.004619671196581626
0.07236058355444486,0.005483333451708649,0.0010731518947979474,0.002168927266662114
0.005893686361974949,0.022600141469962816,0.007855429796681114,0.009133508931601017
0.03317991520510482,0.04476318849507168,0.00879470577963474,0.0028144682971098325
0.02062916364328335,0.005150512648786274,0.00426240850140697,0.009132677234346494
0.04314626011431383,0.0017415382435304128,0.004811061836926521,0.0017008678061261118
0.002162423119970941,5.509198321354883E-4,3.0137852016261024E-4,2.630884352922974E-4
0.004329959505353325,0.001514663516451198,2.917040184922751E-4,9.908196254309842E-5
0.0740492667828026,0.013909221533838044,0.0037159447452405434,0.0019246080680798813
0.16698659193534787,0.08084203625328332,0.02157337453107683,0.004896922104093823
0.28227807191639526,0.08194629831139796,0.013991132532088167,8.497734598539594E-4
0.04247385131094628,0.015552356369410852,0.011003014229862402,0.006063697182461274
0.06540986003947599,0.011942339636141597,0.007539093778023987,0.007026367314176176
0.02967567608543792,0.0013411671563852757,0.0013326847689207535,0.005844010154934946
0.00497185449677765,0.0019169051417094601,0.0011256109272205557,3.896823341396009E-5
0.05614309880804554,0.005719445465315782,0.012791511533502376,0.0029944572111533347
0.003612502544081607,0.0011336730788196916,7.16641818019761E-4,4.3944691232209533E-4
0.04766146912524008,0.03140723844200169,0.0019856132503682533,0.0013418818019813807
0.03583341027490435,8.832062565331154E-4,0.012266344076932209,0.01042065115382406
0.0017192364401934412,0.0022013104089604056,9.113688385941838E-4,2.6479363514052566E-4
0.0030515123203367607,1.9093944963415712E-5,0.004066894004066702,0.002384545946307644
0.023728349376806054,0.024028785292158454,0.009867930338385166,0.002386180302881348
0.022306846881429695,0.004113911395106384,0.005900334202714905,0.0019518742513210032
0.5195499540122906,0.024496892149577842,0.02604292408918716,0.0039683523124163815
0.010143299545730242,0.02414744256303735,0.0194559667162198,2.499062546883818E-4
0.14049628088343796,0.0013571461248369273,0.011116694531023439,0.004906890922499316
0.05595124445484895,0.0046981905365639665,0.003707543644791483,0.0077173817674192685
0.04925055601772521,0.01040382316233429,0.002523705825134435,0.0012414701928272957
0.002522228766186349,0.0023392331905906717,8.790996318074175E-4,1.0164079943023757E-4
0.00698866215545913,0.030236652540157463,0.01635661518190235,0.007069446579466346
0.00306348508348623,0.013398884107076537,0.004344498530275875,0.0025986576105793495
0.006951555276712914,0.008754423256626453,0.003530751858556217,0.0015728548678432535
0.002776414686739992,4.1319009072351287E-4,0.002850809969677573,0.0021716731197377274
0.12934778817646464,0.02510715483323536,8.74683863687443E-4,0.0018440704028205772
0.04278398944692497,6.436645797394604E-4,9.795380709137693E-4,2.636847612951857E-4
0.07327804160725629,0.051257049215692733,0.0013555225693785491,0.001343843959442827
0.01375667905144188,0.026701414744165177,0.015792093361306672,0.001026142102287113
0.0012203376740882353,9.473062734315395E-4,0.001702581971173999,2.174817543075707E-6
0.0028759825712473468,0.002676843936623841,6.461141403013697E-4,5.735366506949321E-5
0.08323952298069806,0.015003107822509345,0.0040094246723658905,6.5377513288315305E-6
0.011291114803523173,0.013466534268197121,0.009058370023249282,5.040272033053753E-4
0.01946377891785879,0.0031532230354584306,0.0011828943552710275,1.0390921624186476E-4
0.019387457049851245,0.010610133088577218,0.0032220848297210406,8.998429975670421E-4
0.006663978097124921,9.353338087073765E-4,1.2702512738359514E-4,2.500759251075243E-5
0.0803596300554319,0.01813452888857791,0.011000659818312497,0.0026432567927857776
3.4059898248117395E-4,0.0026533426343822394,5.6090123104711016E-5,0.0027386976666537196
0.16933321876802057,0.04213948656149936,0.018821675064528347,4.071770192903558E-4
0.0037560570823727416,0.001233657695523894,5.023946572529393E-4,3.0487937073716436E-4
0.15320931493257986,0.025301634699803736,0.0033820919311318607,0.003407491207051585
0.030513450178922964,0.008850128934788778,0.005474284346085987,1.681674048476752E-4
0.5825495410477908,0.046404016336664446,0.04595475529875006,0.015619662718198304
0.06860760548945213,0.017216332664568134,3.0072088885372156E-4,0.0030804739790936536
0.00903124709373088,6.681300171760891E-4,0.0016310760213070138,0.0011342325686243024
0.025652714067122637,0.022499951662813784,0.005414011367705421,0.0010074246846096466
0.13411533325184913,0.015540848727111284,5.214643736502466E-4,0.004212176774476635
0.09527130467810428,0.01028510450239634,0.007391446679056944,0.0040051873292923906
0.0541889656303186,0.0017518052197918544,0.004749031447076079,0.001953968128149343
0.05934316347316047,0.014872007703328343,0.007303879742082644,0.006761955906531188
0.0010613710147227315,0.0010000509163038825,0.0013544381477793117,0.0022321418599901594
4.343208890706475E-4,0.001860833157276129,4.3834842908390786E-4,1.0338022928817261E-4
0.10478160009498882,0.05723740462021163,0.07102912632636643,0.002119696400975573
0.042740137142411774,0.014790363316326986,7.325694817667701E-4,0.004149399931292839
0.02482702129629183,0.020471152289558744,0.013043231361744508,9.172328633930768E-4
0.001524839982353602,0.0071657560175240895,0.009663747988526794,0.003180786288075279
0.004570610179881475,0.0033287734686958683,0.0015132470959652318,8.052383478904804E-4
0.020019023187101644,0.033708774454074074,0.09048651504201141,9.047308635379954E-4
0.010267465065004536,0.014463043431906577,4.2294508059714076E-4,2.0271940700351818E-4
0.0039283853250394055,0.007516699801543342,0.002592374207066523,1.0106866187463673E-5
0.016206677130695818,0.016857631873816958,0.0033720123836792244,0.0015200615846824724
0.01865722550864115,0.0340806236544595,0.0037141188220712086,0.0021786253294832007
0.04622475934459371,0.07573450285503044,0.01692984256646292,0.004588887312386212
0.02567461703866474,0.018054340660298072,0.0055466572774354435,1.7915722853743574E-4
0.0013673706572337923,0.0012108225235332145,3.55788768063444E-4,1.0195469228989169E-4
0.03946041300394229,0.008521729199459321,0.009647718508238552,5.135555050275752E-4
0.05118439204655174,0.011662621217028619,0.005184800926515658,0.009395098279662261
0.0024100639156819197,4.234044574482835E-6,3.5811755043368336E-4,0.002452305653278725
0.001602763339665706,0.01605070928710247,3.770417245412448E-4,3.772716023189122E-4
0.010160485476822138,0.006581573247308383,0.003014641836503839,0.0013653416523254783
6.89125701378946E-4,7.292890428135739E-4,1.6678510773227319E-4,8.014034759624708E-5
0.018453574632639125,0.013939868636032842,0.006580161685311868,0.003496808452984432
0.023056650031654,0.0019036240580046972,5.872205987919292E-4,0.00510986839845092
0.008265156341268547,0.025732250906149556,0.004837198175023714,7.832396926328932E-5
0.0032203905915866478,3.219284797751897E-4,0.0018970091109965909,0.0018436714606761004
0.03194082483536556,0.007137526549556538,0.00279341811857001,0.0053020853402697765
0.17021408078963185,0.019346521475564288,0.0015040668327008673,0.0022026662193118155
2.3176249074094397E-4,0.0112798998607426,0.006900411459311422,6.864307681359877E-4
0.032154154702500846,0.04445879241420581,0.009747270064769968,6.669941987315294E-4
0.02798792667935983,0.0031076744123902365,2.312728054352749E-4,0.001441068177589737
0.006249544917226441,0.02459156404481029,0.014956305437096534,0.007611005032223578
0.0353771708487417,0.03492577261588777,0.00695589558660031,0.0017241821869831784
0.05070489988329417,0.05845242991508025,0.0023148633230657967,0.006654164231690692
0.07520587097528642,0.003300385748964068,1.2553008766160501E-5,0.003154272866309795
0.028352869199630638,0.0511383995473277,0.014117090176412583,0.0037973042510268413
0.04985134412136636,0.005947097025294526,0.0013463735841687022,0.004259775359139484
0.010690908321500922,0.0030709238698726177,0.004262286174246984,0.0012422245344916713
0.05285510313773875,6.300739476878167E-4,0.008675169271814992,0.003300913484996335
0.1767359532485279,0.024376688145369814,0.005255698059073654,4.120714038101698E-4
0.003768981285481254,0.0010716889937981426,0.0013882778610225751,0.0011929343488165291
0.06081952380561219,0.03135731962769784,8.515746246925781E-4,0.0016043635423150157
0.11800275716585401,0.042994355541904596,0.00483143831544544,0.001741288950911335
0.0031127324107145947,1.3534368373999229E-4,8.097913468713533E-4,0.0010450934526456998
4.8326300448511096E-4,8.476527906622973E-4,1.128369046068264E-4,1.9386149126013452E-4
0.003143600448789089,7.943916574829236E-4,1.4102891639856315E-4,2.0714131052321127E-4
0.02896087941925492,0.012340753200589073,0.021052502183469372,0.004020276636515113
0.06049480268035466,0.017618600577335615,0.006059099741107032,0.004259504959002087
0.059360359872650814,0.009441565207053181,0.012851186507770434,0.005164677479668722
0.008575730297390817,6.296976918073664E-4,9.25355490453932E-4,8.546014080400889E-4
0.004731354340155492,0.01653538730054132,0.0015415067562974999,7.157745290830299E-4
0.006339555655541862,0.0011302090190006063,0.006630314272722904,0.005238176209657325
0.005398266067060278,5.548561790667749E-4,3.9692426053890994E-4,2.3623390627234566E-4
0.11026273649172848,0.03546039474385267,0.009079776013865774,0.003650579446964089
0.004508026439897368,0.019398935615518153,0.00721284026322796,1.1458466236202143E-4
0.004786275065404022,6.1032451445994E-4,6.222252150423586E-4,2.3099396556934987E-4
0.039695892371872855,2.563612502926505E-4,0.005238585898669529,6.800634991973434E-4
0.003717164872468453,0.0010663457162020738,3.080403121917945E-4,4.343035627562751E-4
0.2599178039283551,0.09039403515549618,0.014725014985866154,0.004619330789836205
0.011676797298104136,0.06088075752036007,0.006729787527520749,0.006921226929628875
0.06740399170959895,0.0751784443932655,0.018683266357713134,0.002181665889604935
0.020013719686619334,0.03954555896847934,0.014402625765419086,0.0045255561487909995
0.0011519667207883966,4.513104370459629E-4,8.39620704544236E-4,0.0034809643172682633
2.0857527041696507E-5,2.5943526994659283E-4,9.336336074947685E-5,4.531100125829381E-6
0.09217750049776872,0.032532434870897645,0.0016808728435522531,0.011780297698300088
0.00283666886625636,0.0021768445849828367,7.738086491119515E-5,3.199234288985353E-4
0.07583555633239618,0.0237309719995371,0.00633163274518621,0.004948663966796523
0.004570610179881475,0.0033287734686958683,0.0015132470959652318,8.052383478904804E-4
0.03777277119870308,0.011935632382179755,0.006420586481406891,0.005933987731692095
0.01125549728227473,0.0031711737781728987,2.596997321341558E-4,8.018128094619746E-4
0.03676595681523147,0.016255861099216798,0.004986451055336714,0.006023971857647238
0.11011213114171589,0.013088697418139117,0.0016475477878820375,4.2653178482494365E-4
0.14609197502517093,0.04579786462815142,0.011312268531855418,0.0011568829248660146
0.007004931792162991,0.001975772903941534,0.0010628127084637356,5.4994256025260924E-5
6.018939495539502E-4,7.668246558484138E-4,4.8567080315281054E-4,0.004200118749445172
0.033696597871320906,0.018839536729301998,0.004910803622481977,0.0035528747189143392
0.0062586819558597745,0.028739721491803916,0.016141490069626032,0.003650864011969737
7.117365801596557E-4,0.0024287142918111965,8.347642288288115E-4,7.059772840125808E-5
0.02518471414610192,0.006646633299924845,0.0015485253224005735,7.823576384399899E-4
1.350760083202197E-4,5.027507853758837E-4,0.002474062921993238,6.059939693620131E-4
0.007201481226271101,0.052709299116348494,0.02578435005669096,0.0034035016504351317
0.007933624320054811,0.0019523100776686572,0.007421889760175624,0.003360925796263685
0.04919371172304166,0.007825920701545454,0.004209437082819987,0.007118840900756207
0.03333333333333325,0.021215879238841925,0.003963579935311347,0.006754660025085185
0.11169167402011208,0.07019221374456439,0.008212886080696714,0.008558357289883998
0.008558306116199446,0.006541333930141828,0.0028267281576856195,9.01250255995767E-5
0.025548777495476124,0.008108442900741463,0.0020357510761181974,0.0025334961302340064
6.79943227333055E-4,4.06491927535395E-4,2.178870349754316E-4,1.1572962534736038E-4
0.10472015412711544,0.016982918860384374,0.0015880685318031044,0.012530721661388347
0.08431483872522867,0.02827601931126697,0.008434288573628363,0.006028408004402596
0.005048968742379868,0.0015256600305397793,4.1560762712160175E-5,9.924343541913014E-4
0.0035747484756298744,0.0014142913875600821,0.0010816595381048777,3.32827418114529E-5
0.03086954501765398,0.003667442756665691,0.007788225700457181,0.002519144295635959
5.470242357003023E-5,0.01626264451770487,2.605054787068804E-4,0.0011112007676032875
0.01143901461775348,0.012673937606318604,0.009414426100338495,0.00485578306516872
0.001716434818313463,3.203374741603046E-4,1.6311432122702292E-5,3.193477084205877E-6
0.008237153531435289,4.362897172960656E-4,9.498168409719554E-4,6.350772539761037E-4
0.008155035279904787,0.00635247081277064,9.9723348984914E-4,1.0429626529809009E-4
0.09760545614272742,0.019061637816181014,0.007157411663035695,0.002198309294234023
0.04766253467650347,6.677253724384298E-4,0.010492349872351004,0.0046967685940060705
0.002363926816719435,0.004970416809935256,4.0065845081722966E-4,0.0012563110615867572
0.07783888355902722,0.0203020284413883,0.0038354112919446667,0.0013609198071787123
0.010825771879550927,0.07195975899538129,0.005662380867655476,0.008731689501831914
0.009792715240929969,0.007132879835860355,0.0023956369837547994,0.0021452245078185904
0.10664113799244505,0.03920858113615952,0.0016305551959904295,0.007215330833898693
0.011927319456377636,0.006630372389694622,0.001672599590911989,8.753340947554265E-4
0.004140099941713327,3.408225573179311E-4,4.6458827004068295E-4,0.001166914682223303
1.463761178894501E-4,0.001414150483941663,2.958470142809886E-4,5.981514877012584E-4
0.025781293555909846,0.0096330799652866,0.00643698078094219,1.834011790202616E-4
0.07800238686385445,0.0022187898515650525,0.008631298979819554,0.003484496645855014
0.0015585659572499905,2.7988663624465025E-4,8.539091445520236E-4,3.816497886822757E-4
0.020395821560350993,0.04872218325218485,0.03562818061866548,0.0266624252220362
0.03142242242571338,0.04729421691227666,3.134014811475486E-4,0.0020612277924443334
0.055748069820733805,0.028161134199867214,0.0016745792730094337,0.00706744242648017
0.1748155499571268,0.08376065566996621,0.022539706102284604,0.0037688759539791098
0.1092298770890744,0.00383611532012443,0.004499950636545431,0.003871014129369938
0.044051343247525986,0.0015856377754101206,0.022280845382736756,0.003927532030900195
0.036918904154183085,0.010454729926060188,0.0029811068771015683,3.3501707997239324E-4
0.0015057246573762363,0.0023250722529356764,3.623280766656698E-4,0.0021997306916427184
0.0014645268308769105,0.0020921475873486397,0.0013990421533600153,0.0013157045583868491
0.0013820155324961707,0.016066716895758115,0.02162464266048509,9.312232901259932E-4
6.951334679764352E-4,0.017410850104240885,0.005020025088999797,0.004167651151205454
8.566108584119266E-4,0.005115282776067796,0.021082752299866163,0.002954800753169816
0.016157655658611488,0.04541614436545588,0.013327339706198092,0.0014703668765033626
0.050162346849696705,0.009384388636951305,0.0019225691709602517,0.002996960280079073
0.007471146390214002,0.007321567017694048,0.003294344614322083,0.002617270706646899
0.003750330768594573,0.0068733924479476875,0.007178877154308798,0.0032562515674145983
0.008715083798882714,0.0025746281247898636,5.556654440654349E-4,1.717003816518882E-4
