5K,50K,500K,5M
0.0025612249532387435,1.2310622849643152E-4,4.7013629393561794E-4,1.0911917497863475E-4
0.08323952298069806,0.016332014301718965,0.0037039123739670415,0.0014772485779617499
0.04305820792021569,4.848827899797613E-4,1.632191522116118E-5,5.924890070602639E-4
0.034810880665271375,0.0014820541985252913,0.022513372605678275,0.0031855768006657692
0.028287003052986964,0.012308685638633424,0.006199197025001642,8.537755196085105E-6
0.00853527400039806,6.861650853160504E-5,8.525538005990391E-4,7.543165438206857E-5
0.08092721125676362,0.010642178280317022,0.005321800943321791,0.007741162451005471
0.014383249155720442,0.03252618069002033,0.007185362311357845,0.002356351005284617
0.0010854169113085092,0.0071366776673158685,0.005032955871122182,0.002295732985720615
0.049029346772338625,0.08105114316457801,0.030918815155369563,0.004501998336844105
0.014895743424738548,0.00777871517350437,0.0036973871346598253,0.0014822755128152854
0.08180304447872296,0.004290420960232311,0.0022992887797804672,0.003292102290536952
0.02123168890868149,0.004059197127599936,0.0023643415390367313,0.0021140293872374087
0.00927830600550271,0.001814209035991816,4.951081361184119E-4,0.001306383198692148
0.11627553830380942,0.02608757475830611,0.0011553434599712285,4.880923673940996E-4
0.004095205626693071,0.003304122815140643,0.0022849561073727417,5.938103879566066E-4
0.0802502946819529,0.009082145600255553,0.005934211879253874,0.0017498341670569265
0.040084398312728343,0.0010031999673032208,0.004041894224904754,1.6401798734969262E-4
0.023963775258246146,0.01099053874309712,3.077695300341009E-5,0.0014326002591205057
0.015263545002739739,0.0021364736606651895,1.78253329509538E-4,3.2049833597035685E-4
0.001801140456396487,8.339748132450299E-4,6.122270213622616E-4,4.744795603261248E-4
0.0013333333333333717,5.333333333333117E-4,0.0013238744179555617,1.569252883933577E-4
0.005465047119519061,0.006727546507806537,0.0022844800141264337,4.110714807146144E-4
0.0060845831056434395,0.0041283029893322155,0.001850878605307054,6.187012326949789E-4
0.028331288460580802,0.002861132839694513,0.002021145883524298,0.001161580054284035
0.03324507401077106,0.03030001809384579,0.001897290764971625,2.614120811478613E-4
0.022427958767292682,0.004972755709091625,0.008435878920341417,7.905181643633593E-4
0.11871378112952179,0.039139064716379145,4.5818382859276995E-4,0.007468305490189774
0.0643361299509877,0.015929710650040455,3.676613519499151E-4,0.0019193804250596286
0.0043803008128525415,2.664090150859161E-4,4.5589150645761596E-4,1.2031532069939642E-4
0.005145820854567776,0.008395229361289622,0.012748434298258074,0.0027760760111094416
0.008429749890430209,9.183819151858643E-4,4.359592154959474E-5,6.532087933350074E-5
0.0018181440872059372,0.001596669421490306,0.0010937233127663226,3.4411270505371814E-4
0.0017777777777777052,0.0017333333333333398,7.061629045383248E-4,3.234004897093949E-4
0.06680976245602191,0.013658834293590976,0.003992195435825389,0.003674946401104724
0.0324839978739649,0.006572026324060945,0.0017490394048554339,9.432086795938223E-4
0.052178020103420916,0.0027585183732152328,3.205951054088302E-4,5.120068568886527E-4
0.0337012475512076,0.013232249912602018,0.007975247140936146,1.1424153279044221E-4
0.05600000000000008,0.024400000000000116,0.00410795070459144,0.002476019808158453
0.07114817612887864,0.0026637536661926965,0.0015729673113557855,6.616548796404165E-4
0.010258858914510388,7.978217289314366E-4,2.2148663377539714E-4,2.701584897603591E-4
0.061142493769775014,0.028949588080177457,0.0044096248582605,0.0030825841743977156
0.001426434509342815,0.0020339293404243253,0.00666619990310733,0.0026012868828173322
0.004074501122073791,1.3681787707066286E-4,2.1815786962580173E-4,4.347323506795573E-6
0.0919009540628942,0.023508060739411734,0.0025474740379897863,3.197081731994825E-4
0.009190791876484252,0.018777017463553664,0.003868120489315169,0.001575109473493811
0.1666321198779895,0.0013805476066955167,5.561232885199412E-4,0.00203125455010916
0.03657697738858689,0.0033302474933736064,0.004343097155094004,1.7164134005702233E-4
0.0028324642562336986,0.0017981538612964877,5.486393341166383E-4,7.868808314437663E-6
0.019685062139663045,0.013587477592809505,0.011731286558353688,0.002028680261325938
7.977239269370191E-4,1.853787293559709E-4,5.2275416194555934E-5,4.9941765207113584E-5
0.041889336577522245,0.009327479272417227,0.013228763744567135,2.648053164554926E-4
0.12428842234064297,0.03424153188736662,0.004653317946972434,0.007288205485558071
0.06269186361386736,0.02364733262499827,0.006012338990104221,0.0029713248416628328
0.014969269759118404,0.0024285159138779516,0.00330051103909347,2.926372246034623E-4
0.0039354876381430415,0.014293284645758068,0.01311648836662286,0.0033592382913094966
0.06263300367875362,0.02895299916949607,0.016124105907567157,0.02310317800482259
0.0185550911348871,0.020132419179070764,0.005197409322184529,0.0023380427761508296
0.0,0.0018499999999999073,8.454512995378916E-4,3.9359456538948234E-4
0.010889110946505774,0.001470659542103,0.00143411485550355,1.421228913833699E-4
0.02774374592803961,0.019997011803064534,0.0011507024605586615,7.811450897935956E-4
0.0019403590014283106,0.005429031427629822,0.001956145287345935,4.3949478763613054E-4
0.0060727911036956295,0.0012654673511459543,2.0158723231808402E-4,7.293832712642314E-6
0.222564781327067,0.024159438642127898,0.02330379622793128,0.006398242159058408
0.039161920912962875,0.021474960617751428,0.002578418728782471,0.0016670033308146099
0.07561432176135367,0.014240501709586122,0.004086786561769528,0.0011100035894829685
0.020822237297488475,0.002372957468786804,2.0501522276863526E-4,3.12619415120764E-4
0.0030230992405232662,0.0013022823986119096,6.955763368763506E-4,2.611351357275983E-4
0.0012328475534651656,0.005934228167936841,0.0022811449459326904,4.977422069339249E-4
0.003774150425336149,7.088468734414082E-4,7.345820287442968E-4,1.0698743145904941E-4
0.005069689742699633,0.0029836114135294387,0.001176024596318617,4.455350898807505E-4
0.013953680914891036,0.00787595358124406,0.0011537826388031826,5.2970801340634155E-6
0.0036014289698399855,0.0023631152158015752,0.001801459121349093,8.490995011755294E-4
0.00329414727057865,0.002309755089545101,4.5845151340996576E-4,1.0124866157115893E-4
0.0028565206864078923,4.115963547969239E-5,7.402510548144257E-6,1.2445320286689465E-4
0.017177752654180777,0.0025289233632749997,0.0015871359520820546,0.0013137608045862672
0.10508553260885384,0.008770642528772682,1.1188587963537285E-4,7.142012262868593E-4
0.06661130017991805,0.006676957031576424,0.006813112540741876,0.0015268263791764112
0.017367358230232645,3.613538097835251E-4,0.012887795480983736,0.004080680466911365
0.08937370706605881,0.009824750113923517,0.0011967991307003571,0.0016505275893106644
0.006708695777554353,1.880121378539657E-4,4.765558003809357E-4,1.0302712500136749E-8
0.16698659193534762,0.08131237411110515,0.023219637134733507,0.0021227224842347214
0.061440334534558126,0.004865210028111004,0.010229497955745665,3.9485050574819146E-4
0.05478044692704739,0.003474838835632982,0.0015068132939352933,0.003173447687611497
0.04807591676198225,0.015212234906005134,0.0052033819057066225,0.0024371970579741085
0.13841175206937698,0.0021764473586856673,0.008467423994077518,0.0060271706091478295
0.10352716347869498,0.0031475072470530836,0.003036538249708685,0.002243485490562544
0.024609431867129397,0.052564777286206885,0.0260979762094851,0.006014497667160103
0.0028945114127725555,5.33519368413343E-4,3.791841806986988E-4,1.241629448511028E-4
0.12044788035601163,0.02698975456877115,0.0013451585277819327,4.945391815894086E-4
0.123728492399404,0.03198836074096177,0.002788347107184918,4.3819335574780244E-4
0.01190449150663985,0.003737553232017884,1.0210437729099171E-4,2.250771732990925E-4
0.03925522610329024,0.026763419452463612,0.010010986657955466,0.004247070639722572
7.527956161304233E-4,0.0024445710039422415,6.960887262154084E-4,1.878293286596593E-4
0.0010107244425791714,0.033031033810953216,0.01003307019975768,0.003583968352039986
0.008095077838063337,5.970772340648982E-4,6.0179648105531544E-5,6.804467948344937E-5
0.001053241850312063,8.991069747131011E-4,5.853926223678737E-4,2.46703435358826E-4
0.012950092806955964,0.014272234123040196,0.0010621609998445224,0.0017641339762259555
0.05318543632384104,0.02414955927968505,0.007967837309188572,0.0015885580868993342
0.07446351429296491,0.013534370535123179,6.396288635565571E-4,0.0018184282865043478
0.06327810627826361,0.035837073733720026,0.008486447984097228,0.0018827630408933473
0.09276750047651318,0.008957487379236179,0.0016510377206914021,0.0020544519054354754
0.004936501846317514,9.281339471058208E-4,4.7284319499018516E-4,1.8066341188405926E-4
0.23990197069807748,0.029074909047678465,0.008485516131132624,0.005889017641015879
0.025474890504567388,0.027230478503588455,0.01087406807646758,0.008835073702991204
0.029874997367713017,0.030749962204064715,0.015191414340724534,0.00413654093905697
0.013385573026149405,2.367045795200952E-4,0.0011762733093898298,7.3090871941901E-4
0.009789729907514573,0.0693958479698505,0.014043601169674914,0.007779449539057885
0.1690347386912579,0.32404913539852304,0.12796812731465287,0.01990761638263045
0.0025863706110071908,0.0017438992793561924,4.4686187613312905E-4,1.590229188559167E-4
0.029391950812432257,0.012430777726621534,0.0012045344535998824,2.884491514668375E-4
0.023347573328742564,0.05110761783726437,0.026548099944537742,0.005861827562582715
0.06024793601329852,0.09870282099476665,0.0521660930303961,0.006048663328752591
0.049737957948051956,0.009120146617907755,0.0198465013588107,0.00499958300507202
7.530142759852737E-4,6.26776789935983E-5,6.548848116739463E-4,6.898554385479382E-5
0.0725803685299086,0.027175306703151846,0.01853125384773346,0.005674648363936153
0.25677290141441317,0.017184286468130035,0.00687537331841383,8.332707142258641E-4
0.00883476497583905,0.06685533117349927,0.015341744111111265,0.0026731889363265744
0.08335238184928821,0.016030131433971195,2.140786869491622E-4,0.0011512296570577642
0.023792503811402212,0.014404048510969651,0.0015144668019728205,0.0010077990108850465
0.0013717032251237108,0.0035935622681558897,0.0020690681317318887,7.443604455703841E-4
0.006438536507351598,0.009391336359379653,9.677167567310392E-4,7.046572900158006E-4
0.3207870165116739,0.2905798887532662,0.062314438447407916,0.01616836444312267
0.059873627622048876,0.019229100545666886,0.00763730368367623,0.0045819030086483884
0.0049985258465939045,6.455035930623756E-4,1.8139422954446563E-4,2.2625694602441227E-4
0.007692919232622465,0.0041331510996516175,9.923667466723274E-4,5.066974076424141E-4
0.0032476290671038066,0.010601982823753294,0.0058543721235755795,0.0024998089722351236
0.0027448988015662786,1.0826158767485087E-4,1.8004792552625524E-4,5.038950495165427E-4
0.021784287072207097,0.015565203084477498,0.0016092531281728351,0.001824840352289026
0.018672709923305192,0.01352962084004123,0.011413779021983405,0.003303377028885933
0.002186602909592075,0.0015144121732182318,8.226529357685629E-4,2.667480214944907E-4
0.03017912292251613,0.015561649221098123,0.002651745005679672,3.302153815921011E-4
0.004274604493771194,0.006013855163213309,0.010746223390400008,0.0056280766462718426
0.1100702826315192,0.030228160161847165,0.0042711767340969705,8.698118623443413E-4
0.025189379975282047,0.017906204073122465,0.011362082161155352,0.003179965193842648
0.03840353360951686,0.011852682226905945,0.013601550637855769,0.003277762590113939
0.011509422665523657,0.06138364197143875,0.007933526186856098,0.00867040239100441
0.05085381320659026,0.015394201485187421,0.007964124282781614,3.306662349149799E-4
0.0031559507905312327,2.7917593967794147E-4,2.430511121178619E-4,1.226092131564901E-4
0.005141286341461972,0.0066148920855005145,0.0026277432348752825,4.7712833745637654E-4
0.00535467491517006,0.0016467082588065534,3.146617411764587E-4,1.7799135932733862E-4
0.001426434509342815,0.0020339293404243253,0.006680292327990817,0.002611714161430054
0.04153161217246458,0.008681015845273962,2.5637742534049553E-4,0.00710516303593992
0.09058312802040962,0.01763595511739632,0.01550263466132986,0.005964156982817567
0.05621916118854238,0.006206225036083206,0.012724344340531615,0.008352282825410253
0.023070884350300833,0.013070911728547543,0.008202424897434979,0.0022507711471493226
0.10448374376883024,0.035935595406962555,0.025733577324882212,0.00953257529060549
0.15916016488167278,0.027269985154521188,0.004981472905409488,0.0020948508499842207
0.024486294804355987,0.02010077749908531,0.004375505844191178,0.0026208469875488184
9.583227513270113E-4,1.7201300291152347E-4,1.0258319327686575E-4,2.0235644815025473E-5
0.0034990790477650944,9.923001832185965E-4,6.94827335075008E-5,6.281914458393611E-5
0.19400541905734914,0.05341970725325421,0.02749835472153102,0.001908139598482896
0.022342594046632934,0.03906624015415658,0.021997432263838435,0.0032423265486485487
0.0027560838309003584,0.03338226164717586,0.013764463515864595,0.0019066378387074957
0.03995046930239021,0.01417113277746357,0.0018841611038620282,3.7703274741294877E-4
0.07987872747219209,0.01128501904899217,0.008980939570334988,0.0035615873166370037
0.016762331409351863,0.03225033466981727,0.0038532322529720867,0.0034001698062172355
0.008422920005429149,0.0018216068509297704,0.0087241220775612,0.0017664367365551905
0.20987202358905266,0.11316359127344018,0.010263983745044917,0.0043441755239057725
0.00800000000000009,0.025199999999999945,0.0029919760641913817,0.002260698114298215
0.12710276449108232,0.032794485411190934,0.001940836554698231,0.002027341680910007
0.006203023238351948,0.0037449880505299833,2.2775726195316747E-4,1.9338081165001708E-4
0.10187619112611282,0.0030144044494803046,0.004502244905405892,0.0011995351043408145
0.05158273987964642,0.01463259892093902,7.656030378190337E-4,0.0018057476289010841
0.0545060533537731,0.04013288803872926,0.001402012126072936,0.0016232255781385952
0.004071421140242028,0.014380934721078648,0.0022437586940464963,0.0015927382208847948
0.0022006592577124458,0.001948883875482023,9.262058467462491E-4,1.4526604692983343E-4
0.1549495282148875,0.051370428246843326,0.005575908393741745,0.0030188729480385167
0.07446900358033734,0.0030314734725637423,0.0029097374299204594,4.4778692167315873E-4
0.005864020378562177,0.005080472776330985,0.001968448195039017,5.55108953533609E-4
7.040936321443352E-4,9.266479544130515E-4,1.769153203073075E-4,5.513969807919066E-5
4.6987505792179786E-4,5.3136295496810075E-6,1.0876888210438831E-4,1.2716701324927596E-5
0.004473057093620112,0.0011361785389096823,7.868696291566231E-4,2.031526329122519E-4
0.09718290925963154,0.031166796753371875,0.0010087465574065023,0.003274024465525813
0.04200920211500041,0.003204028053511437,0.00436388882906875,4.2648132958696084E-4
0.010311413285160893,0.0061821343128546785,0.0020280772836350686,0.0014427901847964622
0.00400661658052531,9.731797091470712E-4,4.643613042375771E-4,1.707553092620318E-4
0.002264152382360716,0.0015353870647184897,6.715576255373684E-4,3.1000667253827495E-4
0.004237008344713842,0.0073299346765355305,0.0021026196995657547,8.088546590901102E-4
0.0017393496899595503,5.694106388603393E-5,4.0056539665930655E-4,5.766711671776277E-5
0.0608456732783915,0.018197338929109755,9.436258736575532E-4,2.5533789732996035E-4
0.011546499143930139,0.010061195156162392,8.43998899756169E-4,1.8804052207651578E-5
0.00799807821991659,0.0010485796991122405,0.006272684052162717,2.850771486847414E-4
0.08930601404937524,0.022895698123668845,0.012608871751676286,0.0024416357245012213
0.005656581964965157,0.0037006616229009488,1.115656060780092E-5,1.9765516210324457E-4
0.018555197681715523,0.026431731326718656,0.034851214841828446,0.030313961061281425
0.012777038261339945,0.0027947116601842745,0.001991832863299102,1.6785427995098733E-4
5.980932985086281E-4,0.001309813485807712,7.360952287485201E-4,1.616635844176009E-4
0.022726208320262464,0.010812865640138399,0.0036778190471065714,4.30956344532369E-4
0.08562213954702669,0.006245505299710798,0.00732051033521812,0.0023140572562812467
0.29123022554138306,0.018652987051396133,0.07724861916530143,0.030808500128985332
0.03175666220562661,0.01765889056042421,0.0021679694491200043,0.002091269637054895
0.04240079236605141,0.014216315326101885,0.0012406867695654942,3.003079588989266E-4
0.04104609242310696,0.014054948119617515,0.01616804584697353,0.005023496314081634
0.016993375901327188,6.724586427745957E-5,0.003137658218636374,0.0036269821818377544
0.025673602612321468,0.010747603690422507,0.0048497779373628475,0.002025457672569034
0.026002559419772264,0.008411781991689616,0.004828752684666411,0.001614481796830972
0.016595339988313727,0.03915856042003661,0.009843596545086968,0.0035672453574834935
0.12202409271144407,0.00670600978355882,0.006112332085745891,0.0022461950749829507
0.0113114912632725,0.010832374044154327,0.017029717386059472,0.0021322180698511426
0.06259059269295711,0.0030695852236103456,0.006828521958176819,0.0020764691993301935
0.03509482073834371,0.04359654307808607,0.004210775873512348,6.736304231380318E-4
0.004590969591285151,0.0027164538094945666,0.001466784590218025,5.522662382147678E-4
0.19034184574566673,0.015469512396591747,0.004824236586899206,0.0029631645411785446
0.023151915135813647,0.008312232258809853,0.0048973316535539275,5.939888343662976E-4
0.008719321045484887,0.017486620648497916,0.0027429820116134248,0.0010803985330522263
0.009538039663043828,0.01490515119808919,0.0029000272685984875,1.4169222933363413E-5
0.018553563976454444,0.005210505726929291,0.002694225413857379,2.8873472624481105E-4
0.0030043145438188763,0.0028120757351733135,1.2939746034236208E-4,2.318187182399013E-4
0.0841663438740465,0.02526386120647487,0.0042570247062722446,0.002418236375901705
0.028153564262236277,0.004212902077842938,0.0015590763009550816,3.0579250968472204E-4
0.02056892501573255,0.007407152823087823,0.002594821463163483,9.368593178960025E-5
0.014902946772151574,0.012332001458222488,0.003458320920802276,0.001214052805179431
0.10821487791207691,0.0059375692233897305,0.011183260210977982,0.003214579599889722
0.0058646154834392505,0.003162684464790173,5.605529562195072E-5,1.557975995371331E-4
0.008577418991301551,8.322486654068332E-4,8.614856144607043E-4,2.837982000696515E-4
0.007258711479865285,0.0254937998122056,0.011307714546419717,0.004838984979596342
0.07812072058292376,0.02320310202769945,4.4497942244322946E-4,5.137354247602549E-4
0.02596264881476891,0.0035289163066981,0.011516925650381272,0.0037080132434732143
0.0015795133416505818,0.0013935870796004779,5.758260687613256E-4,2.2848075895774106E-4
0.03788242301866918,0.018279082640387394,0.013396206650601324,0.003646400375033595
0.12404875220939762,0.048404936058704884,0.008579134354806568,0.0035985265587492434
0.2813769386502559,0.006428142274035546,0.007651626416050465,0.003168103083380857
0.10164953923378277,0.008351416906098731,0.0024759551234706445,0.0025864823832420303
0.09120882394673661,0.01895225411752839,0.0033596576137594498,0.0025533956582679943
0.04030149072837756,0.009667947480699613,0.009205711471147227,0.0015173668196259268
0.19425499918963846,0.05440973219007876,0.027680698477678158,0.001716493636882458
0.006053840923058834,7.23945581270009E-4,7.680563976186814E-4,1.3731932186013012E-5
0.15917031318195154,0.016833926337675727,0.020859625424704046,0.0027850981356693787
0.06690636664279204,0.03919188139290052,7.517370807309409E-4,0.0014432109992297993
0.07879110662309169,0.005199155459007115,0.005566937974958788,0.0022864082211940017
1.2421052631585527E-4,0.017390282105263003,0.006312557733264089,1.4276167110854594E-4
0.03453901941128944,0.014104440401852596,1.3930720462894514E-4,0.0018504057605120935
0.0042042343312628854,0.001327285081841767,9.248635733289991E-4,3.318378401711768E-4
0.005032450825017807,4.8087647116777774E-4,3.4222396152425546E-4,0.001225840649755238
0.035964597877722916,0.025279702745206033,0.012287363446962444,0.0023365129273584698
0.0024434536231792594,0.010629760718008753,0.0022897473444673925,0.002201438010229122
0.05019827922949386,0.02776708760368969,0.0075602323729987,0.0016300594495825683
0.10184454543480101,0.023271567582941258,0.02163887862917415,0.005924895474790735
0.09978685506949718,0.035077472084126676,0.016257794883557015,0.003132997191082178
3.018585497198032E-4,0.0063358376318374205,0.0017125439555562537,2.660529074747021E-4
0.0065974817264207505,0.017495763827136124,0.003273609317164075,0.0013683731624052225
0.012287809478212815,2.814027998764564E-4,3.739686811491475E-4,3.690854360882021E-4
0.025085858587480078,0.04791928082576641,0.012483044833128681,7.10668990344387E-4
0.007340692162940077,0.01126361090389877,6.56251778654507E-4,9.327129183276368E-4
0.07637983839358155,0.003749681676255988,9.80706186077425E-4,9.316375110001726E-4
0.11251155160598834,0.031083031610485323,9.017193778468279E-4,0.002494947732385342
0.0707626175772405,0.028564879859957055,0.00411293771373357,8.016702710784329E-4
1.4592353642680337E-4,6.134055652003853E-4,1.9882491995540667E-4,5.2112543174635755E-5
0.0045339584074868145,0.007509548249667165,0.012846831994612534,0.0027978435663096467
0.020583553285243045,7.057758718082417E-4,0.0032541409258236395,0.017232077779326133
0.020000000000000052,9.999999999999593E-4,0.0012259092827130239,0.001663004989014942
6.344122050481369E-4,7.269343841806798E-4,0.012932334923537302,0.005644447318466623
0.03871624952306132,0.04731928718178355,0.017154456827568748,0.002800742133437655
0.0014193449924573246,0.008735796333518599,0.005497934516476655,0.001068403369883797
0.017656273475447855,0.018073135875397318,0.008544299244734982,0.0012042297748973026
0.00423322125864782,3.2681540539329916E-4,0.0011817403244683124,4.310447612969388E-4
0.03981782104471595,0.002343364243186942,0.005215784146222556,0.0075136386783065
0.03296412033477858,0.019884431297865053,0.0021908224494985714,8.472062876242422E-4
0.01942005913749435,0.06102980006231473,0.010967221516286176,0.009647712231653713
0.024160914467444675,0.010890628705592629,8.07329632402599E-5,0.0013991707761031617
0.00487395936381632,0.010667177993253753,6.002794799717937E-4,1.9940414266954805E-4
0.024605517675587316,2.5178676566052E-4,0.001764093523168468,9.604672676720774E-4
0.018672709923305192,0.01352962084004123,0.011535148076662472,0.0033938777735698198
0.018521775617113295,0.011884310060761157,0.011154801836867278,0.00263146521616616
0.03080727895917704,0.0052529655576504545,9.7730444196143E-4,0.0033715952827380593
0.06090519723139835,0.022160280530440717,0.01271861167288352,0.0015609669119327045
0.009633926664747843,0.05612696358191355,0.012691459225448065,0.004839956151895117
0.0029645256639591676,0.0077130199708821436,6.291767364291199E-4,8.136261458576544E-5
0.08119569335571386,0.018318913796609645,0.0072691361593442486,0.0013978746582851162
4.0404040404035953E-4,2.2222222222210804E-4,1.1486553284875212E-4,9.433888948009249E-5
0.010324431663556954,0.007068633512874401,0.0036272414590217236,0.001305423667497188
0.0036911538007178297,0.012427233383917383,0.0010796113445839769,4.77273598970903E-4
0.018815314460321707,0.02973238255059689,0.012107604726474333,0.0061128019761585795
0.04286258090597726,0.013906754503258548,0.004286372577198139,1.798668716343454E-4
0.08814839848228258,0.009559367484670435,0.01158687883831931,4.30315289747184E-5
0.017584791971679503,0.008290078266332126,0.01948349872737368,8.615750337121082E-4
8.271784385404449E-4,0.032840681743830875,0.013566091476332542,0.0016617641728594167
0.020672093676728027,0.044093273250924304,0.020104949254818816,0.00914488947730502
0.023690013842865208,0.0015158937391061508,0.007914056021495908,0.0012880855328112272
0.02498565614137278,0.010960649824904503,0.00792082261254023,0.004822184774784464
0.009039618572763756,8.947198222750025E-4,3.57855771464055E-5,2.270850170043213E-4
0.20587609724634665,0.0051691943476182695,0.007012944177993837,0.007147491058494423
0.05086046884641854,0.019439774882337165,0.0170887004234087,0.0055262195920435814
0.012051974469545531,0.0030761427962189155,8.142460738889195E-5,0.0036598991971771105
0.007402229054280223,0.003986044890109048,0.001344884068451813,3.063128523924689E-4
0.0011555646008496827,8.372834457279516E-4,6.563810435719732E-4,1.8203399454433687E-4
0.02378357078678129,0.0047525076443719685,0.011964255561521923,0.0029573286759006913
0.0026839417754318984,1.4383958345773776E-4,7.733771845017874E-4,2.700847017382439E-4
0.025507517100676693,0.017689282752857877,0.02138278912218791,0.0036186910805505357
0.004949272747695863,0.002423831237135117,0.0010897531749967837,2.568197652082361E-4
0.13281829911857945,0.08830974402105181,0.018370300317946245,0.007392826354890148
0.03585923227920414,0.025317525300669674,0.01272991834014625,0.003500222143166874
0.01111215188498803,0.018909163464317646,0.002390535679664307,0.0020929656216389023
0.049561913155952736,0.0819544243811411,0.03156271585529769,0.004669686815804492
0.01692762023867394,0.010736685252921383,0.011300799069596764,0.002010074491149213
0.01857280899928193,9.980974299406825E-4,4.979751620267943E-4,0.00376351935699184
0.13001309350343876,0.05454801466577536,0.014801532286635367,0.008087312530931874
0.1606223379481111,0.036915860243295844,9.253841772323548E-4,9.545769688112073E-4
0.020012210182183257,0.04558093536506733,0.02066166096722326,0.00913571578408701
0.0915123227625806,0.01612807260912099,1.8733708889025983E-4,8.968354009817831E-4
0.03648114071533494,0.006123265276992677,0.012119585511943465,8.792325829871879E-6
0.06642498547597143,0.00759797568302682,0.007333592840973425,0.0016052012610763867
0.003887209362105914,6.158884846381591E-4,5.277487950366337E-4,4.0483558492865505E-5
0.06611565424695656,0.00455210236270637,0.0034476888174287583,6.245319211910988E-4
0.04561509645532231,0.004423834619259424,0.003893464437495198,3.3011735926645637E-4
0.09906382978723405,0.07903942553191509,0.01848287632774788,0.006899314072881104
0.019887209781209916,0.04330362674380322,0.020235567505394063,0.009062832670757874
0.04577224454843435,0.019726423982026793,0.010420027494806118,0.005589584051565469
0.0037910941804465545,0.001034782465009179,0.0010973204530050427,0.0014883518676164535
0.05132322636880665,0.0035693145230519404,0.00276489374358357,0.0013390654743461344
0.02984034747358427,0.01539329922052231,4.820812489280817E-4,0.0010396923119621202
0.1534572356968196,0.046033476484497134,0.008897242217707848,8.11055794591193E-4
0.0014704840727463536,6.557135513113789E-4,1.2041844512242565E-4,1.0786511509238332E-6
0.19776197728562184,0.024937492980545414,0.011052087019572162,0.001781031277407076
0.08409108988773355,0.03426173858856193,0.0029303550572669125,0.003923387296311425
0.0033995143282970048,7.77178719667543E-4,0.0012020874231162672,1.2660372444272812E-4
0.02211039784166671,0.005565121806433081,0.005359682532185394,0.0010716912724714172
0.009583991822582872,0.004978706985566971,0.00977960269833993,4.16489746525962E-4
0.036071382114359195,0.02309312657892209,0.007614265598198251,0.006636069469109663
0.0016161616161616626,3.8383838383831915E-4,1.7375771278595032E-4,5.778234478838757E-5
0.014458433190278036,7.417983714924565E-4,7.822390414746837E-4,3.4483174740494884E-4
0.0324839978739649,0.006572026324060945,0.0016492059227833868,9.671864310250096E-4
0.019001900965715822,0.033117863068157095,0.010333197542848624,0.002686182286797735
0.0036949948453145936,9.630705237147839E-4,2.707023642769219E-4,1.9141202137801198E-4
0.02216267279159064,0.015518126078756753,2.4739587672696926E-4,0.0033497076928255386
0.08342093310439753,0.03614324130090496,0.0015899066245254612,0.002401134583313998
0.03681899629519852,0.028758503133540076,5.189981574506346E-4,1.3897528010080364E-4
0.1221156122471641,0.031579839313275175,0.006909759381041865,0.0036036353435157905
0.089592373177096,0.009609881785799442,0.008879309708346099,7.186069959301783E-4
0.023150090546166787,0.016565157345521515,0.014736453572317532,0.0038037969228624144
0.0986645078312353,0.006100707158701594,0.006186164808635374,9.491951148302189E-4
0.09174042738233303,0.04002164386278009,0.006253497185152335,0.004309774773213573
0.140062298087362,0.006817683924447027,0.005443079969398235,0.0023116999503141476
0.003541857442377422,0.02778966442751844,0.033450785247648634,0.02673089694790479
0.022363011889090394,0.001444867611075151,8.736145002893004E-4,0.001669066444796131
0.07516424550923835,0.014106635347969673,0.0041824853695442,0.0010964409326708379
0.01908994303117494,0.004436251631378638,5.689312141559326E-4,0.0033995488518438846
0.1365423496651958,0.0049962830603386445,3.561726286657954E-4,0.008900856788730975
0.05614282890980225,0.010518772209404788,0.03208859925547868,0.02139977068173958
0.03931620272193428,0.019337932673418236,8.830598440822432E-5,8.432959619470128E-4
0.13523433018592307,0.038519731470766747,0.006400856982369762,0.004051889947774032
0.008500601276703256,0.0012812553136790175,8.805710130858279E-4,1.7944462797636412E-4
0.015516968047069134,0.001531838112379196,7.908184572868289E-4,3.897106374881857E-4
0.029567649460684346,0.018916229405723833,8.222233832654315E-4,0.0014509672400337464
0.10812707661736247,0.04877068195231048,0.00800382897125809,2.2171208853458152E-4
0.014693486656023467,0.02523694666048782,0.03555966831850638,0.030242940398627818
0.004765242362972477,3.362488535269202E-4,4.3260801575377764E-4,2.0421795309043524E-4
0.12444732789309781,0.02248176979100229,0.018449294804450487,0.004295370637298858
0.05421773309178135,0.03832057012866723,0.01206359352428152,0.0014332833298898332
0.017878875035390002,0.029446391852681653,0.01365957067177079,0.004110919382588483
0.002615892790229107,3.2754045605867577E-4,5.8973891977414876E-5,8.276739814163586E-5
0.05194830279500371,0.008034223851614111,0.004588744226080023,1.7545192417066702E-4
0.046431315645944965,0.01076033532431542,0.006359149829599141,0.0025359053848399774
0.06279098424662616,0.0073456385030885975,0.0013538458650885392,2.9898169390761174E-4
0.0058575096237796056,0.002156670190229455,0.001396682216828609,4.167904685921672E-4
0.05333360183121688,0.00100595259477579,0.004253577456234887,4.522191133535403E-4
0.029430389179831713,0.006373937350485345,0.004752968648970537,0.0025313846909988465
0.04810510653107335,0.029882779559593366,0.008570392566266447,0.0019145862520245892
0.10853384951574066,0.01264268965502683,0.002360632281604995,0.0032649548701396635
0.10150662223791979,0.01906679476876439,0.0019367193049086768,5.971272428347719E-4
0.004708588641076764,0.0638776868990934,0.016383044911085453,0.0034701717639733154
0.0111241943302992,0.012044431256912637,0.0010061377432434445,0.0021200655010405705
0.10300772285267573,0.010827194061187087,0.008421091089865732,4.673138463557901E-4
0.012193548030719504,7.177864247402127E-4,0.0013218426600502201,1.754375100308363E-4
0.04974055299556526,0.006443535684221996,0.02458595046087637,0.003853043886688089
0.001030012238148931,1.9638546439431045E-4,7.241359623734121E-5,1.5821705548104407E-5
0.03028931397530223,0.005487332784166357,0.013942818281810763,9.516761525674031E-4
0.007863909948319574,0.06274796487233779,0.02739187079342781,0.004769195800846059
0.011179575723924919,0.007899017951136632,0.0014584196558765767,5.065498043951272E-4
0.04534613949365321,0.022182400793971224,0.0012487920201681541,5.961726830777137E-4
0.00980162239711185,0.06265402337276292,0.020851175198807404,0.004371591685303908
0.22266708751764566,0.12389216544194141,0.01335774643285201,0.004509397586953927
0.03220816721186915,0.05043914097915929,0.018545282468887012,0.0013164459256438054
0.025043569388837367,0.008112761506372334,0.01110591557749442,0.0019949435167430844
5.898833547720665E-4,3.934498331891827E-4,2.910569238983376E-4,9.92059208823601E-5
0.058181634040583116,0.006506419022109829,0.0108519983542122,0.005012724712063426
0.00473245906609871,3.099599733500607E-4,6.934990354296574E-5,1.1572821103109827E-5
0.04785384261884697,0.0174316014450467,0.003831065980312456,4.613664400880612E-4
0.05183890083089026,0.004304653060912666,0.0027523630019351,7.968104247241042E-4
0.05779064145003557,0.010389294122738165,0.010319113034644408,9.917743830029787E-4
0.049737957948051956,0.009120146617907755,0.019771038791433194,0.0050050132894412964
0.0071308872613132105,0.027918062983182786,0.016665296853894326,0.003744914584721619
0.06832018954594062,0.005078385745015966,0.002460761349305125,3.274303056264267E-4
0.0130164895974534,0.019395426533417918,5.795907856663824E-4,5.835886246245801E-5
0.0020840185675732336,5.639803951241928E-4,1.883307614382304E-4,5.578863742842074E-5
0.016888784024243028,0.03043101848777999,0.007347151200922297,6.846571231260057E-4
0.0013360284638301633,6.878462114560301E-4,0.0019334452472236216,6.941017829102847E-4
1.6640667178907903E-4,6.084050375936721E-4,1.747692434203863E-4,2.5133482860492717E-5
0.02877196230370006,0.003540511909011074,0.0017501733267076725,0.0019519333244206712
0.0026362883630012177,0.0012257622620278302,3.1862671465271723E-4,1.1281402942532892E-4
0.014843675032823418,0.0030614958036895047,0.00677158539063981,0.005036531145024736
0.11523492962310646,0.003197822938841854,9.889194324955238E-4,0.001007071984015308
5.552967666654677E-4,8.718784716356637E-4,7.944267159299537E-4,2.3106408555568646E-4
0.06984590207318106,0.01778824047764111,0.0011153141931298841,1.5754649584528104E-4
0.0036916572030322257,0.0028065305109100137,6.96672071225773E-4,1.865466411517674E-4
0.026955286771603214,4.33240518777793E-4,0.0014770080725699237,5.988528059885013E-4
0.0030098079119618222,0.0012599798754594361,5.382254934535327E-4,2.577792026809841E-4
0.031459822418345294,0.016172731501075597,0.005760183116495461,0.0011089837969279052
0.022883122790465872,0.013157318016578719,0.006386028983106381,0.0025569163503958094
0.022895063494117726,0.003592785349476943,0.005955710220535663,0.004723617085847467
0.010650015139747449,0.005934801355155588,0.0054041848280002415,8.818772958759339E-4
0.15336834514059944,0.08087344053840191,0.014206437085344298,0.005776907426431282
0.081878945695475,0.020123842089721976,0.007417852128477588,0.0017739909050063089
0.027757865891113054,0.052661336603535565,0.025943389915099636,0.005650174096101434
0.07325808144131887,0.014347212510510765,0.0011042979341401335,9.812482467529045E-4
0.3229402650134013,0.06117326331747854,0.005516540636865442,0.010320109178479114
0.021838274372132045,0.028145349478208702,8.52038948041208E-4,0.0025216391536440346
0.06090519723139835,0.022160280530440717,0.012686206281374634,0.0015283162259481847
3.498976678554265E-4,0.0022370554737347337,0.006571591885340456,0.0026167337329698667
0.10373512940488132,0.01630593800205501,0.005389672130581417,0.0040826885317413325
0.020383099767162016,0.012060578470596163,0.00667185790258113,0.0026862563079537993
0.038339877459824534,0.02372578790875707,0.010760884772807478,0.0030601984030271335
0.01965253215057906,0.014076182179869409,0.008130676155948808,0.002247267503997186
0.01539514356891926,3.0897732132297625E-6,2.705941927267329E-4,2.582309105692628E-4
0.0011628355038547096,0.0027275500767752927,0.0014034217614658725,4.527370349299572E-4
0.05038937778643792,0.06045140840951941,0.0010387697469034884,0.006322991840517325
0.0014704840727463536,6.557135513113789E-4,2.044017792730111E-4,3.047910034961679E-5
0.07640309612445335,0.009274504189752418,0.005751600436541546,0.0016595133527292695
0.004792191203014651,0.009018904281737518,0.0026890008600338544,4.6744641292750897E-4
0.05282594290477983,0.05791159909634578,6.997775055727463E-4,0.0065070816802300585
0.05303107349672323,0.002547807737671992,0.016854984867279016,0.003381875647824584
0.0013039575015749954,1.8306835955857748E-4,3.632594439202612E-4,1.0237396572516623E-5
0.008038904139727356,5.181907736897093E-4,0.0013360580005834914,4.97826480183682E-4
0.07987043967749033,0.034375199392432436,0.001513306532275469,0.0017033974344188249
0.10426683258595458,0.04670114169856671,0.00856067239794752,1.6312923933828715E-4
0.010140306882853344,0.01858518361636202,0.003794455296069014,0.0016292127513436805
6.942171113957349E-4,5.031648939849555E-4,3.192657146411861E-4,2.7819354255851483E-5
0.012823850901028186,0.005318307577587085,0.00634206217366512,0.005478718487659151
0.14338479066805834,0.04900650475262089,0.006280487556009345,0.00474629327952492
9.744644054755786E-4,0.004208791001525067,0.0029304600077564883,2.9440302649597094E-4
9.96155213520075E-4,0.0021165704002121316,0.0010200793714944313,2.678453771154913E-4
0.008279821947528902,0.005396627522540704,0.0018408445378595747,5.326554437121274E-4
0.006663978097124921,0.001038494118655071,2.616205411842628E-4,1.3062037054504335E-4
0.04964716625815216,0.01516748406453969,0.0031210640875703024,4.347469091665869E-4
0.0035268670405768296,1.4978412890195132E-4,4.393930337634397E-4,1.8267241168996257E-4
0.017873657845049597,0.0011534037932086007,0.00570346863850157,0.0015931948403257203
0.0027618609489571096,0.0019112415330442426,0.0012501110222143163,3.6313872175819975E-4
0.004843789124957979,0.010778424382726977,1.6916421240573907E-4,7.540761531338296E-4
0.005471597563618205,0.0010782128092637663,4.534220639350247E-4,4.140664837209243E-5
0.03714239520299981,0.0058467715591677604,0.003741165750063424,1.0192050424127197E-4
0.08987121784247305,0.0010016396183075758,0.01844312889332274,0.005299137168696251
0.006030946542511346,0.0582768749115999,0.005727099127587986,5.304826309810395E-4
0.005999999999999894,0.005666666666666598,0.0018228679356996347,1.2915160623923802E-4
0.051405574067818,0.0074761206736853655,0.013229316942959065,0.0014868660234730255
0.026728321383434166,0.0021869403870030195,7.60536606155006E-4,5.939947625387213E-4
0.07646434009684155,0.012802805883390934,0.0071104631501068,0.0015494159008289017
0.022863615491753468,0.002591438937664823,0.004802453651989793,0.0017671804285073203
0.008028051084680635,0.007738488942088385,0.0015831798879339125,7.263403432432983E-4
0.001362603113933715,0.013655384396831866,3.8253847936837375E-4,0.0014473689020234816
0.019337116990341727,0.00984861098047737,2.5016785809527586E-4,0.0018914536999963883
0.06441209134935258,0.011704288580917965,0.0033898473699387633,0.0015796797685749423
0.11140186354058318,0.033723478411893576,0.01308142729305406,3.9403504066907486E-5
0.03683581913441491,0.037905597612445885,6.324297567698011E-4,0.009153671614070963
0.1002493966597495,0.01927511360884358,0.003289682749448213,8.96944673918757E-4
0.03922385966077409,0.025121102161035785,0.02424634197317946,0.00290271424440606
0.046431315645944965,0.01076033532431542,0.0063953777204665855,0.0022933197552851073
0.04278877970929201,0.01738622334386951,0.01268039286811243,9.212065909683633E-4
0.01990995312868702,0.012677692034125155,0.0015621957096773667,0.003864386384837786
0.00271399065575822,0.00432211661846197,0.005764729126295494,8.147952703470202E-4
0.0019531484693031554,0.0018546574730938584,0.0022095561401518663,0.0010289737182980184
0.009873755184769717,0.013011646502151846,0.0056365839169755655,0.010445725408607947
0.09227001892332203,0.08022795225381148,0.01836974200047981,0.007143349665086824
0.00520440837252558,5.127948024637146E-4,2.8768915217765865E-4,1.878968702847104E-4
0.00836333942072348,0.0043724236440314986,0.0040814605413730335,9.134322564425851E-5
0.063466097508452,0.012462398254984748,0.0032431795497383916,0.0014739126035355527
0.0011742610154504278,0.0030006694246726235,0.0015035728935941946,5.222997687431204E-4
0.09035542152439044,0.028921341584337776,0.003913395976773566,0.002207252121257741
6.146492411756158E-4,8.790796207947912E-4,1.0114921076674079E-4,5.5307444301211596E-5
0.0023674598906224644,0.0013412948884554074,9.036510337919241E-4,1.9237700958222738E-4
0.0021853407111319667,0.005101053397796283,0.011238953992279916,0.0025989784923516365
0.03056488181930626,0.008622634743526779,0.002593546236163241,0.0017554087425423
0.0714572635995165,0.017753376249762698,9.082567141119023E-4,7.053517612955708E-5
0.006647305313759284,3.0643648245459363E-4,1.7377141952380984E-4,2.733471294505818E-4
0.09558153322860435,8.92546574367093E-4,0.003359518810608889,0.0021136528307440458
0.09373142151249539,0.056324701492332936,0.010343702472693722,0.005266844487998403
0.06869972004280825,0.014436865921095964,6.839492981163778E-4,0.001119249056187642
0.02506703953405694,0.011004671586929781,0.0067662969496739426,0.0016320439417482897
0.03786168870145884,0.015375770843947171,0.04818590738386213,0.0013731146285292071
0.004029530310739441,0.0048443748677188736,4.0317609159268655E-4,5.646205047542223E-5
0.007600540893468992,0.006750734832901524,0.010162550194262916,0.005496927907341169
0.0012199753393629569,3.78932038371099E-4,1.227578831054836E-4,1.263958936835627E-4
0.13666473167185156,0.009433291201578483,0.015183383070815052,0.004228272008974779
0.030033513484556698,0.0050685264252829255,0.0010614877523613972,0.003397824743383804
0.0183746348832196,0.002910848279787994,5.444119643895256E-4,6.609291143987934E-5
0.004318519506485165,0.0022626105160822346,0.0010262006030138842,1.4675280463876937E-4
0.07124725582922982,0.008242308453006417,0.0016064297310479805,0.0015444243911283018
0.0018185083154781297,2.8278951127430054E-4,3.215158996107232E-4,1.754600774890314E-7
0.031025950229132584,0.005949732525564939,8.169932202141794E-4,0.0033821067408594803
0.02506974595594601,0.056944950492699965,0.023297242238315023,0.0016146808681785807
0.072372406461048,0.026132522975456554,0.006549209528276038,0.002737513163327414
0.016115472950216942,6.339830316559161E-4,6.824128714789767E-4,7.76076172223675E-5
0.013651240814585991,0.01107457905710615,0.002192443244250444,0.0011457353063781877
0.11100140461931278,0.05641711932165614,0.008813501897118185,0.003209213537776652
0.09496735823293109,0.004060906382815021,2.787572006120495E-4,0.0017329994365995359
2.2119448494927892E-4,5.198502082094399E-4,6.246261341234376E-5,5.300476408594722E-5
0.042705596331174926,0.004852752881284751,0.0035422934142340374,4.978927956008236E-4
0.02516166983654001,0.024842591495009513,0.005943915724933161,0.004018322326327137
0.0025612249532387435,1.2310622849643152E-4,3.5219148619828044E-4,8.072229688290893E-5
0.06233788185245979,0.011166776694082675,0.03503264055653126,0.025974208021867274
0.19115404363677155,0.03627091939400279,0.010023494791835551,4.9404473386639E-4
0.006769878242137634,6.141237057545132E-4,7.17668489125657E-5,1.7154793118272604E-4
0.0015425041266946037,0.011511888913965831,0.0012060319185612119,1.4434915291118826E-5
0.06442367406619694,0.009417767985507823,0.0027750837061014054,0.0011380735881442198
0.015646486605098466,0.04130633919877664,0.017697841980989334,0.0026528700970612517
0.029510181830450986,0.020848561113362463,0.003614786851728461,0.005951327302940382
0.0018037561054314534,0.014438318219383314,0.015652684814199035,0.004356590322395365
0.019383821741437747,0.038427571458183124,0.004030985078310594,0.0024430688086349156
5.709852605776119E-4,0.016481634594982423,0.00455843245908332,5.8903977937332E-4
0.1625542952549923,0.007387728727234919,2.99265175207091E-5,0.001867762194192094
0.01970556847981521,0.007894679710900663,7.582139742100672E-4,0.0015072185752305002
0.0790664921031168,0.02631981302474337,0.014500496413085137,2.735895414825885E-4
0.08450541057650544,0.036188523312160284,0.01625920874973152,0.0034541255911175826
0.010982298429110035,7.766221134604716E-4,0.0013243861142127646,6.603663357357974E-4
0.020685538232016312,0.0043022409108978655,0.012148465575770755,0.0031461186991098315
0.09900799894271256,0.02656568534145928,0.00896776154415388,8.03843383993541E-4
0.08914463995069084,0.010251952471321933,0.004141149624730831,0.0030562730390238002
0.1608572137042573,0.02923174387541346,0.0015109832908773138,0.002260027580388954
0.047324410121679955,0.005612122471577287,0.0043796269073536715,0.001414095932637962
0.1549495282148875,0.051370428246843326,0.005539709905345728,0.003035522978079239
0.005278026396220203,9.250210957521792E-4,1.3842585916682953E-5,1.659542191925429E-5
0.016496194016090433,0.0014878452276368137,0.0016939099856442819,5.367922105528663E-4
0.005278026396220203,9.250210957521792E-4,4.984309559784087E-5,9.939272306148265E-5
0.002375967951534045,0.001210107177219282,3.7621018243195425E-5,2.319613589045512E-4
6.688654136349254E-4,0.0019195449384774648,0.0011953142626043515,2.114694338361013E-4
0.006470336946130632,8.48162364332073E-4,5.654878027904585E-4,1.1919323360316582E-4
0.09350757648706189,0.02618776186220503,0.006528889086817551,0.0010823886288973924
0.03957160191318263,0.03826945660924824,0.0048602735197643835,8.58572145566923E-4
0.038857897772898324,0.016079225090476778,0.01131128340722588,0.0032910106998357133
0.0034911783441765247,0.010076663539225216,0.0022019662107040233,0.002184884209322805
0.11927061533895032,0.027513944037135602,0.005307944157577876,0.0022196392979847513
0.005544960715799885,0.0017041650175306986,0.0010205574338725584,1.859963179400366E-4
0.006305574866926097,0.00394836035380502,0.001466032513835045,2.05694291487899E-4
0.03953153275785949,0.0022772880409931444,0.004219488915616125,7.51746571103558E-5
0.0020209828564083116,0.003821598557132693,1.2834630621121816E-4,3.260569642721274E-4
0.05864724589288678,0.007213655437991252,0.010661643786996853,0.001259114326505946
0.03156710677166404,0.013923676220143684,6.639254737705481E-4,0.001100213561516732
0.15995560988599036,0.012422048407864893,0.002955623078388757,9.528440336532137E-4
0.0734285952494678,0.023223079856585033,0.005470318463262367,0.0012177269074936873
0.039510811449736,5.135043852912638E-4,0.0017684694891315863,0.0016535148609573523
0.1144943521780618,0.042778839386348355,0.002815827473215889,0.0014418196021317726
0.040602174528746725,0.008519862795434164,3.224122398798101E-4,0.007064036555890117
0.0025021366964555086,0.0037778827347336326,4.112300946910241E-5,1.3866541521841526E-4
0.004170184492419513,1.7244322734927319E-4,2.2717580368220686E-4,2.94528878792625E-4
0.08504242060144152,0.03112293976056437,0.013249316866208094,0.02238589615187885
0.04019296482412082,0.005397869346733438,0.006343384686102708,1.5219420866344156E-4
0.10826303412403557,0.03852795340642652,5.605862412640996E-4,0.0025948199185892046
0.640005274915839,0.04576546978372611,0.015820468564789487,1.2095390136629751E-4
0.10437486091995109,0.013664156312955046,0.010292363132229585,0.005086459565109067
0.1624586413250669,0.024486054396753665,0.01403992584087053,7.537849899503265E-4
7.043432274663736E-6,0.0023118036066822225,3.317741488065528E-4,5.778371579964762E-5
0.0010315104190507394,0.002865819584229367,6.926366933462467E-4,3.973311543285064E-4
0.08361789917251183,0.01387398783781798,0.005919573594227719,0.001435519632727961
0.08318487545292029,0.023713511410862177,0.006658644342989737,0.0012813318710226888
0.0246556203984749,0.011198672456900573,7.011427910734075E-5,0.0014081437145268296
0.011999999999999974,9.666666666667083E-4,0.0015027335298017919,8.165019154025381E-4
0.0964446136882408,0.00794218027844211,0.0034857551506533874,0.002528084390075926
0.0024538815868966183,5.689739376561874E-4,3.1114939255813556E-4,9.089410146202456E-5
0.0017531808793694913,0.0014285278506659042,7.268702549321747E-4,1.8259927210727799E-4
0.00486526370077625,3.2516439547310627E-4,1.6110712968403287E-4,7.250718977107443E-5
0.002855276793558797,8.881034699947434E-4,1.4500742278731156E-4,1.6986564059210296E-5
0.06805253197016756,0.054004523696450216,0.018390357461169203,0.002285149342363162
0.04891032010091925,0.013374643391614165,0.002420622952034175,3.480159287237195E-4
0.020000000000000018,0.008799999999999919,0.005282217912777054,0.003119926463553968
0.039958131673210266,0.009184099614780929,0.016755745276894614,0.004161128875448124
0.07646073479799755,0.008842170975262248,0.004668051585133142,0.0016636344274703133
0.02975123014824443,0.01803127287669833,0.0030180625860873815,0.0015996494176658174
0.07145726359951639,0.017753376249762698,8.543145361061066E-4,2.332961765283233E-4
5.069544132476829E-4,3.114354794807792E-4,2.1282248986585918E-4,2.961293820007205E-5
0.0014099573213920138,7.342849564859605E-4,2.6170191909837665E-4,9.042494631625968E-4
0.020804070312396044,0.012442526521950324,0.005846860015869977,7.84209113483997E-4
0.0011708223042112887,0.0030792226308671844,0.0017791083643802295,4.110907340369672E-4
0.0533384595821979,0.02852050132711404,0.003820236201331696,1.6465327211806754E-4
0.02898533509059127,0.021024227558139562,0.005038478711215297,0.002480465425845375
0.027817983831477128,0.050148495332376634,0.01819613335533867,0.001665624524738098
0.04975768549693621,0.025855766948829118,0.014881716252647956,0.0033637763695811575
0.03610067482913128,0.05241922145852761,0.02436040045371527,0.009279024690495402
0.12198067716880026,0.004852859766844475,0.01800460224889068,0.0022007835359143515
0.021152973233311122,0.012550515556153266,0.0077221398194520915,0.0020784443840751758
0.04247385131094628,0.0142865535677821,0.016838715491549434,0.005254267617694845
0.07008965609200503,0.005132091567419403,0.0011646647144968533,0.0035359174329305867
0.04062728792303917,0.031172129459906734,0.008942489995200422,0.0024922551980746713
0.013377983141449945,0.0011357968125326006,3.1239520635107374E-4,1.380665162191682E-4
0.09381335589038471,0.025116847080737453,0.006411736881416432,0.001054339038167798
0.02276894392027561,0.012902407276756924,0.006757538257375475,0.0012144668942451846
0.16698659193534787,0.08131237411110515,0.023217581679246854,0.0023255773252568936
0.13284626436521257,0.020482149534146118,0.020551801982494726,0.002018716621764621
0.022370678146453705,0.010062135822194892,9.309669740825298E-4,0.0017477529569018264
6.846569320176131E-4,0.01003414101263006,3.7184668103742904E-4,2.5533231458745086E-4
3.751622539912779E-4,0.0010673846142439638,1.954782131158001E-4,4.5832437759216454E-5
0.23990197069807748,0.029074909047678465,0.00844517775118412,0.0059473600952543
0.026548465598312847,0.01047633708030914,0.01414509098597935,0.00129999802619993
0.016477522568391554,0.02059558959194612,0.0017840376740511947,0.0034022296781250085
0.010666947221134777,0.015720993721288216,0.023391354882626225,0.0020035247563996933
0.016847841252218925,0.002808941295260498,0.007080903535984053,0.0020516113747218122
0.11992802770301479,0.016138197061348964,0.007297743245732371,0.002624859124305451
0.011360616116179566,0.00848218981753594,0.0021480234769003567,8.974356425154853E-4
0.001321775600258166,5.704461092419642E-4,0.001812428219070325,6.770939199241875E-4
0.020158520042827182,0.01305199541046815,9.161111595964413E-4,2.650100062784578E-4
0.08480061477720838,0.04367018014779621,0.00606240761517382,0.004556024133994988
0.05982385543833161,0.0073707277291408,0.009930769419938174,0.004367571610255676
0.0636930741283216,0.014070344229066178,0.01350659191183052,0.0022728283283440414
0.01813219208130208,0.0014499692285048105,6.097091876858965E-4,4.04037436550279E-4
0.0304357141051507,0.001715412281605281,0.0015539173106306591,7.348556478123479E-4
0.020188649826932605,0.0740652722512624,0.008430060192059465,0.002460047370304888
0.007618657853297608,3.0841574408227093E-4,6.754719015922843E-4,3.2337680005286093E-4
3.635025937572697E-4,1.0413698998543036E-4,9.50576031006088E-5,2.2637868613524457E-5
0.005222057584702398,0.002652998024969053,0.004735658168555139,0.0018436651542478374
0.0714572635995165,0.017753376249762698,8.662951965861456E-4,4.553720688654344E-5
0.050054079573347274,0.00861681702893167,0.018961747193320472,0.004747273639954048
0.011952675900540662,0.004590849189882718,0.0023052239224482796,9.717444717903443E-4
0.0022015792842705116,0.007551022106214728,0.0019276004869498583,0.002569199720478763
0.06367869945958579,0.0075464411068566365,0.007149993497143129,0.0013312288322189373
0.0057058236182740245,0.007270117956784417,2.9720801434455623E-4,1.618353975955613E-4
0.06853454165006918,0.04176206637449882,0.011035771737368378,4.8440242516126534E-4
0.07900729864729943,0.011191053912378271,0.008339008582848159,5.556378460778782E-4
1.4719981590294027E-4,2.0132823150583167E-4,1.390193476456764E-5,3.874882353386326E-6
4.779787287859408E-4,0.00403223488363802,0.002604198875031834,4.920145144007058E-4
0.03350347636278429,0.010451048454318606,0.004466063209583324,3.9288637819936257E-4
0.008452736517328528,2.1162059964820667E-4,0.001444903272674531,9.184699012854046E-5
0.021615415874940327,0.04471058110346538,0.020516689828364208,0.009213137222654169
0.01802638237208479,0.004802882814381482,0.0063617405087589875,0.002268001159772801
0.004151203142910236,0.004835009778026609,0.0017257885870927724,7.272838532154989E-4
0.08862337409984496,0.05192544932583064,0.00194366706044487,4.065107731948608E-4
0.015369127613978283,2.865749054405763E-5,0.001037393330986917,3.427034549890041E-4
0.04799999999999999,0.04119999999999999,9.140286829420474E-4,6.575674420368494E-4
0.03185185681002269,0.007768410363814186,0.011666644046367225,1.8641825285920793E-4
0.05883976564264478,0.02121450260895481,0.008644040899536241,0.0015420601062293125
5.862395460712443E-4,4.5316966347916176E-4,5.33314313696957E-4,2.0748703052443052E-4
0.004309096661232792,0.006561455624294166,0.003014547623065137,3.4154696103283716E-4
0.3031023965155258,0.18830493390368952,4.3382167945696574E-5,0.0028254891607937408
0.0282062802111799,0.005779469650506904,0.010442501389415843,0.001869040116721063
0.005976868293326689,6.50404626325309E-4,0.014568074576429743,0.0035591843399541147
0.0649563377842064,0.008948295053206788,0.0044432903015195245,0.0021544357294018698
0.006885333855531104,0.0019459906371800193,2.4076025157978475E-4,2.1179401564243305E-4
0.0021456518531955005,0.006442094383405878,0.006755574332737082,6.385481839527652E-4
0.0023674598906224644,0.0013412948884554074,7.795457353518471E-4,3.019634621682867E-4
0.013922880607619653,0.022966475895999712,0.014746946892880213,0.005968904413374163
0.04570856995651185,0.01170025429768153,0.013152617685521423,5.863818441586314E-4
0.05946926629267773,0.0369892180547478,0.009543850025840987,2.476468744347734E-4
0.11267647982960764,0.01948040490528887,0.01859979919422715,0.0013738748987090045
0.0015452634904038168,7.868047874321618E-4,4.2580522736547765E-4,6.64256162844106E-5
0.0027448988015662786,1.0826158767485087E-4,1.9204518908241518E-4,4.685141681891454E-4
0.08993386727066598,0.02266657327459316,7.753602508477544E-4,0.0015858234975394626
0.13760915759677714,4.4123785208267127E-4,0.003462376906900901,0.003495057609122671
0.20228188877007824,0.02542458912025267,0.007013409769603228,0.005718149940068248
0.019047539175217648,0.007744862246965364,7.596142448833246E-4,4.513765143048444E-5
0.004765242362972477,3.362488535269202E-4,4.3260801575377764E-4,2.0421795309043524E-4
0.007407371342966013,0.004606144738021367,7.879723100856071E-4,4.99109786882223E-4
0.01159277704288214,0.005737521505856656,0.0028186782968912566,0.0043261119014190086
0.016116625717412802,8.219944600196914E-4,0.0010411920540015474,7.582750394590995E-4
0.002297714901096621,8.76688105670466E-4,0.0017713063683239495,6.256342450352127E-4
0.0013673706572337923,0.0011784100657947568,6.187320348174438E-4,1.8708347483553582E-4
0.17199577128402171,0.005116326793436375,0.01173659513880537,0.0017780339210147402
0.016847841252218925,0.002808941295260498,0.007211830861664623,0.0021854937171537554
0.14890170503707487,0.0020326982539883172,0.011667967874754291,0.0016520153061874653
0.001069518716577541,0.0016898395721924222,5.54291251064349E-4,8.34246220933781E-6
0.10674134734799127,0.03646085859865763,0.0030014347850077236,0.001359522747115974
0.029476161638317303,6.206862600316865E-4,0.001512982866182604,6.777291347559634E-4
0.032686686344803165,0.008330541420771395,0.002577137598445176,4.0960629423134634E-4
0.007144930634927291,0.001733720876497581,6.211387421444444E-5,4.857873564281849E-5
0.022782248453353963,0.04287017835466792,0.019785595433076456,0.009035670193349664
0.012791505976491752,0.0017353089292706585,0.01329097874118255,9.508408910475931E-4
0.09271673701458627,0.06807640514206677,0.024733879971270255,0.009630183915681554
0.016672682925171496,0.03078412131993155,0.007359895303627207,6.913221135629099E-4
0.0019531484693031554,0.0018546574730938584,0.002219577854888206,0.0010405857217427263
0.06868216591710408,0.0068266549312237185,0.007850571130928114,0.0015432028187628759
0.03346678415452851,0.02757337030954359,0.0015257673765307724,3.1605301842450336E-4
5.709852605776119E-4,0.016481634594982423,0.004526289096426844,5.962441270841521E-4
0.009193877962051688,3.323984285676788E-4,6.835854795398253E-4,2.9940546332641953E-4
0.015695395773510718,0.0070907360881208095,0.003813488727123107,0.00166043812913823
0.00190744794144114,0.004550354231191197,9.115092152902768E-4,4.6676755000661944E-4
0.009049846769427891,0.01572126698540029,0.001030488379512802,1.1436408759275784E-4
0.013443330062017844,0.0037015220476579133,0.019394216316971004,0.004331149609881658
0.0010311892852053074,3.675864579273326E-5,4.7820137619677706E-4,1.0526888375142284E-4
0.06833945112910218,0.014168921468406833,8.384949119211279E-4,0.00136545633130586
0.37245788828003673,0.20881102434275348,0.007636403929617443,0.09687021385009144
0.0976806919241729,0.01986220565807611,0.004059526706403923,0.0034910709287391136
0.009564394992256147,0.0022454458292746195,9.633851442409252E-4,1.944011152212788E-4
0.015613152672992446,0.012294343540331893,0.02028661940096729,0.0030107294301487046
0.002126597375618296,1.6080419126883753E-4,7.132709344114827E-4,2.9725622472659717E-4
0.002584712460757389,0.0010484783172012085,0.0016397012041038375,4.2174289625538655E-4
0.10307464768753766,0.023037910467828746,0.021049801649914754,0.005757393362992022
0.014612981746745588,0.00692791484483309,0.0017209605222967405,0.0026388663539166682
0.12041514644686267,0.0032834550295040323,0.004752729069118842,0.0019118336998540343
0.16975363343267938,0.03639555529218839,0.0010139715942001318,9.829483481045187E-4
0.016430134695139063,0.011508427488134004,0.0025837678720155187,5.223364865425687E-4
0.03921038177351781,0.022028514990441346,0.0013313741929911356,6.420110072822375E-4
0.0012385509861538172,4.40748953984609E-4,1.8889242595016164E-4,4.6569511740056974E-5
0.02411171065099361,0.001147326778253827,0.004586307851027621,0.0020410485845361224
0.01591542935321507,0.024214910762305742,0.006777667392212216,8.024525348831195E-4
9.358611942046783E-4,0.002148379317123113,0.0011315739275596947,2.4796356183367824E-4
0.03521360742753205,0.05265567764598163,0.024491535329674793,0.009228456638234853
0.02306759182056566,0.05256907875069481,0.025878098490579496,0.006685233198926439
0.037966784964847754,0.019721647521614823,0.001042208152235945,0.007902288917029812
0.002782056868294141,0.003992040164138982,0.0015245001689907704,3.1179428424049925E-4
0.09333623654666068,0.01654968276387189,0.006272613615254189,0.0013823975592510834
0.07759168919381322,0.018234230242525882,0.007818785620032527,0.0015825171677419938
0.062207405714172104,0.005873562410401173,0.0046977685969336195,1.6831353018175496E-4
0.08756357659859139,0.02975149375391465,0.013419624798913819,0.022240391778398944
0.03215715472565753,0.020073896661676246,5.06993356319495E-4,0.0015599971841569061
0.11875713425210446,0.023590839695013997,0.005888300177859563,0.005294213245806956
0.0017929116945552951,0.0010278845745151904,5.477303969282337E-4,1.1015407211934202E-4
0.06354793317457762,0.0024427443529342003,0.003143382449275163,0.0018599833068448292
0.06295965824390824,0.06077307014519877,0.020205336500500753,0.004316057569070338
0.0016275003195567335,1.492814159329615E-4,4.4187112862349633E-4,8.753641339756275E-5
0.0010621340782557577,6.704628232207659E-4,5.324293527452683E-5,3.911019296516026E-5
0.0029520250169660545,0.0012639420474197627,0.0015945201365397247,3.1377238986346104E-4
0.0015996807129854084,0.003042874180276514,2.0835563077511058E-4,3.44021175122295E-4
0.015081222987450026,0.005574624622103191,0.0013741844237081518,2.003298257942096E-4
0.00925727642010507,0.013013472484371905,0.005185914379690465,6.822911905212144E-4
0.06236444063419863,0.07466123797448712,0.021019826576971785,0.0020314517264368097
0.07737314534992591,0.02575488043747205,0.014460693342313096,2.9737897762985847E-4
0.007160220327643202,0.003056980636008329,0.0014547558485344622,6.128007716312385E-4
0.14422243093987663,0.018935687492585358,0.012306957082601796,5.762575791507552E-5
0.10346510918710668,0.03792883989899535,0.0019679819180732695,0.0012274861721472768
0.05443316864367137,0.009226993670417504,0.004729116175329969,0.0037075075463187234
0.008995160906992518,0.0017905584765167237,0.018056977094528286,0.0038301318280590303
0.00910764904591022,0.0025575730232719487,0.014800542761834014,0.0019679224295673756
0.02000229774267224,0.021471151045309753,0.016745992424633014,0.004465815671085888
0.05936081470533625,0.0172257088685433,0.001209524510142664,2.8616869912635224E-4
0.04344183801708401,0.012173719651705243,0.003367860853108327,0.0014207455151002682
0.07032326156674605,0.026303307870320924,0.0067569552556296306,0.0026741271238283166
0.05347180236805592,0.012502395540859359,0.006032027431368868,0.005607343473302893
0.06235988772844128,0.005793398684874175,0.004687223915583354,2.1233430664416894E-4
0.07029664981172633,0.010932666899337628,0.0018242058820717997,0.002538920448768549
0.11285300028734971,0.027281248463043136,8.159823230035129E-4,3.577934194434073E-4
0.10486434488196815,0.058289757995458505,0.06760659267474556,0.002488466112746095
0.01916430430603802,0.0023861648187350473,0.009560615519298613,0.00476246686682474
0.0701424089185167,0.015778728928087942,0.005812332903022405,0.001071346339083949
0.009687852757357089,0.006574632076940848,0.0027168954255690075,4.103399366178257E-4
0.05057660149785766,0.014411630385001711,0.0013411793523502244,2.557157916711779E-4
0.0029650744011740487,5.327681584785151E-5,4.0259257819399345E-4,3.080111064260742E-4
0.00559230223576801,0.00815660603443536,1.3565062394301077E-4,2.803296271199924E-4
0.1450632059750822,0.0495456373307029,0.006758070768662691,0.004864812809696003
0.13718652881257107,0.10504188957712567,0.0026583771041650372,0.002877922880917777
0.12055681983522515,0.005996157132989855,0.005383447302371404,0.002048083725255299
0.06781181577733675,0.018156066458320873,0.006992758302381383,0.004844213594162477
0.15187419712427824,0.006862281178632481,0.001743870355437845,0.003626708098437254
0.007255594388266277,0.020666499872408643,0.006110370799870447,0.0025427447469530042
0.009148906081171037,0.010547128214172438,9.105844621646658E-4,2.9932453109486845E-4
0.06609446365295404,0.018722890764704164,0.00844438470169672,0.0028086198194097007
0.15430152353517335,0.021549329215735213,6.628822212423172E-4,5.4893719784500555E-5
2.509803013169312E-4,0.0011392146107651183,1.4750721969371188E-4,2.9276830360241753E-5
0.010312897335113676,0.012413007832468119,0.0019023927140832616,2.3145841408275203E-4
0.0010107244425791714,0.033031033810953216,0.010121957376519785,0.003504486393417151
0.008463194365151581,0.0016923735614866673,0.0011688107986544947,1.0604454270262637E-5
0.009039618572763756,8.947198222750025E-4,8.378614284055346E-5,3.0970764096551617E-4
0.022261303627381948,0.010033567389830175,1.008438822640197E-4,0.0015493867181220822
0.00257329421127419,3.6012744312484066E-4,2.61489528654355E-4,2.6702520812401235E-5
0.0261045414078803,0.002234869219553309,0.0015856157669592256,0.0022998259681327677
0.04759012751556279,0.03461940997539998,0.006261889478445143,0.0014895300423904238
0.1229257742753232,0.0058216647807801565,0.00928487621303579,9.727953600584775E-4
0.005270152435215596,4.800769540496991E-4,0.0012750059822201755,3.4635298261685113E-4
0.2803553074549987,0.020667032671650216,0.011503050132022656,0.012199385039774076
0.036408833589521294,0.003712432971440527,0.0048689526031404345,3.801575683677028E-4
0.015569488546756435,0.011355535886658254,0.024622060697071863,0.007901370393230923
0.2767272053060632,0.0072708525300183265,0.0082385721347326,0.003076217358406726
5.352482821480874E-4,0.004777658399350069,0.0014875836408780143,3.0017430124334435E-4
0.030375428383782283,0.002234489728944436,0.007117857657734573,5.618369170140975E-4
0.16698659193534787,0.08131237411110515,0.023180747986753028,0.00237870145392602
0.012632716803686116,0.016633567535655803,0.001979909877202946,0.0011255240417375881
0.006011909971995544,0.005397633313482054,8.241236051080088E-4,1.1950548253204843E-5
0.03963977767082983,0.025434392766157346,0.008397312785785758,0.0015971560903283056
0.004729096156977026,0.03824680625915342,0.003299947480866796,0.0014035121739923578
0.01967125539670163,6.906869142712599E-4,7.725870521781714E-4,0.001595582932577815
0.021784287072207097,0.015565203084477498,0.0016212690859418368,0.0017883747589533558
0.0644494454792938,0.041054039400313394,0.007760770620488057,0.004239019500939163
0.0059355379378428896,5.18683437781254E-4,6.461594289863249E-4,2.5071055555396277E-4
0.008806064388572241,0.03023436978856131,0.0072846709138520566,1.948000465927823E-4
0.04322085069026687,0.0021766613548517776,0.0024917403007619593,0.0014380125465760557
0.06661130017991805,0.006676957031576424,0.0068170852565099275,0.0015603764265220868
0.10325461174725552,0.03215389317980127,0.003357567093202501,9.382546673618875E-4
0.03285604727583238,0.010878525702226097,0.001173356327202039,0.0010075446302940862
0.020460619916994684,0.032228811454874294,0.011457649168968813,0.005167847712397271
0.016413724655771067,0.04133453243444151,0.017150926208740636,0.00258764929394983
0.02776880508933684,0.0026861352510245927,0.002047470305246677,0.001709103646451296
0.07642045823585493,0.007346336434660358,0.0021878718498886725,7.849417484382329E-4
0.006016079631460591,0.0014996953600327323,0.0016705851951529251,4.923239588701885E-4
0.0015893645225504385,0.0066025836118272846,0.01186650271073371,9.347398218978854E-4
0.04824448813229282,0.033347560566846506,0.007086801562120737,0.0018566215492178992
0.009555026552471238,8.356517657619961E-4,6.635384013931943E-4,4.105199160785421E-6
1.1137447669246067E-4,0.008603011348596383,0.0010663847669548638,6.441375345718533E-4
0.05734228956068347,0.026904422160495628,0.0019704337720275666,0.005614663370749865
0.03282335337371828,0.02078640983051122,0.0014029925019058817,0.0021276342425624825
0.001211790343162536,0.0013526756629878484,4.4680840547923985E-4,3.531428071505725E-4
0.03764454843933493,0.08763016733032562,0.012899286698475069,0.0052658623818856295
0.03732109252202399,0.025287415423543565,0.0022518492636470246,0.0014563982453892703
6.669258858052898E-4,3.1123129452933135E-5,2.131138131772722E-4,1.8128238337180403E-4
0.1387759542065453,0.05945312370510732,0.006748962704368318,0.004052412063911177
0.003980452089192697,0.003121570193103297,0.0016188276226973238,4.581601354558752E-4
0.04332249781306874,0.013134948176656681,0.013675073999921681,4.543908504999451E-4
0.1064902000827257,0.017003839854080525,0.0016320456485777479,0.0011758153053665556
0.14996610033742389,0.020047567164952197,0.012978319436597661,3.280270809174642E-4
0.001745344019435935,0.003861160188255917,0.0015576253540704912,4.7365802098633784E-4
0.015073287968446087,0.008025917781464078,5.709253006193661E-4,7.762023116120947E-4
0.04227542668815428,0.01502738480090451,0.004408110129155731,4.732998422723294E-5
0.06648789859474745,0.06591013314684585,0.013243137062029536,4.8537831723583137E-4
0.12319907898352084,0.0246856249639226,0.004731108541862865,0.00210872144166603
0.01002162128052082,4.1051007563953706E-4,1.7278606967895455E-4,1.463974791691048E-4
0.067780559463213,0.005805069940742936,0.01528103287717138,0.0023329271122227834
0.09811898267868042,0.0038704174031874627,0.003517611659825007,0.0014987667821124056
0.0020237225065344593,0.0031636505283830596,4.6607772231452245E-4,2.730745190464059E-4
4.0404040404035953E-4,2.2222222222210804E-4,8.67264144118269E-5,9.03203027235786E-5
7.224060646736941E-4,3.755757196711347E-4,7.012457224740817E-5,1.6447389657812584E-6
0.19061077064452023,0.018072432738193617,0.004533866006684817,0.0030881824045967537
0.026231004799905845,0.03521523194160652,0.014033942961715432,0.0034385787786691577
0.10437486091995109,0.013664156312955046,0.010385312446319921,0.0052032595498779
0.09144359697327237,0.04602652865397829,0.007322893274621912,0.0030962410660887174
0.016847841252218925,0.002808941295260498,0.00700235970824162,0.0019812671546395495
4.342197935177425E-5,2.1096480576221667E-4,7.593491833414223E-5,1.5010883107648243E-4
0.1279598533948785,0.0028138643048929387,0.002385533916224584,3.1541902281015155E-4
0.087676518604588,0.03461063016467492,0.0060154209557441215,0.0031507367232388827
0.019151282502673086,0.010204672042066045,0.009300437241822536,0.001020428974028491
0.029037533966084907,0.005873712405283987,0.00890218515208481,9.027047957791986E-4
0.05941356163268817,0.01252139280448371,5.882323446270742E-4,0.0012942870583754016
0.07236058355444486,0.005124326224816808,0.0014311571434166342,0.0021058141721282705
0.005893686361974949,0.02321713992889282,0.007506893814983989,0.00810974217969671
0.03317991520510482,0.043406976750955985,0.012315395125548682,4.579734620901533E-4
0.02062916364328335,0.001994897553608518,9.626042647150167E-4,0.0017461848824251208
0.04314626011431383,0.0014316430979995406,7.202142594127021E-4,0.003644486342040846
0.002162423119970941,4.288720045864283E-4,2.216115833726702E-4,1.9264536779545977E-4
0.004329959505353325,0.0015432346798259057,3.0539587064358286E-4,8.370325659690613E-5
0.0740492667828026,0.012243472115914577,0.006048357942696247,3.12473525311114E-5
0.16698659193534787,0.08131237411110515,0.023231906610790838,0.0023638669896525813
0.28227807191639526,0.07967606381374859,0.020032072058613643,0.00609839051479892
0.04247385131094628,0.0142865535677821,0.016771608028537468,0.005163599180879225
0.06540986003947599,0.014814818243717817,0.0033401136610383257,0.001767399190947526
0.02967567608543792,6.843464698828495E-4,0.0014426371968139138,0.003672700442864911
0.00497185449677765,0.00183780422406751,0.001294400642798598,5.27452404196584E-4
0.05614309880804554,0.0048058854908292975,0.007764887027669023,0.001199609399723579
0.003612502544081607,0.0014944632022275161,7.503837030829112E-4,3.990086970475069E-4
0.04766146912524008,0.03303189310340806,0.005600580458392856,0.0014121461371082876
0.03583341027490435,0.004612955844923768,0.021015091046946915,0.012569863856816422
0.0017192364401934412,0.0021633879706132106,0.00128472050595575,4.2435781921553204E-4
0.0030515123203367607,7.494005580216904E-4,6.661080949830364E-4,4.394350655695369E-4
0.023728349376806054,0.024247433304564903,0.012028479805668168,0.002464141963234827
0.022306846881429695,0.0058040243800242435,0.010034339039635708,0.001440585478816299
0.5195499540122906,0.026829522608561616,0.03253971848981339,0.0013415070827714573
0.010143299545730242,0.02320100630774281,0.019965606838973277,0.0023671766033564073
0.14049628088343796,0.0021503687704490194,0.011290926468659052,0.002108245396165334
0.05595124445484895,0.006585172210179258,0.0033510160976889273,0.0011509092298660185
0.04925055601772521,0.010155361767896921,0.003211461972226032,2.156043582899421E-4
0.002522228766186349,0.002558303570578694,6.396920302149736E-4,2.4050239726244765E-4
0.00698866215545913,0.03363945177370174,0.012964722543759176,0.002833392242391531
0.00306348508348623,0.007946127322260677,0.0014965874513297756,9.454011369497999E-4
0.006951555276712914,0.009741460322122173,0.0031800698230003066,8.864872487131948E-4
0.002776414686739992,5.918796827994959E-5,1.43937116114938E-4,5.525094298808923E-5
0.12934778817646464,0.030729823113892486,0.002348775370345745,0.0019513289549701188
0.04278398944692497,3.5554526260654667E-4,0.002387440079799236,9.538316870180129E-4
0.07327804160725629,0.05122589186539878,2.5228463770401625E-4,0.003198288698645137
0.01375667905144188,0.024101940385366397,0.01710778685765731,0.002872310423086321
0.0012203376740882353,0.0011888644236048337,4.230409895766044E-4,2.334906667123534E-4
0.0028759825712473468,0.0027806327931461433,9.096530943533307E-4,3.95698289664648E-4
0.08323952298069806,0.016332014301718965,0.0036600778008476073,0.001518913214680751
0.011291114803523173,0.015971120198065215,0.00858591444621088,0.00411920419945972
0.01946377891785879,0.001645955235316595,7.102270828841362E-4,2.70224147193947E-4
0.019387457049851245,0.012790488882385731,0.001523273677488792,0.003747442924341543
0.006663978097124921,0.001038494118655071,2.0963631677854046E-4,1.974081117864169E-4
0.0803596300554319,0.019518803417484392,0.0072527151938739,0.0018175288231183626
3.4059898248117395E-4,1.5432541453928484E-5,5.940816770361422E-4,1.3710843192778492E-4
0.16933321876802057,0.040019681888540694,0.01953885858194667,0.004015393872836675
0.0037560570823727416,6.003914708350293E-4,7.348058106410947E-4,3.4464557013447276E-4
0.15320931493257986,0.026937255696960358,0.004484371024726274,0.0023848957309649467
0.030513450178922964,0.008244339144229701,0.0017741337617449785,0.0012181281434923644
0.5825495410477908,0.04874975858950075,0.047476421495928914,0.012756193314670766
0.06860760548945213,0.020407122745181683,0.001058479624149553,3.296006701590339E-4
0.00903124709373088,2.690535549496136E-4,0.0013474401842631808,6.436609228174974E-4
0.025652714067122637,0.01744678372968109,0.010804117126316919,0.0029245517768412186
0.13411533325184913,0.015798192631469393,0.001615584398464975,0.002406357298196335
0.09527130467810428,0.004559788108937843,0.007243870951612624,4.553439811640254E-4
0.0541889656303186,3.932526016444985E-4,0.0039823190767771036,4.2089539989928986E-4
0.05934316347316047,0.015449662192272878,0.0021057173728146845,8.661648432109818E-4
0.0010613710147227315,0.0012941962387996453,3.4948150954090385E-5,6.30395683329766E-5
4.343208890706475E-4,0.0019204746338131018,5.908252865398381E-4,1.5138607586522303E-4
0.10478160009498882,0.05857360719610086,0.0708641689384015,5.43597125669098E-4
0.042740137142411774,0.015780399790738964,0.005906475516908791,9.493368935314746E-4
0.02482702129629183,0.018616291065349455,0.013489367635227154,0.004700303957715433
0.001524839982353602,0.0034943946796692367,0.008234150573397284,0.0029158513574127046
0.004570610179881475,0.0033842246223714247,0.001488167539402952,6.413849047780532E-4
0.020019023187101644,0.03751861769404615,0.08864100086659357,0.0027306490912093954
0.010267465065004536,0.015934482892744194,0.003086233536724008,0.0011026491105850982
0.0039283853250394055,0.0038697368368463387,0.001575969518354815,1.8549122719625265E-4
0.016206677130695818,0.01476822755172165,4.050151307558526E-4,1.7011296432348268E-4
0.01865722550864115,0.02898456720563316,0.004280384940290007,0.0026671297683242665
0.04622475934459371,0.07571594959416664,0.01625805084453962,0.006626754027291886
0.02567461703866474,0.018584598044256363,0.002381618085777039,0.0024684571027399653
0.0013673706572337923,0.0011784100657947568,6.187320348174438E-4,1.8708347483553582E-4
0.03946041300394229,0.009490979357659893,0.00942225015740897,8.106091683892423E-4
0.05118439204655174,0.012444604059316758,0.002177364927699706,8.891328459536185E-4
0.0024100639156819197,8.032494234059992E-5,7.871652117996724E-4,1.0911785521555096E-4
0.001602763339665706,0.01651778739820694,0.004079858551747496,4.858435164519205E-4
0.010160485476822138,0.005020606540004941,0.0016493502184703175,3.2950139412689036E-4
6.89125701378946E-4,8.329755174612862E-4,3.1838323806561783E-4,6.324664702597067E-5
0.018453574632639125,0.0154462087309344,0.0033202780525661228,0.001880259329257524
0.023056650031654,9.09377619848066E-4,0.0016271664959152544,0.003942461317859075
0.008265156341268547,0.02111358795238365,0.010156444670511224,0.0036309758897576194
0.0032203905915866478,9.240720865940906E-4,3.470506806006543E-4,8.091883742122854E-5
0.03194082483536556,0.004955106665948541,9.78350350098723E-4,0.003768893307570578
0.17021408078963185,0.021317303958409306,0.00628543046201519,7.245312576214391E-4
2.3176249074094397E-4,0.009621373051530234,0.006302927016196315,0.0024907375577325787
0.032154154702500846,0.04433020341314375,0.010539020038827833,0.003172866336104929
0.02798792667935983,0.0027922158114154975,0.0012487659221077916,6.773034285679292E-4
0.006249544917226441,0.025301904380178555,0.016406982495883852,0.005222086337883346
0.0353771708487417,0.025818528780170297,0.014457391449965712,0.0036096990360839306
0.05070489988329417,0.05846533530026979,2.5496888312443144E-4,0.004517333183584523
0.07520587097528642,0.0034218047161127356,0.0014092973790909302,2.5661431290015734E-4
0.028352869199630638,0.0496839539409269,0.0182032224215198,0.0016894747406808771
0.04985134412136636,0.007942705753487487,0.0021320147742362548,0.0013689435015149449
0.010690908321500922,8.007088484286404E-4,0.005225801306165901,0.0010578297243110976
0.05285510313773875,2.593190745678887E-4,0.007757096528441392,6.594777803643386E-4
0.1767359532485279,0.02358235653080611,0.00863830783019064,2.1363197783788498E-4
0.003768981285481254,4.3954108160112413E-4,7.700344993978068E-4,2.5039624812502514E-4
0.06081952380561219,0.02999288536599313,0.004397188269172138,0.0030018970966410427
0.11800275716585401,0.041178294240142604,0.0062281023919196045,3.414941673571399E-4
0.0031127324107145947,2.54553798487551E-4,4.1066266574578576E-4,2.391250386739655E-4
4.8326300448511096E-4,7.441110903053499E-4,6.940016352250693E-4,2.519078914534522E-4
0.003143600448789089,3.2878807430196475E-4,1.240670845581099E-4,1.2049932517852069E-4
0.02896087941925492,0.012353471035688486,0.022220813913269796,0.004068748837796464
0.06049480268035466,0.017358182942557393,0.003598117267680843,4.185759823646895E-4
0.059360359872650814,0.00786371442652174,0.01203144253954197,0.0024686786462429504
0.008575730297390817,6.684016947791393E-4,8.114408149493059E-4,3.825892911918608E-4
0.004731354340155492,0.01595814269690831,8.156764992993205E-4,0.0012868077095164866
0.006339555655541862,1.083171255926335E-4,0.0053709608210275785,4.342600930577447E-4
0.005398266067060278,5.643341757121639E-4,1.3508388507834255E-4,1.7538155657352542E-4
0.11026273649172848,0.03332652525193229,0.013360397867801549,1.7062708687973585E-4
0.004508026439897368,0.014959461419197273,8.648156799408045E-4,0.00117382829665077
0.004786275065404022,4.4196614333566584E-5,3.621237688779004E-4,7.665197471681297E-5
0.039695892371872855,6.678610394435789E-4,0.003566881289271325,9.021876209372414E-4
0.003717164872468453,9.209660891192294E-4,3.5557551666281015E-4,5.164746893791783E-5
0.2599178039283551,0.08745656632812615,0.019110326797065324,0.002552724442584293
0.011676797298104136,0.0612804338684117,0.009924140377604461,0.008831543837346191
0.06740399170959895,0.0756576690773894,0.020807908605110472,0.002117786385180613
0.020013719686619334,0.03989663201132349,0.016689542681370753,0.0026680188815384493
0.0011519667207883966,1.608727931499715E-4,1.5738741468271535E-4,4.645860997512191E-5
2.0857527041696507E-5,2.520185287531917E-4,1.0088857184117024E-4,8.721905051763517E-6
0.09217750049776872,0.027972684290211536,0.008019584931880826,0.003294762692694225
0.00283666886625636,0.0020578205866685494,4.013725032698814E-4,1.240824851339628E-4
0.07583555633239618,0.02289150265202455,0.007697823859660609,0.003350847682992239
0.004570610179881475,0.0033842246223714247,0.001488167539402952,6.413849047780532E-4
0.03777277119870308,0.017153959788371094,0.00654824114382575,0.006747820062868887
0.01125549728227473,0.002837316555226607,0.001139349852380593,3.3071552847102967E-4
0.03676595681523147,0.016349993423914126,0.00297707299917619,0.005960760876667122
0.11011213114171589,0.01598292465997046,0.0011040360635211895,0.0012163157489245718
0.14609197502517093,0.048966050892889745,0.00829293126610149,0.0013399148991849429
0.007004931792162991,0.0018147308950163567,0.0014291079562099428,5.619447342547113E-4
6.018939495539502E-4,5.145714234713303E-4,1.2544214266895087E-4,1.2355133592135617E-4
0.033696597871320906,0.019915061139795246,0.005476779076734673,0.0033893474981524937
0.0062586819558597745,0.027408894228770107,0.01663298327310989,0.0037668458723718982
7.117365801596557E-4,0.0021989952939345863,0.0013537958702347168,4.4023105251024503E-4
0.02518471414610192,0.0069096592057497856,7.769142325581635E-4,6.738531242345878E-4
1.350760083202197E-4,6.0472795576399E-5,2.662757732486422E-4,6.549095682830872E-5
0.007201481226271101,0.05500490466703865,0.028409650685536244,8.104882510301735E-4
0.007933624320054811,5.296679695213432E-4,8.723350873920389E-4,2.3096515793719812E-4
0.04919371172304166,0.004471664076246589,0.0030995565381605277,0.002549612113917438
0.03333333333333325,0.021333333333333274,0.007073476562734332,0.00674083478195015
0.11169167402011208,0.06873020523001518,0.0043720436638831845,0.006063773282504993
0.008558306116199446,0.008745810240189769,1.1583228262155951E-4,1.2155602557253386E-4
0.025548777495476124,0.006870832300352391,0.004387283180233013,0.0012628674294755677
6.79943227333055E-4,3.5009456884521227E-4,2.574775993769298E-4,2.1445615268628484E-5
0.10472015412711544,0.01464334427916898,0.0029974966235964766,0.002560472508899596
0.08431483872522867,0.02718640406160604,0.006573618401126714,3.4058164911482045E-4
0.005048968742379868,0.0017433579128388606,3.8911113793754245E-4,5.4799604822876876E-5
0.0035747484756298744,0.0013607990698841829,0.0011597561497771391,8.702279241245569E-5
0.03086954501765398,0.00892263619800214,0.005472494235371979,3.0285016680085033E-4
5.470242357003023E-5,0.016620152764576273,0.0044130539801543675,3.829107979902634E-4
0.01143901461775348,0.012602967688986211,0.013047626350348274,0.003116870282490228
0.001716434818313463,2.905391594016538E-4,7.433730614739745E-5,4.853260604344909E-5
0.008237153531435289,1.309629126726333E-4,7.621160848466271E-4,3.821431241912896E-4
0.008155035279904787,0.006641533638584649,0.0028076287097123665,4.0080219571604826E-4
0.09760545614272742,0.02117871099622802,0.005746145282647605,0.003069489598183481
0.04766253467650347,0.001724523643922549,2.765889690426957E-4,2.806615017741872E-4
0.002363926816719435,0.004462403393813723,8.308817203176497E-4,3.7640466154049735E-4
0.07783888355902722,0.021597524303722,0.004323881337031805,0.0014943366060248028
0.010825771879550927,0.06980665718719592,0.01377863568668105,0.007859661607716305
0.009792715240929969,0.008392056444032656,0.002578964408887334,0.0023069314537865347
0.10664113799244505,0.04008710335150044,0.006275864225370828,5.847355276639844E-4
0.011927319456377636,0.006915199345839034,0.0022998268848457826,6.832432312938902E-4
0.004140099941713327,8.667292018576599E-4,0.0011679958797302604,4.356019883792477E-4
1.463761178894501E-4,2.0871528202825017E-4,7.650338366397806E-4,1.8979715317252318E-4
0.025781293555909846,0.011244482321868117,0.005643053291812644,2.2345572004137915E-4
0.07800238686385445,0.0029065857313888962,0.0085729652742575,0.0014193423747196215
0.0015585659572499905,2.3212496974053275E-4,8.375165900822245E-4,2.1027497572075385E-4
0.020395821560350993,0.044630952461719046,0.030963864794262042,0.029495846821901796
0.03142242242571338,0.047113281641216816,8.078581784179605E-4,0.0034819777794629953
0.055748069820733805,0.021703583094834323,4.883465634665612E-4,0.0018536653693442334
0.1748155499571268,0.08110907425996061,0.022678379339484772,0.0021025500229019194
0.1092298770890744,0.006673259378656648,1.6246398834851545E-4,1.1646828997089096E-4
0.044051343247525986,0.0013163642782733557,0.023210816308728264,0.0035482922888285693
0.036918904154183085,0.011023386642240547,0.0012396001743228214,0.0011886627365063959
0.0015057246573762363,0.0015010332238916213,5.828933019180876E-4,3.7052484397974254E-4
0.0014645268308769105,5.71425510201255E-4,1.522803634470615E-4,3.5559916562877736E-5
0.0013820155324961707,0.014823752923899878,0.023739362988399217,0.002598341310919411
6.951334679764352E-4,0.0166475154624136,0.005333394417944339,0.0010355369495534496
8.566108584119266E-4,0.00574275692712658,0.023252769112512894,0.0036735153957304155
0.016157655658611488,0.047003055790583136,0.012534580398336572,0.005466859951302287
0.050162346849696705,0.010677627183190132,2.7496042835585386E-4,3.9898817793017837E-4
0.007471146390214002,0.007279134244062438,0.004347745680341746,3.4842033126793897E-4
0.003750330768594573,0.0044196334216825795,0.0061692088275825145,0.005326647770163114
0.008715083798882714,0.001474860335195517,1.6134517880969383E-4,1.2737939685159698E-5
