5K,50K,500K,5M
0.0022857932671520535,0.006109875956398781,0.0016810937289395147,0.007104555002624864
0.007479891084723782,0.002406267008600012,0.0010350967828944469,0.01545138601811372
0.018259980424393703,0.010826414880919627,0.0034236848720212583,0.00449109796634463
0.05200535308839542,0.006225880303733008,0.002063829461623637,0.015645108449198735
0.11514655919546977,0.017044131041967406,0.008537095717432747,0.0023987713113709885
0.005794175724885535,0.0010455974048047328,0.013302901435863662,0.007898043728012897
0.004785466489962633,0.0069434749933988075,0.010769361770294715,0.013186415432480591
0.03232838908900179,0.005139757417737938,8.429430322021517E-4,0.0045833167527137425
0.01565563515796183,0.010774140479587309,0.00495803706614594,1.4699117072801754E-4
0.0019202388134254352,0.013256053074525003,0.0024768893272253487,0.003855826448962766
0.006005316391103822,0.0038220169855057474,3.518306582540518E-4,0.0064762324901696195
0.009779341671625067,6.303218464034785E-4,0.0062870438282413305,0.0028002019458308134
0.04866333413068029,0.0072525251963231445,9.975454457374975E-4,1.9620477072101512E-4
0.017826260207813888,1.6368156721844266E-5,0.0013761947483711566,0.003437887556585192
0.005985916851782194,0.023090812657355245,0.00793373053805763,0.033585309652357245
0.01344467730735958,0.0027121943134926336,0.003982200677339289,0.0095083923006163
0.01864978991659461,0.008215890242674268,0.005003373356143197,0.0019858450824748355
0.07175743313923152,0.01357342405036327,0.01061527713824734,0.0036815583047060544
0.03486692837096295,0.01517357596048118,0.01001896517015134,0.007416245046788213
0.03968721262635592,0.014534867221624597,0.006667224873796594,0.008518113531353254
0.00409298490212778,0.017727688240745075,0.002567462201890789,0.004403316645133941
0.06850864071038508,0.02255686394868597,0.003467771105749366,0.019908659933231085
0.00568655521192037,0.010023697191885785,0.0018878610056734181,0.0030211915036587288
0.04628883128005787,0.011347760431902535,0.00348304293706031,0.017873046546727014
0.10280174417359718,0.02322864763802524,0.006951912638297346,0.005642735120608534
0.03140797223822088,0.005502935836222378,0.02414238452502912,0.00787438320853314
0.006650308148558868,0.02525441014495143,0.012775485872736378,0.016515234716508488
0.006130965983756004,4.2663357813488176E-4,0.0030797859368009092,0.004986382020025261
0.017070059769489623,0.012343754001804288,0.006380655266303791,0.005618887878688263
0.07915113953169452,0.0030867301735522414,0.01199154512989158,0.012076216968480439
0.005316137125239029,0.023303109649169915,0.01009865346127989,0.01439828049695024
0.057496094442834905,0.004807920136263018,0.0017429919444937247,0.008871356948486345
0.02900470051657583,0.00655934518433471,0.004601041240565538,0.010069188808359261
0.004457301485249931,0.01408557645619112,0.007902772643195305,0.013051608928679844
0.004959633193627473,0.0023638505958290513,0.0015460940789173568,9.427788281123897E-5
0.19580032289827914,0.06007642567709713,0.0017639839137554732,0.005185812322780228
0.0816715272513768,0.0018494897450385954,0.01653170542667268,0.005604820796411832
0.07121340858113967,0.01870880555223423,0.0059931697669466915,0.0020205938689187874
0.07249561611406558,0.007011154663322247,1.3908024489799924E-4,0.024497135750096113
0.01593583445478461,0.013232539656457938,0.011065599159239452,0.039048251534843446
0.02122259962813844,0.004021607267775639,0.0030885530588009597,0.0030498771494490333
0.011428714585466394,0.009980322838403674,0.015316967261985063,0.007187631815711872
0.015890519468554267,0.014681536251832572,0.007673283793684313,0.009720393960004873
0.10353730178866785,0.012677097618397254,0.021497978498935207,0.024276297803777706
0.08018384942052084,0.020874023509769475,0.006146629207266361,0.014090463562878046
0.030644585931526358,0.023136358913685935,0.006006074303574673,0.00425301389081404
0.06709468870092004,0.011893046612343779,0.012148921472046431,0.0018496813188806167
0.15165961698956143,0.014083696702550403,0.008035277554933159,0.008915753564698776
0.06798604380225753,0.008275603947215302,0.01564959218084109,0.0026241982866230663
0.03254487275395956,0.004719327568160231,0.0020889412872198373,0.008360893515921904
0.07653985334693074,0.00917817369235665,0.00440578798731593,0.012002722506033816
0.030892788304633337,0.0028343102579138127,0.003159029029581492,0.016988618881395447
0.10833063254423801,5.009319721093588E-4,0.003517906960909196,3.1570480076317906E-4
0.03152451736982891,5.843496093269779E-4,0.006917351121896397,0.0012607049896898618
0.06874157929531614,0.006716399081732934,0.007983369112482047,0.0025155905480307716
0.10821468427835713,0.006981050318838271,0.011676885694218195,0.016796785799615355
0.04963798805268594,0.0031420616796762465,0.004229362244294496,0.011870146787124577
0.003575484748689114,0.05810738600106283,9.165160049135332E-4,0.006648257892738958
0.10479997173165446,0.018737918296415117,0.018473260009899312,0.00485141890554303
0.06772013167356387,0.0012939328815939923,0.006738593602231176,0.0012794086181326073
0.017512280149831246,0.005509217466853682,3.567736438033039E-4,0.007737576931445196
0.004316077528456655,0.006986062744931655,0.007527041192651968,0.0020220136890958247
0.01744599423772281,0.011057689931557502,0.006521686261874139,0.009874994927405865
0.024047688609902966,0.006082050284084482,0.024181915133369362,0.009229094431609807
0.1087040416808696,0.054195412575458936,0.007512451482127426,0.005437296950503983
0.02966209734737474,0.028518304920920515,0.00751557154873964,0.0032122199272441865
0.009239634603809619,0.0032367584264571952,0.017225901631262468,0.008034525036593902
0.06500070535060778,0.02227995229766392,0.012568568591981206,0.016672825400961912
0.013297999841968108,0.0038444046858589088,0.0019386370303011193,0.0025136887828716044
0.053674019333225804,0.013637570615572137,0.0020957422382893373,0.018832276393173693
0.03358904010055481,0.019563105318083685,0.0127149171224005,0.0062791903289863855
0.04737493678553589,0.02393684583035618,0.02764548945793327,0.006359073947136952
0.024119129144273818,0.002712163436976705,0.003082110095944991,0.007892659596519752
0.0028635350830873234,0.007712622101445851,0.0016760330068515462,0.0015481115676117354
0.014658349802096076,0.0012539757339966027,0.02000074523245818,0.010608359115944693
0.042075759657181036,0.005792285648466918,2.314035541582211E-4,0.019567071153937035
0.058424625766147334,0.009040773875295947,0.008901608810990959,0.016348280457425913
0.009779341671625067,6.303218464034785E-4,0.0062870438282413305,0.0028002019458308134
0.09316480648406639,0.0036081323693543965,0.010819358485078057,0.0028934559988334873
0.0016846119863165676,0.011740928630605149,0.004117242221808306,0.003738166327630236
0.030549812626785605,0.00656815174342698,0.020649417732867534,0.004473922934079642
0.034835690176842765,0.02206551678187656,0.009186478458604916,0.019705430991474135
0.21211643133035119,0.07970350143104504,0.0047635849005783345,0.0015900153934715363
0.035611294282503,0.020187820191329642,0.02615322583817915,0.013272678632043743
0.004118039490954684,0.0076448113285905,0.015118657607719197,0.004523315288048396
0.0013639095146096036,0.003557935624395551,0.003031363455950729,4.5521234225222675E-4
0.05618439245167007,0.024747339486025997,0.008010178415600068,0.0038177079403905983
0.05801031791567585,0.014568058183297015,0.01061050517640565,0.019102324338653554
0.056349862303676564,0.017276807266555706,0.0030944060461599093,0.005948207772182231
0.014409356806757043,0.006085788580874594,0.0017398481245848277,0.003935439466450399
0.00946420433809273,0.011026146254432208,0.005795803835187887,0.0021152754583644716
0.0028573212241425447,0.020043553510546347,0.005638064701349471,0.00832113272317809
0.01332651451938837,0.029293209290956457,0.003326103204572402,0.018504077332233
0.016560718231857414,0.010735383302859893,0.004010982376127415,0.006742658038360709
0.02060055943373415,6.77045755113132E-4,0.004828571798058524,0.012840417216290291
0.006332419274501252,0.017933507560817498,0.007972296516093396,0.008703557003382231
0.012488748583811509,0.00433297817335608,0.00344159571862517,0.007573401498506065
0.018258301239245368,0.02497615623486966,0.006188141357334669,0.004797704186296623
0.019347975856796568,0.003448493188513407,0.005588176523242716,0.010571625217114333
7.248855193163495E-4,0.008259737068544663,0.004049610846969095,0.007693500812095048
0.005177334496502662,0.0026692891207496195,0.002094594544882765,0.009819012728675932
0.1970960300760832,0.07833930931006501,0.003099996520400054,0.00343808728097816
0.005688083113442801,0.004000228417701484,0.005056268297762167,0.004051053495030446
0.007958781174037477,0.005295390403638958,0.014378245799407358,0.018101349375702784
0.10436636705837095,0.0036810413535802045,0.014065155924328708,0.026683554583785008
0.02732786418395227,0.0025317259981030107,0.0012263607528677225,0.007496052404787186
0.016951186455708173,0.006045621642893777,0.0064914615687738575,0.0037563573582220324
0.06368535558561354,0.01051076404524404,0.01528924532262164,0.001106921272029501
0.04484540492718743,0.021502047284000615,0.0020912014166289926,0.00894269658271577
0.0013987074811704185,0.04519542937304662,0.014673229974903085,0.006207756154415531
0.047230948736810524,0.02233159979202742,0.0038221841395077436,0.003881665414722909
0.056983513747170866,0.015021132319226055,0.02841165415144092,0.007035638268729954
0.010498472722748831,0.0252112629271794,0.012174387045509038,0.011362355893153658
0.012900961145382046,0.007067020771958176,0.0014998400416718252,0.007698905066576944
0.006197988179221955,0.001773597517779292,0.011918757305298424,3.4538517689383706E-4
0.0036069720492723787,0.011271132368090379,0.006324293460316044,4.8405729319698354E-4
0.0340720195028977,0.010728024357831933,0.003506976947514474,0.013457481487269562
0.035475232932886056,0.012731855356449776,0.00562207357103916,0.049901821058355375
0.03168351734169726,0.007021027723173453,0.008747583531401983,0.0176398966580843
0.017060344196215015,0.004921446602010432,0.0011666397380240593,0.0021682765793306098
2.499424535507957E-4,0.01799542900269644,0.0012516882976500226,0.002255947575823707
0.012869787477708667,0.020540308860152356,0.0040032589285451635,0.013375804442866462
0.016169441822724853,0.004611564426064671,0.0030940884218114677,0.014110432780743809
0.04770632408580689,0.020298935692420608,0.001930896286235527,0.0010679003217587248
0.0682838669816215,0.001698120419859712,0.0011734096531397138,0.008075399285988561
0.03920125695533743,0.008481046854386137,0.007852812487942153,0.0027875505768512722
0.004660341398420241,0.016289601295657454,1.6096745117796863E-4,0.0244920404011118
0.07167654690389487,0.024973078688771872,0.005437940966111364,0.00911929812530291
9.051755952740188E-4,0.004722908097735953,0.009680591651125493,0.05178219534299618
0.08966009281870564,0.05906020133505028,0.009344231727384546,0.00821113962016733
0.026505418893521294,0.017362405281022054,0.010919828507322104,0.0030821901809968276
0.031823114080837794,0.007662697236383855,7.849195939331519E-4,0.011861961428001321
0.006052258256174484,0.04763667548453522,0.0344703281446349,0.028534020745379512
0.0021581091553056707,0.022407540065061366,0.006298115597076386,0.015266909767127464
0.037454142695542536,0.008985891617886895,0.028343552667395983,0.0035327026581197496
0.038351169859586524,0.0026867050451345846,0.002727057050909878,0.0023850779846496853
0.023138603700657037,0.018633744318664498,0.0026002090865968703,0.005241906868645283
0.05618439245167007,0.024747339486025997,0.008010178415600068,0.0038177079403905983
0.01185594658848154,0.00928160031728732,0.0017272152459821078,0.002439682569136637
0.025510639066150868,0.020411239978818798,0.0055067522446373505,0.010897421623437861
0.06798604380225753,0.008275603947215302,0.01564959218084109,0.0026241982866230663
0.023297511609822786,0.015331776736032747,0.01992863377636352,0.0022387654268788137
0.011235985336018812,8.083572248607776E-4,0.00898158159530666,0.0057901630011331475
0.05635292388541287,0.021852673075448616,0.010026562068881754,0.011796689621548555
0.059644840022649484,0.0025533649857472267,0.017569193699965936,0.010766138088987636
0.008136111154504713,0.016241913336295443,0.004936607921972791,6.508940204515886E-5
0.1455156411816109,0.029413260611223294,0.026522794468871493,0.007314728776594178
0.004727564778330554,0.041696130961054165,0.003794872556596964,0.0016019653502088787
0.029687816534232428,0.019960780801997865,0.0034338562397874563,0.0030831230069347355
0.07109233398191661,0.01830878207651861,0.013883296230133863,1.9959489887047083E-5
0.1809427626531705,0.042919251609729196,0.011261206981019106,0.00766346348010087
0.042536983811285387,0.012030988734437543,0.01485260489350959,0.021776332416157666
0.0429495932858807,0.04614821233620509,0.027417946885667312,0.015488487112931645
0.0450028535213238,0.025024042033376742,0.006527972071794869,0.011997345840323102
0.01597678182397413,5.915634822039577E-4,0.012618757900027592,0.015294297180230624
0.02862794581944901,0.011291614294441149,0.0068105945075124,0.004115237199737985
0.003161968745306843,0.019173564649745487,0.008818314054644335,0.015551372329134242
0.07427457887766856,0.012904142393119907,0.012849835069045428,0.012878015237786306
0.0586415497432789,0.020530806963605538,0.027447593119278735,0.008153483768067933
0.09278259846638304,0.006452406856329993,0.012761695755206796,0.0075856409004133
0.032548240116439114,0.023522210008099172,0.00420357539782375,0.021062273912741118
0.013748383020269803,0.002655249067178796,0.002040650433379967,0.0020198053940798572
0.06621040838341223,0.0029915342937103595,0.009339477290733726,0.017177201494341588
0.05734811811872853,0.0022655906979859,4.62997300472562E-5,0.0033345277125338434
0.05840777070374055,0.01838762818288739,0.0038175707142063687,0.006876166250764988
0.01050100304661203,0.007848763014537524,0.007713331418556314,0.011959327447397139
0.040578552863457525,0.0065749137750927686,0.0034141969861503792,0.002161443393466857
0.04022006399156617,0.007497612233523372,0.0064832936066532175,0.002564676079353773
0.08373544025936404,0.009743943960686601,0.0058968409937977685,0.009644483833073217
0.04877001933481411,0.017678787152951327,0.00415212216086118,0.004464322707540907
0.0043690989615701595,0.013278519645797533,0.016971483787965994,0.0022759274420666247
0.037919591576567185,0.0017211358232136049,0.005281708439085086,0.006824694013276013
0.007321774969130411,0.0026851136451348893,7.560014769943509E-4,0.012232512938486583
0.15598328687283328,0.028863883574776542,0.0051881664159015425,0.021579777539783924
0.006338011987381281,0.007785667471628812,0.005406912666327638,0.004766612859017353
0.0194072989464446,9.390213061226039E-4,0.007366917081930182,0.004811849314242236
0.0792489502453659,0.021287237995570155,0.002590981363191323,0.005303812535211642
0.012588948878952677,0.0231269972207061,7.289786626339377E-5,0.009853537791296206
0.05119132843065684,0.0036439474726270354,0.014244861436101175,0.015826715106099745
0.01233657856553869,0.0030497373925419805,0.020268055182612085,0.0012836712102626587
0.019413226707381305,0.02549242267340954,0.012123720921726179,0.012318113537013837
0.004623649970538303,0.004932444714985539,0.0036519385551308575,0.012771794282435908
0.04071800331896924,0.037774046451970224,0.0019042337400470085,0.014060302916583212
9.44328398064913E-5,0.0017912908065071788,0.002216099312757819,0.006239402474624062
0.04356537935144294,0.004823405731523857,0.02284208003804653,0.015674538828347042
0.027867622097224855,0.012437475024140585,0.0039551587887384125,0.007697789383127964
0.09809889570472327,0.00580518549032078,0.018838216290755515,0.01699144012563483
0.028154075585389342,0.03361996928888583,0.0027526489923401995,0.019147404430670523
0.04009206206049595,0.017518684550633566,0.013303554896431981,0.0062941641662456116
0.08355389151529513,0.02122285601542556,0.020975025356099852,0.0012687327344685093
0.037055531484115695,0.010323367370865788,0.013586753723066912,0.004208472050886991
0.04609375371875139,0.01769751025410009,0.004190094393477061,0.017364092316865302
0.07084835645902544,0.05280250494409603,0.034654081973279544,0.005058747178059419
0.02004660473234171,0.018767698440708972,0.007048304164300339,0.0037673457356711478
0.005212829380100098,6.391958713063677E-4,0.01690525407190598,0.006414778509019072
0.077263787454846,0.009491375964515294,0.012135966277873061,0.003682302646111151
0.06640858352495767,0.001184906870249823,0.0029593637849742458,0.0030151282577977902
0.00343572673418196,0.020281700950961712,0.006650244375122066,0.0015906554506133106
0.07823269168585087,0.016828113452817785,0.003737138912604156,0.006497632458471473
0.08664012023780188,0.005146570604945353,0.008020688778321882,0.006845219120037492
2.0881958759258243E-4,0.00651715173952251,0.0028461266196893125,0.0029291171799045042
0.017258303989581576,0.007937710852281654,0.009694783936850887,0.008625939982483264
0.01813895298358348,0.02346143256307826,0.0037433552664929816,0.001664185034069328
0.09981260483212433,0.01769025916592208,0.005984875813706179,3.548959821823402E-4
0.039793866379878806,0.006700077290780069,0.013869180031861819,0.001989101812737275
6.28826871177902E-5,0.004510300236437199,0.004424615569258513,6.389275207364251E-4
0.0033587440830131748,0.002643981405728678,0.00253875933064814,0.013912850178763262
0.0359440429185396,0.013636575591452208,0.008844504454179813,0.011832460896074691
2.0881958759258243E-4,0.00651715173952251,0.0028461266196893125,0.0029291171799045042
0.053559612745416305,0.02723083908565732,0.00409163326249054,0.016754004387465302
0.02877806292899225,0.007995903596860842,0.014777157402157409,0.018714212292592677
0.047957133972079395,0.022359411629759986,0.02128796476275854,0.007313845274348601
0.10702874828848082,0.03547650959500061,0.008919646510679767,3.674875449620801E-4
0.014591256809505673,0.0033260959169806666,0.02090465667767878,0.0011215481596308912
0.0046653220005597905,0.015800632780038106,0.010784737477686004,0.008978377830181393
0.0734516169586897,0.010903283373247707,0.0076594258512514566,0.006820922953647016
0.038741904539964914,0.01901738682743902,0.006586341093127745,8.123973230169419E-4
0.005988990882131639,0.0031691325033866,0.010667971943519365,0.01140211428201075
0.02829922822554529,0.006247408959000209,0.018062430283355666,0.0063890076015800336
0.004377384707062291,0.0018397083530082858,0.00977743191163641,0.009983945640046746
0.004479926378529844,0.018312338103596375,0.006080331942569252,0.008446341379634773
0.1861844474593364,0.05677551808185007,4.6684873415865624E-4,0.0037104845681347116
0.004318211441366422,0.010930166984749568,0.0014759344459643227,8.582864364478506E-4
0.046521823896168636,0.0031550952933024107,3.395713100828721E-4,0.018716762453452305
0.039470566183427876,0.003615527836385185,0.0032277971974401863,3.1436617525973045E-4
0.01590906565432005,0.014193930963993613,0.0146559104131836,0.003985128562419977
0.0937675975536787,0.009310750069869015,0.0022733149224451786,0.004737608347352425
0.111430005846061,0.009017253514649336,0.014348713561526092,0.012536056361073451
0.022902402597466266,0.015312747605767143,0.011074967419255413,0.01151734009464061
0.05448860794089729,0.022016608048106994,0.0018013227531867837,0.01745040972071775
0.08001157733801682,0.011629573984815109,0.0016629402860127325,0.007043986918026021
0.006243145171085085,0.003282646064476544,0.0027813142581344886,0.001899016173520214
0.02291751116379024,0.001480072769791535,0.01888020285545692,0.004016577209298913
0.0028714866502927974,0.007841846013741357,9.085335743764039E-4,0.007099513746694618
0.002405659134965248,0.0021968184156084076,0.0033805078548169772,0.0020603264132492013
0.09375663056930404,0.02373260661062231,6.776466804736454E-4,0.004115880724685261
0.013078083851421528,0.011604007971041995,2.58316627841781E-4,0.0033408224653178912
0.07104035252718423,0.01093003279827053,0.0025501082399429797,0.021451950329359204
0.006380608837388377,0.0032836715598842984,0.006671276946829155,0.0030392647049358027
0.008510295229665487,0.0025701254309696423,0.007576590354471995,0.01111444220720425
0.07181010283786261,0.005159633479355076,0.0016459105388750802,0.015866565742330255
0.029612946573707267,0.008155782202672882,6.576433833708109E-5,1.0333538120398743E-4
0.05371568117386756,0.015878401429516423,0.02351691996073608,0.014692905057728217
0.08963160515551494,0.025330632083051093,0.005019956939396768,0.004523577270593863
0.0724170267158166,0.0016006689756034103,0.0011137140760053594,0.005947193435488772
0.01138773239221225,0.0021631545833764114,0.0027028915039657765,0.0036738912802681246
0.0041286499317650235,0.04035067217581049,0.031840534062912325,0.01480635889099946
0.055949276763956016,0.00817820874729292,0.013778244537627026,0.0050658987637190196
0.07984013029408636,0.02421754529949955,0.002988509683885181,0.009536689914319446
0.09525651102554733,0.014772819269462138,0.010417408239819617,0.011803526892472127
0.008083136783447147,0.008478805181082724,0.004590292545705258,0.00887536832078235
0.0055410192075637296,0.003701500332140891,0.0018854184170552259,0.010099801763294643
0.023617023704829744,0.009548141457187813,0.0092158838720086,0.002955939203835122
0.04150197069396888,0.005571651589737342,0.004045288198122377,0.004256852559322102
0.02797536924014681,0.013328874533979525,0.009819421158209992,0.044136425033974795
0.11752446397190286,0.0064357030562948465,0.015236221673274264,0.02095572946288485
0.010568605076895573,0.01132738607421392,0.022079498451030844,0.0202559425878733
0.004361214100049209,0.0012452099873939187,0.014505907665482976,0.009730273537097264
0.014736552853050339,0.021009371146666463,0.00355650069268407,0.003531227264632571
0.05373627041260036,0.002086618167458736,0.008223556805015018,0.016654787416793795
0.05773858869918011,0.01899760797878906,0.007420357957350194,0.005964590125428459
0.06010545814603784,0.024396112596607473,0.007140689637863001,0.009771356592154277
0.009532275515439463,0.04077012553781366,0.006753351344397654,0.018403729052240705
0.01716737752709006,0.012920011051850123,0.016349171720774464,0.02200970533751252
0.03599867690292571,0.007240509455738613,0.01114033760438944,0.014027816817917066
0.02334746256332961,0.013916478606541232,0.0222906778711594,0.011465703822419824
0.037919591576567185,0.0017211358232136049,0.005281708439085086,0.006824694013276013
0.03131106471731601,0.0029827006620255403,0.010295178213415029,0.006873368366734245
0.00634584994777041,0.002270687306099272,0.0010212817597150714,0.011789870891668424
0.07002777025293075,0.042877061380374594,0.012456366486521467,0.00502482650978933
0.0022468485582042208,6.278975281807268E-4,0.002483888409574821,4.435016691720152E-5
0.0022224100469375326,0.008580354227266,0.0043607786112015,0.003256523662934794
0.07867758627732956,0.004686185376182703,0.019255959307443896,0.014112213848868706
0.020203337569573016,0.0015765835812376657,0.005589593851460214,0.0011090821602089227
0.008151581955590764,0.008393022986455733,0.0033834849534389883,0.012366554456987477
0.0019456010787073038,0.014140725511163098,0.001417329383747446,0.004904761666480659
0.07265049571251145,0.0120480658644561,0.0025512562143870637,0.006210607400192812
0.13064128513684142,0.004530172720047941,0.0029621920393959962,0.009434940657488148
0.01576740915539823,0.011469378341156002,0.006329230233845037,0.02192685780416546
0.02067506071129688,0.0039065811789291815,0.014281764402133195,0.0038785267006228364
0.04170270782078278,0.02423839300969011,0.0012318082275293793,0.015699003458003603
0.05582052391520827,0.02042776584553589,0.010933656183126361,0.0032855728503705718
0.13688739453263304,0.0037838887748954863,0.0027326851456979653,0.011370659397615633
4.5683504667949534E-4,0.017720351379821715,0.006469880537156552,0.012428153439672981
0.002108603978089689,0.00842129472200767,0.026932167681308197,0.011270856482594628
0.02818374449277556,0.016511314218074776,0.0031303957197341397,0.00657774927584832
0.08862631582205603,0.022879123935555894,0.0028574258143214217,0.01300955403196736
0.008760146273952524,0.009438411883998788,0.012138787960930103,0.0057617845125261255
0.066030081771289,0.004857823663430185,0.008239693506052626,0.00951258723538102
0.04349762657787451,0.029602500936264965,0.010177235269891647,0.01045388409339171
0.09527218445149897,0.031783113235514915,0.010612295386348565,0.00537457645016249
0.0376719592102299,0.003001447156028308,0.007864882045131165,0.003913150349108451
0.04996400234596535,0.006014438724087341,0.0023971252671191605,0.007460193781024879
0.11276818227538986,0.013236090337933028,4.709915665010735E-4,0.010120776602006689
0.012944087189297604,0.015572534552410288,0.006132446077532622,0.013526649343183848
0.006650308148558868,0.02525441014495143,0.012775485872736378,0.016515234716508488
0.040557880062186365,0.013612281280396316,0.006551548690434411,0.011826771795907054
0.028141032190171462,0.005136130302374254,0.027016914790432868,0.011842904223366901
0.006298648394694803,0.018468385980750828,0.008424555827301953,9.760924725568458E-5
0.0019795315511135165,0.013152058357423078,0.003108746839767218,0.007609040657117328
0.0012661462778781898,0.014980253494840834,5.478265150387913E-5,0.0015377057662914178
0.06639285373073675,0.018515459677126162,9.166203647683298E-5,0.009228086087626378
0.009756029501226128,0.0019014120980292845,0.007121481596559896,0.009420007788859116
0.014658349802096076,0.0012539757339966027,0.02000074523245818,0.010608359115944693
1.2083819498553778E-4,0.014150082595357022,0.014490887076910998,0.023068975114319448
0.11471758847481225,0.0046251876378119085,0.00821405128537012,0.005140638924544282
0.08333919378553363,0.009445436362380858,5.178788373002834E-5,0.02502042545810449
0.0408561562707042,0.015850890081621674,2.1906960268401764E-4,6.196782350908714E-4
0.028798018182943818,4.5749163614321225E-4,0.0013674376828459462,0.005323063384926471
0.01880896881063247,0.035120213256487925,0.0020592252853334696,0.021006989251432896
0.06791679162922477,0.009170159622972067,0.004642484174943805,0.00551119579828724
0.05144480893798906,0.01413399515173438,0.013509785300348956,0.008088691207336721
0.19958722154981146,0.04558159394429367,0.013303244080828704,0.004255340500224618
0.0165107824923175,0.013109883244705769,0.00179145094915749,0.006950657018078167
0.00833933727238263,0.001281613707681661,0.004967884844838346,0.010325056467811778
0.013140061794745323,0.006259519586529821,0.016124787369572513,0.00647757961072181
0.03562775271009067,0.009024674409080011,0.006259004848714966,0.00946320064433464
0.011231280771906316,0.0034575923948880335,0.013886723174628449,7.367627137536276E-4
0.18551158290667402,0.0664338020661994,0.0010842232210762715,0.009059186918221902
0.10430643279164369,0.00872386162604011,0.015360845145051077,0.015088093404391142
0.011930155791203309,0.005264815409062152,0.004107975043624177,0.0057954759083724905
0.038015736031288785,0.012563322728000382,0.0014930065776271385,0.0018022434613521733
0.06904820640902569,0.01936541726774638,0.009219946095745196,0.0021392263678470702
0.055122593103187886,0.001630336882399844,0.005101981863336014,0.012930779025711213
0.0010584689819206437,0.02073743676694205,0.0044859645087804954,0.028315676058441177
0.009131876622233805,0.009823597059296748,0.004938890998249897,0.010466960925800059
0.0691296566552965,0.01769135396299868,0.0062187522419927446,0.02083336913851929
0.004431445619578981,0.0011696994114755845,6.269470212381002E-4,0.010885059234935164
0.06907901869485218,0.0058502032409282045,0.014187589179717668,0.006610050771446116
0.010568605076895573,0.01132738607421392,0.022079498451030844,0.0202559425878733
0.015980719789794463,0.010413590242344064,0.024228390982547837,0.006155419567237725
0.07213666042613603,7.114417519119393E-5,0.020975090736461425,1.7477913160151826E-5
0.055153812618258226,0.013642133981395464,7.069827800090744E-4,0.0143325105412966
0.011999397643848856,0.014717347944049164,0.008909906226971605,0.004344508996507637
0.023741306062505924,0.003123748169517083,0.008207732214244614,0.01271854924189341
0.022280647510211797,0.008353076835758654,0.003833076395764729,0.008063678042310856
0.0174950530746041,0.001645191235409157,0.0019162955085688421,0.001239988249483892
0.02177987427973852,0.017900448278593287,0.007110646858719348,0.007487440051697864
0.009175574538630422,0.04462833344190169,0.006204394159202159,0.0035791711178395362
0.02732786418395227,0.0025317259981030107,0.0012263607528677225,0.007496052404787186
0.12118328033818995,0.014328266473604405,0.013895923535612417,0.0191392412437686
0.04916479542065951,0.013987792278183543,0.0010202453587946914,0.007602841632345849
0.14222018614033377,0.016830363421617613,0.007332357366305362,0.008895177642456413
0.02584622241054151,0.012736731592399754,0.01861713808561248,0.02334658433791118
0.1153223595736293,0.0018328478281186395,0.0067029040308644525,0.002218633817480457
0.016500013629102996,0.009491063394106793,0.010731921420433787,0.004498668256623815
0.006198467683492812,0.004528681398654835,0.005290303731348162,0.011646900372627243
0.06967743835871539,0.00504758196942635,0.0071925191464478995,0.011825027081260963
0.006206127193179451,0.0068987339693897904,0.0023639970155234285,0.016036324139060403
0.10041153163389248,0.04854366712310988,0.00884992564159354,5.179144815260309E-4
0.08837445541081874,0.04929655027732122,0.007282710040784057,0.0013011102183015848
0.004471839172303976,0.005229949436584412,0.003778391753010774,0.004058575305818709
0.014803178027124907,0.02563051444353112,0.004731010244050438,0.006728774749084043
0.16515273870241173,0.006235157663189937,0.002943371311526033,0.005886309455406537
0.20184003013733073,0.08335332496315014,0.004484965651170637,4.5182758487627076E-4
0.04806180956808574,0.020518828132358655,0.0017752496012175163,0.0019494752461553873
0.05733242238244426,0.015703124536746983,8.958625650759582E-4,0.005102652837461233
0.004991994536001909,0.02161142806873931,0.007801209577349938,0.014400080293210608
0.03250490454419207,0.04722356272420523,0.00990115311328091,0.03870011986217883
0.005578359381998818,2.7892824538489855E-4,0.005163247528318777,0.012116415401740509
0.026428261249323088,1.184044081259483E-4,0.0012837254509010891,0.004308206999051917
7.361917591731795E-4,0.0036911899917849655,0.015611696455294598,0.005147481154290457
0.041071263157395455,0.0079007209680612,0.019629146900498703,0.01492817771725406
0.011952435516782064,0.019465086484063025,0.0011155905215275634,0.0016875032934573978
0.020323055675791863,0.008581490542435023,0.007279442024525149,0.0016901023225048947
0.0164635416378849,0.0031432917606087477,0.01573853527281682,0.007192106306268937
0.01683457092473716,0.020278817160603257,0.005490113834583535,0.013601159860572141
0.12470378305565834,0.005150497503807643,0.004527359224424575,0.016080810651446814
0.05880567591480898,0.008180130704811269,0.007742146748821692,0.005066059852712997
0.0596938726326877,0.013940338346639722,0.012949904853105161,0.0010010580264275557
0.0028814275497177602,6.021920138361102E-4,8.533743470309186E-4,0.0018174454823692236
0.1091993235459936,3.4006026899380764E-4,0.004407007625460255,0.020909511778332345
0.10238825638525624,0.008511827560503855,0.02988612029353126,0.001091692042526503
0.0956621447994064,0.02011684308241924,0.01667231583110328,0.01022388604706061
0.031805797384236056,0.012675924168371846,0.008864487473586567,0.044926483669346956
0.0858088347819549,0.022126206709397904,0.004039819401018037,0.010313152093684991
0.061704068020373155,0.017828910119769874,0.012576437782984782,0.012468417224821534
0.013883127243782524,0.002779473291533095,0.008142784146310884,0.009878529556508623
0.00966413362013594,0.0028752032170276036,0.01721064609336128,0.009084629532914962
0.09413941925681082,0.007332272408817214,0.02250918476552008,0.010542119796123198
0.0472188699906721,0.00411750479709252,0.002467119628396237,0.002445952575986088
0.10887402031104637,0.007700927259955496,0.004460369255949347,0.004938331533027016
0.05560313583309026,0.023101511647680636,0.008706865609877336,0.0037377747116872154
0.02223556855192458,0.003166985608478325,0.016679153927855267,0.00620212545885223
0.012928172200808791,0.0014140275165144586,0.010539750365413509,0.01049549309960573
0.07967513812641729,0.06528779772925554,0.012683739202562884,0.006585003129613756
0.07725599908132719,0.015134318854232132,2.0450420934450152E-4,0.015892380369650277
0.032492427744009525,0.01663880817526222,0.0021162257749718525,0.013813999723512643
0.006929771479913254,0.001997923241327888,0.001437430064673141,0.0076014066663445895
0.0039970126529969615,0.007953045989669252,0.004568664891203875,0.0022915354870342718
0.03785340498075653,0.009930652332653998,0.01720978378377808,0.00654177420916301
0.01500372763788909,0.010676668978407826,0.00784310224355283,4.5478039596032183E-4
0.01211713401439607,0.0018446790861188706,0.0022523542594731953,0.005507491705059258
0.09049869527814756,0.007176439803199232,0.006294497639121226,0.006449216735099113
0.02508232409915408,0.006359288496451394,0.007918552361259493,0.003515510678610967
0.031016060277333928,0.011958854793310845,3.873909594909868E-4,0.005903699391820922
0.04386534763782348,0.0012360158761269865,0.010255905042542923,3.380546152646097E-4
0.03697257328978353,0.017254867155578196,0.010441672591418327,0.04792268555902159
0.0016779764205146416,0.009557802769829253,0.009423330369335745,0.009705934044582233
0.009694295503278253,0.004977193201063149,0.008239286653544802,1.6162076221173756E-4
0.0358786081052504,0.025599679447255944,0.002671690321219799,0.007848217254946969
0.023690985011607293,0.04181874117587352,0.009047345545581776,0.017546305067343154
0.04510860200739838,0.0017646139256507017,0.006702423319742273,0.009811167442688944
0.014402842093579908,0.04914534700322192,0.02669342085193885,0.01700710220022537
0.018934652603743145,0.006442937920162141,0.012871461684116264,0.010627492200108243
0.015902368276761603,0.014065430192960632,0.01686887599229923,0.011768500102946526
0.035872632812604985,0.0114240285301003,3.090306995106537E-4,0.017286869430377588
0.009248906045505437,0.0016063417067227574,0.001078723575815863,0.003251908526107531
0.06269038389555655,0.008956007037258686,0.001217869385758919,0.018793440579636722
0.04976395036970854,0.017245056443375262,0.007484030710708494,0.003447560701949316
0.008902835564643432,0.005155422044861286,0.002891864263358582,0.0029287804557667526
0.017733207516367255,0.019317370887662808,0.0033390813437512894,0.006296580032887596
0.15575907320238766,0.0011602727043099432,0.004451566172264461,0.014497038869411318
0.026530021731595337,0.012803960473097177,0.0011094912277716746,5.679143174760641E-4
0.014142894655921523,0.015478345464515228,0.005462692403529226,0.008546856985790201
0.035853201729668806,0.006555988799766649,7.445712638841447E-5,0.0034046337446018205
0.027195450526464854,0.010512549828509014,0.007070215889590219,0.002295552549367692
0.0676615114116645,0.005677785141997171,0.011510069199496773,0.007246073652081593
0.047686900508771425,0.027682476466020758,0.0019142515298369305,0.013112673495923433
0.00805203707507403,0.004157246152698879,0.012719317103241045,0.006787116780956764
0.030473386446655665,0.012581652474946718,0.005055233629488001,0.006955836685921407
0.002353790576527189,0.0012551034946002714,0.015980047459285406,0.005622239727067511
0.06626507603333938,0.011267999957957266,0.006852944744998907,0.006989837920955857
0.010520206965228722,0.003637370542110727,0.001265239270102359,0.011821270368441605
2.1590130057965598E-4,0.01701466503115812,0.013411263170400886,0.01103218074663012
0.024508940546455076,0.011946207552791124,0.008799180392318405,0.006855899920380619
0.015702300300601497,6.76859734097162E-4,0.0046735780710231815,6.41480094130804E-4
0.07016526213660071,0.03611015197420857,0.008953513721886663,0.018765337346777402
0.058167145799599404,0.021168526742461547,3.681005305537875E-4,0.0035041925384506206
0.0062332919958985105,0.021067116694870477,0.004605178225532461,0.015054442566758622
0.1002432884373223,0.04714297625651796,0.010331833292553994,1.3704692348582429E-4
0.034813243873803544,0.014296574006273242,0.011222253551756772,0.04752941571159106
0.03190306487406754,0.03210648711390275,0.010641026532671188,0.01154002780465943
0.021628490613745225,0.010812882719123841,0.00944225640842072,0.01791059309032366
0.062012140635668754,0.030336140648675833,0.002687472582354445,0.03012894612502073
0.10924791626970305,0.002878771010610756,0.0034812392563278623,0.0038814096470242746
0.08582315410951287,0.02019749802847425,0.006207577068101551,0.004112598671255758
0.06744857710764832,5.995041886050984E-4,0.009262285713470972,0.0065635572418726055
0.0542774008548527,0.006627803811013623,0.0072325540981245835,0.008225942339949577
0.17496929287679713,0.1016231477526594,1.8318530944908212E-4,0.002613643180402897
0.032082604118725204,0.022268760944486043,0.005318283514602907,0.00690087275158846
0.009406308845141122,0.005667323752417116,0.0029444164438102165,0.0015835020714164082
0.013120221249271454,0.03865000722787347,0.021369191797197058,0.02830592140078958
0.06650422781043279,0.014734306647667497,0.022209863491533983,0.0327530343933871
0.07594723155160342,0.004080547633218781,0.002645520073455907,0.019974392034460723
0.06500070535060778,0.02227995229766392,0.012568568591981206,0.016672825400961912
0.05755229713218718,0.010171390669418696,0.013047728117418885,0.010486874665108618
0.13044837731372438,0.009797374735729553,0.00305551788973505,0.020275047113654156
0.011158993745331382,0.022344164741625854,0.011042159154752741,0.017050749890899036
0.006845748897255665,0.015010146556418877,0.007701216639723665,0.0023121588539633583
0.09940447828230192,0.016669254626355223,0.013983755487711783,0.029650830218076882
0.044050568924918106,0.015635820756528807,0.013118902656641746,3.613506615502697E-5
0.08822254022640784,0.0015262236760413077,0.019062912177346427,0.010542638957568212
0.04930169925686665,0.01117821955703979,0.013192959890677114,0.013312237557144833
0.0910192040217735,0.006452101598001476,0.015513856419800982,0.011399360523731283
0.03523490310533377,0.014454663234120275,0.007944539844697179,0.01642508055795262
0.0432008337320074,0.031132750524225563,0.011788016344633579,0.0020119386944278755
0.054042384944603256,0.011335227803837158,0.005200550041608762,0.019259938787626777
0.02516467561194758,0.0034695991352936767,0.004635265932988548,0.007418512085253733
0.06971190075856684,0.005395785143745422,0.008282094883005168,0.012213397299893035
0.038015736031288785,0.012563322728000382,0.0014930065776271385,0.0018022434613521733
0.08435022907957675,0.014231449257365502,0.014804591083765231,0.013279178787172
0.06261104553375561,0.006939941003140956,0.0058031863194788385,0.019604426376080387
0.044798531188066475,0.004421396039737427,0.009739761524449655,0.003279947309696968
0.07990153293654706,0.007967287091944357,0.0064015827464987745,0.006322120160405508
0.06647213312170618,0.006539128609479133,0.031107566712996266,0.011575270672438326
0.03918366566392215,0.01573356653645538,0.00263255147616443,0.0018658462187144296
0.004516571395247918,0.024573531705971263,0.00626089086688366,0.006118586172592291
0.02145092166707544,0.01881869151463099,0.00692649961279858,0.04310031773127869
0.14843095896641856,0.017001251204649726,0.003866000190890858,0.015011128782607542
0.03745713172181242,0.022778653004658363,0.001564522711359692,8.176465374795772E-5
0.026961971810914843,0.006076790769224829,0.005198113168540461,0.00556909226091073
0.01332651451938837,0.029293209290956457,0.003326103204572402,0.018504077332233
0.015696254274274405,0.0028955938548420952,7.260122830752895E-4,0.01147965661863287
0.012385661497686211,0.0036264929902158176,0.03494702288603074,0.012900155222284713
0.003357131321845269,0.0071446446124228576,0.0041972156079158295,0.006010881804204256
0.004594877223388792,0.018439135613929448,0.01659570169525225,0.008764426821655881
0.10820487595523628,0.008372707280792485,0.013825986920000075,0.015094559419821305
0.044791196461389744,0.02071357899271522,0.0020002897402947328,0.007724818992078113
0.07915142477885355,1.6860344431176685E-4,0.0233071126471657,0.0018294427539238564
0.02379076871075593,0.0033632479857372676,0.013384251651797293,0.013031144941156434
0.00287215802748339,0.0013720756431219855,0.0013569612296882568,0.006189005541687653
0.010299421883877218,0.01266325831570169,0.017376467717426857,0.0134367952969232
0.07889122130030163,0.01617976165977483,0.00964691411776103,0.003407315562134275
0.008194825698903728,0.009196863392188856,0.003672773179933467,0.013029614641031351
0.10190414306362636,0.001454020402679929,0.017120066431496626,3.229510720270112E-4
0.2056292997166836,0.04419240548430423,0.01502724625386821,0.014257849328974927
0.05662695563649552,0.008834897398357371,0.014662990471598794,0.028399241233441938
0.0020675110417021107,0.00538044676964739,0.004386442966697554,0.006426678206008548
0.020685660528367476,0.021248644428465833,0.010858425171963613,0.0013063705293203207
0.040907260819210756,0.014162038000304859,0.01019598922576097,0.0038716975746123272
0.07105420431518938,0.007909062157434928,0.002782275344936099,0.013837804072400702
0.014385533600194901,5.520703994175367E-4,8.679009656427289E-4,0.007148310758232696
0.047686900508771425,0.027682476466020758,0.0019142515298369305,0.013112673495923433
0.007056443310170834,0.008830039720250375,0.001863076530574484,0.00588231276132779
0.004672454355345461,0.014234405169199561,0.00668629848182101,0.02063446959530614
0.1809427626531705,0.042919251609729196,0.011261206981019106,0.00766346348010087
0.02851737055395888,0.005055306534179223,0.015373619075094455,0.015287639014436494
0.033008086555839214,0.011743680275134708,0.0019257889355302296,0.002153564125166563
0.030473386446655665,0.012581652474946718,0.005055233629488001,0.006955836685921407
0.0021686464576096166,0.017663600299868316,6.791746604427179E-4,0.0033395783272549533
0.012327243812332663,0.02405856848751636,0.006028312460337432,0.007830964675276933
0.005614597339225882,0.010402410231991281,0.024737529283636026,0.005835050313770707
0.04705201378672374,0.004235130044761419,0.011953152689122112,0.003305011413337092
0.11065692895315661,0.007202634864365572,0.00784416659851331,0.004968074064436453
0.09096168728009014,0.06301891921728658,0.014260269169080327,0.006482279605823281
0.01851331201559263,0.001299571769808427,0.0038810398540743167,0.004463901063596205
0.00946420433809273,0.011026146254432208,0.005795803835187887,0.0021152754583644716
0.006084748495985632,0.015117219236109265,0.004385928166094,0.001321650539415932
0.024437415833930443,0.007915033159576847,0.00898082618626221,0.006508576186378384
0.1004266029497648,0.06219015758047309,0.009549656318657953,0.006390417543336999
0.04172111938981818,0.008784912474942298,0.009208497998614229,0.007943513216522558
0.01615588496936286,0.0071745417748327696,0.0023964863816586437,0.007089643223031217
0.014045697843111946,0.021917741203957616,0.006979132234857097,0.049338486542052626
0.05235116161317546,0.01798398087006447,0.0013698652693170217,0.019010560222786486
0.07429666582376389,0.020095924149553693,0.009641070723294317,0.0016528256257601903
0.0011064432887333106,0.009292983648239852,0.028957663938292126,0.008239045202332018
0.18189849497861457,0.07350254431206645,7.872512779449932E-4,0.002864052538999542
0.009735522493320683,0.0011814884402646,9.779598401145216E-5,0.004941441162177864
0.18045105679788817,0.021910741522235603,0.016980886068515003,0.002805010165643848
0.0572939240310181,0.0051668309424089095,0.010442832629603197,0.005570181681549465
0.055982687969848996,0.031662290952117506,0.007528996589440493,0.009312043968746488
0.13868449808004904,0.01647294216411588,9.128295503652944E-4,0.02592742627671091
0.2217809705493495,0.07810998387141664,3.990083163975432E-4,0.0019905027797697374
0.02689032710688598,0.02324214635329612,0.00805195862528421,0.006329439878436692
0.03429272542883852,3.0473134220822306E-4,0.0010777297562452532,0.003789363577437422
0.005608972327215084,0.009795346947220358,0.0076167748866205484,0.01027908397422425
0.047225820164740064,0.0061624981410436964,0.0028205438547209663,0.0076456887976511225
0.024842857494720264,0.019954852799991995,0.0036509203342014566,0.01831241236748352
0.054199775802495784,0.0024838493171407405,0.015711662444568612,0.010689245947771904
0.009755784486779329,0.007557594967319208,0.007419863277752577,0.05221031503778038
0.11166074800879877,0.0062948648763691,2.4035640071454198E-4,0.02792016133651462
0.002275988606307623,0.00503630137517703,0.017848646003167025,0.0045861746785654306
0.00916166412900636,0.05202202886368866,0.002575805384964612,0.009251462439703673
0.04132331696569539,5.84005711694808E-4,0.011837657947468988,0.015151883443856144
0.007197255764774544,0.0017591898508072773,0.014544836020223467,0.011759929331714943
0.0860396652822218,0.012656059466063033,1.953133216901275E-4,8.581160035889819E-4
0.017920135304298736,0.01624228156067293,0.005285723877046587,0.008329664666345665
0.011776855540453596,0.03274071101194655,0.0268347757994093,0.00862667083365026
0.021180303073126343,0.020559677792060475,0.011537545706913776,0.04793708057517601
0.10621988738997495,0.014378706439543629,0.008809920459006557,0.011434617034056906
0.01076377540712402,0.04853156900124983,0.005217139907816902,0.004167563563197548
0.05363306663637182,0.02119964695786578,4.5624321178235473E-4,0.014460911245211719
0.023325795779175033,0.011145965431918462,0.003654928903182772,0.0026068225709024676
0.11215357701602631,0.0027363290149078332,0.011965403971975179,0.009769564932253541
0.006020942087189883,0.012619219122459736,0.004731589465852877,0.032143324395328625
0.07402971515237025,0.012269527571861567,0.005552252041139768,0.0037716600250209697
0.007523034276847297,0.007659174767372448,0.010995987227742476,0.010483002180362737
0.0893293571828513,0.0059775890813539385,0.013219431335712314,6.887963364042503E-4
0.011632936811583318,0.0013893867978062762,0.0066471803168180014,0.002006627072196995
0.03988697088003622,0.010455936284392245,0.022293315630089065,0.007665788274656976
0.002246306864911887,0.004656407366835955,0.0012380651371873919,0.0035717666585938913
0.012900961145382046,0.007067020771958176,0.0014998400416718252,0.007698905066576944
0.04201135474142781,0.005290897394750454,6.903766735430009E-4,0.009708118158114773
0.014262624974102989,0.016512060878298422,7.573318007910699E-4,1.4465488141231144E-4
0.003879971799086017,0.049849221730600024,0.006449152053230806,0.0020117339120986123
0.06947662285434388,0.00348605708375858,0.017826124708741314,0.012877132689459657
0.0077086737792171475,0.006945346699462062,0.014075739819982284,0.01604369312442327
0.01630845148421069,0.0025575465894291977,0.00807302265525366,0.016176032612693923
0.0889217894180778,0.00914358020442852,0.01619090216428929,0.012922655883234692
0.07319049729008288,0.0059744117521946735,0.011299556327507967,0.00689776411687031
0.08371946800753723,0.00835486931019261,0.019661595757846994,0.004391156470618498
0.0358786081052504,0.025599679447255944,0.002671690321219799,0.007848217254946969
0.06359162716672655,0.013111971342811363,0.0065934868347768865,0.0038593180022457175
0.009880021447792788,0.012782310821777122,0.0022386301090494185,0.007719633707286605
0.04460489898256349,0.026695107076350758,0.0044638577236406265,0.026239416864417442
0.020545128462038,0.009301252339909319,0.005551440912132702,0.009691136480561554
1.2083819498553778E-4,0.014150082595357022,0.014490887076910998,0.023068975114319448
2.111011660010701E-4,0.002030871518867201,0.002236552558710813,0.008791871511180209
0.007801213101337869,0.001485375092768164,0.007901723141008342,0.013071218866582477
0.06281734930330468,0.01333760619444978,0.008565401811713096,0.0031884523649232392
0.0013326284136747687,0.042491954078255775,0.03266882880676778,0.014864738886373213
0.05803020452509448,0.010488847308494231,0.007873345686166502,0.006347134823063848
0.006498717270025348,6.319105394048023E-4,7.551218358643952E-4,0.0030006665197277343
0.11048265755805843,0.007261128974919296,0.012471792539524022,0.016586884521212014
0.0862163920016864,0.047865613798083434,0.012056935253155645,0.004160519753267366
0.050309175449682386,0.012777128263574935,0.012776116621222095,0.0017874286756146018
0.03005979603067072,0.023291494734358733,0.006510806494329886,0.007233456057102737
0.02711959613763695,0.004194075956096907,0.009638277165019476,8.62128800136897E-4
0.016389770587778036,0.03311796018007388,0.022341522752492047,0.02107142966688677
0.03859570402572872,0.001527044476624143,0.016899205432951744,6.729268191650267E-5
0.1045239704804086,0.004852236590164123,0.024177964376247484,0.012059663254778778
0.002275112892890987,0.0014191592664543873,0.015839453128920922,0.018759382370501666
0.020390342218596116,0.009661717126433733,0.008691991918235805,0.0027897156447521296
0.002314999735311589,0.01007978421244964,0.004999306792678399,0.002493624056606477
0.020007822843408827,6.840734862808769E-4,7.522969835983474E-4,0.003899267535079083
0.013506920993099495,0.003351988323017878,0.0138879993908543,0.024792966325735796
0.08543768410325697,0.005907547012469681,0.013539819941723175,0.008068994125060137
0.0862163920016864,0.047865613798083434,0.012056935253155645,0.004160519753267366
0.0932096175511352,0.007823521941089174,0.010751226210516678,0.011475218173039113
0.053309694343495466,0.022960928436709167,0.013032729118386117,0.003124147169317751
0.0012284219178896993,0.0060905585927368356,0.007339868613329531,0.006991485640854401
0.03554399626382046,0.022728802530365185,0.005421724213795563,0.003507039872057745
0.018292767560113644,0.03924166699213154,0.010123015919194971,0.0015479272646805498
0.11501908337576391,0.005581607520772224,0.0027825265456592834,7.282610837449877E-4
0.030293836764514904,0.00403934207500945,0.0013686959759728226,0.008862894192663994
0.048592779911135836,0.02282594140427155,0.005893875236157159,0.0065528648810452925
0.0023453020282185747,0.007515944635355143,0.0012766119485084462,4.299019905258368E-4
0.03759297492717774,0.001675261156298497,5.669579880846415E-4,0.009124461717440779
0.004597584236263237,0.005463277551964739,0.012220319171666234,0.01383265167962431
0.014296078489181614,0.005274268400145852,0.001148637675105351,7.416088577533022E-4
0.07395526889240374,0.00132190868250188,0.0033968464775689473,0.014513976284123686
0.0024154317693773925,0.004897628579865845,0.0010896213379318705,0.008110107633689126
0.04586968937942653,0.01577446537104985,0.009308994965244916,0.005212735253809582
0.027708248108032373,0.006737400762278653,0.0013191427320702468,0.007938173919844206
0.011308297953988685,0.015295140936251984,1.6778074213365888E-4,0.0033815085228941807
0.00410166596849043,0.0011069365170341778,0.0035685462945779915,8.582343148051496E-4
0.05582052391520827,0.02042776584553589,0.010933656183126361,0.0032855728503705718
0.023878228453243527,0.019570458428406372,1.8101482113341738E-4,0.012761791640351844
0.003792152166672125,0.007443350906014688,9.859347823699923E-4,0.0155100566741399
0.009289614699162684,4.030225308748474E-4,4.2063251503429635E-4,0.005012893213507093
0.019334767100552302,0.009441815085580544,0.003080606841986392,0.006094128836072868
0.018934652603743145,0.006442937920162141,0.012871461684116264,0.010627492200108243
0.06777994790132853,0.010700396310466076,0.014514511165422923,0.0028530209329527103
0.05773358037521352,0.013465449754012952,0.011608164851958922,0.0028363530510713553
0.012621617506276604,2.6395308482364023E-5,0.0027242929439393005,0.004044379201905488
0.039635749055077496,0.020757106014744345,0.009190626913256483,0.015022226638552816
0.1970960300760832,0.07833930931006501,0.003099996520400054,0.00343808728097816
0.07990153293654706,0.007967287091944357,0.0064015827464987745,0.006322120160405508
6.28826871177902E-5,0.004510300236437199,0.004424615569258513,6.389275207364251E-4
0.04832794396958163,0.003194984976795859,0.0029677299678152855,0.005158469011525576
0.018115378011021026,0.019912878078096007,4.6593588305944756E-4,7.032563612819426E-4
0.0021282922936352085,0.0053452858740031355,0.021669967445407768,0.0018847233644632316
0.004170187675702609,0.023158560419371376,0.01829911915840519,0.0018935608388531973
0.07472800762689963,0.014949746394176237,0.004262279078289061,0.012898985700938805
0.03193266969167199,0.02537326872343029,0.006341375107939757,0.023460134245026593
0.032778106059267544,0.0059758094659360245,0.006214328128292528,0.007541552509705808
0.0010623955476243775,0.0013109281482609316,0.009729327074839459,0.014438300655031964
0.004959633193627473,0.0023638505958290513,0.0015460940789173568,9.427788281123897E-5
0.010252529930147804,0.002038874056037981,0.0026741215848306134,0.0014880456875231822
0.04809652042805926,0.03157494700472623,0.0037009463247102445,0.017762677172979986
3.807793695028363E-4,0.009584247561867204,0.005653048104828426,0.014832283649537504
0.026093134866917937,0.005326351599553549,9.833761171619533E-4,7.21219116476502E-5
0.0177006762831501,0.007955947967500373,0.0066991252791829825,3.717123467919091E-4
0.003285991774432488,0.001930623720911681,0.016528028061999978,0.002787930568924894
0.03239192141151579,0.012982030016561305,0.006384564858843473,0.00717819479062837
0.0865690821346617,0.012954951188083142,0.012498990455230816,0.004087315008809867
0.059435108632647386,0.015254812339876462,0.014290264441447134,9.852166670576296E-5
0.005094982548179255,0.0012323370133182799,0.0159966467725371,0.00701932792959368
0.0010161976302439893,0.03763764045247153,0.022621585320504956,0.010641630431016612
0.16323349246864052,0.0674872653278705,0.0013017944929989871,0.003884865992713974
0.05076453033430184,0.029123208298600614,0.0383697531015673,0.018667965310794014
0.02900470051657583,0.00655934518433471,0.004601041240565538,0.010069188808359261
0.015368518239731337,0.00735358830995953,0.005490297072333582,0.010313098083622102
0.0011164768578348758,0.00333569782864913,3.4360077538462654E-6,0.001951470420782659
0.08096133510278057,0.024414447061234867,0.01846596170693246,0.003802213370257293
0.0595347009464869,0.035107686674161184,0.010850002476541755,0.005678571236836177
0.10131492485543678,0.0027233425518457307,0.016630461087692883,0.008187412774752314
0.21545880109109505,0.058604262386919195,0.003923373260289578,0.010322037023371354
0.050309175449682386,0.012777128263574935,0.012776116621222095,0.0017874286756146018
0.07560349527710591,0.015726153045899218,0.0015669421060582158,0.0024958407246104776
0.033949225491439805,0.048105928880309276,0.04024699887991276,0.010793083503271078
0.02483658720863039,0.005686576904463906,0.0033368646194290976,0.008856213718512498
0.003336525318569719,0.018508852415167424,0.011013698457051746,0.006040487939510311
0.0032184634350478376,0.0010973749328785803,1.813690882923237E-4,0.023879951723776036
0.13076143222386893,9.926517573110503E-5,0.004139976181997072,0.014904850581787449
0.007759345175997892,0.005183254093037295,0.0026622592223522015,0.0031847874777925045
0.034233559434942946,0.022496843302489654,0.005593600037332399,0.004724837489331291
0.103738245777716,0.051384624614240273,0.008363333986060534,0.002525366463584212
0.0053764974875275895,0.04067949450068909,0.03115301110732135,0.015156176866597258
0.06813516408322462,0.0041838945513781,0.006943496604505401,0.024321061505501458
0.03599867690292571,0.007240509455738613,0.01114033760438944,0.014027816817917066
0.038872908716125414,0.00966243930609863,0.003952628364307919,0.0015482574380184999
0.11166074800879877,0.0062948648763691,2.4035640071454198E-4,0.02792016133651462
0.004895060481827431,0.014921510296352043,0.009005621912044234,0.013406541798656956
0.02286087628088865,0.02259459813812024,0.009598446864643725,0.0010010289611541994
0.12364432557139043,0.0027347578229922486,0.008034613418952083,0.011096618840742277
0.08161103517070929,1.0900711361102033E-4,0.016582334401417043,0.010079541601946938
0.04258277309934936,0.023374079150324762,0.022232945113984957,0.0018220549566556204
0.01597678182397413,5.915634822039577E-4,0.012618757900027592,0.015294297180230624
0.04048164430550511,0.007248695147673146,0.0026250843414241457,0.001585177907957531
0.025763656891090402,0.0023615453428740686,1.3248421374389478E-4,6.532669385595933E-4
0.018720283368546406,0.017195735550270562,0.00566522066906418,0.0026773358097436674
0.0234110176181849,0.015218277694565031,0.009939668950443162,0.014453585531843748
0.006065352574979519,0.006576074441763632,0.0019945178146052577,0.004188187818325509
0.017993342153348604,4.0533844323403394E-4,0.003147393370051475,0.017559930447190338
0.0014596797336943977,0.003204657560447337,0.015166305645721252,0.006447406113163317
0.015661748678985947,0.002236279685111655,0.010480550951547872,0.05526937419865619
0.07685960474102058,0.005778556179494512,0.013005118087626583,0.017721081954872604
0.0269704767577255,0.014126315341683897,0.005023486045792993,0.021968248463135675
0.03442912422617839,0.013212700851627207,0.022025410009283358,0.012406366095636187
0.08365486474129535,0.006251303141397756,0.005065163106082592,0.017030498006717194
0.032466260193574986,0.0031091494686376338,0.014477238233336681,0.005181512939958564
0.0026775494395835076,0.01776726657927486,0.0012325182826661589,0.03375605167162142
0.004408134828582627,0.014618871328676696,2.5036603073199068E-5,0.00916917159186568
0.09579160260418124,0.009370819274769179,0.011555541766835202,0.010524726508546755
0.005663969437496558,0.04061733143857797,0.028643490125621927,0.01215548327937152
0.023974530028161647,0.004563066630174571,5.13840056781264E-4,0.013349270825000429
0.030761110561358555,0.013199467404150886,1.6288100680885028E-4,0.008392732588581578
0.060571726485624686,0.0012801495163520193,0.013639965188184139,0.02067295729232604
0.04800238651117852,0.019774292968305685,0.004403052650655601,0.0019464408769216798
0.007227408157618759,0.011020998988595161,0.0012092841855295214,0.007827567423437888
0.001483521236637618,0.0046631110768626145,0.009625984930477186,0.005498308983905256
0.03655349049341036,0.01318575396519937,0.01400104527104479,0.01088630200944713
0.12528396475684375,1.3730598041982614E-4,0.025744649330400757,0.01236737705348322
0.011343701309641536,0.0039759718171222674,0.01531319930471728,0.006837620036330503
0.03713168541134135,0.02061333755760335,0.01944965067296718,0.018734572969701452
0.012552667973323632,0.009087873546191678,0.004550183423479517,0.004129865162519281
0.0020276840833169797,0.03650606814983509,0.01085870556168196,0.014118885281453847
0.11780230760089656,4.222817727455774E-5,0.008921627291496136,0.0027123008821665815
0.023773391087748636,0.02242442987927811,0.018141627760695174,0.019381849629670298
0.01220279631681056,0.0017394727987944164,0.00244988229926066,2.073928204123257E-4
0.006083690261601864,0.002347856468895458,0.001137785747756159,8.042047555729428E-4
0.05485987050965921,0.0032847110089675776,0.008110052510711604,0.02311306106888099
0.021425755390160818,0.001070399595337141,0.0022982173996585467,0.007243709041968957
0.0012661462778781898,0.014980253494840834,5.478265150387913E-5,0.0015377057662914178
0.018731020579091682,0.005237897652688044,0.0032792026720196684,0.002474614765107113
0.030115540307555727,7.6729254017493E-4,0.013267087419831604,0.014476950633423438
0.027500107812873945,0.005657435814365756,0.005182446588257271,0.009401440259150694
0.06247265990612251,0.016072106123174272,0.020406124737010714,0.003999303109578748
0.011386300384176925,0.0011878666887576873,0.011603852912263577,5.294713295874173E-4
0.07093086336234787,0.017644170295440555,0.012601919770800631,0.0017125098585183745
0.04991703027567061,0.019831639567285755,0.005989292072944169,0.004549125452346763
0.024763248294658452,0.019907619168335153,0.002214402960355958,0.02654521535773156
0.09216045652889572,0.023655065777102673,0.00417403883849069,0.0064743962200639
0.11313244301437891,0.0011133885883014216,6.865603634036393E-4,0.0026264369535588124
0.11153161461747264,0.019906458463210985,0.009390212887765518,0.009913850187449547
0.02002853544405738,0.00446963519307301,7.191045745988962E-4,0.0011725841590017518
0.006779681317138738,0.001811749867486845,0.016454104459605566,0.011471838322609257
0.03631928171788046,0.022909264495874833,0.0010021093390825196,5.728974198947407E-4
9.467738439251858E-4,0.004628651927898599,4.0038084878911266E-4,0.003988750609255617
0.02440398481407565,0.0015907661924134502,0.01020098430327228,0.026171211966875302
0.1780508931185762,0.016290964378267696,0.012737054883380878,0.017565464018489237
0.028598294061994677,0.016704347611423028,0.002495638815068414,0.012099732801374365
0.06501342063757626,0.0060936414167420665,0.0055014094310247945,0.006276120600460815
0.022967332673934835,0.008265725045486816,0.002451670812231632,0.009710603494412575
0.02028771557118191,0.003701787194416802,0.014423404231666666,0.0064010460344989285
0.007097712459883441,4.802100186522092E-4,0.001256210401632921,3.274933892532504E-5
0.032244001923717264,0.005020702637919534,0.002596683016089426,0.013927772269170205
0.056713351513624596,0.01879101733173105,0.005838117690148898,0.004019512020283197
0.06463086736377621,0.015978054261766402,0.003327425717488264,0.004363428218604428
0.0175948180766962,0.007968832179700987,0.0028813167898279466,0.0028219338189620154
0.19545466243608342,0.08360614084587449,1.892347588141842E-4,8.93144888994574E-4
0.040959695297494846,0.013869912476024369,0.003996985406775408,0.011586142666671191
0.02248824467976928,0.04133730622630868,0.030706225395845183,0.01735900446876875
0.004168914646532003,0.014175614963074335,0.009820389882391268,0.011265125825225817
0.0059529655542470295,0.002296540189823854,0.002886989701227751,4.6435388428200995E-4
0.010652254223486951,0.022470926532199974,0.013717481347270688,1.3149850805344406E-4
0.006362392616912139,0.014362982587388823,0.0013810333812850776,0.0013112304751579098
0.05397969326442556,0.024932958359802485,4.103818904555695E-4,0.020687019825825652
0.04737493678553589,0.02393684583035618,0.02764548945793327,0.006359073947136952
0.011423500671385305,0.013427471208054854,0.004666839142268567,0.00987106566628788
0.1142103377387356,0.003711265505920736,0.00388938908629709,0.017682737605987396
0.05794077290169019,0.009858392878093768,7.130657189704985E-4,0.0019387126392642483
0.1464454757779182,0.002131456499638979,9.977179544406747E-4,0.012979936051143566
0.06080521662222087,0.013864743036412297,0.004128061811198604,0.004226316917284986
0.025102090632780835,2.9505374024114923E-4,9.899439634496498E-4,0.0066996346314954405
0.0675050147452018,0.017795734910998992,0.005870500290845691,0.0099327258123214
0.019943096836747613,0.013841458211076667,0.008219221256648033,0.024103320139323592
0.0887211190943709,0.01784363427271596,0.0011563002472822174,0.01043815858108895
0.012091306079967428,0.023504514781634227,0.016797725509400445,0.004480590737610637
0.10048809706136036,0.02682845408003028,2.758108976359249E-4,0.00704803918498866
0.02391566136482743,0.0039426115471350364,0.00577158220719786,0.0013647657884057333
0.0013832556423889028,0.002441172003323718,0.004581928888770907,0.0018201611535643319
0.02018249046766078,0.003462321469581002,3.903838821191042E-4,0.0010834415306693133
0.0905904275127625,0.001733079659416767,0.00399973265553717,0.00549741087315036
0.00830543680203782,0.00476544275197982,0.0011944717743689688,0.025052361250618025
0.03871267768798679,5.626823124998193E-4,0.005799555281933222,0.008686190786285328
0.1553079235469343,0.014620173152480069,0.007469914917949986,0.017602056461126954
0.0018081603242114004,0.012545712999371619,2.3805523885669993E-5,0.003312533302987493
0.01655212741786196,0.007390251549948995,2.957743454102938E-4,0.007780474545061282
0.05003031222331529,0.02595922366664271,0.010585480598622847,0.025090146875564812
0.042682832319620695,3.0460126554539925E-4,0.016253496462721173,0.0019067992596316717
0.012490491926508763,6.93865203767774E-4,0.007435603553772899,0.0017441140737675504
0.05710456493788673,0.0073999813704767855,0.009552408592128222,0.004004676516490983
0.15858709328557777,0.027321049453786654,0.014492631770222912,0.009372502856456341
0.04043037642514245,0.009349152327222828,0.00984458221794876,0.004332739673314692
8.586230007941946E-4,0.0027048726524374293,0.009246157276544426,0.020766211636608266
0.02809679343550054,0.012891912952299219,0.009969881654262422,0.04528049326405057
0.01842635544729991,0.006421305179570078,6.650796729232524E-4,0.006408976859517669
0.11276818227538986,0.013236090337933028,4.709915665010735E-4,0.010120776602006689
0.016038606062345258,9.843958202894595E-4,4.3475104684870513E-4,0.0024470363923700758
0.0277025273889971,0.03021028393216023,0.0077295064057538625,0.012584298377843367
0.06037893287670009,0.01581450617316679,0.014627858148937828,0.001932670720396834
0.05178671064248517,0.001693073483840666,0.0039201232098836645,0.02654279157419773
0.008287902100839918,0.02280864049903945,0.006559562285436615,0.01269444512962939
0.007672396737242812,0.0015087623988415354,0.0012549320056324108,0.004557236425565061
0.0014525668864024876,0.012894197683912905,0.0021080827681938114,0.0061912563750932395
0.013022912518266674,0.001647476295095939,0.0012914577011731117,0.0014398109523960359
0.01904706299908757,0.01710643510985304,0.004358476685220149,0.0064924164995722065
0.0017824291127503731,0.0031312739668781877,0.0022183592011333123,0.0017940019385146466
0.048151136398155124,0.004855084700150745,0.016425146774493433,0.05129461299788066
0.04581461686086814,0.02226765858301408,0.0025515739057897476,0.019910166308605936
0.03640173922399625,0.020509680589519068,5.771185547655444E-4,0.015643200033828377
0.10303123075967896,0.05140671990459108,0.00972472775155934,0.0010086546748966571
0.049980403183204805,2.7591460731476314E-4,0.008095563308147218,0.01150305410665889
0.09932997192660181,0.0033316543479625952,0.003196483877949975,0.025112915488824137
0.026908124595160968,0.015585472147261255,0.006408049740655257,0.001702269237758918
0.02563571774822067,0.024939087981835265,0.00476002834279532,0.016102592437672567
0.04102723789040631,0.00956203991682539,0.02057976966962445,0.009700118529043898
0.19072720957699948,0.03929751232270352,0.011014399403156265,0.00648725244386343
0.01880886619892606,0.011694729758980492,0.0022078695815256214,0.008193092740354244
0.005614264706459169,0.04774178274299332,0.004787257253655079,0.003814141796116781
0.12942031197010995,0.02398405864014952,0.013033848878756792,0.012381152171049901
9.600117966051162E-4,1.7211655883871905E-4,0.006370021414297725,8.363969560138998E-4
0.055153812618258226,0.013642133981395464,7.069827800090744E-4,0.0143325105412966
0.03380286650375401,0.022269877028465414,0.005908882472018073,0.022872334981829914
0.006982275283751798,0.01192472239791693,0.008153765450815847,0.005573223156849041
0.0634221507770367,0.015065395587651432,0.008064787394008547,0.008379318808513564
0.09327827801885052,0.0646918416519713,0.0014134314119658277,0.0053219228846870205
0.02453069842741029,0.0050510517881337605,0.0035724914908613088,0.004446047985380506
0.024185785154820595,0.00540870010645279,0.006642675877650604,0.004054154908697464
0.02945787448459835,0.008309998759016259,0.00669489750768432,0.0036175651919543726
0.02427900678659128,0.005083014832144955,0.013833537842092583,0.004486665584165206
0.07764608056308905,0.014449449558780037,0.008345766475688755,0.007276389080596459
0.014593057747068212,0.010285003237655526,0.0018364214675442353,0.004737096336466501
0.026131138432613023,0.0022875732722284522,0.006554618906883908,9.052857310706002E-4
0.002799009681222617,0.016737908970214238,0.006763183882124376,4.073590574604256E-5
0.006723393930819048,0.005607983105763902,0.009014113859084636,0.0032070932230850928
0.01747533145548418,0.006535317309915669,0.015702317252572096,0.0035996223672704916
0.12947874868948292,0.015403004848825378,0.010330398498336484,0.014934324945715213
0.036410196632630266,0.007169876876760927,0.008701281026018531,0.0024993948868135946
0.007523034276847297,0.007659174767372448,0.010995987227742476,0.010483002180362737
0.04789469113022733,0.0395963416202138,0.0023223799440048928,0.021120763045061955
0.030514295179027588,0.016869784677025816,0.0010674454264821662,0.010715802563322246
0.02572883139825395,0.013582640800236152,0.004329214340348826,0.0017877006743868594
0.1765070783199415,0.01373696917903013,0.004427972650864536,0.005727759819304667
0.03715320313239808,0.010077152569423473,9.056487658617931E-4,0.0010592675591656853
0.0292984498005284,0.009738629947269617,0.01122518707534777,0.003452418483991265
0.08998990938386787,0.01690164370040984,0.0016548521633800567,0.0077113943973847205
0.06110836048799679,0.020631984424191653,0.01347807061351597,0.03005286567977023
0.02295995238718966,0.007011716136010499,0.0016119207093375704,0.0032703457736698335
0.06317286954664014,0.002283180097657267,0.008514485162257305,0.007617635433180765
0.0033690868280937935,0.002724922746335298,0.004954873276826848,0.002553729473271493
0.04266728622431643,0.015229665586626983,0.0068359995405509015,0.050785591775656766
0.09812766475133586,0.008519255292595765,0.009222580708255849,0.0047459808175884825
0.006861655796765835,0.012626026726414266,0.003151682663765728,0.0016584384061230114
0.02354344030458254,0.006305749678781166,0.013949362021800235,0.00532054968667157
0.016557594966949116,0.005768643151508711,0.006415892295634509,0.0019329095956512057
0.06398873579849557,0.007585463871970719,0.00951495357181123,0.004950223437643897
0.1346644493889578,0.003972438869974096,0.014292051245965828,0.012369661803449922
0.040335150028395765,0.00279850500471793,0.0049450714110531166,0.002599857384485383
0.03032862364829728,0.02884812848583889,0.002836938776130501,0.0032607828100006063
0.005578359381998818,2.7892824538489855E-4,0.005163247528318777,0.012116415401740509
0.035562892243149825,0.004061116735178301,0.002795983153978729,0.0031408440709233903
1.6224054868725144E-4,0.006783286285153718,0.011560829074382164,0.005434579438170778
0.08558733243169661,0.006934015529726001,0.014708910236573764,0.019495311546906615
0.06690547447374914,0.010737113603811617,0.01347065574861361,0.008290820817884634
0.0933768846283314,0.0027771665962342176,0.008908092554531993,0.01361496069987267
0.005298595773976131,0.004098864497118174,3.18633755179887E-4,0.00593817854621789
0.016744434468163122,0.01563581718496122,0.020850497636840177,1.5631296709210573E-4
0.057231524455298576,0.010518240641925476,0.018339773985972654,5.018672101478462E-4
0.012378847984892454,0.00161510641710219,0.004306527138670427,0.008231426632564397
0.022982510026050618,0.00811885814103746,0.001391911736993153,0.009447047364486321
0.002103589959971682,0.004109506721253359,0.0016883861521023692,0.004141900500282451
0.0043659741785026605,0.02172010896920835,0.012250629330484597,0.004961006215295225
0.03159742589230138,0.009276738853844136,0.010106951771035497,0.0032710792251655946
0.061704068020373155,0.017828910119769874,0.012576437782984782,0.012468417224821534
0.048362334781405725,3.77783716696105E-4,9.876731956794632E-4,0.0022484279244231156
0.01685668907070955,0.008958598734949136,0.006061985856532357,0.012993419031487671
0.013867187788232543,0.006194183766697556,0.014915810951203652,0.018027907677947364
0.0029814606831389083,0.00862755436109355,0.006131672169479879,0.002726411178597584
0.03618275212712998,0.01330503776909907,0.021916683344768116,4.682640216649638E-4
0.21105245915280785,0.006480189405766992,0.01155523083387268,0.022977766880606963
0.03995024753222187,1.3236894278498284E-4,0.009280810068706345,0.0019320478361572534
0.07801890166645938,0.0028235354281344396,0.011953996973121923,7.248942281282057E-4
0.01166719145804999,0.04111835989691467,0.010034949905991302,0.005738878203565378
0.0033254259817641543,0.013253235814390371,0.008419729443755646,0.008179523957808726
0.010072024424663732,0.0019985450724629415,0.0021395352855915575,0.023224770163162836
0.009406308845141122,0.005667323752417116,0.0029444164438102165,0.0015835020714164082
0.013484785662391781,0.0064250498385636,0.004584417817572541,0.012770711860566157
0.04141591589285901,0.016888676238094577,0.008626601631880199,0.007527252469744823
0.148140740923092,0.010772551905774495,0.015504831220901393,0.009188069746734896
0.035903142567106694,0.012162004823447013,0.02598177104832884,0.00879044701201899
0.12355076011451274,8.805302207405369E-4,0.007394836269054231,0.009212731609950398
0.0697240259556689,0.012887456482304056,0.001210256326959048,0.010244337324998002
0.007109407793119176,0.005870291590444521,0.013373052841989731,0.009685507620845947
0.0013898128676381215,0.010575200067897288,0.0081885449504167,0.010530293998558935
0.004319915188646112,0.025310587755279192,0.0035167734031941477,0.0031101211333344763
0.08576677373642318,0.0032720311601097387,0.019418658420212724,0.0045896367369082786
0.06456101477117286,0.014650807755615152,0.007670659825191443,0.007225848448005829
0.006778041012016872,0.005551071861932718,0.010077471631211128,0.018116861166284883
0.0069841278053661875,5.543911070515058E-5,4.3447753376068713E-4,9.083168095437234E-5
0.00853570059203186,0.008544537973196962,0.019771753445768772,0.009255629996038659
0.10325319279267993,3.842961441355512E-4,0.012711975669675872,0.016413773787480053
0.009880150249239997,0.008179595930536706,0.01273986694866763,0.011897682436334473
0.02238098274396155,0.005193642538763477,0.011669903004759088,0.012439791418589708
0.03471209950430324,0.01052795381025204,3.9697074972531044E-4,0.008924389585113253
0.031400264096375904,0.003775892558033351,0.008886007884263677,0.0017450824748654137
0.12335818480601585,0.0272947430945613,0.02148941583523526,0.0025197028970248936
0.004940108864905177,0.002941686039311131,0.0027887827859961337,0.0035547445466530226
0.004672454355345461,0.014234405169199561,0.00668629848182101,0.02063446959530614
0.08346319482790145,0.011361847628767366,0.007538370422217028,0.01024917508374514
0.22043587699204384,0.015636221371299112,0.008306942258264524,0.013418774312505648
0.037189028468177364,0.01406754038895769,0.004300937454848285,0.007258066258402162
0.04333342730696389,0.017033399635027334,0.010732358604922177,0.005085533087360417
0.011759809280777899,0.013194025039102058,0.005733629882848048,0.002059410939339003
0.06457005236963193,0.017291295277374025,0.009389413103493808,4.1212094376209596E-4
0.0549684115622969,0.017577343295275574,0.002833250965466472,0.0076573648320242054
0.003910323647379141,0.03778838286900595,0.016569291421176573,0.01362647685770496
0.06630785743199816,2.708110678715764E-4,0.0017451271175026515,0.006017151182794602
0.10528676170011254,0.00489953623074487,0.01212588167764544,0.02107186986695941
0.08528970099394124,0.0050902055237673945,0.014133406854309152,6.793673560776051E-4
0.049652414761504574,0.013029506932071066,0.01130666949604456,0.005300802064507572
0.009545971684300774,0.015395512785891262,0.007236920256239391,0.0025558010062397617
0.0301201783977628,0.02254862976919246,0.009759260089020881,0.0031990862919629116
0.04583702550431691,0.014737925224976686,0.0026192070407181833,0.004545285940462426
0.009505904337106635,0.03370087456711035,0.0073657327481531434,0.0029159487275083893
0.06185337506272564,0.010130557671431818,0.009212474990497191,0.005332057299298691
0.002352413017338969,2.0823966097455868E-4,4.22719521942657E-4,0.001068923358223262
0.20020125159295651,0.027377690360682903,0.011759157019939858,0.014691810752086934
0.19013218717193217,0.08855510028210639,0.0013905382929396686,0.007203402565804097
0.042062370783274655,0.006577733846066587,0.008666010211504713,0.011201182361480051
0.02901429849261102,0.006755851047812079,0.0037228930206831515,0.00521671473039793
0.057933038939963405,0.020332070677832922,0.007487963115707067,0.02063804622863467
0.030271651796434332,0.009410116797127836,0.003249255566674751,8.043501175484689E-4
0.017512280149831246,0.005509217466853682,3.567736438033039E-4,0.007737576931445196
0.018111440318311082,0.004565558851688872,0.0018040302048516737,0.0025142898393642993
0.006665646294291532,0.02129026469017285,0.0248044464613564,0.004144159095692621
0.11379957101683304,9.090765336768181E-4,0.007316847946065743,0.020025100349284397
0.02263670290138521,0.004069860989322137,0.010153058936972109,0.014948892390106352
0.011994242088853534,4.285703525121841E-5,0.001739652797986655,7.216006423413567E-4
0.005168296865283158,0.0026620758559036677,0.00834990529152322,0.015627732338076378
0.013259997110557626,0.003294901607102378,0.0053744222992627,3.7491643783420914E-4
0.18047028854236646,0.015244159718719612,0.011705889707989041,0.016620469961733914
0.01404388215904992,0.002808111339445309,0.0193084844069811,0.0011992892165118593
0.03093721523604961,0.0011288742118079214,0.004309681321085932,8.33189533771126E-4
0.002799009681222617,0.016737908970214238,0.006763183882124376,4.073590574604256E-5
0.056846369066981116,0.01894447413934092,0.010407033972409264,0.019022163284037098
4.3549239042605964E-4,0.0033365012954295246,0.00781090245470326,0.003031273087307196
0.008546234742075666,5.271581910801352E-4,0.0018916951059658547,0.012169570762255047
0.1176277932576325,0.03753224594697963,0.013892890741199612,0.007526033403835376
0.003395191008239011,0.0011483343832792826,7.727774835678569E-4,5.386382385763886E-4
0.02166532908922042,0.0040289864745255725,0.005434604635399226,2.4251121521671435E-4
0.010549496219177895,0.0013723388334548297,0.0045881849435263425,0.006652708234592375
0.03697257328978353,0.017254867155578196,0.010441672591418327,0.04792268555902159
0.04453130926470183,0.0345291204718662,0.015145979789464206,0.004208315302766613
0.009868230276154428,0.015655170272404546,0.001447049637812948,0.013564461194682192
0.014762965992936456,7.171693145398021E-4,0.002077522677051313,0.005579432001667555
0.0019093976349994267,0.009596952932100368,4.76556869544843E-4,0.008904379438919922
0.015898820111885165,0.03429766031509452,0.0019728195184137275,0.03536527794456615
0.0542774008548527,0.006627803811013623,0.0072325540981245835,0.008225942339949577
0.004224520867323571,0.032844625829952075,0.03090426259310485,0.004289874443342318
0.034613469232871376,0.013332641346571502,0.0016478548301870467,0.0015871563329048909
0.006254892932893352,0.003713469579369121,0.006523273522372946,0.004138302463560399
0.011797507859666536,0.0012899534615338016,0.016514263226267766,0.024073637219415682
0.027686838754206508,0.019807963622477037,0.0066992760416791025,6.961683598317107E-4
0.015702300300601497,6.76859734097162E-4,0.0046735780710231815,6.41480094130804E-4
8.822564450923889E-4,0.008780847945733963,3.772565971418773E-5,0.005880118747465555
0.11108663600543459,0.006035832602700619,0.004934997956259525,3.2380005347999453E-4
0.049450833064030274,0.014665976365723926,0.002121446799450657,0.00892486154379149
0.04638892879607951,0.030770555380578504,0.015854773882247875,0.001945562108105263
0.0052760528185163465,0.002311241390816009,0.003467008481860754,0.002017305524418934
0.012421672388930874,0.007006385931498214,0.0041787592462134695,0.038662863102236086
0.01967967063791284,0.014384433919082548,0.011727155110589062,0.0010676971860870163
0.1286313222371699,0.012908186372845321,0.004015838076767537,0.011799915374279322
0.003383588055636983,0.02234652678842315,0.005084768761310713,0.018104114145695446
0.05582052391520827,0.02042776584553589,0.010933656183126361,0.0032855728503705718
0.095768202502728,0.004623180074206673,0.015526498047453948,0.011188605601271292
0.12195208477278513,0.06950473022834819,0.005931365109203616,0.0137708252655239
0.009158737688509022,0.004989148153042553,0.004662941777344379,0.00963426211559989
0.007537346715554059,0.01058693209875555,0.014175522617728805,0.0015197793856960191
0.19397087486276599,0.05851594561461179,0.005472186994534669,0.010433853225466043
0.04043037642514245,0.009349152327222828,0.00984458221794876,0.004332739673314692
0.0011075371821239893,0.004588590816637795,0.007719784955252609,0.0022520625160178625
0.10021021918862931,0.013456118862392648,2.541578159710577E-4,0.008724403939412826
0.047686900508771425,0.027682476466020758,0.0019142515298369305,0.013112673495923433
0.016171483171325208,0.013859115352121445,0.002595501372566779,0.0010810007568449037
0.019078166431951333,0.0268894247767911,0.029465992564463667,0.00934159030503136
0.043942934076962724,0.014909474804654101,0.002389723288972128,0.005048570965164922
0.20645683444643675,0.0172506124040599,0.010611824153831429,0.006838313235695877
0.04909089116973298,0.010077226529632863,0.004035567963782133,0.005743514440193718
0.017041481071725303,0.019994203591003894,0.0016340108125246903,0.009717927592524505
0.004479926378529844,0.018312338103596375,0.006080331942569252,0.008446341379634773
0.02050897630710129,0.02193536913815523,0.002182642665519888,0.01811481005464257
5.771305757312665E-4,0.011473682204906244,0.009514583147994712,2.7843551477298405E-5
0.01590981989574688,0.0016441676578690743,0.0025779384602015918,0.0028886314377046148
0.009133219361595148,0.011784031122212648,0.022959911329358536,0.003995322223105038
0.019228597799230744,0.003054570130540555,0.004094207210775254,0.0029294568733139437
0.007633989993885498,2.7991157413295915E-4,0.0011442459952515143,0.008822438930505766
0.02258048709918149,0.0026654037292043,0.0037929537721200727,0.00618627606273219
0.01730737301829977,0.012638932013559562,0.0029454847857120366,0.009572885623015658
0.07655569447868601,0.015618252890937852,0.004240604052106576,0.0038346540984904942
0.030473386446655665,0.012581652474946718,0.005055233629488001,0.006955836685921407
0.01918207715002339,0.003172851665209305,0.0016180712827239968,0.0019512774546147022
0.015594676878154018,0.0015408321595348949,0.003217160749485886,0.0013678224559365744
0.03233435688838497,0.006276277260380995,0.008719122719978894,0.0012427607383739376
0.006220109385693928,0.005657391927486638,0.004981231446183068,0.015226152079507295
0.0504458537662342,0.0025940121995078115,0.0055801739962452225,0.005975273771203409
0.014720850753587943,0.003067160876342552,0.009172040212946963,0.017938692943275863
0.04016612151170692,0.02018174903667113,0.006975048679460162,0.0049964398099532235
0.04648825702989063,0.007604756950628951,0.0033973979090431983,0.009767279332117833
0.010006043590286381,0.011250295445541892,0.007537471322462996,0.005004040818277263
0.06390884040620616,0.0027866447248447402,0.0030076194887617928,0.015007394677438963
0.015702300300601497,6.76859734097162E-4,0.0046735780710231815,6.41480094130804E-4
0.028555154319866327,0.023774174097895662,0.004170505402920076,0.004933759221184031
0.05773858869918011,0.01899760797878906,0.007420357957350194,0.005964590125428459
0.0144790616556278,0.0014862614827585476,0.012486131226753133,0.010384000497584237
0.06069895600327034,0.011853324854327218,0.0010414226267217671,0.004088268086365592
0.03963154967150585,0.02588719500645886,0.004897923896763017,0.02587822679881811
0.001266823000510072,7.399609727077429E-4,0.00397631728718196,0.008659181126247199
0.02933519935305877,0.00520772951736522,0.002144426435363881,0.00656986701203035
0.027258784834474952,0.0020654547967609237,0.008100718492691557,0.005346544790019439
0.09164976764153099,0.007443514479836873,0.011605038454831207,0.013762082752191845
0.13919599821236822,0.020062151303380186,0.0025715964287314303,0.016456813154500857
0.012002424285528931,3.68794087553248E-4,0.012301552363928108,0.008895884129759186
0.034988672026318814,0.027405143146801186,0.013751196877657738,0.0017579526130581718
0.02614670549009188,0.003684276379720169,0.0016495260042417414,0.0017515970278075771
0.02218681388495988,0.01045052241640689,0.005591965409480795,2.1804745775676244E-5
0.038068762845028935,0.015055677091311248,7.075246201485594E-4,0.007430786826943284
