5K,50K,500K,5M
0.009244899603803428,0.003493156659492609,0.002961666962912288,0.007062570059328776
0.029398863136984223,0.004541425975932081,0.017274465707443613,4.1133362369975925E-5
0.021637066539351706,0.01576603790948069,0.0037493350631744083,0.0031182631196260946
0.0515879735322331,0.01591092106599183,0.010106202770999379,0.01659967202369744
0.08278637444390133,0.018935866556118553,0.013567867089312067,0.00846593057013584
0.009187709814511913,0.014418511486844542,0.011657792281638844,0.016627744973033407
0.006874288901559776,0.009118993750078923,4.84206213945592E-4,0.0019582647927863005
0.03509201597967193,0.016701098994273147,0.0043986738493866275,0.006328751838928034
0.02110146552428591,0.003000125832258607,0.00804130679373623,0.0019518279419435552
0.0017091128104352853,0.014347077197494331,0.017464246516115427,0.008968248244461954
0.007450409244156214,0.01414813962627369,0.002410023234195961,0.009907633721720589
0.004065542570081291,0.00355723231911491,0.003043436527712778,0.007414587315183859
0.04337124397923932,0.005056538856479712,0.011236771845930402,0.010715206104480955
0.022583118973578963,0.004005132967318985,0.005582059118963191,0.001639147723548136
0.027840975288686703,0.006120172491044328,0.008538759345168656,0.012143204400218452
0.004914331323532296,0.025336047510511616,0.0018127694462052872,0.009505570458309798
0.02174770519521204,0.0020467467108851935,0.009434837316473193,0.003624444506088413
0.08496515522966548,0.017693966192776342,0.01071523831753502,0.016452162026389747
0.04161694350480466,0.004663236203948401,0.01008151088331065,8.761462454531961E-4
0.0385003553448088,0.008002263779007937,0.014986820401605936,0.017456431287366216
7.319651030473E-4,0.03634198297995173,0.0014369851859166271,6.138708740232199E-4
0.0789854141308733,0.0272529810140352,0.007626294085891197,0.010295756178575201
0.008488316579418438,0.011420701707266268,0.007230068457765159,0.008240886112201279
0.056036379514812676,0.008730105280951037,0.007227113735930551,0.032472555566727124
0.08921650971292765,0.02863251216820284,2.4483851522265473E-4,0.003950193629386749
0.020318282699555563,0.014487007284734796,0.0047912845400064664,0.002995207044959997
0.00963711856692537,0.007359226845188359,0.0070058405901215395,0.03065607364545473
0.002299434231973633,0.02636126407069348,0.0024704050694198416,0.015419733867651626
0.01324658376293262,0.004784820584178024,0.01686389600588108,0.013346239981236473
0.05994298638740534,0.006199784152656576,0.018097666950746348,6.848032907866441E-4
0.012104955021511564,0.05031863660246152,0.012636558821093411,0.020991005543071768
0.05329880028826816,0.03977476790417443,0.005300639231919033,0.019057531793851317
0.036940929502319454,0.015931145041077927,0.004181949412838794,0.00374823736758752
0.014732495028978278,0.007436344981718052,0.004034660705646603,0.007868258742274892
6.311956085298745E-4,9.782001304517935E-4,0.005098779030073783,0.003943780717778323
0.1780425028683209,0.03107394394787064,0.004683325479101804,0.00891558497859614
0.07417363632942177,0.004454319195974718,0.002019639871690714,1.2528228540085483E-4
0.0687440273831679,0.039310345686633705,0.009579773950695722,0.015237048809742807
0.09992477788070277,0.02117194496208717,0.010438052122717407,0.0179185458522935
6.750291872060591E-4,0.036487150462214124,5.627086226112192E-4,0.02097735292089053
0.021045625954911443,6.6194180376411E-4,0.0021365343138464365,0.01141738982754995
6.591767097366364E-4,0.011445870853270718,0.00991494661562557,0.005630316285449847
0.03425186049720308,0.011278911880816417,0.006442530365472808,0.010524465530335246
0.09517928483701317,0.015635832563463303,0.002001822077769288,7.853086247554119E-4
0.08738769916693402,0.016133274943841095,0.015289188244952437,0.011935239854628639
0.032121532858344654,0.024719034903275913,0.0013992888178993364,0.008619635534619368
0.03670751368717298,0.031703065690573726,0.001351706289941341,0.00975715151127365
0.13343718022033643,0.03511687550145852,0.002298739426925842,0.003472614198423249
0.0597592267929622,0.007848801038757786,0.010588264811901867,0.010340966263820358
0.020807403509060268,0.0039014525305034373,0.008009097237873738,0.0074735887773529144
0.09850098487172149,0.057327232309952125,0.011364407607769692,0.02167193252134199
0.03873170561531053,0.02239196967817645,0.004050399482274013,0.01587617013883541
0.09851861757005527,9.420124293457498E-5,0.004010365250216264,0.01092917266374213
0.01715858102843915,0.014888771007258444,0.009268710906540628,0.0013836689784756623
0.07559895218416265,5.115824994389887E-4,9.178138393288938E-4,0.0027384397473802276
0.10958333093441826,0.01747781454915454,0.001868693297381718,0.021804399565322465
0.05483135154403824,0.003841364374907354,0.002201580736989941,0.016332210786849502
0.005284054284085791,0.0367465132542167,0.0013224538765771493,6.571458823166961E-4
0.0857660116429468,0.0406109820027915,0.006095522924769204,0.0201697216175187
0.06659159893409419,0.009014121927044821,2.096768679926608E-4,0.007362564066976074
0.010710153939525143,0.018639181146285266,0.0038973508848685946,0.008802501912105883
0.012666272715907808,0.015462993655739343,1.2902680545543607E-4,0.010994949737380412
0.012760802477772443,0.009314224369357098,9.373010742904822E-4,0.006556541456596648
0.0039553259774205525,0.03206303017666956,6.279531534024107E-4,0.026685748279613123
0.10384343218593076,0.05681255660736078,0.010429878249820744,0.0021314870843775597
0.024361257144513874,0.0035331235259862936,7.789808991061573E-4,0.018180216689368922
0.0013053620158465042,0.013989119281397936,0.006086906211725471,0.016132223371594263
0.0640276155589942,0.014939722210996794,0.006580013239799854,0.0035280561067430353
0.012847279534319068,0.006470507647847947,0.003560602053591933,0.004858401287578495
0.015949118823588168,0.0014716402765587633,0.006510197545682939,0.006216463739840217
0.03900902979436504,0.05873213792268984,0.007263778276581492,0.022591243703056284
0.046068792470088576,0.041140923938339014,0.009284094430707917,0.021235076020773052
0.011847623406221992,0.027640722531813103,0.003790233970666122,0.009683479392304063
8.789960168590957E-4,0.016085311335120964,0.008543740519069374,0.01067259007903193
0.029809333456108946,0.017206680071706303,0.0028710165384695603,0.006944719842568531
0.04482000488743475,0.0017799646851049912,8.89319635035115E-4,0.015553891032145564
0.04112881837473753,0.021287887915760247,0.022809077683443504,0.027296680389746857
0.004065542570081291,0.00355723231911491,0.003043436527712778,0.007414587315183859
0.04704821567616682,0.017828771970649755,0.005306697697009893,0.019785041782789604
0.016205038347207167,0.028359843305707524,0.003604617466328638,0.009343716129644419
0.02222104854497413,0.01834951123541184,9.302030261072758E-4,0.020100242680352192
0.05534102268225175,5.976362057744904E-4,0.02570158078256496,0.013941831485205218
0.21451569131891635,0.03569079368804432,0.005550232489484592,0.00965331485183768
0.02284787407574191,0.02933496389905184,0.0059683347555056256,0.010627955990345574
0.004243246251707406,3.844447151225716E-4,0.003650652778090421,0.006013325172579709
0.0011676935112965045,0.003170196658310565,0.002512446646485482,0.0018463579133662178
0.046578852169346076,0.02230597317961274,0.0026477257413258016,0.01623727194064883
0.07495247384846455,0.011153992958338776,0.005753678781232501,0.013707053007351993
0.05670341216294215,0.024451108596110372,0.0051673234751327506,0.0068610202887294325
0.010973450365409632,0.0024091971863495457,0.012489992684540062,0.009480525761446257
0.012088813022675872,0.03202652930520496,0.011581775479097606,0.03129890839583805
0.010377154301526912,0.006373997390117539,0.001256051836931287,0.00986105950395363
0.01147660032002389,0.035302501340900655,0.01153744244726681,0.009155963605600625
0.02294428142000513,0.01687278558908581,0.0013454110367625673,0.012867001121859421
0.03270392863367148,0.004766774066064362,0.0040277203139353155,0.003174150292477769
0.009324864006760416,0.03062160067630225,0.0032054617641065534,0.0014411953132970152
0.010313075809808094,0.04462408388426319,0.0035025137829253887,0.015336578839354811
0.010952342663655051,0.008631203078718164,0.0054971518069441795,0.01595472566786428
0.007236966158963119,0.0020753943383286805,0.008223176158388544,0.015644036358123496
0.020115001420981767,0.020091635395596996,0.009918135714015633,0.008088622213451585
0.007313211822150282,2.557445380645962E-4,0.011245078127311792,0.010239057236319899
0.19728837748168113,0.041469185300739946,0.007305580660328298,0.009200967731592284
0.00959685090014111,0.007549954301129657,7.013734061326025E-4,0.00680742075074562
0.011535188562440386,0.020521583489422804,0.006809049599598646,0.018230781329281572
0.07097415561805101,0.014151982628708659,0.004299764380343198,0.023812633256363843
0.023546316330682143,0.008706803132046921,0.013663419184449306,0.00850756376999232
0.0068649954090833545,0.05098041716716326,0.011537057679004209,0.02601562404993437
0.048487811907071104,0.003945703773728553,8.466863409129082E-4,0.019551740922962853
0.02998470529319503,0.011306236019746405,0.0023160843353926728,0.010723767116069855
0.0032380033106765285,5.7971520900121246E-5,9.320793970192539E-4,0.016444922563395584
0.04504479749777683,0.022934700144497836,0.0048841410747065,0.014001343825984012
0.06075084313389332,0.01170504687084933,0.004836309353243553,0.00984182925098054
0.008307216219992272,0.007967896807468648,0.005697007215490703,0.015635822262041507
0.030517251474355536,0.025575633439255025,0.002480886475318818,0.0020931032421849034
0.004916226216234448,0.00829472180105844,0.0037201427400789136,0.0027824236423826297
0.023899585478624988,0.041062956942970213,0.005484282917307704,0.0026464297599222133
0.041125148188828065,0.016289319978982954,0.013571934342644613,0.006044164145458928
0.026588326119763108,0.007719960088112638,0.0038494788248139553,0.012294642130895556
0.015229146458633339,0.00261756801053354,0.0154033695448101,0.015873510806863087
0.012421045376275107,0.0016283770531213106,0.001926175899352168,0.0059398385531433074
0.005376877160454131,0.03487556240727532,0.013158012663580857,0.019443491165599958
0.00158668766543858,0.0029167641854730897,0.003881399689133039,0.012619690709135952
0.008625464355535826,6.998004472922498E-4,0.005295256613083344,0.011145892549009849
0.050998470744010885,0.030275256016153988,0.004201228450339481,0.00833608259017883
0.05079226966208675,0.006341610898244156,0.0014441914384610017,0.0034635800847571552
0.025136155101234788,0.007818896460077057,0.005635890433787849,0.011993917305058938
0.005745227753032878,0.018699652030710594,0.008962327538634024,0.016147547865214194
0.0711505469197008,0.01499531902141659,0.014561739832711309,9.484148441344346E-4
0.0017722686417061902,0.0178134988307049,0.004376738155416454,0.00842497762149023
0.09590480476394808,0.04251016057081371,0.012320965478737282,0.0027658852972768534
0.04342028753283613,0.011796379412521402,0.004755024626656512,7.663092784179202E-4
0.05304699782863287,0.019505125177503205,0.003890979131756635,0.004239306194308601
0.03401268337110812,0.021277002819672087,0.010204939137149743,0.03254974975158106
0.0020864315204470337,0.018355944055848512,0.008380132671062268,0.022021296311003885
0.017574084436361652,0.001578567125295553,0.008449422041851376,0.004650371304660025
0.02871490079006913,0.008624423328222065,0.0028796819922362426,0.023390701447923264
0.0095874427000181,0.019486112431161634,0.017781893640285734,0.017545673952571138
0.046578852169346076,0.02230597317961274,0.0026477257413258016,0.01623727194064883
0.0022440211219660246,6.405989720082238E-4,8.304286994016172E-4,0.0038181401691002744
0.04214852107028305,0.014521121385543607,3.1199266043122997E-4,0.0014122340152549393
0.0597592267929622,0.007848801038757786,0.010588264811901867,0.010340966263820358
0.03018860878114965,0.0016327217063110432,0.004161620604673428,0.004883012753794413
0.012888017869452796,0.038194957475163605,0.008990833047788856,0.007899681355276057
0.04526189026775039,0.017113918090643204,0.013675598504343828,0.0037739017089977946
0.04201071834978571,0.0018809680095300322,0.00966337429835145,0.0062616859464238875
0.018216033020190547,0.018220136507926695,0.004136242033587852,0.0018330624133092845
0.16260545491769982,9.017331766729042E-4,0.012998216722469756,0.010961381291530826
0.046877203983211754,0.013035593310123017,0.0061193635712325995,0.017452287576300875
0.022921707457496394,0.006151787127627617,9.436979223774705E-4,0.004934327899178347
0.06307156712521118,0.010981878643720216,0.01454593765230564,5.276696778213786E-4
0.2010447478597359,0.01803846070299937,0.007813779441774658,0.009900438668411822
0.020529162585153186,0.005992056275958292,0.010963352212280208,0.0011762209235183182
0.035744293135291434,0.021984400224068164,0.003976209040767163,0.051751195765739784
0.02369158187919455,0.03213040922602462,0.00433242638696925,0.003942795026656392
0.027856831179601103,0.013748764778946435,0.0033936472379841875,8.947178942263432E-5
0.02885244592669826,0.01043760378840945,0.0011148621700538197,0.014110296416356272
8.923358919157415E-4,0.02772434331680381,0.004673134406879115,0.001632371635447073
0.09693279798590068,0.01434777457841654,0.005520511169287191,0.004175197149382612
0.05939475034594801,0.04946867542912558,0.00655154912557507,0.020900591372210873
0.09077599333534439,0.012834152867079545,0.016900928903601016,0.005247708302421316
0.06477735997760116,0.004218589476747803,0.004878117899255347,0.0158088493616237
0.010096254746932145,0.005248828170734211,4.354181315866072E-4,0.005797867131371463
0.072530560360126,0.021850752698775646,0.017764057658454523,0.008695485878461005
0.053715913563436274,7.889107237556651E-4,0.00719325852697604,0.020789110624851496
0.05452481278790876,0.016428318749331094,0.012736069219889956,0.01393299205217166
8.408144651558279E-4,0.018762077986622442,0.008768120987937127,0.008750813116953247
0.03442541776198286,0.008555732107568723,0.0015297035556396563,0.027156985120989557
0.033694365164266,0.023249453767903043,0.0053747482459687536,3.344595067097236E-4
0.07903178592139078,0.014948813248444754,0.0064995556606566975,0.01674666021379339
0.040067733256745584,0.009421669879347918,0.02732970591974044,0.011019861472183777
0.013607152493364104,0.00867373994035403,0.005825797349035127,0.005563499435299893
0.03919797812877084,0.015117474721668167,8.821670634040907E-4,0.004677159755489508
0.014694989561647491,0.007932072048588982,0.009567364396763285,0.0029207268279263085
0.17259061473147153,0.007483516681941883,0.0037497088793505286,0.008293003771109057
0.006372201404347546,0.0031057972792067883,0.002019403997965859,0.006745057011827833
0.008089508676014089,0.023143439538940134,0.00896292070356457,0.006301636320477745
0.09803981681605607,0.028066337300770492,0.01866161712832995,0.0102667786590562
0.009420451688834248,0.0035503274558366187,0.016991216248433895,0.005509792758860584
0.03915323085883775,0.026437985059297425,0.010072955986088919,0.0106336383238071
0.028567712572438266,0.0036662298770107423,0.016825175014608784,0.00967577246762699
0.010365581317719225,0.01032508215502524,0.005049273163411382,4.906425217761747E-4
8.762627964183422E-4,8.95176786523673E-4,0.005759329901668283,0.012170313889903967
0.04197205540226228,0.015555388688579103,0.01699037842408577,0.008670435394107527
0.00530426184038282,0.0015998686093721493,0.0015737832329022164,0.00349729231928536
0.051073345719452184,0.0033174404420410475,0.0032064762149475864,0.00475032594271541
0.019397020361699328,0.006366656357740111,0.006452736872602392,0.0042751939280155655
0.08044891035807647,0.003009216516683085,8.553197836625023E-4,0.03240262953657847
0.01952087187903195,0.015267873240962097,0.007039824258488935,0.016171749708340077
0.046929787014711434,0.016686410810822096,0.0011136408360301255,0.005233246405766227
0.07558226973913124,0.001215989617191922,0.006692926009717859,0.003108082825527022
0.01939317742392199,0.00757594758753896,0.007964194876432674,0.009743741502730845
0.059394170556390055,0.032671741577849085,0.008177993930708546,0.004067176001345752
0.08371654239909464,0.00251155018020503,0.01254344723911557,0.018019384156986756
0.019107223857339355,0.007334212079012231,0.01499060684612311,0.025177730798271625
0.02082786489751252,9.329660078039206E-4,0.018790046247341787,0.009256235003089024
0.07517443933009153,0.0018906370279195102,0.0012756292694963219,2.232246129660063E-4
0.0678759262677768,0.006487329939532026,0.008873230136555625,0.004184830530063006
0.001472393455472304,0.006405516449340928,0.0024825963868179124,0.006552885433399733
0.055138180873634285,0.022388431981927474,0.0023117508200897327,0.012501490231203918
0.0857207315505346,0.013739437046928208,0.007768367037034327,0.01661992840366622
0.00645050584106008,0.0018292184257156091,0.0014354193379866754,0.004978568484270892
0.028089056354181585,0.004700309321514598,0.002095283825732454,0.012338729308078373
0.028159068022525057,0.034138073477638926,0.008527034806166003,0.010550498249362382
0.08988810955975428,0.020751332322839492,0.029648681250633246,0.014117233155402267
0.03644397749990204,0.01856241530832313,0.00971847505974373,2.47569667017653E-5
0.009161967246431566,0.004542998585346757,0.010706448411032063,0.0024260372923713036
0.0040799250901771035,0.004808361483538529,0.008334343016596935,0.011246591951059598
0.0397501308075625,0.004246016609880932,0.013007792746979543,0.034352637522304934
0.00645050584106008,0.0018292184257156091,0.0014354193379866754,0.004978568484270892
0.040969659799497245,0.0029416191136507073,0.005348170954637788,0.0027516778647616114
0.01252717004085938,0.005356314947529904,9.852308380747044E-4,0.009221781696054327
0.052029200946662545,0.027861340542893895,0.001795451025495083,0.0116015755879194
0.11007570819994096,0.030986844810151806,0.0211883179813546,0.019321576775662107
0.01404538237857158,0.022552411184713878,0.006295407450125322,0.006054633831001511
0.019094187802457908,0.02726765094720161,0.003524870467693102,0.0020140036247551104
0.06677181851690613,0.011922105215771906,0.008851078134416799,0.007562833738487423
0.05518153463955084,0.013083866884208636,0.007682570414513865,0.007812767362663205
0.00308061343664769,0.003048698013664529,4.65915900009728E-4,0.00274917735238677
0.018487761288177557,0.0032099597815110196,0.007860063943137366,0.0018937066594722995
0.015391384135118868,0.008013217920036151,0.0012146502884029288,0.004083606228339901
0.019793792701206295,0.006436666611154868,0.009183579535541374,0.005352488794730636
0.16599973058047543,0.02581322628627415,0.006735103849890913,0.008737276277975325
0.013854500857589793,0.0026388471198145196,0.0066676914693245505,0.017088311258320207
0.04002380996861113,0.02653266182736288,0.005055544907553911,0.017827234061233824
0.029291351126810902,0.009905713978970387,0.002606629171489855,0.02409458960012839
0.03097550968900566,0.03159995515519125,0.01128423119524882,0.008309056461789446
0.07606728388053223,8.736674247230669E-4,0.007621858140662025,0.01923414137050251
0.07177205261345217,0.004343148353730236,0.003530791100330758,0.0290618907971102
0.015735628324205515,0.010378412903260047,4.333865313050816E-4,0.002218029841162562
0.0520245865694822,0.023820920039370048,0.011705973151789258,0.0029626075079970072
0.06691252201891926,0.01892792714330138,0.013956237815207561,0.007026592482630341
0.009905494595091595,3.7143717031519274E-4,0.0027742790421102248,3.377170868290585E-5
0.017002541081405035,0.018066830634297402,0.0072804793400085875,0.009347989427711418
0.015798616356870944,7.589560167382421E-4,9.350114705011188E-4,0.0066366124244923485
0.002498753632119139,6.0930276265591615E-5,0.0028172184440897327,0.0014058078513464738
0.09009449513722147,0.01883139768383858,0.008903629432200487,0.002148310814797414
0.02062672716606662,0.00958926244735762,0.00801808883557808,0.003657562320736561
0.06794401174335826,0.0075771648907993275,0.013951503326055726,0.006639941424095406
0.03696693932946543,0.004776332320648649,0.0035776160439117462,0.008775349738477609
0.02673947670404024,0.01762248533161389,0.007550218903743893,0.003657065761398174
0.07019167147268725,0.008751455428769745,0.0022601297852263193,0.0016328743452372178
0.014369537483973417,0.03480233989646577,0.013457428695775858,0.01097835362632481
0.09415784760253434,0.030159181751947896,0.00153577997395091,0.006470609401140258
0.08127542998761826,0.012019683550498957,0.0023694425601936296,0.0030873242452736363
0.07175007090050955,0.0014746463430488634,0.004437776355915058,0.005031373406254632
0.017792370335064187,0.01188763316175909,8.867358272357965E-4,0.0048866581893299245
0.004906564629946332,0.02513858790452666,0.0013776722607593917,0.027662663389548592
0.0547824115877073,0.01483273533274636,0.012746646515003573,0.0011118738089119819
0.08031991958004796,0.020922070971920878,0.018205011843859174,0.01259955291030442
0.09232109744126754,0.020682023530951416,0.002706969263699066,0.006298498093698256
0.012541591584448175,9.903208676470559E-5,0.001346981056236296,0.0010712421815394794
0.010327200679427311,0.012878082179904155,0.005559387639287338,0.007856539122977907
0.02915069159157827,0.01957957143489919,7.273439837534393E-5,0.01725368274824421
0.026345270916764297,0.03072490149754096,0.012046124127500451,0.003985809101855857
0.01853012906756072,0.01878752029248068,0.00683338314027472,0.012058997409696402
0.06449065593784713,0.005909877327481143,0.002873819866216002,0.024974224202227897
0.013340864566279063,0.035136642572577405,0.009136840093479804,2.7647407623308394E-4
0.00353183935863404,0.00396199993958354,0.002940499470674129,0.016112732091156413
0.026859702134869635,0.011684548594375751,0.005742805467050794,0.007167151913414754
0.05038907241316791,0.0017201154648976349,0.005681945893283571,0.002461144788508134
0.07817111126054586,0.03149101299011859,0.012904319493924753,0.011840099644215773
0.06208041976435563,0.02775827724569055,0.013445363425526616,0.015668527639551434
0.02241333150283241,0.004704186864017326,0.004006816756234065,0.014856146599692432
0.01992247932345139,0.007239749077742547,0.0020947108604219508,0.012114362846490739
0.02193907410223295,0.005374970377241195,0.006283897473408371,0.0017632778425431348
0.013638801021134628,0.020519734617133,0.004147525863997165,0.0011662599923903615
0.03919797812877084,0.015117474721668167,8.821670634040907E-4,0.004677159755489508
0.023025527343723835,0.0025765341740123077,0.010456525927218026,0.002405539328254273
0.01568201845838189,0.025581933414659527,7.656197028856124E-4,3.726918586547102E-4
0.06476176550241879,0.037197920823587964,0.018097843700393718,0.006237523966363524
0.0012881202431224057,0.003761368221201183,0.003631790489343191,0.00594459329728299
0.013113254409725324,0.01077485653380408,0.014656169147789529,0.006645998111373196
0.05025811265615806,0.013077859691324785,0.0015403688254995854,0.020338091781685386
0.0194580874522316,0.009777223364222412,0.016752474028134918,0.003908945624396539
0.0033392936987386196,0.005339370101927021,0.004464251741570146,9.292360954817275E-5
0.003702108239081584,0.0014910439310377667,0.00322074247732872,0.006975885216093988
0.06859820336728728,0.02610891511779821,0.008535527342520987,0.0047091214249060905
0.09992075353345418,0.019675760378276192,0.007385244788447814,0.02049602400873585
0.05194149641000816,0.011971146416505412,0.008538000543505177,0.018801866411024323
0.04001297035500999,0.00607306817409503,0.001782174611338986,0.006666321711532646
0.04925519373772341,0.026012431397153507,0.0019270431706214792,0.007975176764496054
0.039656167509687805,0.029734473392332324,0.0024534939140846194,0.006641955712753176
0.11925449172473185,0.025916254148808313,0.0021915405579367173,0.009665727948373927
0.012919728223637766,0.0015369673756923054,0.0043965387670356695,0.007115952538515348
0.008136773973504376,0.026344423532027803,0.015133863944085177,0.018212300093846497
0.03117972282421643,2.037648577788165E-4,8.01199045120801E-4,0.001895141709321571
0.08639440266667231,0.021031367994073336,0.001992851556797464,0.009561298231499213
0.013937983308944723,0.007517931729204865,0.009702478348499988,0.007944852623887881
0.05579129861134098,0.006297889504338306,0.004780865198869463,0.002443507738108481
0.03906319417200934,0.006432061733856341,0.02055164986384403,0.01809130269334277
0.08419013744696152,0.0026770625428338855,0.009389159757906936,0.02036646016348932
0.017980627944841277,0.005565100387392688,0.007736271401849066,0.008633842544756935
0.04753000882168521,0.010656145751292189,0.00512923683667778,1.1273628799044678E-4
0.10415474356285355,0.009099362122945036,0.011286571480853392,0.0017729872274733116
0.008570957899227646,0.027483710807824916,0.006749149183477114,0.018881961759804788
0.00963711856692537,0.007359226845188359,0.0070058405901215395,0.03065607364545473
0.03878215807930358,0.016858533439955997,0.004317833674889419,0.015211586393226319
0.03036732667278983,0.004872827749747913,0.009158054287166194,0.010564190075208313
0.0038806942981644073,0.019471972649098754,0.01070111556434803,0.024000517608684345
0.009591270910976692,0.0028651523949745844,0.004939206209259096,0.013827296658160917
0.00675152608322362,0.018434429637638035,0.005245468782959922,0.0039979376158067546
0.06491904741996352,0.006047232790271609,0.006441526472998152,0.024422053189139196
0.006101795650340603,0.00996366789334608,0.002823229484212121,0.005576339876956983
0.029809333456108946,0.017206680071706303,0.0028710165384695603,0.006944719842568531
0.0026824851298062843,0.004193588191588561,0.0037395185968390064,0.008017360708242055
0.11684747866939561,0.002035642837243339,0.015604674615864114,0.026211159162784752
0.06512949921737632,0.011630527682944983,0.005248727055945946,0.011268612066811113
0.05325252329646003,0.022002720453804313,0.0024041994699646844,0.00739407053188057
0.03726700330176567,0.014051539743314148,0.007680231618789905,0.005334668592194299
0.025862778927763546,2.758836898688914E-5,0.008864665620194022,0.0033973152391856935
0.0631822079608286,0.015656753062979104,0.010035466597739271,0.013951770986760778
0.06024371721295407,0.007856425274190379,0.003874864678095013,0.004893293267044721
0.20419309594986199,0.006547056976638188,0.007151207734370645,0.010331549884256611
0.013323691770225653,0.01673734727243199,0.005477452977207773,0.001243484988146524
0.004231970371099223,0.01724287172139315,0.01274751224655493,0.002181229364726543
0.0067481349441662775,0.008277409771016113,0.006519757289028622,0.011329970777465838
0.03589205226213957,0.008563875552591088,0.0014822261292607463,0.02339683492955079
0.027717379103427697,0.022872946268247495,0.00889346545483518,0.007118335514943789
0.15831003417273085,0.0195240538982306,0.013781595319141245,0.009604596146856109
0.07029794174558301,0.012857472781514273,0.005866272982184513,0.030492604768244856
0.0059181788125387755,0.003123386489277262,0.001442461021878619,9.625219910721799E-4
0.05758158454682078,0.019122103336316646,0.0022916242446812183,0.0084450606985538
0.04320623750541315,0.028245878398397185,7.317413185040725E-4,4.0273770471141374E-5
0.04088470327743107,0.00453766479847231,0.016240790506223658,0.006349999153136086
0.020470131461039563,0.001497141864521984,0.006553359928171478,0.012561519357117563
0.011192262248105028,0.0033196291101765737,0.0010410300512177391,0.0015130799700660018
0.0577011495073216,0.001873249167047759,0.01250352576513619,0.005238971290020659
0.01778771237118236,0.0034446146468567187,0.010490714214637889,2.921589235620269E-4
0.050910441413172414,0.003048020321688509,0.004380822285643787,0.019083674838686213
0.013340864566279063,0.035136642572577405,0.009136840093479804,2.7647407623308394E-4
8.830718255746617E-4,0.035508275588404234,0.0012649862193145705,0.014830575064351224
0.04854169386629387,0.023115647247829756,0.014853971728448153,0.005474448032654119
0.05897840549950521,0.013484160440985054,0.0033857367338634347,0.012487423229985356
0.01210207723043674,0.0044503076513265185,0.01023037521559289,0.011659642553316377
0.01839479678888591,0.015233470115915389,0.00422630946306993,0.024310243042246833
0.019989157834972033,0.020564520431210324,0.0019493946275932657,0.011813587096082337
0.015128359601774178,0.04306349791181872,0.0033187722134237567,0.0017997803812432398
0.024241717224409803,0.004642637904322878,0.0025224812015629404,0.017519930512119995
0.002928372615837349,0.04007949059776944,0.0036176474599590334,0.002127672592884764
0.023546316330682143,0.008706803132046921,0.013663419184449306,0.00850756376999232
0.13163877993282747,0.025695069019205003,0.018648309726231233,0.016800603933511047
0.04697875351396859,0.005606910475204185,0.0010275767099988448,0.0028120664532546367
0.14377041790547082,4.253085714924964E-4,0.004285451104069281,0.00745299110867732
0.04645839080589807,0.03322057522686077,0.0010849089051397094,0.0012989025702186605
0.09912133722964989,4.299141584029554E-4,0.009310914435035199,0.007760584061171551
0.027192278328196873,0.0024739768446968963,0.011329926444354632,0.0030967428176666457
0.018615849553950122,4.128062938642967E-5,0.009524741018775443,0.011570642012458882
0.06013363205105681,0.001384271083148544,0.0035691043561799315,0.009536110048508612
0.02290859445138296,0.03073781222288921,0.003005070326583544,0.004277892855601376
0.09867777630043296,0.041592257647433885,0.013072854467588409,0.004541878770737258
0.08322684324056019,0.04495144947687643,0.009656004370544162,0.0023527099721888786
0.0015127878621004488,0.004404851340880884,0.0050927279049745615,0.004171747645696455
0.009181360028312976,0.0011298565010101488,5.28580051241039E-4,0.0046509947159945435
0.15556522509526136,0.042133718271493946,2.9279703661801035E-4,0.04684832776991487
0.21240602380515683,0.03833577351418062,0.007301935634906698,0.006368264224090719
0.039516212475905234,0.023522880946474024,0.011983328907671363,0.005034329466236
0.04640102162453556,0.01568134806766587,0.021098870142138734,0.0032910535631610243
0.015303098314340747,6.494652836934112E-5,0.001521731773252247,0.0038102045347506042
0.05022596879642614,0.012614956072640382,7.111899447151364E-4,0.0030911209338442065
0.018040226598360617,0.0030442475856799584,0.003160473600186092,0.001295724088910667
0.029729604996268713,0.012040986801290324,0.0037929818129333157,0.006551129524160926
0.015107480282495913,0.006166270607456496,0.0022121099390540223,9.562466371045785E-4
0.06941409381222251,0.00348499527749213,0.002099980742621034,0.008371324738598031
0.019948868266365362,7.131011560719063E-4,0.01115910777788295,0.010632286622590246
0.026313963898169437,0.04604050349442257,6.257931231725645E-4,0.006005048340164099
0.0010610367118791652,0.003590011717182979,0.0023481358986173497,0.0036505573488973216
0.004660027211173233,0.0068352773580100026,0.005374249112421622,0.012748525026737796
0.11983800190785268,0.01968114675711621,0.0016996514600240622,0.030000353148291973
0.04328445378418768,0.010387706104326542,0.005871010634107222,0.008786857222515569
0.0506364043849323,0.007694647439363734,0.013756312670604374,5.082571769391008E-4
0.0012862007685548972,0.004934093899226898,0.0030406753237496044,0.004534844778876224
0.09945185349933479,0.015235306382026113,0.0028798218281019436,0.03547767425256439
0.08555568569752264,0.007857728680131668,0.006529146448020402,0.008016192679720367
0.09437913249836105,0.001926388794258142,0.0051920382846752594,0.011569624654828104
0.02412798823095176,0.013134372404546076,0.007520722802927211,0.01217552070173789
0.09866636399745217,0.014327628314718139,0.015030611131800955,0.006091795158342487
0.04963910454824799,0.006907868835734566,0.0071289650052077744,0.009231011009366876
0.008013542035441117,0.019210979497101443,0.014209317383810503,0.02339524588706907
0.004725132390681245,0.03028868901981338,0.025642740973242054,0.004603424199278505
0.10145570362856794,0.006701028010620272,0.005760246490167563,0.0021608563164677965
0.05625154577814558,0.012515819113106853,0.011255910254326625,0.010581459933403979
0.07527911682436476,0.02068705767242611,0.0025217668681267046,0.009085819336929356
0.03274288424469346,0.011997219510448213,0.0014033483847695795,0.0029761327914089386
0.007329688288595548,0.003024850545334228,0.006598110651703311,0.002005802018180488
0.002510504679181289,0.023300342232664095,0.02309823867512821,5.562454565186652E-4
0.09301719266541258,0.03501378523034322,0.008438439840829195,0.019371150914074417
0.09134645579147223,0.024048334098029395,0.017897791339949464,0.017812907628175063
0.046251779683519414,0.002258163861463166,0.006390441189410342,0.009713433156057915
0.029218886587940796,0.01186163743864212,0.00320769391685876,2.996311994852673E-4
0.005458086212008268,0.0024548163592669914,0.0038222518075719503,0.015895980177426102
0.03483777841832225,0.006121491331657667,0.015082402817148637,0.005398648310943037
0.015056842355539633,0.0029195540829263914,0.020257200582760808,0.026527961677303227
0.010194771967946359,0.004236546163237803,0.013928075931817852,0.010570311261692673
0.08752436620428894,0.015736142289099336,0.007538688220010513,0.013581458739695056
0.017875276703987322,0.005893266246614498,0.010507922594717273,0.011044881615043191
0.027501591108049502,0.006286585220206074,8.124481383999897E-4,0.014174690740811739
0.028629428826249127,0.009959917172793384,0.00927016892147005,0.011671546595387137
0.02723099994969657,0.018872031753786628,0.003101952931531301,0.008591790708548642
0.002137441894236247,8.67267825251308E-4,4.640691745595787E-4,0.010810777578506977
0.02425906325889452,0.057641513436075945,0.012291810065968259,0.00867544711374543
0.00457821798149174,0.0024424504403815486,0.00980875323551591,0.00969987880633224
0.0700148859594563,0.016427925518904225,0.0037036794477461727,0.011427661648946302
0.052272475298585336,0.010970302075328097,0.01702803969488148,0.007977380609550468
0.015616449908160817,0.012464663924594277,0.0029227558558393985,0.025215348545201147
0.0389576419079468,0.0012331355729858127,0.009244026234388494,0.005639536370800828
0.004601423391530925,0.02491447041169018,6.529740423127777E-4,0.004773367971471932
0.02663391365611691,0.0035280621719673308,0.02328197965418082,0.03810467218678301
0.010464271624391952,2.226276688922708E-4,0.0018494609374762301,8.879652895608357E-4
0.045629374569373674,0.012070753594475634,0.015527657155157328,0.02413782707864998
0.07477889805319027,0.04438198230744452,0.006562240673567571,0.002303643163862439
0.011676485710116275,2.8098368545526634E-4,2.391151984749236E-5,0.007656759868349136
0.010560387302088779,0.01398900456222006,7.313088155186761E-4,3.673939909932341E-4
0.1625732073799293,0.020583566149106457,0.008105410425989392,0.031552855358034884
0.0012014365488797404,0.005614550827239341,0.0054030332660502415,0.00937430682415702
0.0015489836799767642,0.006176000205964392,0.016183924724870388,8.204883367587262E-4
0.024402418680249425,0.008884268909638407,0.011460394076771012,0.002088221450223967
0.029103188082607145,1.7313772993804506E-5,0.006080857543558523,0.0021534720139951015
0.06453658237425096,0.00922173816269242,0.003407201152766864,0.014525267333031538
0.05527270777658923,0.02033866248297432,0.0019414132794959601,0.008828008516446882
0.010164356135649618,0.013931479592590928,0.011365688121846938,2.4551660514562587E-4
0.03429519657252714,0.0070714833574831775,0.0054956266644458004,0.004742871685033496
0.01303764873211531,0.0024299894747268932,0.0018939087480782382,0.001219195506788377
0.044455050406545425,0.01723062500220732,0.0028292126255078797,0.010372801172212624
0.027659518614438185,0.006084703372169465,0.003752991213006657,0.011658649766787132
0.01677555968512787,0.02249760421455319,0.007972606587351258,0.008118472560288225
0.0221648800017597,0.013245434440097867,0.00588263264068845,0.0160483742070312
0.021148745217436843,0.011194901139927682,0.0010442795277399509,0.004186242067678254
0.03907797280100072,0.026844953671463487,0.011116360760295763,0.004092446742471602
0.05359376725540283,0.008739807421370586,0.013722930961390975,0.014852439765290932
0.004734496131338952,0.010174877845955131,0.0022005639814449813,0.01179406256081747
0.09504122807780316,0.048295772380956475,0.011254719126955737,8.367614259933383E-4
0.020876077901046407,0.017937721871972453,0.004587006847797325,0.007503522287959952
0.04535248921237648,0.01087520158381207,0.012234123691809843,0.02040291931269054
0.006877655896479428,0.025974487291959347,0.0030554398372783535,0.01994006236502487
0.06058447485381547,0.0034177417322891544,0.008145902997902289,0.004856000716735289
0.10155675330065586,5.2488304484159E-4,0.005126380147090277,0.00803882094087879
0.04030122085425902,0.013569009727396136,0.009777399383581225,0.017532233292954107
0.0662858306674866,0.013310131153843203,0.0040180909903524,0.015149047383822114
0.04601910483100224,0.004009791616854013,0.027599558799317865,0.015218310567097581
0.16614024434707578,0.056481658248983053,0.00792128103868729,0.011575029164916114
0.033947302622477436,0.018382626411767973,0.0039793140807487986,0.009562966831167656
0.008714069764236347,0.004789474206900753,0.0029545942716197393,0.0011339227751734375
0.006126489103036295,0.028058416639160824,0.002048230323629331,0.020457177355524766
0.08828043269192967,0.01367545605424138,0.005615106412144889,5.601076522873732E-4
0.08458255356814041,0.012486339593208478,0.006989445632854605,0.009979245132999269
0.0640276155589942,0.014939722210996794,0.006580013239799854,0.0035280561067430353
0.05191222947995837,0.010567121838115433,0.008955680318161742,0.010837877066356425
0.12020916129627389,0.029820217680796623,0.006897464454532547,0.038010650974940455
0.011396981853508186,0.04102980852556785,0.010137921730773249,0.020097999365225414
0.008963720638444363,0.024124242915389154,0.012685093499340803,0.024106792574553858
0.10737541591298039,0.001674257699082864,0.0017984620781646423,0.024453238679844273
0.04716802862627967,0.017051771322889802,0.01377807851259381,0.019750327287761445
0.0934134221436895,0.015378650966344975,7.004056036037823E-4,0.029159039561721594
0.03321187895881819,0.011215678976765002,0.010162111124393308,0.007126227253185913
0.051913582162591225,0.012722223319924328,0.011860700133067056,0.017039941813681278
0.024425446150196786,0.026261093373651644,2.6456377261005107E-4,0.030783593072867453
0.0604555171519642,0.00890606831453437,0.010874768433680324,0.005887788910808286
0.06064766829376683,0.02914599467887667,0.0018402930307660902,0.0016336604067105063
0.02090736494332121,0.030528929642809406,0.004173174944271178,0.006723699837638897
0.05503242266840886,0.013706385888046098,0.007270125141158934,0.010680473975753406
0.05758158454682078,0.019122103336316646,0.0022916242446812183,0.0084450606985538
0.07305821943126932,0.04076413979770347,0.001444289439122081,0.024770811844757906
0.07201523986131153,0.005016848302681632,0.007629936592736627,0.011578981149890803
0.03579734669241331,0.003866555891592252,0.010675279454358571,0.004251897193358926
0.06888126112846951,0.001902983612651898,0.009897653047274446,0.0011046565327051461
0.056881532418343886,0.029263112181996235,0.006163898256529013,0.019371771199347177
0.05795687104427332,0.022469878346085992,0.0018623471391063591,0.008729250042905952
0.020543455952973324,0.008360516513500492,0.009039439744639702,1.8336659895078412E-4
0.016136268690473916,0.024946054202270748,0.006606303671153582,0.016675755910666317
0.11191752060152459,0.014114798525970338,0.007074270247737714,0.022051846184262362
0.03320625327965409,0.017925026345862204,0.0065989142300400755,0.007313450646929972
0.03648933471620094,0.014962862137314367,0.009415172423237925,0.005899983488933489
0.01147660032002389,0.035302501340900655,0.01153744244726681,0.009155963605600625
0.030672886070941607,0.01843295435822722,4.2735763186231156E-4,8.363190691703616E-4
0.0022763724069739424,0.0067509932777367965,0.005378397428848431,0.024431406558551895
0.015266630632583536,0.03625701038497239,0.0021799742264776503,0.021181329876447542
0.01853871291221861,0.003949422600461252,0.016396217598173585,0.007274068213922121
0.07693600834476773,0.009834772660872524,0.006223990330558821,0.029620710683869834
0.04280145329438262,0.006530866958316681,0.017293527145185714,0.020678843997753854
0.09478101459342225,0.02018854934637523,0.005242508607075968,0.015273023069458404
0.011896597095191455,0.0069683470189881285,8.330705406658017E-4,0.012521013974824998
0.007601771685127657,2.463042390814226E-4,0.0027809037609456333,0.003764047840323458
0.0019189142812848592,0.02170660737355828,0.012211648931291305,0.01972572723477383
0.10049955094645446,0.02038305842252328,0.01350187890065087,0.0180622758096742
0.004823577669068766,5.836682976136046E-4,0.005530429168734544,0.0022584095807643948
0.09223214259751966,0.007944072690801888,0.0015969955669346435,0.004043600125626439
0.1861954964807948,0.016224120637370377,0.01684837572141963,0.013466203567166109
0.06095674991357014,0.0012763935758462691,0.0012200035616647697,0.0052396129018110835
0.007780054573095446,0.02394389247021329,0.0064416608868137415,0.02990785922168119
0.021524357204810305,0.013565353403000198,0.002000757577424933,0.008161507579655313
0.034878559672077744,0.011311714883738397,0.016567829450734765,0.00413572404082531
0.04393043430546439,0.0010515988538457271,0.008331658909485808,0.0021162467810579197
0.005138799415930844,0.030840891525743968,6.915540754929907E-4,0.0034520822153188656
0.05527270777658923,0.02033866248297432,0.0019414132794959601,0.008828008516446882
0.016491407179204717,0.0012828033583500238,7.970164799317193E-4,0.0076454816434688285
0.0020205970899999535,0.0048754234590653875,0.003684407112077786,0.011126492011983815
0.2010447478597359,0.01803846070299937,0.007813779441774658,0.009900438668411822
0.039245645837047295,0.02261915676567604,0.01939882021065495,0.014174077223023768
0.05336532519098828,0.01775342981386001,0.0023562358629442147,0.008798826226714957
0.03429519657252714,0.0070714833574831775,0.0054956266644458004,0.004742871685033496
0.00812350310522921,0.025552370229087157,0.0019703038088530137,0.005556723602970982
0.0016209920675003412,0.024652355408458095,0.011658319002019827,0.021430038377768173
0.013425047847697158,0.04597753002216408,0.009157355553907297,0.009493601033421378
0.05123818020342579,0.003167960356137474,0.004053511148863612,0.007031907700401
0.09571835229034054,0.032778687640890675,0.0031745469839078683,0.012095707283540787
0.09465555555555552,0.045485917088135694,0.01566751321280349,2.7447764797622207E-4
0.01724581972348191,0.02224877570719589,7.518619413417959E-4,0.00895800004554614
0.012088813022675872,0.03202652930520496,0.011581775479097606,0.03129890839583805
0.007223167856411355,0.02532287746677151,0.010000902890240542,0.013285772865959387
0.03125376407248744,2.508386542159355E-4,0.003350525735184091,0.004596114027593892
0.1085345776368572,0.05082602015517527,0.01511310082849418,0.003108572071717093
0.059089207761293686,0.003041061665590034,3.670556157756746E-4,0.011584050949833101
0.015935305224929266,0.04919639147099395,0.005561883856609425,0.003705743022111557
0.033627744443968405,0.032703414705646625,0.004861069946098757,0.013342370576261982
0.0599428807241534,0.028221937428474987,9.208534903431138E-5,0.0021947414022758325
0.04959239221412366,0.016258691077809823,0.0025201014809631884,0.01303673036379994
0.015621959409073554,0.020430056535098832,0.002557126535043931,0.0015113764417559552
0.1791677494641719,0.024843701765048506,0.0036251236172235115,0.012476263570292153
0.009931879098379847,0.0011967027684693726,0.0010929594572508575,0.004361317121430246
0.17236042619409775,0.012343060021381037,0.005481498029357696,0.012674624493182702
0.040840017725532377,0.0020401385177862244,0.00949779194349154,0.017598871309075295
0.05847001131532103,0.02393716211038756,3.6044059689233765E-4,0.003411564521563587
0.12066887583191742,0.006572155383163298,0.007053204446666518,0.02697136928883299
0.23481588914796125,0.04001806475971824,0.006072684336443859,0.016344886904276507
0.008983266298651328,0.039546272389893354,0.016321607401650437,0.007191624977820738
0.03905419588574839,0.001879797357991623,0.006053394345115485,0.0016375253734149553
0.007420101848702489,0.027337082956837806,0.0130797934228884,0.013695989445934
0.05178361475823184,0.009936981899679231,0.012034162964345575,0.008159401650246912
0.024420302945655167,0.015161317819003413,0.003198309845807973,0.010935219679745157
0.03155509442821005,0.006586449302770191,0.009914973862526755,0.004969436809129772
0.01310935328667642,0.02396442505020522,0.005859214068959034,0.009457067926796533
0.11704104208607631,0.016161992937462184,0.006600868689549229,0.020544341944906033
0.011710829611478025,0.0018934872627459655,8.826089419705339E-4,0.008010792488591548
0.003412645777535747,0.04611251061292981,0.002737971723379786,0.0012681709925715377
0.05565038614580208,0.004914535138081998,0.005644204018957556,0.008848642379430931
0.0032427963045733718,0.0384085169622156,3.469685254795611E-4,0.00816958579502016
0.08239661561014638,0.01794997525907326,0.009986356925247651,0.011600003684850166
0.036399257730813664,0.024163038289508543,0.01332354876036228,0.022113079415368334
0.014003109250410845,0.010738944531565837,0.0014830752108126852,0.022375902131837613
0.0050909471252887336,0.01953960880619633,0.014609237626144666,0.009647559025655042
0.10216590027875003,0.018332048390673567,0.0062292548449418925,9.254546854015894E-4
0.008412554150182626,0.04483926691430128,0.0016350756101073559,0.0010053406181001429
0.05903040202233779,0.016639710857329654,0.010599937393750009,0.0315048373996425
0.04867210038774403,0.003778425468061937,0.004724420139834079,0.006667482311802376
0.10478249151672621,0.015462187530634322,0.002638124906163495,0.008158720460216845
0.009351832874522308,0.013201538778175521,0.010834407035493293,0.004032668060842462
0.05942702065160566,0.009382403310159854,0.008049065410837282,0.0010313000204145218
0.0032662560386918504,0.011325479690294469,0.001239367053037158,0.0028474294843330314
0.06706364340331057,0.007058907891435647,0.004102646684594956,0.01802433112886754
0.006281271224121216,0.00143602831130119,0.015810625884464247,0.00532383910680178
0.029057382851248866,0.026906455661364723,1.1633873872321726E-4,0.0070842753423050134
0.02773741662991397,0.06660259539384245,0.003599838874742186,4.597844185414358E-4
0.030517251474355536,0.025575633439255025,0.002480886475318818,0.0020931032421849034
0.0024670522297947123,0.03332945674553334,0.005765135544333539,0.003908639715983907
0.0170503108313189,0.005067850638539499,0.008144046333719767,0.009436833434347513
0.007950438196671033,0.045910461636019154,5.655866567006366E-4,0.005868778203891292
0.058945227036746387,0.026598957546534276,6.792037646791365E-4,0.0063467334440932745
0.012329616980779879,0.0012622163305951474,8.754415281050415E-4,0.005194691903667599
0.010032044458713628,0.0057453714744994866,0.004608541305326239,0.026590602603889135
0.07203840430709524,0.007663071920376018,0.010088133548773654,0.013716672528265058
0.08344721780428889,0.015386517327492896,0.005309536544575987,0.02063676945823078
0.07471105619903011,2.9800877781288896E-4,0.002315019781181762,0.0038891881455634407
0.00457821798149174,0.0024424504403815486,0.00980875323551591,0.00969987880633224
0.03171480089203943,0.015658168692016444,0.007779466309907099,0.003902846475442075
0.005203881412334588,0.006873375622538931,0.003074340459612839,0.009647581655691682
0.07240318601732174,0.011189724007276747,0.006561873174785346,0.0064241579648090475
0.014156309418868905,0.0013608446396210223,0.002678118419874623,0.007339082943047789
0.0026824851298062843,0.004193588191588561,0.0037395185968390064,0.008017360708242055
0.002413423193683367,0.004700969724035045,1.5194189425521906E-4,0.012683166047407551
0.004312913589478028,0.0017894168829551407,0.0032139233119602086,0.0052691868073550885
0.059819391085652485,0.009995944637190913,0.006428946677946798,0.009334438771750601
7.387995864739306E-4,0.03234614374861451,0.0022737865721386584,0.018733920016214357
0.07058939345020507,0.006375207589022463,7.869886974831667E-4,0.01223072592368996
0.01167608536254226,0.0111610522941564,0.006049859932172114,0.006287374050830612
0.0971954858611375,0.0060668604112912574,0.008723438179930959,0.012569999889108145
0.08010695100385828,0.041028012025754845,0.013217512327941895,0.0013507573222669093
0.059223004769722094,0.0070265586248487106,6.625042946205415E-4,5.559344298079224E-4
0.03710643191450319,0.014241377629863878,0.0038687319550850274,0.009185625832584548
0.02124226232933631,0.014465839424823866,0.010648248437793781,0.005016030588395743
0.005864430320522863,0.02124341730650028,0.005731396067132854,0.011014641535490213
0.03199310329913679,0.01701050058068541,0.008957887957871325,0.004907538586364847
0.08434891969821162,5.182665440781166E-4,0.0019375290768396615,0.02322002989035057
0.019908999693426403,0.03366871812750837,0.015209913217589901,0.002682759769488797
0.0030336831517838274,0.010100983887525342,0.010533415861339799,0.01968996073164478
0.006027504657824575,0.0021386077837980805,0.01221050800683142,1.2038749198414687E-4
0.013201617113983813,0.011581593203731547,8.218947627182723E-4,0.00927761910767042
0.0022538004605396457,0.0030714578584068483,0.008728853030910838,0.018006160205086146
0.08540589757496476,0.014946152915227955,0.01699748676593856,0.004301828321735492
0.08010695100385828,0.041028012025754845,0.013217512327941895,0.0013507573222669093
0.06643688645414128,0.014669586752059071,0.005924188195050705,0.018541688896591742
0.05778321913714662,0.010797174336831345,0.0097594915975471,0.0027845304598946735
0.0075721031651667554,0.013312590548703205,5.407162621748659E-4,0.008847615003479243
0.03457365846420533,0.025295296689864466,0.0013665640375804262,0.008548023788956567
0.020279410971521816,0.037584997251098214,6.86417077513149E-4,4.131722887361042E-5
0.10390648534540388,0.006656760224320761,0.0030444179748569506,0.012754945368181742
0.04802608972795199,0.01661099622345419,0.01755077399728995,0.009669011180316937
0.04895811797832095,0.02211378928953554,0.0011652138730035204,0.011826163998420638
0.01861820332833184,0.010904076139766313,0.003915954770842041,0.0029265036331922504
0.03010540106096082,0.017697321538066985,0.009352806996834892,1.900185400340998E-4
0.010865133182644258,0.0021395297193457013,0.0022829772442876694,0.0017572171247545113
0.008669172468935782,7.705831674698958E-4,0.0014145015415206264,0.0040326712643614275
0.09102737334174249,0.04830801187496874,0.0013017668226638678,0.015575314913732046
0.00166171613854538,0.029958214657888723,0.0019618908981784353,6.857841416934228E-4
0.02112506306699382,0.027973051030773688,0.006754122848436962,0.0021953265054799566
0.03631876123608556,0.010100232023192015,0.01160636231834018,0.003739728381587263
0.01576058464304361,5.687467482299041E-4,0.00572016355236473,0.01340383143044906
0.003204089667566449,0.002581789572100052,0.005006930701064367,0.004172227985805013
0.039656167509687805,0.029734473392332324,0.0024534939140846194,0.006641955712753176
0.020424610139841128,0.0016892480185657646,0.007534944204197521,0.0024923646985679595
0.008832731280517432,0.016736896751802007,0.0033854646210351074,0.0028360756093254733
0.01605704505470343,0.0022445919425082127,0.003894043739678312,0.004036364282628821
0.020294384270372286,0.012504632838172429,0.0034319142228872632,0.003578556463554904
0.0389576419079468,0.0012331355729858127,0.009244026234388494,0.005639536370800828
0.061548175310531056,0.020463999225584173,0.01411952142874902,0.0024340418693695152
0.044639554866895935,0.022229972510269792,0.014700890230256447,0.001416166255975405
0.007086222678062232,0.006087154963404323,6.174186475383982E-4,0.0077603578737238995
0.05816645799814765,0.029855400296564364,0.00623234683164201,0.005413181638311258
0.19728837748168113,0.041469185300739946,0.007305580660328298,0.009200967731592284
0.06888126112846951,0.001902983612651898,0.009897653047274446,0.0011046565327051461
0.009161967246431566,0.004542998585346757,0.010706448411032063,0.0024260372923713036
0.05681165332502166,0.011261383646873251,0.010985151191627946,0.01129458030708572
0.01598194828548828,0.001656136682258079,0.007971912536355425,0.00501732911835294
0.006502976432368572,0.04029514673512959,6.861902684408527E-6,0.022605541806305394
0.0035228268600952417,0.012706091403584273,0.004469923425847673,0.007751565732466036
0.0895615732134378,0.021746247051497372,0.016947681638521,0.010927845200779458
0.013932466000302696,0.010146019951123549,1.9618015414828085E-4,0.020783011808813045
0.0012963183502438876,0.00479813508251716,0.003308941549733529,0.015614220900706044
0.01458674884207525,0.011330028879797654,0.00220277534531462,0.0033722426880494413
6.311956085298745E-4,9.782001304517935E-4,0.005098779030073783,0.003943780717778323
0.010066885302893715,0.010646664087224533,8.097662565109866E-4,8.776859869301441E-4
0.06942531095487796,0.010065180205570564,0.0065290400372463005,0.004737955737231581
0.004954837668495752,0.01259541800326068,0.009858019583198641,0.008356193095708012
0.02619733222207956,0.011679041965093378,0.0031319718796333383,0.0045972718076836725
0.01950515368416805,0.011187785510990022,0.006601847673468462,0.01269475810499027
0.011186378218279674,0.0034894995242483523,0.0025495703019458005,0.001326934656915812
0.043074309116144564,0.013361090908207768,0.004808164456717939,0.011710263663174812
0.07719842180833424,0.0128691537243732,0.01700770580959218,0.01575105822370284
0.052085064967127434,0.010262169276712418,0.015485899588614635,9.531821997310173E-5
0.009854917311536173,7.997997953900879E-4,4.062537694404051E-5,0.0014953783095715716
0.012535849694341754,0.010390131284307063,0.002284657601530635,0.014978820809551627
0.15561445117390804,0.030044190575489092,6.222704319880024E-4,0.01363155629382607
0.035674363708886894,0.01689506942769573,0.004406678111133135,0.01937186172420956
0.036940929502319454,0.015931145041077927,0.004181949412838794,0.00374823736758752
0.012284353281095697,0.010896542022788303,7.669266416458635E-4,0.0011496578902670898
1.0556933838928261E-4,0.00610209764116053,0.002232118007248288,0.0019447206377956581
0.06177922745061186,0.04217926062830834,9.222597724097859E-4,0.025695695579459964
0.058700214685240795,0.03283634155636514,0.010466810002324906,6.053683920295846E-4
0.0708531145468316,0.007112385591209999,0.007802067334072571,0.023335025288308074
0.18584700675486693,0.028856747823699982,0.02129707881061781,0.01076645686442907
0.059223004769722094,0.0070265586248487106,6.625042946205415E-4,5.559344298079224E-4
0.09256464643023543,0.033232153261546674,0.008888071704365718,3.42593678466257E-4
0.02987077868513619,0.010141892328535719,0.008329089820256933,0.030145691861215317
0.030625654414127717,0.01928830497620145,0.008353946282841185,0.006743907261643682
0.009748131873209302,0.025091344086670495,0.01120200155151564,0.03020835532748342
0.006219809926967523,0.007977565711074863,2.3765527964776583E-4,0.00989748229690575
0.10790487985486467,0.029629925080163624,7.141413246839365E-4,0.013334621449925943
0.008060802036986586,0.0026083891322840995,0.0012183101634802111,0.0036339040535445294
0.03509459061072469,0.02366886857634482,0.0013300298610938821,0.00801563118693895
0.09696804809566215,0.044973893345578345,0.014295376254378381,0.002038022146354589
0.005242673918827328,0.027521097702611002,0.0016698935682975594,0.02316223909222468
0.04318515537057508,0.004870456150133159,0.008985402358796555,0.013718567680427314
0.02193907410223295,0.005374970377241195,0.006283897473408371,0.0017632778425431348
0.04660191981020418,0.003512649481835839,0.005929909390101208,0.008241597934790111
0.11704104208607631,0.016161992937462184,0.006600868689549229,0.020544341944906033
0.009801885120385136,0.017512010137408524,0.0011501320069415896,0.007533578009404752
0.005952331866639976,7.592978838508643E-4,0.013271374640855803,0.013691062865531381
0.1180992189524802,0.011172764309371242,5.803463443849581E-4,0.024473987394717085
0.07059643224845706,0.015040850854274491,0.0067787293667349105,0.015061269252121865
0.05264128933112308,0.04402390218912577,1.4148063510933777E-4,0.022902204481917193
0.027856831179601103,0.013748764778946435,0.0033936472379841875,8.947178942263432E-5
0.0360608609033931,0.012606270240796611,0.001570768384567315,0.029380437114106428
0.02813340250015362,0.01694927891442336,0.0013204956931193764,4.6491453988345313E-4
0.007725904390040503,1.4568970625991246E-4,0.002421106614366485,0.003888332433493696
0.015368568741826343,0.016617683246864915,0.002367062234397325,0.006665956529250245
0.011894915005596068,0.009832063684433744,8.729355504642051E-4,0.006354531640403731
0.019865165035273764,0.026287376872975,0.001658878048651498,0.011500855399279569
0.010821158202728923,0.0010681176209049834,6.755820461125717E-5,0.0015232249111468822
0.019837780310647105,0.027601392169618807,0.007773447740177509,0.003335757232067259
0.0744504392044924,0.03512005563867632,0.026083765231196626,0.011792580880557103
0.012255401498321414,0.002669708872814256,0.0017509906520498577,0.02317554183586428
0.016274514346750844,0.02087731593211095,0.008915465305519866,0.011351481015978085
0.08309176253523266,0.027002024717734677,0.015352158286628012,0.012218884909060453
0.018417813630978993,0.0031798289233769947,0.007268259958930718,0.007567666756639182
0.009227776782824507,0.021908439992811054,0.0012220936352911362,0.01426295337052958
0.012174675767864292,0.02016772555123892,0.00239403775469317,0.005581035406760739
0.09547264136704284,0.01551936749554415,0.01075197434757738,0.012343365226872417
0.0032005873658096963,0.024210963739782383,9.340099575806316E-4,0.03402552361207891
0.04326660159581055,0.01447681537128508,0.0059211009941512105,0.004418423991430184
0.026834375856408667,0.0070230583468932324,0.0020144381739333837,0.002004411998636291
0.050335170786116455,0.014297269349231832,0.0063842240784392715,0.014868709505521488
0.0300209544047978,0.012331035400684882,4.7548899800084764E-4,0.005057133016351467
0.019002336378347688,0.026023312958675875,0.011484498569267289,0.011300574142687014
0.00669869093646664,0.0023058272603746644,7.990004728875373E-5,0.007198733770307896
0.027037491702803357,0.020838746227344777,0.0027669548360372436,0.005346404036899739
0.10078586059129788,0.03159525464175822,0.00607546087222868,0.007955661797295177
0.003408088340016152,0.0049903767178737886,0.002283823377347782,0.004002640951015886
0.03523097273089022,7.454670291278451E-4,0.006164218525280019,0.015256627912371793
0.010467874314804828,0.009962925901648831,0.004055056482945885,0.011835978806322072
0.019150006117147126,0.020831004936833333,0.01641043956096179,0.015644525461573824
0.07128457564852107,0.006709429225598137,0.007826074309529875,0.028775896228691304
0.001568170098490591,0.033430905429768315,0.008780132332864071,0.031878342947476594
0.009125596956394326,0.0287398452882901,0.004672442991238463,0.005462336057026789
0.01465925056569123,0.01745207303546028,0.005295747433711103,0.0012542064676696095
0.029888498728830832,0.00845745570448598,0.005677749545442733,0.00390737546549036
0.01751384186184013,0.00115679594613322,7.305481349157947E-4,0.0028996724309859273
0.00675152608322362,0.018434429637638035,0.005245468782959922,0.0039979376158067546
0.023992502788570992,0.004548116621682831,0.0057832285547089555,0.0036458507233134863
0.011743107751001224,0.0039550204710090565,6.388730786086978E-4,0.01537505552999549
0.03646579242881585,0.01528857878615558,0.01185410697145615,0.005030550470502224
0.04221379448427287,0.031976974855016924,0.008016769279872635,0.0183691455930179
0.0035163895828983953,0.011239328643356163,0.008870287059339354,0.006297484026044463
0.06570084763286639,0.018235668493577717,0.011067533399574251,5.702345716142314E-4
0.04729860202354181,0.010184429355017897,0.0025822436235675614,0.0031113532577410623
0.005904874630936232,0.006512406751008435,0.016070385074604725,0.0033123320623029075
0.09096175535887015,0.021970217333366723,0.014488756919941214,0.017303791444830328
0.09790709284126098,0.0017988155243442523,0.009281614049819543,0.005704387288663472
0.11046212177900153,0.006556540874249665,0.0019529273496100724,0.007216907837743706
0.020874498424723574,0.010553112599100944,4.239146062065026E-4,4.081882809586058E-4
0.012230623574377885,0.009518712501016866,7.089619786933693E-4,0.006038057903761388
0.016883266517066804,0.025899767953583126,0.019067609912200512,0.01487411491387501
4.16905518043747E-5,0.0021918942867260247,8.184943189213513E-5,2.2955066457385905E-4
0.02884715175734076,0.019213958025043516,0.012484476035239707,0.009137671827164276
0.17331123908778445,0.007971900204764884,0.008394242806907544,0.015356331809655552
0.03905366117486118,0.01679750427549099,0.0011122571451666387,0.014514250556812784
0.04386173289292157,0.01812426531113568,4.858910472343402E-4,0.009892713077889765
0.03098819761140242,4.3331416362349953E-4,0.008522087718915959,0.005864249837600751
0.005428222522696806,0.0017742862978027253,0.003700430531468357,0.004029086000702897
0.006559533427263685,9.458157427996017E-4,0.0035750513808212553,0.005723009204464676
0.028356220272308184,3.8292523212404367E-4,0.008009149402340725,0.016529792702480842
0.0340714743284808,0.02108325291892444,0.002296358636455159,0.0075759261412461105
0.05010385073303822,0.027242067103310764,0.004130088477792408,9.970502529675627E-4
0.022370902765915135,0.00907725775582334,0.001271358071739289,0.005073359940829893
0.192546485311283,0.03912988485368855,0.007914960300041265,0.008634658351545038
0.03567952609881474,0.0023065195610053367,0.011335178643491942,0.021374528294239963
0.014168109525338283,0.027826442888242008,0.017695465261872698,0.027707357489249573
0.016918760256436068,0.03378334332618127,0.0038032314764464828,3.9846742646947035E-5
0.029425356901179173,0.006621264345866346,0.0229113098657309,0.0010664688575490824
0.009659285513058514,0.006173864714798565,0.004435630180256163,0.016574172911288657
0.01747367869979244,0.014060589111525378,0.006156865358644536,0.01808524863255012
0.06644721541551497,0.014353098460989807,3.648077765664233E-4,0.00391364996233634
0.046068792470088576,0.041140923938339014,0.009284094430707917,0.021235076020773052
0.006720917513372665,0.02556178573744991,0.02925665801164085,0.012802605148838433
0.1126053549421435,0.01138803641725755,0.0015205557298500758,0.03037509270414258
0.05038651723525467,0.009713161490741513,0.0092023229698199,0.009254043682604036
0.14993641072837557,0.025929505633273158,0.008987363993123092,0.03391265001025817
0.058328921433451454,0.02102735620946123,0.01202805391326625,0.01369315145316853
0.03949231354359378,0.026066884855070513,0.0022305895821068504,0.004036911898253304
0.0656157304450633,0.019269637159108125,0.017895487241110848,0.016183249196207068
0.001733121292486138,0.005560190170867968,0.007741211591758017,0.017070822410684337
0.10185035295506466,0.023448411140547576,0.014182885615886282,0.01057344189600319
0.0035291225101858723,0.043681306432792194,0.009095312756489166,0.014061323958064654
0.11558583795169632,0.03754437125148335,0.016104238764226717,0.016605188903979714
0.017329926811340872,0.019952394933427715,0.007407861417901873,0.002602843737997721
0.0098003645107073,0.00365995134303085,0.0023068403036859064,0.006691586367386651
0.021094672050222692,0.007428153791410234,0.00555974412472431,0.005551201220851871
0.0811904591108186,0.01605507684631519,0.003375107612858912,0.009152353871401658
0.003363265708268868,0.0027555694484245117,0.018370342262388876,0.02535656183868702
0.03390004554855567,0.009490523691487148,0.00506069587716195,0.005249218185984632
0.15062343177440576,0.020647374326104362,0.013201683197909963,0.03298494100878787
0.005889436385897141,0.00759088367136996,0.0028546962774753876,0.005048892389462291
0.0035337034828788237,0.0069489788105017445,0.0036379079205591455,0.004009617305359522
0.018381799359118687,0.004665334753992492,0.0072054917625699036,0.030046396327449775
0.025517941270460733,0.014931787404664519,0.006028552361987705,0.001007232151632254
0.007070567869134025,0.016680871704000868,0.0032641645691778346,0.014841382733443438
0.06353790807370394,0.004737263893561819,0.0025451555612122953,0.007790235992461387
0.16367613705159237,0.0052561147130554655,0.006423314402562985,0.015543531763711597
0.027229051431002307,0.006620917213464641,0.009336915414915919,0.013848706638282644
0.012289701851031322,0.006173781578823564,0.002281322070306839,0.003625521526266525
0.02041977040465723,0.016796123943020533,0.006801384241961651,0.012335324568521397
0.024497403264993535,0.011584884713733435,0.011390899862466901,0.01120541331108495
0.10415474356285355,0.009099362122945036,0.011286571480853392,0.0017729872274733116
0.02006079706354522,0.015945367352004663,0.005708977108379659,0.010375896335642941
0.04082662930752209,0.009988775019456657,0.013631986645520525,0.020333206994592182
0.05569594915398733,0.015994859176425485,0.00927783537743991,7.21334536218107E-4
0.035375949621709805,0.0026349025410929566,2.8722033660422185E-4,0.008364714006010972
0.0053983649467990525,0.015957721068264475,0.007536034151634169,0.016047153401226304
0.013689715614416918,0.009984235364032236,0.002360887888245302,0.004446417825975578
0.01720810689512057,0.013660337786302951,0.001165576206199125,0.0022818474634965966
0.015127560361747795,0.003996503983747282,0.0025494786698711676,3.0436106901901425E-5
0.013388352425116413,0.02481253800290127,0.005636953334996249,0.004130068991932979
0.008126054655055816,0.0013826855380014917,0.0015585990456739888,0.002630241801548695
0.038243971985523616,0.022589633663616177,0.003424600161461489,0.0020999211480267005
0.06900495488366497,0.0026340342254169645,0.0017277980852793296,0.009042244415826892
0.03921704579858595,0.018428133401961772,0.0034622840828761664,0.00728978810790074
0.0972977766225692,0.04538454633455138,0.010468626099922407,8.637552730271966E-4
0.04009228888487145,0.00933577789282597,2.955794375996707E-4,0.0013084399530044774
0.07925300420699813,0.006187221065186079,0.007993965569681662,0.01962674554703307
0.017329053760527607,6.853582287919138E-4,0.015191047043558371,0.003897321227361281
0.07606400196959727,0.01211347997345148,0.013348609511401684,0.009838424859709103
0.034598887471348955,0.00883168398513372,3.103155840552158E-4,0.00902745705977616
0.20284719009482502,0.015372135651989697,0.006102435417299978,0.013108222283793797
0.025831151020898876,0.008048148592999264,1.6062217287619854E-4,0.0018340109651760748
0.003976318846270649,0.04350647798153893,0.0015707171221970699,6.548903188429284E-4
0.11981109129375755,0.030261796851958515,9.855319599808587E-4,2.400018576503241E-4
0.010816533083995336,0.01401877760604704,0.0024458546291983557,2.6519584037543767E-4
0.05897840549950521,0.013484160440985054,0.0033857367338634347,0.012487423229985356
0.0638677843576082,0.012978088155809713,0.0030910548874546694,0.012234691457813085
0.013560966261308035,0.024410327574557227,0.00884006617372397,0.004475634042240721
0.05399018973081429,0.025166175697239855,6.169380089586661E-4,0.011383811083035142
0.10622888362323381,0.04987724409773552,0.02536671849096796,0.013638873975705783
0.017125208448310742,0.008460602125290184,0.010578847387419611,0.0028644639163554475
0.04521807097846945,0.008945651317854207,0.011362620446233524,0.0033076163479321403
0.03360371157350646,0.015630029656793054,0.0032616595689887854,0.006851501636493424
0.001096542538664563,0.003869715355578035,9.270220432288779E-4,0.007905696988073451
0.1027326022894951,0.024259703546136657,0.005634608119601498,0.00895498182822807
0.029911841514077893,0.006261325068855088,0.0015040736772644707,0.007258998848032009
0.007905582920451218,0.0030345743006755985,0.006934130319817827,0.002697023506569177
0.005066350355433898,0.021399697043469272,0.013019011809990754,0.02374538624753102
0.0012200227788900502,0.001371740258635499,0.015324156319979366,0.0032376440698441795
0.004427620000459133,0.004211377058193325,0.0012391888391377907,7.810159447823935E-4
0.10185305712304722,0.02312779320133972,0.0036478676803817943,0.024059739551850822
0.05274253159800935,0.018297141522238953,0.00926433326727844,0.008242549649484397
0.0032662560386918504,0.011325479690294469,0.001239367053037158,0.0028474294843330314
0.08047021981152651,0.020173062275478715,0.003202484974385641,8.530632126585006E-4
0.03028654104893279,0.005395458247518159,0.006608767516994409,0.009824891739089663
0.02669197900927935,0.008244576255949645,0.009708395479628606,0.010907541765256918
0.17251344540273508,0.031451475862233014,0.008094819216329987,0.04477786888793666
0.0696981249802707,0.049732940351745546,0.009404901152045366,0.0039690140139653765
0.027185831607989066,0.025131353448963202,5.141180857627807E-4,4.472377841652865E-4
0.10250468111803838,0.02214993855784352,0.013905236389643347,0.011302334947627933
0.04199076764980267,0.008006232694121289,0.010804901805295674,0.011456647018940763
0.02287763543767771,0.016034716844711878,1.0567040435043086E-4,0.014878814589397826
0.05732036951807426,0.01022822201247779,0.004586449860793163,5.725027389638807E-4
0.005507775760512108,0.006067007711893729,0.005664005048265115,0.00881970581641132
0.03696136146084497,0.02467410238627142,9.235045159445757E-4,0.014477347421031824
0.06948980944505694,0.0014853733784994394,0.006712425102576378,0.006667784266840775
0.006367805297572454,0.0190570738684781,0.0010382897423060111,0.0016446963959035389
0.029099068600000177,0.021289860730609515,0.006809426187849425,0.02269103991684616
0.005143147670815004,0.0032453859859740593,0.0068380092124563805,0.010505350332606425
0.04972396957177491,0.007624336175826403,0.0021342373143790234,0.0014049942195205685
0.11006656085896097,0.00722648481566912,8.247471812352427E-4,0.0352207925123271
0.04332846884223111,0.006863650667543317,0.0038352957938156506,0.0220577483471225
0.043889894248967595,0.016623837857017904,7.442861243263921E-4,0.00828497593248521
0.018040226598360617,0.0030442475856799584,0.003160473600186092,0.001295724088910667
0.0405892067378559,0.0067135394982655115,0.005156332550896356,0.005471207193245295
0.005936094084429372,0.0014012271641325202,0.005603500866849514,0.001469107822602217
0.09607957888225982,0.014367712610252175,0.0059422115429171255,0.0013867829149407664
0.05394559965032779,0.005788289001842103,0.010632289624493885,0.002719831997891536
0.06892231987207431,0.011708152831472292,0.018403526270126116,0.015446364595565176
0.003177115095805182,0.004017937663638178,1.5926555580123914E-4,5.6259024483266E-4
0.028189660611184417,0.027752295626129755,0.0019592762300191546,5.0634182401403304E-5
0.04130892067732367,0.0019185509898497967,0.0024748438168316063,8.422460191544053E-4
0.02545452587232915,0.011081500739128426,0.01170432123168437,0.004654214508699514
0.04001404092497466,0.005309796361515677,0.0014290930627926424,0.0020571081338340456
0.013782495585603911,0.0038347280463946563,0.014723239377738583,0.0018873334842176956
0.005715430617089676,0.027924366420397452,0.004483539616296571,0.010335000325618786
0.02709496405223385,0.01591073815689585,0.0069473409137484924,0.002646217923248332
0.04963910454824799,0.006907868835734566,0.0071289650052077744,0.009231011009366876
0.059798365352831416,0.013038320661287472,0.010324246090853086,0.013310993478572472
8.819411937008357E-4,0.007008548441906376,0.005621400397581951,0.0015737459572466293
0.005539166676331769,0.0070406608614543955,0.0017498468309182515,0.003261904187022007
0.00879474136310153,0.009750732689656516,0.003544400092035505,0.007942656125592366
0.03239610485282274,0.01389541700353429,0.00596652088014632,0.005533004157528027
0.21392404123155875,0.033781122500866054,0.00404885031216103,0.05235299647078689
0.03189543418143175,0.012658312058379488,0.006749093570321294,0.009104813986448588
0.05684549530736996,0.004353257006638632,0.0064146509768434196,0.019667438982604066
0.0034172300863785127,0.04935253647873899,4.3274296277565495E-4,0.0032510650640257864
0.028567184500264613,0.04432308329371848,0.008880213176218585,0.0038339540381412468
0.014619067678092248,0.0030220332213706466,0.011197775292346265,0.00920838689923591
0.008714069764236347,0.004789474206900753,0.0029545942716197393,0.0011339227751734375
0.009633717567926702,0.023854489206990015,0.00152629100634255,0.007529635538578397
0.043001825897633746,0.026925755620046857,0.003240362103148399,0.014496767307651495
0.1285417978025796,0.01976881624995859,0.016822426743673853,0.027655692955981706
0.016795551252858122,0.020750808266148783,0.009207952881690818,0.0020425881528692963
0.092745659984722,0.016931499319698583,0.005740185191160989,0.021113011825710636
0.07871063189026668,0.030661119599754715,0.010952461126499106,0.008061992960431865
0.008075309238017357,0.00379412813634116,0.0021111336116238035,3.37919455932917E-4
0.011040558620780145,0.001598063430075781,0.012016272589894569,0.0025921152402508516
0.006218214262915604,0.011153517759004769,0.00584440330425186,4.6604766107176865E-4
0.07700214739132148,0.0025800587388161364,0.0019918494471594496,0.0026548396761024076
0.07886842042652586,0.015061834992323338,0.0065238608355783715,0.004423422957591482
0.003036182607198135,0.014771044848378571,0.004416133094544548,0.03104655780055109
1.0607622612051097E-4,0.010101321840684779,0.0022561561343393904,0.0016340778755618067
0.006564937864298109,0.029253498516962722,0.004598300374576719,0.02049517241003021
0.08713652693192984,0.01702877736282429,0.0037960512907461025,0.03295290444958315
8.059190672960456E-4,0.014426633844113244,0.0013063101893964115,0.0019497558396897746
0.027486184424847824,0.010403685573411519,0.005355888014081889,0.013875508214181759
0.037174961020627624,0.02581440639669925,0.00814282248301917,0.009635557864570184
0.05389681127276779,0.006024401477159947,0.001782186614368466,0.003713918058615493
0.14343460683294143,0.04162270092966988,0.01720703787158327,0.010956681671669112
0.0027154739201692953,0.008137916273126714,0.003395537806140905,0.009816948410591376
0.0020205970899999535,0.0048754234590653875,0.003684407112077786,0.011126492011983815
0.08182421682700815,0.007025550999029552,3.541734186111573E-4,1.8720881101999898E-4
0.1986656455112011,0.04441579269059512,0.007884697042772795,0.04973804034971833
0.032966847534210225,0.014496101891686602,0.003980818374971251,0.014829491685305044
0.025132673379030454,0.02079116461005635,2.978912272396894E-4,0.006985967101530163
0.013321072930300031,0.011425251616264688,0.006694128967793389,0.0017596697741327082
0.03569195624465712,0.010908735046008387,0.006917082859405592,0.011553834626586375
0.05803295812038059,0.0018265496288633078,5.122090136244664E-4,0.0021231106104791114
0.030320699152546964,0.0037885687644234316,0.012137512210727699,0.019158467532553736
0.04912359374649037,0.010009650966578201,0.001380352748583207,0.0018694371513408043
0.08319758088443106,0.004850965658590727,0.004017367187235778,0.013347670218711695
0.0842351186047419,0.005682677575183066,5.159729511075801E-4,0.005656359755153911
0.03832878336914897,0.015639104305732194,0.009407920720394395,0.009407980947072299
0.019116289476967172,0.005263765417674502,0.007361795767974872,0.004824395649444506
0.04076154030805446,0.029831769938230487,0.007693747750650201,0.03192451885079461
0.046423282029360184,0.01313169011503621,0.00860662166932917,0.008532501115618908
0.011184575157872753,0.004973427682364653,6.568017681355208E-4,0.009350608707885712
0.05458692567784404,0.0076669690421648316,0.005353986552918613,0.002461188292455195
0.0031203413902313494,0.0032156283631344486,0.00267763209422673,0.001815239182324466
0.159909689421727,0.03084639828977895,0.007117962763798358,0.019990933369978335
0.1842781592954046,0.051167510747510615,0.0100820125551592,0.013772820339457472
0.04149660945647866,0.015678792855269488,0.003551519998465571,0.003190839535299435
0.016875864059060632,0.02128761820777172,0.017912706542911282,0.009159808468055348
0.05255552369689814,0.007570928906726725,0.009417903880426251,0.014095758146682194
0.0010106962011814415,0.003254112943668371,0.009061102391414003,0.018263748910248012
0.010710153939525143,0.018639181146285266,0.0038973508848685946,0.008802501912105883
0.020417342730626908,0.0024537318966996926,5.299955138832894E-4,0.0011004256969225773
0.006789844741884049,0.03741599086761549,0.002929980301488803,0.019249114976629896
0.12202298375360245,0.007140841137133016,0.009005480409421623,0.029589917657858105
0.017174624177304972,0.009751696617044031,0.0022490125242282393,0.007257542763864127
0.008938020213085143,3.483657719703824E-4,0.0035446709803271946,0.005688391121931504
0.0028225829158612793,0.007913235962009185,0.003028239308895071,0.016851373758712176
0.007640669872545378,0.0012664399063990756,0.007335144487586526,0.004710934833336851
0.16929365510540087,0.018016472974963612,0.0025666524817906096,0.05150745094831415
0.007561297303359858,0.015801676290986225,0.00705283283840317,0.007400974740470834
0.022075977622331055,0.0022620663891079543,0.0032360869663800775,0.013276921342562666
0.005066350355433898,0.021399697043469272,0.013019011809990754,0.02374538624753102
0.045316894352124236,0.014005814509881111,0.002764406711398241,9.291355377600815E-4
0.008042569678885197,0.005498397549816002,0.005624097613331746,0.003650917553187842
0.014302468609130344,0.004534509003094078,0.009999942941419525,0.002638173919123316
0.11543396846830978,0.01646924533833621,0.017199439963018943,5.183695621664207E-4
0.0017835669645979153,0.0064261870917421025,0.0023712745228230475,0.0022574053450723254
0.041044974761341356,0.010691325742053203,0.0227382078609883,0.004042312309006251
0.004060781031227466,0.009805025259857332,0.006154171673108063,0.00955827154719407
0.02723099994969657,0.018872031753786628,0.003101952931531301,0.008591790708548642
0.04165070940958982,0.02771237089324823,0.010067995114068664,0.014261803309522536
0.020187757443395217,0.02023961688916438,0.007430474017402031,0.024082845819099474
0.01343238791276843,0.00463293533213679,6.756550229963743E-4,0.0029221863450947447
0.021847563042385335,5.130615654097292E-4,0.007446190293475917,0.004593118157474361
0.003394574763221092,0.005912185865773831,0.0035863480889041497,0.03560510858058388
0.04601910483100224,0.004009791616854013,0.027599558799317865,0.015218310567097581
0.009555798252577708,0.014669292844434505,0.0068982022453845495,0.00821308469649205
0.004554237963514595,0.0017971642580995575,0.005651973088710509,0.010560415259695791
0.03497044850300971,0.002812323260513358,0.003545720619482285,0.008493195211481641
0.013042214720746412,0.00813099328287021,0.00559972849581265,0.011123132752566595
0.017952929847205173,0.015276807199004613,0.005567494693156265,0.0015353577467403492
0.021148745217436843,0.011194901139927682,0.0010442795277399509,0.004186242067678254
0.012214465844596793,0.013973273250540898,0.009497466871792946,1.1992166929437648E-4
0.10270547230308454,0.0032588167447738098,0.0021695448870320115,0.010182803247625842
0.04977946230907031,0.008203254664898242,2.501447132906529E-4,0.01062206487769485
0.05148747762646708,0.039800083857277346,0.030357750414894035,2.0265115823449146E-4
0.009375727037585803,0.015144243087320916,0.008739075501906524,0.023452675768364194
1.8061206078645497E-4,0.019911888429756188,0.006070873611020328,0.011731644363293268
0.012912218928880101,0.007995999329720494,0.0033242197569010304,0.0013840616780387647
0.11000563853862048,0.011947137625595872,0.002579923442575522,0.02773926273508801
0.005113729131360102,0.006290253217012392,0.01711119347218487,0.021593352317634977
0.039656167509687805,0.029734473392332324,0.0024534939140846194,0.006641955712753176
0.06870837705988701,0.006850486630046148,0.003842763282409386,0.021612148444532523
0.11738163212700817,0.07311131383635537,0.01211454890805768,0.021817636581325225
0.0026548448401370185,0.023307498509061404,0.0056674557763096755,0.005481012090435209
0.012338485335035648,0.001821724685958067,0.012904363999183488,3.663966029229402E-4
0.19461561046256223,0.025690300008883542,0.004619631139786047,0.010478210027662731
0.027229051431002307,0.006620917213464641,0.009336915414915919,0.013848706638282644
7.105169273132821E-4,0.05459954679180823,0.0036331767182343376,0.00900071305993962
0.10156638486310852,0.0032482939998955173,0.008409982487658098,0.011255246165274527
0.05527270777658923,0.02033866248297432,0.0019414132794959601,0.008828008516446882
0.016120779393895418,0.0010767494832631891,0.001880213357856901,6.172744068933433E-4
0.009312423579159368,0.029645999842019412,0.0017618700885142784,0.02354677144571218
0.04277121692530899,0.01715271939569482,0.0081752788510659,0.007243018896932886
0.209133178148648,0.048780665593777875,0.007872460452562284,0.04158081549977134
0.04197530100388275,0.012487206390142388,0.0020046644233872877,0.015328649917204553
0.029873914241620836,0.0184853595359518,0.0071457067691179064,0.006816948364686286
0.019793792701206295,0.006436666611154868,0.009183579535541374,0.005352488794730636
0.03046761079405457,0.0011807848655716181,0.003921777276327601,0.006287291954090582
0.0047154096378233075,0.005584584460902486,0.003078974695327417,0.010668904889258785
0.014017908304946841,0.0033684859647368395,9.496814421976269E-4,0.002199333259835087
4.174468583916581E-4,0.03434697261532002,9.364918231059172E-4,0.019626706820019425
0.02487322600973106,0.00428970341483773,0.001996573143549356,0.007081792513473031
0.02541217361224,0.007242064578236657,0.010113165094124889,0.006998184291769461
0.02329894853684321,0.012997784538039766,0.006762783470626193,0.011882489804514907
0.0062331793598801154,0.003044855652038759,0.004694591498306812,0.002058493345532485
0.05298579516598009,0.021007447499295583,0.0021898250706802133,0.0133144227429809
0.03429519657252714,0.0070714833574831775,0.0054956266644458004,0.004742871685033496
0.030051561178003686,0.018599586532754835,7.501900717222649E-4,3.6459834139452457E-4
0.010950662278719953,0.014187686405493638,0.0021657729364881607,9.096461214155811E-4
0.06827185135498398,0.006499584193272465,0.0027733261309525604,9.537771546155056E-4
0.022144254030795733,0.003000561102711909,0.008954078204212457,0.0046400048387552975
0.047856122757721935,0.021647547406376796,4.184310145088112E-5,0.021677408828061507
0.033087155659873045,0.045199572270020576,0.009134308443360122,0.027501811174098383
0.037377612794679584,0.01773137989527223,0.00147552622597315,0.01388683873687413
0.04010501428050129,0.03313581293105624,1.746800463368988E-4,0.011378184494430657
0.006564388088063268,0.0057407414223260515,0.0016116592524484195,0.015611343600717646
0.07795825216552871,0.02960767018990308,0.014385483301551387,0.015902995668326203
0.021148745217436843,0.011194901139927682,0.0010442795277399509,0.004186242067678254
0.05077749700511304,0.019945084530356528,0.01162497809533043,0.010197291985424363
0.07817111126054586,0.03149101299011859,0.012904319493924753,0.011840099644215773
0.03217545935166545,0.04508567493068935,8.746189640961973E-4,0.006791445921691663
0.05783880317907759,0.004428149562179656,0.0035695026950314556,0.01680031427506131
0.06825323660921899,0.009809981994445773,0.006626760069910729,0.006075608602802229
0.0027820685042493558,0.0028128276065606333,0.0055525723524752855,0.011439486055808464
0.03390807921850786,0.009858589515607653,0.0015367445746575438,0.021348317903744453
0.016355209600285105,0.041613238400226904,0.0033166605114924048,0.02046299444328578
0.06701935384502619,0.0010242903808002706,0.007438223583501234,0.022399582677840292
0.10055072401238112,0.008940609358639742,0.00913093143944942,0.021875900864228446
0.025855102623756496,0.012650845456601955,0.018953277474830405,0.006760035513754844
0.05542475066520609,0.006020531044941129,0.00849063197362485,0.009322476470368418
0.01213727421001674,0.0208494626064251,0.0010601265246010971,0.009179261342125437
0.022366551477230535,6.260210114965294E-4,0.002015908283449099,0.0063823299380035645
0.07124006902825294,0.00907560260254601,0.0012395188515566097,0.03983407694636822
