5K,50K,500K,5M
0.014723534826804758,0.002072654317633026,7.301077681069044E-4,0.001604366699067169
0.02859326941190321,0.0028292871904954803,0.005459762077211598,0.0028619597031258556
0.0796198440589702,0.014151636861740051,0.013006518349360535,0.0011226570593871922
0.04959685666677799,0.007896223967123943,0.0034679880679935036,0.004155503889639267
8.313087228343576E-4,0.02187042605108944,0.004628353622922902,0.0028477894220300007
0.018098408386854385,0.020526415253960477,0.0193798021285619,7.339187869371459E-4
0.058374761118788025,0.010773222085761496,0.002742029459221586,0.00831192082696429
0.004003618804591724,0.004475520079169308,0.0019290656324359584,0.0011674879544535288
0.04106029330322573,0.001304839748415465,0.0017080341818346795,6.11807721829913E-4
0.021154539719870306,0.018317146580194114,0.012549489419197764,6.261651828925032E-5
0.009363672193759512,0.014295340025566376,0.004804786374555794,0.005505291115845336
0.014095327885808482,0.015382631473389075,0.021556464394726547,0.003029553051435733
0.04421116863853697,0.022927653448358305,0.0018178388205397173,2.544601760926931E-4
0.008991426531406938,0.009680876201741677,0.0064392369640789435,0.0011184136970403594
0.007387754323119204,0.013780653609063592,0.001848077500670864,7.511906712427201E-4
0.020055818583687227,0.0010412884709441877,0.0030147032921266498,0.0032500136196946324
0.04493513572685518,0.049582178860532525,0.0024921249935134127,2.5732035767075397E-4
0.08832350593205722,2.12026868201213E-4,0.002612183620169782,2.5818458123797724E-4
0.010479178542408787,0.002560845860454207,0.002756094232179837,4.686650948924416E-4
0.031497555835844016,0.0025442483670534495,0.009472581752761096,0.004670293710082865
0.03204702810161596,0.0165645624870279,9.421375571300516E-4,0.004507842357360868
0.011921815501532011,0.01212113612328786,0.0015287536878566383,3.0409129011937144E-4
0.04899600290572452,0.012874121849557977,0.004888924817433428,0.005147816982711837
0.01066753960161795,0.007159460617804238,0.0015702210249425779,4.8326245541819635E-4
0.011167565596802187,8.155914174247313E-4,0.0029888498343645415,3.877099791629376E-4
0.08383108959469124,0.0466591303322228,0.0022146099463673627,0.002036840749287736
0.010809072107887462,0.002865826829591325,0.0024922613005306095,0.0032298919846706466
0.012375489164426347,0.004008026933558702,0.0017189842123354704,0.003041713694235661
0.06758552349345073,0.011281730342735058,0.009008681812348013,0.0042495646187540375
0.0016065764147904964,7.39559917083739E-4,3.9416557435875417E-4,9.698967971396897E-4
0.2198203411220875,0.017892335926753395,0.003886955608459376,0.0019570181052107807
0.17512759517220558,0.01293667396250563,0.009322257619697478,0.002550645012456955
0.03647420386369846,0.011536599720222869,0.00996748659790591,0.012882790914471073
0.03212343510687293,0.0037012583698534675,0.0135657661886922,0.0022649358572934936
0.027991143040862972,0.011481642766528773,0.0011478803652594585,0.005744604267572899
0.014213547250335206,0.0012864025063282671,0.0020717591262025613,0.002914535011140073
0.08116472071825268,0.0024103797861899693,0.01005599442618374,0.004604682535890917
0.17036341843081726,0.008434713924129245,0.008339544225521108,0.0016999638763736831
0.02118994013515915,0.01287007018214914,0.003084397173121933,0.0019021231102998018
0.07909657837509473,0.05677790474947851,0.014276454936635541,0.00433755700751866
0.056934957811762076,0.006299568502124094,0.013782853531032166,0.007231815368656039
0.027169487806424815,0.009893453108420996,0.0026919244840700883,0.001128661537050269
0.02783486556885978,0.010949606377791314,0.004895120858710017,0.0037215389057148056
0.007981991332641753,0.004815024916217506,0.007588364430148363,0.004285107738678874
0.042019022480833675,0.007715812035004065,0.00941436652229745,0.006768649762220348
0.00597755452936431,0.006356112942179112,0.0041547604572783605,0.003983561016495627
0.07117370998001443,0.00544596966165871,0.008126497178580395,0.0012098933491540352
0.020324772494601805,0.016326290171524285,8.941103353743339E-4,0.007727851727885865
0.11208588860159695,0.022448638665503607,0.0022899534823414575,0.002843469681014834
0.01913490797635782,0.0013038332509305035,0.0013139308318933693,8.174277644044925E-6
0.007213866957966079,0.007994862884800957,7.173349568827958E-4,0.0015267049865957303
0.009418072003739729,0.0030543495203881233,2.8492694567802646E-4,3.610440549612413E-5
0.10775578837676604,0.015202084759867273,0.0016137212413236165,0.008596757176254976
0.03176514788293018,0.009081635073164415,0.0033060766921650894,0.00231034722159676
0.013744273926343465,0.007290354890565116,0.005306440032900666,0.0012978982027403558
0.03510591215443925,0.006179045710285276,0.009603197366082982,0.0036705234172836314
0.011322910256913196,0.0011535172672257116,5.195415124180967E-4,0.001188274474536431
0.012984766711618112,0.004429523784082898,0.009232249388094868,0.007054339911310404
0.07591467412621333,0.0051641578120319165,0.0030138998833175766,0.001974592380856077
0.02019194928415233,8.227334638003301E-4,0.004313692033105215,0.007563383211507241
0.06661787315852324,0.008446775656124195,0.006322719946272092,0.003870494695741664
0.13278428230703423,0.013186663403625861,0.004525816514944378,0.0038902800578497457
0.04118917131938223,0.017818454249397778,0.0014417846543533473,0.006478162631333671
0.0845836885725493,0.0026779917384828662,0.004417019977849322,0.004219819238695613
0.06454510029100939,0.008361464858843573,0.010298864786561432,0.0055276091165561815
0.04021591302177611,0.0239251087955841,0.00241919793068512,0.0011454679332504182
0.03279009210473239,0.014395985093544823,0.007786352003176227,0.0010674449127400004
0.006499808839003287,0.017272654566108506,0.011167085500622918,0.0036590173006787133
0.01937586480859214,0.0015380372233586158,0.0019685704206064605,3.1061280565668187E-4
0.012045755971271886,0.0042779841543788225,0.0015011787367929872,0.0010206539822525502
0.02189169250895319,0.004458534872652982,4.578308998997836E-4,0.0019740961827772563
0.015843200047791602,0.01377548410613183,0.009948307256715588,0.004505751448742521
0.02510651598468971,0.014049073209790574,0.0034758753827443863,0.0012162828863969573
0.01865496000946206,0.003977631164330711,0.003486615482638195,0.005881112001285157
0.006832186205291659,0.005423293593354905,0.002693087967620908,0.003554605375476113
0.060182729763024405,0.011503669069028015,0.007116116930122892,4.642205837732755E-4
0.020222814445173244,0.0032955695693393026,0.0015219849270252449,5.822373170426473E-4
0.005993670359182117,0.003054460806468765,5.78136128446209E-4,0.0023760581059685975
0.07978483677185302,0.009653185987510257,1.689941949359934E-4,0.0031318984710584294
0.05537990337764662,0.016507999940602792,0.005439929209467786,0.006597888781682419
0.03996101375923157,0.011086876732313154,0.011374437458431266,0.0014028412123308811
0.008911255683315994,0.005313945372776952,8.832978043848963E-4,0.004265847954635728
0.00836782375111144,0.030521615795322615,0.008965758628046917,0.004650873105192095
0.06252032864952878,0.009973316107873947,0.004651725337125753,0.006046518850601487
0.043277947716164965,0.015870060011817556,0.016494261383594642,0.001434422038656976
0.032394979419820544,0.00739671031275885,0.0022075456992975834,0.002696255788110237
0.12816168566162003,0.009321361995613892,0.0038479510124032733,0.004324757945891143
0.008119131131525426,0.0036776500448238146,0.0012816909997241895,3.556364568834424E-5
0.0072861854945678725,0.0023617646099284733,1.6549809567968624E-4,7.781351654870844E-5
0.01099941617949269,0.013134531870827046,0.012437934428372814,0.006731343154095699
0.0069323077435618176,0.009358403621985565,7.573464031897437E-4,0.005519154440475069
0.05131463775697626,0.02402406265398278,0.001877243797596981,0.001146304823335456
0.030667155859700316,0.001689782761294237,0.0031404926460191812,0.001973378001860748
0.057257147440599836,0.003951564389359249,0.012560869970980205,0.005274807972475447
0.09061976279455718,3.890359601936375E-4,0.003979371292376002,0.007806826677084754
0.07797370388355546,0.0018306975340370594,0.0074938519688508174,0.005809704366038816
0.007419633679115474,7.97998765970899E-5,0.0011797630400581039,8.610883754843724E-4
0.004785558556367375,0.006527357966049943,0.0023170926549936624,0.0015820900737314933
0.01018542839151754,0.010337366627563871,0.005308775486668508,0.0019878408162386113
0.07980047959992818,0.0317835244642167,4.898540651328037E-4,0.0028098890519177105
0.028462796159385705,0.014583779096434712,0.001372520990390029,0.005925416146981321
0.033969600913145506,0.002709164789141194,0.0036904271417205737,0.0020230296839473575
0.01882949281539221,0.009682374327815413,0.0030044123094957412,0.002491636186388107
1.8899634658285611E-4,5.353688833531379E-4,2.469347975113591E-4,0.0022817748048554014
0.003862244849552873,0.00217387148868802,9.032681780504471E-4,0.002253473385295837
0.04164495921083753,0.006884392860124103,0.0018256434705032857,0.00840646658984835
0.0116699365020072,0.001306012083146423,0.0015744806716138807,0.0011803398231646984
7.328328512579236E-4,0.0025483157144494386,9.234730090405572E-4,7.343747034261431E-4
0.004715741096268244,5.121729096451233E-5,0.004928252154969421,0.005104388549648263
0.0015997934800323077,0.0018746181905818927,2.8080988572513933E-6,9.81725568174847E-4
0.0238112510270316,0.009661787661494245,2.2538159416043545E-4,7.404346289121847E-4
0.0726995488695271,0.006077661674324193,0.004567231948597115,0.003304935682645024
1.9155437705798996E-5,0.012358211400890638,0.011904745544108655,0.0073199853359145845
0.030244636119654472,0.009415847873167462,0.013049708661704325,0.003429006483015819
0.023613461024188463,0.024768084853184987,0.018119464581040478,0.0028347222943964833
0.019628228522038757,5.079481740523101E-4,0.00414495635232986,0.006692717863980382
0.012595981623408038,0.005965369471116435,0.009955357221881357,8.343483433538931E-4
0.048414698311015344,0.005662543824733048,0.0033951091744676854,0.003746028820434951
0.13427250240741756,0.003739822841421267,0.0030427580187633784,0.0032543573529607607
6.897263055295095E-4,0.0030555885783611282,5.171242926737623E-5,6.925274465139304E-4
0.030898890979061375,0.0033319367197091115,0.002802950609034813,0.00541183616164142
0.0159878626133992,0.0020308907723022534,0.0018947363600727086,0.006162404014917948
0.013599006505699887,0.011395917542136492,0.007307958024108955,4.828646826867528E-5
0.03542854985301144,0.008556219039281809,0.007620741543490677,0.0025823697740470592
0.0014238607450471003,0.014647629711614865,0.007689914295199023,0.0010834934910336185
0.0053821956856483335,0.01759164531488295,0.010087294171642306,1.9184956333371267E-4
0.0586622805454361,0.0073764905002151205,0.0016656108083900167,0.0016835166400775267
0.024634110463207164,0.005739287630661367,0.00733578501718004,0.0033803618675014285
0.09004557711436532,0.001906376971495636,0.011947946137854262,0.004665498324714296
1.5847017965206703E-4,0.0013236363294797024,5.392391198691411E-4,6.701159253621324E-4
0.07208434713300035,0.03482879932551629,0.0011089506638629653,0.013539431706459947
0.0014170345073402308,0.006217061965754375,0.0018545071272006992,7.479722865640496E-4
0.05011014532128359,0.012835555820919619,0.008446134810346022,0.0033122799332404094
0.0031384769762461844,0.007220063446311258,0.002517903835848638,0.00606001347909317
0.01890512553721325,0.01585306767828278,0.005256102675296167,6.463170601716222E-4
0.024442478283258146,0.006001178190137145,0.00839557056719968,0.0051035296891751075
0.013975564909703742,0.014328302456255534,0.0083029077076701,7.63489398932296E-4
0.001212358611133244,0.0020802235561473035,0.004061989649388295,0.0015580771542476322
0.035757660795024016,0.011688177167626037,0.002233502953189669,0.0013508759225573368
0.042303701554325286,0.009104393766126378,0.006991400036075548,0.004899677219254212
0.016979408036670817,0.007809863327563893,0.0046696935348990625,4.377785468061181E-4
0.012772324215882388,0.011982954479912161,0.00611312931460866,9.591087841025652E-4
0.17036341843081726,0.008434713924129245,0.008339544225521108,0.0016999638763736831
0.06908737632853591,0.023544887621839154,0.006245278541044366,0.001389419475079086
0.02433071208104413,0.007822873217204892,0.0030649985271307516,0.0021614363074144924
0.05826424430952791,0.02613503240988052,0.01602893546537061,0.0023759343958857895
0.004365678924360364,0.0021813233575232235,0.004411148681332925,0.007976073424543104
0.009937318820375678,0.00230298787310132,1.7995724013031503E-4,3.966382801300443E-4
0.015031477595528578,0.04659089691033285,8.838960218060067E-4,0.006008892295274382
0.008368745637244353,0.00855024501079805,0.004655585597677265,0.004273667931344265
0.023076655404170487,0.007748439405271713,0.005191748124163735,0.004469748382571111
0.07809926007471163,0.0353343781870885,0.004381777643560029,0.006420735827550196
0.011096861127156864,0.008663513443207609,5.80753146921748E-5,0.0034863045666245034
0.003059212455782289,0.008766693768744905,0.004223244294322586,0.007294094772656491
0.050883204664133895,0.022904764555837204,0.00294320594497515,4.5275199331759635E-4
0.011242737178196077,0.002356579723250268,0.005866221837447229,0.008515513338291302
0.0026496469419352697,0.004064850794121591,0.0027991605646800373,0.002432933726342409
0.017931175258434063,0.006222300480545795,0.005591270700091833,2.741414957388488E-4
0.02075576017800848,0.00541660896318488,0.0029841009665033456,0.004759051183116347
0.02872977523853689,0.014868864514123031,0.006476733438868292,0.0026374262476239235
0.025446134748737578,0.0052189001864531735,0.001799029883253457,0.0022992914632482503
0.005918475030761418,0.0022603096912335663,0.001773794734163276,0.004294758556622842
0.0027740092941828365,0.005046214475537638,0.001122969048208533,0.0034075728938415257
0.009555301297999298,0.0017130430512587965,7.901888740068862E-4,1.423510021246167E-4
0.008448713543398568,0.015366226557969969,0.012400238212418684,0.0018796738879229109
0.005239856054463037,0.003922491072921107,0.004403246266422785,0.001037386617473989
0.0039142717177754645,0.004179421621637568,0.005334350576282857,0.002369256954677851
0.08335600631885559,0.0017518936538624165,0.018378732169541945,0.011306113645002823
0.1750296456941985,0.01620629360689915,5.167988923190917E-4,0.0045408991202471015
0.0010375096666827618,0.005360681122675558,0.0037772201287189404,0.0012861766791047139
0.0014170345073402308,0.006217061965754375,0.0018545071272006992,7.479722865640496E-4
0.012694997440824841,0.0010277632344935254,0.0023232772057550236,0.005097096263487382
0.0036095896071651973,2.9109684071967626E-5,0.007056701455572817,0.0027727662616232325
0.021743290179223794,0.009194693487477918,0.007831691909778902,5.600052813701812E-5
0.03209910151777048,0.0034515030223399505,0.0075166196103713225,0.0011454041548165906
0.07915817050882058,0.05709670387096913,0.0019423741746272805,0.0025680640835442003
0.035600589641335126,0.009122510221630842,0.013124083099609343,0.013608207687603069
0.12897115862665792,0.017562588483123764,4.6124337528717467E-4,0.004371915607367727
0.08400521286649155,0.01828756450973384,0.001392046471527033,0.001437474704713652
0.01589571110885338,5.956840874274296E-4,2.306119513656469E-4,5.570858653686968E-4
0.009025332009918185,0.03199032617894856,5.544482199240099E-4,0.009296196198058172
0.009681599015105957,0.0029461287338357215,0.0064110669743757875,0.002512904419669433
0.012016372189491056,0.005403893253871399,0.0016724207807073319,0.0017229985107090396
0.05573561789525932,0.011479473468127954,0.00915380323988797,0.0038024331384987633
0.012088160496459052,0.00354949573452099,0.002780280026257459,0.001391645111670017
0.1367156205834383,0.010066755916645423,0.00493286626985474,0.004364522007175012
0.051204828818328434,0.016391896776639065,0.005092884873369527,0.00189681480386307
0.02320404872539091,0.022112377006996795,0.00795399640111281,3.911791272389683E-4
0.040218552942254036,0.0023357964404482354,0.014206825333506689,0.005482865602449745
0.07314881379805345,1.2379888655367712E-4,0.008111124876299707,0.0010981007210830933
0.004544280684443601,0.003434731308594891,0.0018189034402445422,6.681191159058225E-4
0.06710452834817458,0.015816999707264294,0.0037428666538134193,0.0016117589638093128
0.019715789019928688,0.007299797515244148,0.006817605194921792,0.004692277888947614
0.005690849522761091,9.479245945831387E-4,0.014025206988441022,0.0034361548150211875
0.06055978671788357,8.952834077448424E-4,0.003057785313479565,9.51045575428393E-4
0.011885015898830058,0.0021890520795359923,5.551745370175306E-4,5.335518709766581E-4
0.007592077771360963,0.007800130029271929,0.00734496621029975,0.0032124470956134
0.03357749052443897,0.009043738481732616,9.763338419433781E-4,2.1102532063703745E-4
0.012600430654044049,0.03070474471588365,6.730079221982885E-4,0.0072345811326569864
0.0695835288402309,0.00441281556134496,0.009597817800855812,0.0024724867020056336
0.024522716597477946,0.009230054256928955,0.005980974171923123,0.0024748187673793967
0.14534883013157898,3.7390494878160004E-4,0.004753507438794109,0.004713020364569018
0.06696377550964495,0.002895925268256522,0.017130224349099173,0.008976201162401883
0.025287608385718717,0.006230292711909145,0.004972162133916131,0.0051446052856796935
0.004263942308223193,0.005096391708834739,0.008100927038085156,0.003202097967500985
0.013510516886200745,0.021695911244893628,0.01271834637411587,0.0010859197866321865
0.008072049218582393,0.003113772609497935,5.62294491101542E-4,2.5281051863371373E-4
0.007969090154788673,0.004933943695836741,0.003823926735923569,1.754221302553934E-4
0.006004917569562777,0.0031635948863880693,0.0017981200770929853,0.002068777042415699
0.009208870022744904,7.266827171369695E-4,0.005501574248098809,0.007073154872149676
0.0011195481239987001,0.005806514927221801,0.00406018995231629,0.0064430615555649395
0.00817750826715086,0.00745922778173144,0.01093922731597055,0.0065063987743711835
0.10101895719712924,0.012616598016047718,0.0096104727344954,0.006212504977527878
0.11631225500570386,0.008444734569689541,0.01651030554200591,0.004030016252770646
0.005579537357361356,0.004009958347571872,0.003938275965343844,0.004447770148239959
0.059219978754605516,0.02034980547129909,0.008870974210599245,0.009458933649131375
0.04204062461915681,0.0159478272132516,0.021775128873539436,0.0019456067092675743
0.00279164216308835,0.002313995964789672,0.008511070336433134,0.006553251160583243
0.029707292780376367,0.010595546498014018,0.004870545474337396,0.003820713054657401
0.057408787865987354,0.00735067785479171,0.009157714058514692,0.006183701150910006
0.008227415541785323,7.870810222428824E-5,0.0011113957226000816,5.41835122885495E-4
0.046900072488341514,0.007874068778079737,0.003994864928450296,0.004186023361719499
0.021386301924404324,0.009447353989369025,0.0010899967543379467,0.004724401579113187
0.11393459319195384,0.011543387355865192,0.001484030279928679,0.0037319882152041677
0.007008279045261741,0.002295418208902939,2.7940152785708186E-4,3.2028388755580097E-4
0.043694966561394,0.008199039905268162,0.012078706978826804,0.007247735151417262
0.04548081142504773,0.002617862891742849,0.0069839522394051,0.002520616290477852
0.06325845735607548,0.013171537141322574,0.0011272139317382343,0.006883220105094761
0.015977650232313775,0.005717704417781653,0.0026054310805026324,0.0013107112255105926
0.03246181472387957,0.012258001156071854,0.002322658389111128,0.00669500587374336
0.011047768954464424,0.004029062059025337,7.136893664235687E-4,1.910038876466457E-5
0.03589026308515868,0.001713978900937314,0.0040065620616461205,0.004020161693171774
0.012665318560061029,0.0027447569513863236,0.0018135399056126388,0.00655145220152618
0.009328013324316532,3.838461220835021E-4,2.6390721510580656E-4,2.659353219012283E-4
0.0018734661469676057,0.004772274008869649,0.009088471422051018,0.0034608704329297827
0.06722904569761057,0.004489829458919524,0.011344419295993157,0.008707479640796895
0.008857907005329966,0.01372344035126603,0.005775154830451188,3.5377417542212117E-4
0.04909127013519487,0.011710748615353539,0.0060267855470977245,0.0019870163072854903
0.03203467780032673,0.013449884860824575,0.007164751928785267,0.00942667290394051
0.014367657823596855,0.0032562370028614866,0.0018833284018571902,0.001171939493986991
0.0680587849525534,0.055159156479123964,0.014422907916915561,0.004265296674555822
0.006383670840045244,0.02388530448179428,0.006140964206850311,0.008963661596814146
0.00795914867332878,0.017258711661531024,0.007712019967420308,4.943458454939447E-4
0.04210336308921815,0.009354121177919146,0.004559047170136603,0.015707144287072147
0.009378466115478254,0.0059663365118531545,0.0044651873957191335,0.006838373911133191
0.05317942241677615,9.239452494476295E-4,0.0038107355208486177,8.939098618395421E-4
0.006050252236682159,0.0016358082373179293,5.391313305229169E-4,3.900500684140753E-4
0.005412908202678632,0.009098817787473802,0.002304994655303882,2.013979114398603E-4
0.016583949778401472,7.653150661198203E-6,0.003453708504662257,3.9358565472285904E-5
0.0021932692972207284,0.012869896275099534,0.013110204386329483,0.0033081790551917098
0.02020286415840837,0.002060911322165662,9.820250228456035E-4,9.162655854554604E-4
0.013016639690814515,0.013984621936852445,0.011185644128823832,5.471874308834667E-4
0.00518164201784304,0.03612462609562146,0.012042630423624098,0.0037018951807398976
0.01760816989307364,0.01138737322631108,0.003819515185783754,4.6220546542096494E-5
0.005124025493524189,4.769015459617233E-4,0.004726240470273647,0.0013696838554746941
0.03753657983797533,0.013216591176950336,0.001680338131439824,4.75745772985821E-4
0.001693672427081439,8.414450521527082E-4,5.165119553207271E-4,0.001033450279519521
7.853697853026922E-4,0.002811542775090252,0.004251284555123623,0.0071446810242720695
0.07826574156707446,0.03147449521106375,0.0046533419409947084,0.00408995424657187
0.00924515703302084,0.009925022331475231,0.004905398990953176,0.005738794756917183
0.012424821164041486,0.003111742672298013,5.857837311252642E-4,0.001188343128629389
0.015559346221545419,0.010697796886212573,0.002786118572635399,7.07405434646573E-4
0.09402653225510656,0.024582045802399602,0.0016130596601459312,0.006871440036066306
0.02689126266614202,0.008987993252692972,0.009494248464559289,0.0017543367082879207
0.005211131025629781,0.0072310482911382475,0.008130354259049866,0.006030826179365791
0.0709855311142113,0.009693261108980708,0.008169071964292595,0.013023960100142382
0.03548451734909795,0.008898191638688751,0.0025973351554561966,0.0011946000867188475
0.09788500220879746,0.03592187702681,0.0051970941801734675,0.0011542738621920735
0.04835431494887504,0.02254141210143163,5.080471117169842E-4,0.0029937118059278067
0.16589775144665145,0.003912845917460123,0.010650733851007475,0.006724060417151335
0.017912133849380365,0.007577062723384834,0.002168810599814139,0.0018146208558252586
0.028542478889924644,0.009985121818086843,0.006313456303323464,0.008107162358040935
0.03486592714991534,0.016916122885489496,0.015505105142853755,0.0031875593771074134
0.0013504135446182912,0.002409085671784521,0.003274890783355945,3.097190107201702E-5
0.06936596742771145,0.0084888317561408,0.002186745085612336,0.002067437690657709
0.10436021193806116,0.036255443768774515,0.010169033994841047,0.0060017396654921335
0.0347918002102445,0.01178369765528956,0.016773250115012406,0.012312125909425983
0.01986219711746438,0.021764324252970094,0.007070804076551478,0.0012200113432549473
0.011472804481250322,0.00830690486042846,0.0023716754686026226,0.002165098916611326
0.08160117012523309,0.03353569723638031,0.0044976037968229455,0.007564096902774684
0.058862795025846376,0.007703755004531189,0.006739882147224481,0.003315781776948231
0.0016486989224665607,0.0015861532135245182,0.0012770569142862825,5.874544942649311E-5
0.06292061682493337,0.012527685470978213,0.0011234095519400895,0.0067605294845857755
0.03963559607345992,0.013190708427545895,0.004248208257449217,4.0846353412844286E-5
0.007592036046508664,0.0044751027389919994,0.0013810423766411526,0.001698352495698839
0.021400049875752544,0.007357414533081911,0.006294167377614876,0.004684851444474022
0.052664402187137485,0.010819729519117508,0.005557491618317291,0.003801854482059048
0.16369362807133592,0.009852351749980528,0.006863777011134075,0.002991809105698609
0.08040561760923692,0.026114621817615816,0.003222198755079919,0.0063598644702202705
0.05890211472391446,0.01039591442060124,0.002945069961363717,5.99130739925334E-4
0.06920953740640101,0.04298356350080876,0.00443520087920241,0.00277846307352087
0.022262992802323227,0.02346625052050081,0.005019805186872764,7.842094800822631E-4
0.005996120062831051,0.004328554479857072,0.005326805664564809,0.0033540751216972514
0.00236441858168578,9.027426265832088E-4,0.0013311366521604922,5.621586926434043E-4
0.003897333087036743,0.0027341590924631794,0.00584223162986082,0.002419197307777794
0.011995396926000981,0.004342308221544853,0.004335692975399621,4.6969894981664526E-4
0.018941895188872578,0.006871779069673667,0.004397483164561544,0.0024462183016877572
0.0459378734079205,0.013701123198246507,0.011082088418353566,0.001788845350427214
0.00221783398010997,0.0020792470935566123,0.0034208747903732824,4.861274006841123E-4
0.08407342071827202,0.021828852677409995,0.00510026386022533,0.0057082308585920125
0.0062586895237654976,0.0021507240583407833,0.004407879641916983,0.0034072905678994023
0.10300660427792784,0.01457677458187859,0.00962991572116509,0.0059713840749261015
0.005793120613529757,0.005071739013208697,0.0058669692608382925,0.009059347948910869
0.004717842344084058,0.0017644679959895207,3.7783892308994793E-4,1.5861425706869232E-4
0.03380933711781721,0.008857841913501589,0.005699289853717853,0.0016485580319845162
0.007635635073883817,0.003830977277019068,0.004249682430378968,0.0031902490192027926
0.15161240578531374,0.008637943358671994,0.0052055785121079,0.00537294084452443
0.08033476650675302,0.06326893647369948,0.01692856820254889,0.009671306544560172
0.056319672942463414,0.0037801965599496205,0.0030208164929540807,0.0027633696344911635
0.0034306091969279516,0.010344743986440169,0.004267103609128343,5.480128500969435E-4
0.03792406420219541,0.006432488125019795,0.00733191265108397,0.0026185953601184676
0.01108581576363846,0.01113474240424097,0.0024785893057739684,0.009152403891626549
0.005813816359948482,4.403683229870801E-4,9.169649385261728E-4,2.238533202417458E-4
0.1000318106008494,0.04769396295831701,0.020939577048203626,0.007607740165195193
0.011826235288379533,0.0017760388103811374,8.271278007711565E-4,7.026310387393797E-4
0.005199534054304579,0.015365630722016669,0.00953134280088943,0.001780806234200692
0.17620756289643516,0.01217536579570667,0.007468306990250441,0.002394700496201537
0.002746443839829082,0.015099830983916878,8.818089530140461E-4,0.0016242632098483413
0.1055048962887229,0.022809284910367888,0.006610707221332699,0.009362092347594733
0.0528762820423917,0.02264705114689458,0.003019996436443431,9.458010394923588E-4
0.049925393352860226,0.02075069661709377,0.007690739583519005,8.464657729383636E-4
0.02380738536703337,0.02698823100745983,0.006482427470309868,0.007944256820564197
0.06434135461825173,0.028777275517474665,0.004193105307210047,0.004289073583097231
0.0022136552734979015,0.007597948085679961,0.005286120362704542,6.510025410006817E-4
0.05519803888609217,0.017339228077446478,0.00709890179458915,0.0017437499666321079
0.030458269070938907,0.0037700529884143173,0.0018318939453582633,0.005534140824683907
0.0044620455556042896,0.00879727749366338,0.0025816743411587687,1.2758418033810608E-4
0.05738624288826888,0.003953015866327921,0.007569204706434194,8.396683784836621E-4
0.05017616736380195,0.0036146750652461066,0.001531015930056263,0.010965123372766809
0.0399430094815908,0.0022833688654094577,3.5137518920679977E-4,0.003568818428482724
0.003167824251214254,0.002187188646547505,3.5020333174867426E-4,1.3246911703374893E-4
0.104782500303319,0.004092019789718857,0.002062544502090704,0.005201416566734542
0.00733588933126109,0.009043106177213659,0.0050918425215520395,0.0012948579634777197
0.03808345349442445,6.269008471556976E-4,0.007522487630779175,7.010177743834434E-4
0.1085006474930074,0.03302394809848291,0.008524850713428025,0.00985868312934202
0.017132135242971042,0.01743526336346342,0.0016444372721076315,0.005137979012234257
0.11516686103665873,0.0010758818352016321,0.008569690973771615,0.0026471400949509764
0.006412555740937071,0.023533167099519078,0.0032955672260306617,0.0029245663846612807
0.0568492447241652,0.004432610174672193,0.0024794579225342656,0.0020796659227264994
0.06432139306303417,0.013006346838652642,0.010892028902758075,0.002244662078854019
0.03158801931904645,0.0010320380460557075,0.013591625365836033,0.013313613733222008
0.006022499578364324,0.004165804534233093,5.031776653053483E-4,0.0023222403044039796
0.010912373477360286,0.019961790695118057,0.002021780503072132,0.005132856590889306
0.014367657823596855,0.0032562370028614866,0.0018833284018571902,0.001171939493986991
0.010192844199475422,0.007589517678268463,0.003324462697349034,0.004960323813859429
0.023594779453867034,8.476042579343769E-4,8.421724028689075E-4,2.1912189618778492E-4
0.07165389817368774,0.024490260204429928,0.005526664767409217,0.001020401714307112
0.003068605738658929,0.0037044379291423122,0.002101368009235541,0.0012167693990133832
0.02612403316227262,0.016897978434393657,0.011211361965864901,6.87049982619673E-4
0.003485712707747491,0.007306889743221314,0.006552427235597402,0.007403202867161396
4.535594468265449E-4,0.00855806935188089,0.006478124235020846,0.002613472061880514
0.014396177530878101,0.005653448706468197,0.0024312312098012123,0.002434747076710064
0.011217135937805277,6.0694323380404E-4,0.007661683501765817,0.002518731949198667
0.026730040473684075,0.011897364608394613,0.005743828780775065,8.474330688170467E-5
0.009236942998853344,0.005621225150958937,2.969447195661583E-4,0.0018558759230980894
0.13131791256554964,0.027659069418044434,0.003096433767225596,0.011193372418321414
0.018367160251582727,0.008879418025603969,6.875961523281484E-4,0.0011052785650187207
0.17760714804595576,0.007559284662043796,0.009991839983419615,0.0027889159847555543
0.009202614606924134,0.014204929339675784,0.004692764944125034,7.274164351803927E-5
0.05822816298822723,0.029172217138839652,0.008260755223996922,0.0023880758809456297
0.02848339956278859,0.010869057520370422,0.0028889853196945817,0.0013665303552698213
0.04542776025754375,0.015770250530654138,0.0014774127466827653,0.009635417506972168
0.004029930360196622,3.820225545051081E-4,2.798109773765168E-4,2.1910453858775861E-4
0.023105635157153834,0.007838108151293597,9.133756186620503E-4,0.0022656314748469245
0.03912944727145068,0.0012017709850872967,0.009954426384657093,0.004309346743960363
0.032524443324331825,0.004962977447816493,0.00174922623021325,2.03477859948689E-5
0.03777104721858706,0.014922248295301652,9.83549466060407E-4,0.0017804533293706505
0.010666321070453655,0.008339509467942869,7.466163570392117E-4,0.0029415571363507515
0.02046934355265065,0.003132408290176858,0.0026629926211766963,8.516447786379264E-4
0.05791821220165486,0.00937524346993733,0.002442025463871021,0.002457442508817728
0.007737353306565173,0.018034739593171287,8.812778352439863E-4,2.5324863127141895E-4
0.01023687804141065,0.005023149532004405,0.0034521419856364975,7.542452460761578E-4
0.10463884747303194,0.02114363059789083,9.312200041861243E-4,0.0022403318940620773
0.0022766542080542348,0.006283069061202485,0.0010145105082260352,0.006419446532407317
0.02424304838490052,0.010254358078369948,0.0026098431923281466,0.006866085728942339
0.04532654494018854,0.011839859691651113,0.016631844675819733,0.006356380790191416
0.013642060470078108,0.0019539240799676494,0.0019249464734922912,0.0028869822353042567
0.10404300190505611,0.023451508890861398,0.0013114104136193897,0.0022783151838266986
0.046807757383144,0.0056120203593062745,0.010958551616314146,1.6462335444585472E-5
0.010816226405539026,0.004778212996394854,1.3191489269214165E-4,0.004092514948408891
0.004535114720174248,0.022802066819383793,0.021141134702325242,0.0011198404513450655
0.015984201152638922,0.0024143046705031954,0.008353687342229583,5.4085351617736E-4
0.04572882475638116,0.006876266587484954,0.0074055658143350155,0.003304789811130394
0.016754213601017337,0.01495652039535623,0.005428098481285483,3.4695239671263196E-4
0.05298621636492401,0.053103558665592424,0.014320122856604403,0.005164194732270911
0.02726301170999827,0.005487389813537339,0.00782263740030849,0.004629040402179922
0.018250141991446374,0.005070354483408766,0.007581626536531251,0.006079858519174599
0.0016726132583026376,0.02237536737638694,0.0041007200556033175,0.010422026028233502
0.010220183076768696,0.0063250009759442906,0.0011617713962819975,0.00844615532303851
0.004299667806918902,6.769844585674886E-4,0.005558037377474131,0.008314502411626304
0.008513355005270146,0.005459900502313225,0.0023699781751433044,0.004758306889094725
0.002900970927655222,0.001302491129250595,3.527158263692234E-4,0.0010501997990283655
0.05301417988731979,0.01976020302441734,0.0024218706601834197,0.0067566615098715605
0.03176307771114695,0.011464152368145715,0.005194281116779725,0.00394253994651359
0.02868571411008931,0.013640390064576296,0.007782935095551734,0.003642687837970412
0.02756506968180656,0.007458723337889184,0.011557457515768522,0.00181535900691321
0.012339752231220838,0.0055906139628151596,6.933994134672562E-4,0.005901146519660333
0.025314781249321412,0.006062560328440535,0.0034929034428873183,0.0017284811162047275
0.0013868739251587654,0.002633027745481901,2.5711574313858163E-4,0.002033919640340841
0.002629212382415805,0.005518028821182189,0.004028793876727543,1.7018331673291013E-4
0.06820558606504461,0.0215316214940397,0.006371931772089737,0.005317240795549661
0.08609696571239558,0.003063829116867672,3.853479914889765E-4,0.0064490596975938985
0.04887460231831619,0.0020371592082654975,4.2380748478152374E-4,0.015579674042098132
0.02665661738617197,0.011808587109757438,0.018675784387635813,0.005274273491946002
0.019312408364387877,0.007525384759874546,0.0026256290332788866,5.466750132575559E-4
0.026076340018610034,0.001929860105339071,0.004533412464231385,2.1258876424461499E-4
0.04003037821695246,0.00327232567727661,0.013659566186308697,0.009624350333769243
0.005239856054463037,0.003922491072921107,0.004403246266422785,0.001037386617473989
0.006182437181995874,0.010876631330184532,0.0039054861585137474,0.004750161421990152
0.013657986809322962,0.0017148369601040021,0.0020741497849084607,0.0012668130761722995
0.0030682745692674064,0.002526406733574475,0.0012409251851399426,0.003960432846699904
0.057717155233483676,0.011556862589197086,0.003742373812882001,2.7049634598106894E-4
0.009219860684962305,0.01541340044375845,0.0014713103220101136,0.0137070886201621
6.900955876005604E-4,0.015628074733794503,0.009140102426605136,0.010212108402189272
0.0050398481942851995,0.0012423014582384486,0.0015764998640822319,5.351422046224931E-4
0.026025621535913552,7.363898441679308E-5,0.005642107354315362,0.001720802474035634
0.011481867861987521,8.83636094108348E-5,0.004412417278715331,0.0017459015804607847
0.01537980151607375,0.004600778281955465,1.5549545483150356E-4,0.002402517951270531
0.15168809593232613,0.0031935599781527575,0.0018157765587657534,0.0019910206857235565
0.00941514278370223,0.0012878383691317264,0.0014177926449913602,0.0017364095501355566
0.02109080024943664,0.01508777833808979,0.006865067060546178,5.760663833782087E-4
0.008762853808656249,0.00490153019621955,0.009431279212122109,0.0010679074010647935
0.0014479816643949129,0.004275474972725477,0.005351421393305457,0.0015478397465748472
0.04781884392297448,0.001292824631388906,0.008734906352534728,5.03290018614692E-4
0.007418674008876822,0.002092150497732941,5.152041354934815E-4,1.9891954600814732E-4
0.034585804551218485,0.014025399560979535,0.003217208380669372,0.0049881395504691416
0.016086126731991907,0.005784931968622612,0.005493869111339255,0.0019368715816196111
0.03342831724477774,0.00937686830845785,9.793692208677237E-4,2.0466149129103005E-4
0.08980797626359228,0.001153838198167959,0.003586036168377168,0.003037886962188954
0.02931834825137135,0.008833729811000526,5.521577732207872E-4,0.010586348761133521
0.0024149922267303033,0.003642759280839116,7.540880127965765E-5,0.0013752021799016538
0.011049506625779536,0.01859045017971295,3.859507084764527E-4,0.005673193932241238
0.03746024390856725,0.007977797369576902,0.004213631385002236,0.002847786669612046
3.609664180197752E-4,0.007184516885066816,0.004644579210265195,0.0025375067261804995
8.425733442624875E-5,0.001166418351825636,8.898592596840069E-5,1.8958608094711703E-4
0.005460802645766576,0.006313826564145273,0.00397817953907824,0.003081189936845103
0.06099701396480005,0.005540162627715497,0.0022615397158153305,0.00175920093120542
0.10499511915800006,0.025869002465456162,0.0015384079801691493,4.399444949907221E-4
0.032875508647800734,0.019388271510635935,0.008192679186804115,4.112032849151699E-4
0.004989496587423447,6.46862022452895E-5,2.613135110797089E-4,1.995502915006282E-4
0.019398922022262184,0.006865017366278485,9.308156972154657E-4,0.0017139823603753543
0.02908281530848352,0.003786724309271381,0.004256514047798309,0.0013520618527532188
0.0012860121102033267,0.001382554810851784,3.983726417043829E-4,0.0010818403703880396
0.12072821903614246,0.04377849405067097,0.018874064288248952,0.01114661299253947
0.01808942186966695,0.017173083995742505,1.935382694695211E-4,0.0014658304169860373
0.004226604444498943,0.004320639819830351,0.003460514278395391,4.182586398151118E-4
0.025515294880924997,0.015218020375420289,0.0032663180739960127,7.929931428475337E-4
0.0038143255957037185,0.007887779296287171,0.001650440533186025,0.005356655145055548
0.0062507677693492405,0.0025620576012545886,0.014370473254460583,0.0056495927753967695
0.09219026436481681,0.025403300025429704,0.0014797090997451109,0.0013377139612790045
0.04472672603182435,0.002073648187557074,0.010500720575831743,0.001940916430745974
0.10290462750273757,0.004596882053345646,7.697812951741382E-4,0.00638957507101605
0.010890393897584007,0.011713309915462117,0.009969991833350575,0.005137410867113719
0.00531748231884297,0.00842354950927538,0.0033009172049631723,8.358040752449459E-4
0.05829439267149804,0.003775000751997656,0.007873420196862168,0.0015440171653711091
0.020142970852601236,0.02630306163951976,0.0029325506569786402,0.0018969575324096187
0.04867088411820944,0.013078574053494278,0.006596487880419733,0.004060652901961213
0.04174990275384082,0.00784156363306208,0.0028402975478901017,0.005174676556956232
0.0742717802370071,0.05552703021051583,0.013975965852787417,0.0046615475180295145
0.011867178518454232,0.010606365831721533,5.812208058704868E-4,0.0015942185624762263
0.11655095966970469,0.015902498885431254,3.27666454051228E-4,0.0036780997597681783
0.005689961539770264,0.00448012331470157,9.892184413652955E-4,9.068744228646473E-4
0.011322910256913196,0.0011535172672257116,5.195415124180967E-4,0.001188274474536431
3.721184883412044E-4,6.135194878949111E-4,0.0012466235687002148,0.0012143225616889771
0.018992324663427165,0.0054199819179368705,0.010509066337431185,0.006991986911025718
0.015904178789099242,0.0010824854014681294,1.5420020478666338E-4,7.943043164945232E-4
0.015194640529733022,0.00784153175240867,9.137163974185964E-4,0.0018957630556350987
0.1429857739815396,0.025713895951426924,0.0035170112900373366,0.012197070860759659
0.005065652553656492,7.884306440800982E-4,0.0030717449729102445,0.0055640715783226834
0.02693800896505037,0.016946647001289214,0.00981767422555181,0.0013970054202466892
0.0067548206393534295,0.002753667148941285,3.692151779208301E-4,6.931631909019456E-4
0.005568792707317184,0.0012346474210484656,2.8176177948659517E-4,7.065980082181908E-5
0.09431431569086786,0.03425653992540874,0.006650278825439046,0.010953552870188465
1.8607728939739357E-4,0.0024124954880239925,0.001747533575538321,0.0010387510752561417
7.141925604454652E-4,0.011456820943020751,0.0059570336377371596,0.0024029722681868796
0.013734197131033686,0.004325817059794111,0.004188033857833962,0.007994875472209438
0.06107571650161184,0.007592510124382414,0.013907669174207892,0.007802034331566695
0.026884886961220385,0.003547634508606555,0.003913154419192577,0.004271097324940708
0.022305876528952974,0.0082760331737181,0.008101418795587722,0.0010468318665467478
0.017963506477576278,0.008059798643560996,0.002199463632007291,0.005663647268752526
0.02084090424020536,0.0038428434424248913,0.003106875856117422,0.004695261170267622
2.0422108115009105E-4,9.662402375330754E-4,0.002597536845971911,0.0036369553687863342
0.013667028529287327,0.017168994962886326,0.020714616142539714,7.226517513525563E-4
0.06160544621196754,0.01168540532814639,3.927973573966596E-4,0.007866461048538624
0.03689921630354538,0.004330906281322429,2.1382713748231737E-4,0.0026453869457536217
0.014325280102819068,0.002479631009500087,0.0013202469106433844,0.002185433365765474
0.015338090567576526,0.0075974495684547035,0.006253086236484756,0.0014036060567664873
0.1847069432650175,0.006257002955805238,0.011061214086142666,0.004776324376944274
0.010371552926291806,9.106266647546308E-4,0.0022110276861608425,0.001171728145643927
6.180490401101682E-4,0.012546850165096001,0.003428787905852368,4.948808233050032E-4
0.01577626696604768,4.219336370112547E-4,0.0024745350046375763,0.007004944815272072
0.0022009551901820126,6.688123958138693E-4,4.97299904783525E-4,1.4359829476516352E-4
0.026346650406882877,0.006833574112047506,0.0019922174417543277,0.003859735756176097
0.018768129602760957,0.007175520365210856,8.191912807703869E-4,7.033083002173792E-4
0.08798419401108204,0.04690386177411197,0.009830862985004653,0.004451098603191381
0.08909052000874533,0.026561042570193642,0.006994482804415751,0.0019399230231568715
0.012092119353001326,0.0035767073051768423,0.0024964198283948047,7.305596031866897E-4
0.005779572306117041,0.007057800480824897,0.008518194961684846,0.006502784017821225
0.020420545125131414,6.908638912816595E-5,0.0029469939148344788,0.0012878819672515864
0.15293419465176972,0.016287546094211913,0.002585171123788754,0.01475844839886952
0.010740724063222832,0.015247858460257245,5.913357985518557E-4,0.0024099700251956372
0.020297114118977104,0.0011053240213070568,0.003684137624228478,0.0013953652857342902
0.00889554624349805,0.03529792396142521,0.002894132302709298,0.010200699647107146
0.01940654577541514,0.002740879551637816,0.008953289809937167,0.003612564427141699
0.006395225572300746,0.013141212460833095,0.00532445032986327,0.0011442263638208135
0.01849428157150296,0.010200316453653043,0.0036468321859761247,0.0020237361183166737
0.020222814445173244,0.0032955695693393026,0.0015219849270252449,5.822373170426473E-4
0.003541330242640685,0.01441702143886486,0.005032044293447267,0.002343453208187325
0.006325437384728484,3.7072060925118856E-6,0.00690911984554909,4.97505700417158E-5
0.06361782440049961,0.00875660035912761,0.015861461760624248,0.00765246049623491
0.0070170797313106065,0.0033597731273837085,0.01950521691086362,0.00822188746754057
0.013247896067885128,0.005958070123519589,0.005319283593215562,0.0019813958617981584
0.02585591431911774,0.014381872066069433,8.256255782658388E-4,0.0036581534301044086
0.08904924804988391,0.06055119224002882,0.01265535251993837,0.0017749361952301426
0.010981235609482954,0.005040829235237976,0.002263860959284214,0.007126418307557237
0.011047768954464424,0.004029062059025337,7.136893664235687E-4,1.910038876466457E-5
0.002281791105000192,8.74620226119151E-4,0.007109147749543313,6.791256448451924E-4
0.08663228017593662,0.004111423352403724,7.689807532865934E-4,0.005542505476356567
0.0025561838658493445,0.00736991663842005,0.009522771171413657,0.0036045271567732855
0.0757560833121674,5.077986503094035E-4,0.009127183936682286,0.0063369223291117605
0.012836937209050863,0.015096054713485496,0.003237615197408712,0.0022035241150549743
0.0012784423498445167,0.009827182678963035,3.487534185614547E-4,0.0012504669728320903
0.026561509024237758,0.006186182700289082,0.0014136844012285986,1.2130269237810759E-4
0.09523890923528339,0.012651844987071895,0.0022992576450412204,0.005145154993885748
0.04818130466942688,0.004188585118847277,0.0029634389848653513,8.358353738722872E-4
0.08990912631086688,0.019846372467346045,0.006932995406275958,0.010915648324860684
0.008600065687501888,0.0017619931124739714,0.001678859750167022,0.0010453420629407799
0.013185971083148559,0.0017192035423703794,7.340428818933526E-4,0.0017525108350609547
0.025475849724507293,0.0010696463844378668,0.0069512869065312755,0.0029075647635735027
0.013237542190328388,0.004914320228779595,0.0015856535834501545,0.005870804021081972
0.05492093192673217,0.009025072685660189,0.0022898912281224715,0.0022621206964332516
0.015942599267490223,0.004766515560289036,0.0026063534374247284,0.001058260223581364
0.11330562091775714,0.007258861528038032,0.010352262451167348,0.0027587981680532786
0.10281692606902444,0.033352943612826445,0.008678821694716258,0.009653698495504128
0.008998902525561943,0.005143480049241861,0.00569352182387589,5.759512156859648E-4
0.029930220816848683,0.002806574568741884,0.0036503035426983794,0.002570886210229893
0.04248939593910441,0.01226298045819721,0.0014051886938099831,7.810447339501424E-4
0.006167759642417217,7.402702409612715E-4,0.00705277013543879,0.002490424314266746
0.014546215513169208,0.018580221722394576,0.006530166523000614,0.010343794888452312
0.03249396502713227,0.00944422880999933,0.002543195910325798,6.955359316272129E-4
0.030699354647656555,0.011246745237440223,0.002338234946648985,0.001479983010538632
0.01411032901859678,0.0027301517860736355,0.0019660030099355316,0.0036148880543075885
0.17380351933227964,0.017335988811531002,9.240725719889606E-4,0.0026693057940791166
0.11130203213245277,0.045244083143116474,0.026513768183094526,0.00636135791571568
0.040282967543889825,0.003930302772620892,0.003816759481108542,0.0027258246356521515
0.005266659271037525,0.003542147195681386,0.003574711920576026,0.0023976789472968034
0.02280394705371907,0.005092182247976632,2.970848292387009E-4,5.014282214448887E-4
0.010952833832018678,0.003043612637152773,7.776595295797292E-5,2.2427707510895914E-4
0.016375255598488923,0.013162221773263056,0.012049296454879921,3.59301653099925E-4
0.024836317706502447,0.006711024607191182,1.3098701230181912E-4,0.006019689708301495
0.023573208719950115,0.007062125748874332,0.009550659672450074,0.004417375689483251
0.08003240594634473,0.028623179246641574,0.005320791189455479,0.014573634496641057
0.02268263306477064,0.014735757760182594,0.003918989585453677,4.8042471816335563E-4
0.01879380049149371,0.014563221573578224,0.007163541633917049,2.9359552465178145E-4
0.18131171613305677,0.01851346632783562,0.00838270512694732,4.313937141500812E-4
0.014436150407292778,0.022371821144997618,0.011480718566503711,0.004964661792875266
0.03120209497003416,0.010201221448321359,5.097140587742716E-4,0.0044242392378221395
0.004108975741979813,4.2492815332301957E-4,0.0029493653377555044,4.8101092919126276E-4
0.0021937698817228834,0.00366478208699866,4.784207972909415E-4,1.6977990541738232E-4
0.07578643586878242,0.003169859169158135,0.006345966982855296,0.004164585314918378
0.03310534599391902,0.03603612472766101,0.010857281821049745,0.005368540831006677
0.0364122502080847,0.010801833537828487,0.011776048735765599,0.006405237945035034
0.0036960761581887485,0.002471829644212512,8.556263095808468E-4,0.0012026411486740869
0.07120162513010052,0.04521676685890005,0.0026082657168423782,9.838052664283238E-4
0.007446567993575362,0.0011908809288827527,0.0018320172396445735,0.003068347709844301
0.024970147103079345,0.018309494479474213,4.6357299615142945E-4,0.0012676319074428287
0.11948123752095541,0.010321983036625921,0.010414956536358235,0.003722610584511389
0.08352441013480667,0.012098684658522645,7.540895136792232E-5,0.006432627709281728
0.025346836393001608,0.0013999444167946133,0.004059951677899259,7.288984650920551E-4
0.120674622858516,0.01629850578229813,0.008014086009897323,0.010883342647629109
0.025049150848460155,0.003761495899153005,0.0073820791336941865,0.005351147166818938
0.011428063210608902,0.010148441758660429,0.00214887045172032,0.0018635518197535153
0.07436422614346283,0.01764431874938097,0.0020021013412157337,0.0012514213216316581
0.0171618369667175,0.011453402344085954,0.012014432923280364,4.877513605145225E-4
0.023009025774434456,0.017232632033806025,0.012559826957887491,0.005850682521475741
0.12295784472367305,0.0069359519338140704,0.016852587975508194,0.00526509032882022
0.08466525708202928,0.005987238932597365,0.0018208516481102229,0.0023833334878902196
0.00972000620431443,6.825896515466848E-4,0.005651633128914483,6.27470316515447E-4
0.08269545080576861,0.03075727159894518,0.0051766365929657,0.002328934196743845
0.03494455687428393,0.002160557783934506,0.0017670226073698023,0.0024404565380854
0.02477234359702594,9.529378776264472E-4,0.003426749049919866,0.005102075000224704
0.01336251809162456,0.0043859080517013255,0.001444609781920004,0.0014823544872035546
0.012749154383543421,0.02214424434389747,4.3998002855438284E-4,0.0014347312877898161
0.0019084307052985284,0.0021531909981589658,5.292753307677033E-4,2.7060941356074137E-4
0.05966662145716754,0.0037025084887277525,0.006635256514196136,4.940477506961736E-4
0.0010468086423740899,6.860176256471109E-4,6.797320470269854E-4,1.0225710026838563E-4
0.008966971208686208,0.0023266329577472816,0.001744323531523318,0.002446648372481388
0.007501572708478468,0.008334880167922836,4.458487848796368E-4,0.0025273937598943056
0.003225881686617453,0.022905595776439323,0.005447167137927533,0.0017630556097345828
0.1630490053669959,0.013710399650069491,0.007839172984578717,0.0036494535075415526
0.030568347522595896,0.01245794882548433,0.007616324697980136,0.0017194840750128474
0.046150252712774384,0.0030829060320379485,0.00831833353572112,0.0013938233253211062
0.029343541548676487,0.017661608611512798,0.004745076493103312,0.0012476792740194799
0.010036095417902067,0.003051196136204055,0.0029340980376204194,0.0011400502347688694
0.0850145252514648,0.010212639514059206,0.0010073792426754575,0.005825237898883914
0.015731847111910467,0.011058667713526033,0.005527442161415828,0.011156401820669655
0.06566324894751392,0.03421955047731988,0.018923458854578867,5.356179890744792E-4
0.01433587406993602,0.0013846769906459865,4.0186586566165667E-4,7.107496546423312E-4
0.03106210223667959,0.005031962235597368,0.007841083015864876,0.005285147779525528
0.007426222587639316,0.011137159120881604,4.940840866604143E-4,0.004503667906005725
0.02036194235952208,0.007249987505404818,5.464955439812554E-4,8.603437677693199E-4
0.00585995277144788,0.01105923561129355,0.002696270420815092,0.0018076458558161338
0.008309743104280159,0.013042040897012216,0.00636571356774941,0.002841649792768795
0.013772596541341853,0.0012975780974882017,8.813759042385338E-4,8.380199312945496E-4
0.00390224267818013,0.008142152038204734,0.0017796889200952164,5.328694159887927E-4
0.006631282017299539,0.0035210939302868843,0.0012451575763346154,0.0015536109244418343
0.008336273787061138,6.597303457813894E-4,0.0026251204032179134,6.731400476295141E-4
1.64393880532262E-4,0.0057807516293664684,0.0045158184066273945,0.0013720277955734702
0.013750094309419768,0.0022093933071414646,0.006566106652547271,0.0032469366330675057
0.0022975617717107266,0.008065814711804902,0.009048649090056902,0.0028100720957630553
0.04358721998487923,2.4176705601733024E-5,0.00554147754605936,0.008649344312491973
0.020054496718918843,0.0019279198284939223,0.0032199226529849158,0.006818501812475673
0.005255946360374197,0.017429911115842744,2.920469610622507E-4,0.00360265217689791
0.015424079238866325,0.011342046630507585,0.004655372668705293,0.0019941065542437627
0.02522551283880734,0.006138743343202931,0.009069429193987816,0.004000077954750901
0.08723891043573961,0.043850653029069944,0.023728632370634994,0.012049061614605195
0.015489727530846624,0.005273104077802142,0.0027823382962467386,0.0010294358700456158
4.946044814903153E-4,0.0011117179915561897,8.638351493720236E-4,2.0555903830252116E-5
0.03263361470551003,0.017551782235306953,0.003152841273928984,1.3981055158374036E-4
0.03382737841586943,0.015391241121634843,0.001123414551326985,0.002614969349962735
0.033123765736169986,0.0035159631856422438,0.0029789996604156466,0.0072519832862192705
0.009391414023262143,0.0011425764247527197,0.002300461788041891,0.0014828128675435934
0.02072056134523681,0.010120163470309949,0.002558390840854244,0.0018437322703911962
4.983574228531731E-4,0.0038363901336728747,0.006714152714218425,0.0025457320846732313
0.008861506272949356,0.009226499521078808,0.0067483844113123545,0.0027763390631134143
0.023559913406934904,0.011289281515092875,0.0035797657523291117,4.328154333014961E-4
0.022681200880449944,0.005711332537173096,0.006956221321130682,0.008103172845983083
0.044283157546197355,0.01639965596178439,0.013947701663871818,0.004001574137040038
0.058961907258797505,0.0077280283219484215,0.0017694942078099996,0.007748079148694664
0.008353405539163822,0.01760312261080462,0.005866138708904045,0.0013841680966853484
0.03998151071235678,0.005032272380438485,0.0022883119488891946,0.00619555513006671
0.030109851953633266,0.0012350574761240954,0.00692428660571751,0.006558940614152898
0.023558702902300242,0.0045192613650723145,0.0019064395424509962,0.0032153027717842994
0.021882525598185407,0.0035583756297388356,0.004943276744882537,0.004114662201328225
0.0219521908099501,0.0013108886451151673,0.0024554294444584014,0.0010112092574089025
0.19807296698032373,0.01821578484008814,0.013529963822095497,0.002283751271801781
0.04777122492575636,0.0031739544263752815,0.01147711512825637,0.0019232831169521988
0.021635854327205464,0.00882524158752755,0.011728422599251307,0.0013473508866138667
0.024895858587247965,4.224221202084066E-4,0.003285445984388977,7.169793051292361E-4
0.0034239080828721556,0.004404328640175689,0.006925464612593395,0.003413689703291978
0.07039660639934962,0.021399037387263797,0.003321643601198161,0.0027788580303665356
0.0030969000130415844,0.0014842387911828954,8.562127917719354E-4,1.5302253315947138E-4
0.01666263388043794,1.379050792951515E-4,0.0027180926447312446,0.003732604631911173
0.012665318560061029,0.0027447569513863236,0.0018135399056126388,0.00655145220152618
0.11805629047234274,0.01354840629715167,0.008880852523973219,0.008292051418209132
0.016219201290773866,0.002348259690859075,0.0020623320290902966,0.0028480940262679394
0.01678608897868424,0.002631894089993824,0.002939936901787249,0.0010194392234871483
0.07877085286379956,5.816510237872974E-4,0.002259823660467418,0.003733852835194405
0.012899464658517905,0.004217394773704981,5.879923211581532E-4,0.0011616217073188995
0.019099765085600025,0.005238812196903454,0.003907249119704491,0.005232119125615487
0.005770232117376225,0.022209010978499203,0.006438515904167132,6.604615022463668E-5
0.019295022816547342,0.03829520386019905,0.0015821399026882384,0.012434135958393738
0.030942046224284717,5.053090839184528E-4,0.0013833428008487379,0.0033986058195743995
0.061806641406137584,0.02885519663729556,0.00474328384071772,0.001080500561859345
0.0042713794130339365,0.009051171073674544,0.004701504908124025,2.0934082334015183E-4
0.04015369002533875,0.01952691771055159,0.004629630270657328,0.0017915668610925459
0.10328596528024304,0.03297183275261899,0.005297863707452747,0.006541616646787166
0.02688029307690912,3.4427012642221177E-4,0.0017174534576546322,0.0016834896198440756
0.16589775144665145,0.003912845917460123,0.010650733851007475,0.006724060417151335
0.014676626421812567,0.012402039351677276,0.0040429925403946704,0.001520306472774404
0.0856769712463326,0.0049051206113867206,0.013262937364004822,0.010294917949107082
0.11261490628545914,0.023877673279394888,8.953467905299927E-5,0.002462692027825871
0.059870330288032444,0.057108919392441504,0.0072222688355388165,0.007256873329050932
0.01919150733981364,0.006151902156135576,0.002426407262227502,5.290011672632067E-4
0.006934536155559213,0.008224737233874905,0.0054984826896474406,0.0021682246156365594
0.03205676073008681,0.00923778826080756,0.0028330786323364264,0.007296933214305794
0.011973755920988528,0.004527066387196202,0.008978503229034422,4.684007232870613E-4
0.02101013373634972,0.01618980988419473,0.0059123539461848115,0.0018225092891314847
0.06425710084905725,0.013597345647467254,0.002582638464083174,8.62711722944658E-4
0.13495645686764846,0.03166202262434628,0.005949405981999282,0.014613467118990111
0.021356954622989133,0.0038048212899992194,0.0029371801646834515,0.0029803368064087927
0.007184705369785366,0.005435808516893243,0.008277282138800874,0.01290723735548102
0.007226250356988644,1.4792522237747744E-4,0.005772797981349675,7.946442162861767E-4
0.01820999325413796,0.00921868713305931,6.906365960845368E-4,0.00111164812456565
0.005929652157051125,0.017469611255090705,0.010351388568055049,0.013684805157650559
0.0028958754847191177,0.015757312243466062,0.005989502492948201,4.758680971634298E-6
0.020957670918536463,0.01236612509542251,0.0073423091319529225,0.001298564565607221
0.033885087800662295,0.019172798350525676,0.006330856974068286,0.0013380312934340275
0.02365917411958786,0.005585130243778942,0.004787657198170698,0.0027135206878554172
0.008371215406685095,0.007999642740689475,0.003843033983715773,8.87265757982612E-4
0.0010403847045612814,0.002346774128128515,0.0011787119904116171,0.0015140002360366132
0.03151093462152111,0.00963943052821674,0.001970709444258232,0.005045810700220784
0.0628712641469302,0.003353496692905726,0.007476903305938,1.578889551048669E-4
0.005357424978019448,0.003360646335417054,0.0021480315843021023,0.002826246190275307
0.008290355056900015,0.016736373125306243,0.0024023566136397237,0.011063291957421789
0.020582618432100963,0.01323871976321362,0.00315476243920153,0.0034691657024555336
0.018572152026504675,0.030041957213684155,0.014193579993326506,0.004318078000528968
0.07927294251556985,0.06229495960471582,0.01858310703000715,0.007540783501302539
0.009575315366698756,0.01680800109407026,0.007525277421595141,1.6901609720709065E-4
0.03404657992672513,0.011149856701915572,0.002149484762331211,0.003765496513960531
0.009178169633691693,3.2606732010533024E-4,4.145889755334753E-4,0.0032512684363471675
0.06583694257403556,0.0018331486391258867,0.005033821911482075,0.002094142935391442
0.036515534869855,0.002358650121964612,0.008072685344374648,0.0032884769142723673
0.00245311052542272,0.0011427264257619306,0.0053285812312370085,0.005627644247838398
0.01860812654602554,0.010452072387079297,0.00342079063298968,0.0036313258493627077
0.0022434274033867182,0.005438168020432499,0.009923298293684862,0.005947510861577234
0.06280512786789996,0.017263008710978613,0.003266636363094906,0.0044717836306039154
0.018911214499831738,0.015877884453838424,0.003153557905623129,0.0011285826000085354
0.08112271841891538,0.01092866177108039,0.009751313669195944,0.004398128246519515
0.04949380085503426,0.004950011690578476,0.0027321299033042207,0.002762092231198033
0.01782726824210348,0.003574273181573656,0.0037762112718760688,0.0029731894180205476
0.002830683862343988,2.7168906595149284E-4,4.739679241419103E-4,0.0010340051253020382
0.02103747249067322,0.011038292339881219,0.005085406977326583,5.755040215766195E-4
0.038128866727576746,0.00350398426684352,0.007500022736598182,0.001967332497631697
0.013265110462886148,0.002513692770817232,9.681541261854316E-4,0.0028929913078958487
0.02039341056033249,0.009544502890330207,0.005406716299977967,0.004845865740822584
0.022051713543351326,0.008434292825655205,0.005756155938446844,0.0031405030670729793
0.019944660138928108,0.006016340518334102,0.00717917137676868,0.005489852067374623
0.02951427271192577,0.006280832169014281,5.70153740714514E-4,0.0010450928077147135
0.005710965382644743,1.6776827542397288E-4,0.002145856150130396,0.0029475294314891313
0.0041607316081797505,0.008567421690250387,0.004787510694889776,4.282809556740841E-4
0.004572654076629552,0.012789602365575428,0.007281686976722171,0.009527587584122333
0.11544573300729284,0.021691608736540843,0.005375116117586845,0.008033912577973305
5.710018144900621E-4,0.006573258299354701,0.00583030747509543,0.006585754502369934
0.011378189201537199,0.0016034156061643684,0.0021049882562998064,0.002559340276903157
0.028194728156679384,0.004684269060315255,0.013337091756911987,0.001188540902363831
0.005643766414258328,0.006440707950963555,0.011393685902450927,2.2000855984047866E-4
0.020548338610085315,0.0015883601500898661,0.0036287369800534707,0.004143988810684641
0.001010464305573069,0.00769943851073455,0.020064247646062475,1.7270532585724418E-4
0.005707955301307725,0.0018980607868710549,0.009370811141448453,0.004665946871825189
0.004929896913031986,0.006714615552024407,0.0010451160098399563,2.2416876804703595E-4
0.02294012072019378,0.02269066435869359,0.007916422384300558,3.9678855362610554E-4
0.02583279144649494,0.006939152715643381,0.0034036961914917516,0.001941243747919361
0.021481275594086587,0.003881470016155047,0.0031280278326585743,5.446736290156423E-4
0.01363132295817947,0.0026733684824527316,0.0017106521811778924,0.002085392833759404
0.007360204218585058,0.010813686891681586,0.003159782665172729,0.0011162400240898073
0.0024851595605870614,0.006481042366179527,0.004747903815971343,2.1892235409616152E-4
0.011732984671790705,0.005329590595952363,0.004463341895113637,4.6739551641513326E-4
0.04953366454876545,0.0037072596840729464,9.719824610420645E-4,0.015555036069792754
0.05724423403194757,0.007452098719890038,0.013718510777251506,0.007659600369618772
0.006371933823821958,0.0019061951253272515,0.004228919882227506,0.0022645855794514564
0.03608626629466781,0.00514414654971564,0.004211352290994253,0.0014617516855477378
0.009046358004848171,0.009530761934679752,0.004248451696617915,0.004299635080993212
0.022136766049664216,0.006205497391802991,0.009697065299709958,0.0034742359726800676
0.024559087887192833,0.011140867555507701,6.075016718187845E-4,0.004608939382893576
0.11789524735523392,0.0015622789418906036,0.010356250111443921,7.81668188608128E-4
0.10329720503169543,0.029920484805661476,0.002359241519900716,0.007010166763632042
0.03564395766101101,0.004832513269022959,0.007478095232513275,0.004180245754334843
0.007013593705478589,0.02313688748732923,0.006402643591177623,1.6444132227095936E-4
0.03252077978860153,0.04177676727716615,0.00915034144719863,0.00408247941982887
0.0022387946844916757,0.003751850115127214,0.003819857123215812,0.0073875241935076
0.06080660879843944,0.003593871724653682,0.0019503498800616179,0.0011092324505880598
0.0026496469419352697,0.004064850794121591,0.0027991605646800373,0.002432933726342409
0.06115897255475528,0.023336464942202647,0.004135702687986946,5.326103090957765E-5
0.03514888161353087,0.005012463120160138,0.002936277504047793,0.006698207907696198
0.12399470662897437,0.009128113616609082,0.0047289089809153025,0.004611440491634742
0.01264763068343523,0.0032768594739786836,0.002523349937217244,0.004091450988839079
0.0077938350089531185,0.0012614142757293933,0.0012702706979761638,0.0010639335644582516
0.04193595003115895,0.0014477143857844635,0.0033313636087110086,0.0010666353746976867
0.0867310379182391,0.0062509956009780794,0.008681127452964382,0.0029309241808290485
0.020023501989560443,4.112065988544497E-4,0.0025290455067548396,0.006123172556868149
0.03258698379906983,0.005686720245528657,0.005314597542918936,4.0588032671306894E-4
0.04404450653451288,0.0017979021566320497,0.0025040074662297717,0.0011808281350030741
0.007614540863553475,0.010547092580273615,0.008279519075220945,0.0028191729721450485
0.017991075338000897,0.006092017647778565,0.006116469755081909,0.006192711122091804
0.09674018555195554,0.003530600415154901,2.96146732950379E-4,0.002049943179487302
0.0071054655207607505,0.002104355488456331,0.00106381597170902,5.408778166972563E-4
0.10029301609223265,0.02653402459628653,0.001763171107510513,0.0019203013816373536
0.014002271556962324,0.014840219816062128,0.005426787393770642,7.431259095212196E-4
0.054030493692744264,0.014474939381283367,0.0048601244048856835,9.7586869861905E-4
0.004065305839142012,0.0010071199984620779,6.461416270720891E-4,7.207630056380565E-5
0.013671108872662235,0.0030640484576010653,0.0018500890235843316,0.002940517463019884
0.09061976279455718,3.890359601936375E-4,0.003979371292376002,0.007806826677084754
0.01604534533758762,0.017638178499800348,0.005693680354515118,0.0034166587324468505
0.007513535863909697,1.0509011522991147E-4,7.850916047967721E-5,2.97693177632151E-4
0.039254146930729455,0.011527793848016695,3.8797287865221104E-4,0.0056236378216675265
0.011026609888180081,0.03152157491700876,0.002130894096268787,5.158282601986111E-4
0.013154539882826041,0.006327723392307726,0.0015776143544529212,0.0010091064633850051
0.008159967044328049,0.0018233566978774923,0.0010149352906635087,1.3608838390804107E-4
0.011578071780333203,0.0059365407324209135,0.0044292899791043795,6.393862495448712E-4
0.08029019991011264,5.399358424729738E-4,0.004101341162795819,0.003828887467489045
0.009036832189528263,0.014846932419139888,0.0013629106565948312,0.0015157515721962108
0.08032052260627666,0.008474985243531909,0.015687809033784954,0.004455924160981589
0.07167656883034604,0.010622596117765481,0.016365106400071154,0.00116388333976042
0.006489384242631842,0.0010006834321716267,0.002535887082732969,3.360093781573359E-4
0.04571291233174087,0.031128258882668635,0.008236017417917263,7.191211981365973E-4
0.03867649112842327,6.201557917798824E-4,0.003205043836557423,0.0028231221786174055
0.016619608464685794,0.01496930550307938,0.005517634774694492,0.007571882811183392
0.02071437362501458,0.012406792985036027,0.0013231452147017776,0.0021992549344434656
0.007119175628056469,0.004842537293888793,0.0015036104475079982,0.003208624810881607
0.03346982412594048,0.005199037003108918,4.6800704134979674E-4,0.0029683603436981994
0.028975446096093767,0.01992576107231148,0.010285822465470945,3.986444796150523E-4
0.13222199201035148,0.00822656019743573,3.424195987265516E-4,0.008436248316080773
0.018204601613852237,0.020847913991038875,0.010673278945942477,0.009934640804771109
0.001979118993088506,0.0026632076428646503,9.221535503502691E-4,0.001129963304289857
0.044045331583483054,0.0022223560023739647,0.010588753172140426,0.0020060589817741466
0.0023600597190106777,8.021998317097379E-4,0.0016242959383092682,0.0013409095842275467
0.01045103772055499,0.0064710771262058205,0.007856189828988929,0.007341483503471457
0.011753515708224412,0.005018018899450014,0.0027110530579664586,0.005409671723364884
0.027086749329208976,0.005200113602537749,0.008203873266663692,7.257476121050383E-4
0.0748600932437575,9.236988310395609E-4,0.0032468213967007035,0.00786739058830683
0.002015309067226442,0.001107070229097841,3.601443988239051E-4,1.1032139114712374E-4
0.08617526182505045,0.046474355601969226,0.001652957775203057,0.0013398853055431377
0.009976802223000356,0.006972394339318887,0.009848373203341124,0.0026494218799052575
0.03512713352634739,0.005079823484403018,0.0020704420744404347,0.0018278576404952458
0.027060004347897775,1.8110368557159927E-5,6.502119478924416E-4,0.0015349667148701449
0.021475059504228258,0.006289309817323882,0.0011682277621737297,2.084354164784882E-4
0.005779572306117041,0.007057800480824897,0.008518194961684846,0.006502784017821225
0.06785238269448926,0.00956546716038884,0.0166496935602821,0.0015053821313849752
0.00817967055857928,0.003954905191292506,6.358993085872381E-4,2.1940833959369674E-5
0.019375525601349437,0.0060884154135343906,9.950233426935984E-5,0.0023683894914723765
0.014169702096037098,0.01092194550637627,0.008882772989639666,0.005095799555696949
0.010262721647641856,0.012634242893578325,8.099721438843256E-4,5.348987937009029E-4
0.0020617840944815026,6.832866634476981E-4,0.0012360925948072645,5.799453593853729E-5
0.05192330353254785,0.04433994793812941,0.030037989853663113,0.004465748871500943
0.08578215010270628,0.012902094853790088,0.005665385611590376,0.00517304201075445
0.041302264105268126,0.028423192296119216,0.005540585660182168,0.006792515992719147
0.012642889122272592,0.003381681836786634,0.0013232608889264686,0.0017778678991715862
0.020045581590810997,0.004876869504480616,0.00630230030929084,9.455838417174583E-4
0.005753785237154769,0.0028118378023228906,0.001589636873906899,0.002508925846416971
0.027401824034145077,0.005612984691440273,0.007563419074463772,0.009508643331113826
0.03364768480895679,0.005245657621566811,0.007465906827609494,0.003043361449055045
0.04064685035487353,0.0022649472856164457,0.003912800537023011,0.006393845178119525
0.06454510029100939,0.008361464858843573,0.010298864786561432,0.0055276091165561815
0.030054138014468577,1.1483664601096021E-5,0.004236691034702117,0.0026648600070429394
0.012661459734881288,0.005424881334402149,0.0030145566619355245,0.00141091714225321
0.0026855439579024517,0.026724745558720613,0.007865254049746149,0.0012472490984068358
0.006356028545772463,0.017406297147919022,0.00472882585904605,9.236667541149947E-4
0.0035703526876343285,0.002324203021693194,9.857569285331629E-4,1.993155384868838E-4
0.056196965827843996,0.008730231381601256,0.005595505198062845,0.0019759869765835535
4.198047788874595E-4,0.0037570173291339246,0.006061871550463654,0.0025112135747709804
0.10079158088870008,0.009195091705565352,0.0034694269410154555,0.00489245333717433
0.011941228909538247,0.0032038976184330594,6.627267186801722E-4,9.321201154937948E-4
0.026608138556808922,0.0053399813367793775,0.0018208651764262378,0.0018046526635939382
0.012082356092111609,0.016894313596777726,0.004949075063665683,0.006643242437866132
0.026048287367465055,0.022155445259199342,0.010927220179420041,0.0013819080758765746
0.05565417870019816,0.008492798753989379,0.0028574547188593173,0.0069734235096250525
0.03419805208024019,0.0025546085515570434,0.0030039611262309114,0.0021057313545975133
0.09495155661457026,0.007805306141499385,1.905569960429529E-4,0.0015024275246025465
0.07266025894597604,0.008813068594236237,0.006030842487649308,0.004894857601427128
0.01518399060985059,0.003412117132895903,0.005072846499709184,0.0011787160707006337
0.009699373363335142,0.007370379376632792,0.005034873302372093,0.0074954631562249895
0.017593193452839082,0.018768658201093844,0.00569755527391938,0.0011099510745323502
0.022522607437229385,0.0015183907373303844,0.005558881171501917,0.006995174462257119
0.02313875135723444,0.008206648639572546,0.0020558407885983604,0.00272031856597343
0.10938663049370204,0.028394974076976748,0.0036641341521571505,0.0024733641142955782
5.804203355149239E-4,0.011188872291811074,0.004891962953978294,0.004803602713726339
0.015216732139388314,0.01092885250585274,0.002625964565138684,0.0020792489059384993
0.1346853445716645,0.009333758169715652,0.0015681989848783191,0.005561717141112868
0.022010945980845638,0.00294074206548425,2.2290605587704427E-4,0.0048599541313496565
0.08066274245087444,0.0012260862244109912,8.0276184871828E-4,0.006389406487132489
0.015891766007800703,0.0035520365903207373,8.858807821119399E-5,9.082138126841757E-4
0.02475362437095825,0.007646067260380354,0.008256180212380651,0.0032450377171109423
0.015100412389491226,0.004470278227042288,6.858928790831727E-4,0.001869134556350964
0.023575332598048504,0.010288460352433715,0.004955908794443506,0.01745655385034426
0.05455435810607302,0.009057748931444424,0.004155249018843733,0.004190252330382693
0.017119292177271518,0.009308385699446758,0.0012046563719821533,4.724256907831417E-4
0.02405418708360321,0.01517259041283936,0.003477638851886991,0.0016343369588125562
0.06522761638426806,0.017921117791037475,0.01558248995303936,0.00826167148402176
0.05273993232549619,0.027890159991772856,0.004265727257730241,0.0020396215345824
0.07243506917702586,0.021148170537338463,0.0021534918745091404,0.006681230030057951
0.13850714939706088,0.0024279089257244154,0.015885474978034036,0.005449943364282407
0.07562882106323951,0.058824622089028375,0.014081739169258733,0.005590111292288153
0.026657770092725373,0.003255800090724497,0.00667699128373197,0.003926294599669925
0.006002594807205059,0.005058200842552994,0.005993140183364873,0.005838088788359992
0.07174660902359482,0.02683707429766057,0.003344402610968724,7.266594285090935E-5
0.051047276476712374,0.011742007424973453,0.005960876733791615,0.004797201585070296
0.04451491757668048,0.017971518077994287,0.004329738103319457,0.005992233317191697
0.0020556638102152574,0.003536042253422942,0.0013056724196497667,0.0012881183335652802
0.0035902233282220676,0.006846640124188358,0.0026624403100097417,5.863083042207502E-4
0.0981636845918593,0.021367553900881037,0.003965774930401894,0.008619098117382155
0.010031550768999406,0.009191763296701792,0.0022776724291328505,0.003125734132902921
0.011716006143460056,0.004129225590472644,9.330092819478743E-4,0.002813305949077447
0.02858215281291618,0.014324932464278524,0.016293636674222595,0.0029635929133761123
0.007222139015970824,0.015341651175739407,4.977344206399966E-4,9.561619816803998E-4
0.008171950198802725,0.010041985544337167,0.01399668841627991,0.007687942771317652
0.08009109343391259,0.0330773732618407,0.01436400745747855,2.798827511210199E-5
0.015602204412106748,0.006811268998974761,0.002162007653583467,9.54999131780037E-4
0.015209698456522137,0.034809348615322415,0.001667343916403162,7.407009072440913E-4
0.006544574939503748,0.005440911701281013,0.0033259112728883187,0.0010976263549654665
0.021679894510068555,0.0011858662464662012,0.006926429331563551,2.1789552426331298E-4
0.0636892488375616,0.06018840899426338,0.014771376283660903,0.005820290380435292
0.011505956209886944,0.00379180116584183,4.7983082665957813E-4,0.0011178777375385701
0.00863623513076275,0.005260496858285526,8.599096964069495E-4,0.0022621673984904015
0.028670917431565447,0.005223452676144789,3.957188980930433E-4,0.0013085153681000302
0.022989198163588773,0.005665197309233738,0.00392510640519247,1.461107708720762E-4
0.04030075902962066,0.0014775340064744696,0.010792580766114062,0.001909890375254099
0.01742717809064618,0.01747155952988581,0.011797727909738634,0.004288065702572141
0.009681599015105957,0.0029461287338357215,0.0064110669743757875,0.002512904419669433
0.01714603514779628,0.004637675695767111,0.003319467275993612,0.005212797884903932
0.029444725849487884,0.025154572534521545,0.012435076035967734,0.0010072640318955434
0.01782201270540287,0.007399541758372251,0.0014370868955471806,0.0038503828997232506
0.05223113090811386,0.007523705085806398,0.010799053364706082,2.7017527301095016E-4
4.129148851028103E-4,0.0019045722772752323,9.276856396961218E-4,8.461151827844534E-4
0.004078257312121959,0.0022048527812269744,0.0037026246724587444,2.1058293059271458E-4
0.04802504825350656,0.049932270251477756,0.00441708225656361,4.239948070082067E-4
0.03976837252041576,0.022373175711983377,0.008618200018512575,3.955027953261494E-4
0.04347693349097639,0.014712365681650838,0.001865275829073517,0.002666570812712643
0.001997243388579139,0.004132397451379809,0.0034401033726611605,3.671354860726451E-4
0.012779649844755466,0.011783506221327863,0.013661907002001327,0.007356514889709848
0.007740288501151713,0.0030866213969377677,0.001971687496032553,4.724469486563593E-4
0.0010403847045612814,0.002346774128128515,0.0011787119904116171,0.0015140002360366132
0.09184591895367905,0.004605574288329708,0.0038719989389022808,0.005822473172467673
0.007264112220930958,0.02665951881120344,0.0037517008695585026,0.0020961923388473544
0.014158185138759286,9.69949460185348E-4,0.004724010519990878,0.0024615565492616155
0.03376043709484403,0.00909997728441931,0.016927563702402327,0.0069532917171808185
0.0059247780306102595,0.002424075673610256,0.0024756910801443264,0.0060030449507257775
0.01590424430006248,0.007789655465409051,0.004667408501399837,6.73182602793735E-4
0.10915642916693344,0.03454072735219961,0.008194390193936429,0.009928621472373783
0.012280144690707697,0.0036466690758907285,0.0026443652165325324,3.672160957745154E-4
0.013440386064632201,0.022686260571049034,0.0033825866100496834,2.1405676887582622E-4
0.02333075066253471,0.0014138604970119909,8.043290237553255E-4,2.2473228809491915E-4
0.008037643045157833,0.012670871049754017,0.013587552672010117,6.428974915972392E-4
0.08291959424429039,0.007847956679705205,3.784171919252796E-5,0.0033140742153141005
0.07488554592521113,0.021540798079198273,0.002349118350501683,0.0034097301868580153
0.0026947242370305123,0.0016993429383656145,0.005352982340426019,0.007209247894273087
0.0036467684135385223,0.008627380339703459,0.005578016691729588,4.829428669952792E-4
0.08948500832613952,0.04258320967318302,0.012423238747236958,0.0011134009293133468
0.0017839769367110183,0.01104427775585911,0.005969036310118835,0.004837135794926394
0.027050837519490126,0.00860406573208478,4.2375778260803066E-4,0.005092629583246195
0.0030959229218767473,0.0016489552535575477,2.9653319884776435E-4,3.1614562467644375E-4
0.090757098809288,0.029457739858817507,0.004571696816219034,0.0031402255243165632
0.014138455464725082,0.009027681350670563,0.006816656735938608,0.001379452226335564
0.031361436739172785,0.008325230880814374,5.934422922878975E-4,0.002960969551882856
0.006495055151777107,0.004730397182003772,1.0187710646250351E-4,0.0024099168257187037
0.009529461966977721,0.005048309914181567,3.8356315292636326E-4,0.003931979188558069
5.316307946736436E-4,0.010009369195413799,7.457222256453477E-4,8.192530376556618E-5
0.006726406409839302,0.0074430975814566945,0.003776402437473217,8.77187772906773E-4
0.004962187018114251,0.003982918742068077,5.182031330291534E-4,0.0011990497791260174
0.0029547653455264606,0.006423112024996495,0.0036312745615237397,9.71694165259482E-5
0.03163450544761298,0.010376292328448474,0.007383277503540788,0.0036994246879919444
0.055140944710107394,0.014243626532533023,0.005460162710439687,0.002949377191299071
0.030235695881045424,0.010026255165268066,0.008663773291029112,0.0017115536436186215
0.014121906222076928,0.00318208719953458,0.0010535953152591376,0.0012498138969285143
0.07693871033175428,0.021374461355511302,1.863761758766425E-6,0.0020975414911682563
0.01880699992556876,0.006414646329775514,1.6550022186010975E-4,0.002042652604815462
0.007595747940815865,0.0038070822871808375,0.009375766114690605,0.005684654829717593
0.09539332715978226,0.02428150060719665,8.108340032493003E-4,0.004461092488667409
0.02275653272044805,0.010529722768950525,0.004888156290470033,0.002488096398588144
0.022217013189217528,0.0308869010717175,0.004572566007173728,6.03131984682391E-4
0.015275692409099324,0.00315784651529102,7.592504785942439E-4,0.0027905623843630005
0.026225452862673422,0.010760070691178021,0.005087553757570647,0.0038757436149719506
0.029966316895198884,0.003477953773843571,0.0029998415383970843,0.007995963160165799
0.028810933933602893,0.006301059029678266,1.7148276406435352E-4,0.003682795015287468
0.03035025417026905,0.02307347512401169,2.6328493184011426E-4,0.0012860221721271335
0.013997940442055731,0.010259186586644223,0.0024759495064389536,9.146573607617687E-4
0.03718896335616244,0.01584330549634605,0.010244509626847382,0.008763633203512495
0.035245255327388904,0.015232653481400507,0.008730401125095015,0.0024003855954956134
0.01732266396426173,0.008679553543203563,0.002835713214203348,0.002944236312296215
0.014375816533871025,7.258937847194195E-6,3.13399009292598E-4,4.4590610798695625E-6
0.16015828125890857,0.008166972508114847,0.002730247573701417,0.004499638807315839
0.027548903213570085,0.0023562057671251187,0.004493823868674292,0.002979073979994165
0.025391659707833098,3.366593110773541E-4,0.0012977664058945574,0.004883811282464843
0.08404627868009228,0.02859348110178509,0.014274506937886726,0.01342515288828515
0.09989478103666735,0.02369362032007686,1.6501559326534217E-4,0.0032409301302644125
0.0052494064195971165,0.01645164857893512,0.006388201046713575,1.2502065320212771E-4
0.11756354917056361,0.011531141442553487,2.4658136191007814E-4,0.00421822634624458
0.07225046222121169,0.02993377024061236,0.004455520371924733,0.0019388713043523504
0.018343345971033508,0.0057702820376653585,0.004143513275960301,1.9764240950037216E-4
0.0669151254680464,0.009599026463964442,0.009551390950905623,0.0042744855361734795
0.03470086314335279,0.0011723014484195497,0.004587720559785508,0.002320061040438608
0.013686536978454468,0.0012501053817457963,0.0022557105467243227,0.003269473249304252
4.299665853928857E-4,0.002859048763732876,0.0034530250969165154,0.007320766702438
0.020213818618855333,0.03160253846176468,6.245996895143883E-4,1.2130548914866518E-4
0.012239520663012794,0.0034720467791197872,0.0013889204172107927,6.788493654244201E-4
0.14894876420277403,0.016332236172815862,0.003951925903092695,0.0020532233366334775
6.447738821517665E-4,0.001386110147276586,0.0010373906796358554,1.0437888315002857E-4
0.0905091808553232,0.028187899002279065,0.007230891777239952,4.474554875961586E-4
0.006433173670632601,8.437434442337392E-4,0.005161806598630534,3.250193731475486E-4
0.005985450326768359,0.0058445047071000724,0.00438488558469014,0.0017018990180780369
0.037083292324423485,0.011248594912952414,0.0011542593713035263,0.0021393584583673762
0.03000594054683068,0.003980135375886467,0.0014078910298958487,0.003918391555635259
0.0415776220287339,0.030097896909088397,0.0036370865873977176,0.0024223256624001737
0.011433775871903981,0.007439409002700528,0.006092077825786369,0.0014975201159646648
0.0034526077595791018,0.0063608697763915915,0.005750103687538203,0.0015485869758787
0.056738883373941,0.0016060284772304889,0.008311243727021918,0.007330713435731088
0.05329119251543197,0.017031752367732304,6.551121834288428E-4,0.007685239754233653
0.03299707742642259,0.0036265026660327335,0.0014566890859135848,4.747696202640599E-4
0.006301027872237343,0.009026472540570613,0.015751683057857305,0.004312290897211467
0.06073990375724486,0.006715194093793877,0.01131314147080339,0.0063265434301474025
0.057680247093959094,0.008346817857668953,0.013677037452110921,0.007658843748881779
0.058883461396035765,0.013969575647121087,0.003738545810773499,0.002293282152224757
0.13063214635620216,0.014295664227951171,0.005311222837860449,0.007531942368721397
0.09430997538789702,0.031403823181342,5.397164224160044E-4,0.005059134601755834
0.007528670303094983,0.0020979573805923546,0.004575960645681487,0.007606559369874449
0.07005588254318587,0.004100853303567153,0.0036011713654852313,2.0801363318782439E-4
0.021435617772556613,0.013243192174248096,0.007547244760304977,7.425576031199368E-5
1.8105577867211684E-4,0.011809073878140534,7.133241271568937E-4,0.0052115146948236366
0.11227010531165453,0.005005675858821508,7.456435871806458E-4,0.001499834246500435
0.060244644006418754,0.010059414131864482,0.007575586873698953,0.003022002007847379
0.026592363468909,0.009842949275452165,0.004644133696890366,0.0036791537427519473
0.0061663575408953085,0.00229282601293905,0.001323423369397443,1.4577879840909266E-4
0.10955073036737684,0.02762210116805927,0.0012549831695567296,0.002020134449118634
0.07799782220994077,0.038759338453671424,0.0022086727348790513,0.001862192046224167
0.00297907304938941,0.004620569031629674,0.0035582189771220488,0.006721687983894645
0.010085518375612355,0.006597054005912791,0.005958883633140616,0.001244245660635862
0.09523882420324611,0.004037088497720868,0.004081862410680854,0.006202850321314567
0.004314635030926817,1.9580434771192135E-4,6.635139589050639E-4,2.1392468713205692E-4
0.01255570672188593,0.00876836097606205,0.002228308246691502,8.084808359707108E-4
0.05151426066390445,0.014409038561729495,0.0017948563934220287,0.0069440260222506985
0.01279193420410133,0.0028309762386578684,0.005272976525557942,0.0015255501596684244
0.001825468800103326,0.018241371335910278,0.01113724357476804,5.010528096518454E-4
0.04236399288732355,0.008804173299555448,0.004860530931156159,0.0016933224378661046
0.007884387851421152,0.021647362599427858,0.007014724976855529,3.267976976679852E-4
0.03128462239785421,0.004271937392498373,0.009534068820500077,0.0010139588416344491
0.07167656883034604,0.010622596117765481,0.016365106400071154,0.00116388333976042
0.08350929239274181,0.016103597919419274,0.005094289215960113,0.002168130132761617
0.02045030527771754,0.0014907169498023108,0.004163607609766673,0.0036098001834882873
0.013298869261925576,0.008740957123089551,0.002645475324436702,0.0012067824559495199
0.07615267715646085,0.003941977654176625,0.0054804552594889915,0.004137778436969111
