5K,50K,500K,5M
0.014811836594196973,0.0031123457397339896,6.27422032554793E-4,1.951980720080876E-4
0.028432505063712084,7.441307945178768E-4,0.003938571953905943,2.578636979195165E-4
0.08187801810206186,0.0063409459756159385,8.558319201858543E-4,0.0015902166604667813
0.04933267457757966,0.0056848644387213635,0.0015549979999445191,3.407695848076214E-4
0.003044486136060735,0.018860721682432472,0.005150674116749695,2.2844253827139862E-4
0.016298385934343153,0.018105015468023056,0.01912265535693091,0.002350704233973768
0.057518929580435176,0.006883562433027106,0.006037851728709882,0.0024945446541426936
0.004581770646195598,0.004145593143033937,0.0010578196075747047,3.8405579978532673E-4
0.037646416335896195,3.0187371733914485E-5,0.0024602917546686616,8.249235377319906E-4
0.02393573066896666,0.014160944127634453,0.003953606883126431,0.0019276040882526353
0.01126920259344925,0.007898403137804771,0.0021842263845158316,6.994152636448896E-4
0.009820636312112947,0.0161619301969115,0.020135454455197568,0.0027261390770527655
0.04391958693043756,0.022390878158237325,0.00460602743953783,0.0013273444537231518
0.010345569163311048,0.007394607226183894,0.0021359103773748917,4.4080665429545025E-4
0.0058217266891568645,0.007315144148557374,9.141127012880139E-4,3.909927059785038E-4
0.019695402815692677,0.0038266943618613485,0.004347235828289476,1.265046416078201E-4
0.042478455419432765,0.04796634654363736,0.010084244605516476,9.131896651758532E-4
0.08666721336293316,0.004039671339916475,0.0041590976445748055,7.069383982372857E-4
0.008104328570910414,1.9430318411283189E-4,2.5673368303791094E-4,3.366116173477217E-4
0.030855178807693655,0.007716925258651799,0.0030771013732192134,2.7551180382645157E-4
0.03364397817647262,0.010820722911609461,8.675618854207215E-5,5.736911357533957E-4
0.014752724867510714,0.009286195203597724,0.0010947673001042882,4.594030997264492E-4
0.04882036616921265,0.011145961476589156,8.191188281941322E-4,8.305844659865355E-4
0.011333045374419369,0.006231207385549981,0.002133412914278629,5.307922355176239E-4
0.012288430484216807,1.465592871659051E-4,8.153627758069304E-4,7.008460295965946E-5
0.08493066366901343,0.05006472575875261,5.393707677069458E-4,0.0023597224180248563
0.010653929643437556,0.0028481473142807166,4.270306389294009E-5,2.1071439737581983E-4
0.01296869712089239,0.00703563774324411,0.002543153087508528,0.0019121406731640441
0.06480980113236798,0.01025475345396918,0.004033517386698062,1.67855521503727E-5
0.0018588771966155115,8.173737518589405E-4,1.1015552685028806E-5,1.9802957160425095E-4
0.22063439638726487,0.009480632694817486,0.0023041820580963213,0.002836190206987995
0.17839380214492515,0.016231867809340553,0.005066614686727025,0.0027623357652445247
0.03645325081431252,0.00988421556377619,0.0017973832417864828,0.0033852739708180347
0.03536063763231192,0.005669902589588904,5.951269167062628E-4,6.984121708012336E-6
0.02369178374272753,0.00969888548326618,0.0029560103750055433,7.482249479708072E-5
0.014147370979802093,0.0011360856894580365,2.2782146849596022E-4,1.670062103555717E-4
0.07911055723898523,5.1589964346518435E-5,0.003585690627384084,0.00225710255800558
0.17335235492075715,0.011373345807590625,0.004441058871390707,0.0025198685963876907
0.02212700416246506,0.014268119501724661,0.0015234498402290533,8.043836303076403E-4
0.08131272625933954,0.058051108956999685,0.01641738718945962,0.0021766679383322125
0.0605065016620059,0.008803247065975349,0.007438089441257848,2.561614474961754E-4
0.027481900119395112,0.012269280732513176,7.756137230258009E-4,4.2119616566152154E-4
0.036722045007222155,0.008004347874470588,0.006635551706300419,0.0010742265110399816
0.005794680413818365,0.0055869564998930876,9.365464697818414E-4,9.255526090833779E-4
0.042636075178245164,0.00525491763032332,0.004640044959079181,0.00133070887022071
0.0036092878142278363,0.0026542389771260434,3.7396904182059585E-4,2.1857517944144566E-4
0.06496981462739751,0.003836304102064504,0.003988646069342489,0.0012962163407362292
0.021011186706953632,0.00734434786722718,9.993285455863852E-4,6.430984624771868E-4
0.11127833106761591,0.015949858825278825,9.59259785955969E-4,0.0010907910618330064
0.014379554332357748,0.003570538562417832,4.4926791789826455E-4,0.0018435435374784597
0.006790857555448765,0.0016902144351602381,6.704653753851009E-5,2.7967323099449046E-7
0.009487835839074218,0.0035042681604283694,5.250809568113624E-4,9.147821616395992E-5
0.1052228546374395,0.010166497949680697,0.007998883132938039,8.823918762993889E-4
0.029422861866184334,0.0040184627814320185,0.001473164068884712,1.9379405858499973E-4
0.01771492610182955,0.010005686677746515,0.0015481546352837483,0.0014165281641469183
0.0388908901192696,0.006199025377294388,0.0012477557083272737,6.922037668139387E-4
0.011331589104120203,4.887638400402155E-4,6.353153449045711E-4,3.9233559221318306E-4
0.011182171053752762,3.670157804898347E-4,0.0029164167373350643,2.2680595504894543E-4
0.07183221917173778,0.008799775622931725,0.001981807723982056,0.001682139469834697
0.021014940997147354,0.0016688591504797452,2.721655141049995E-4,1.938344549720348E-4
0.06981760299936657,0.005755390987086417,0.003517802577311006,5.525409375666756E-4
0.13478286463268194,0.008978431396157031,0.0036899399276966367,6.26345450712758E-4
0.04138085389939822,0.01900520456801214,0.002396720543034626,2.3322006878189055E-4
0.08344772140926535,0.00348888660409405,0.0023581135011015355,0.0010406525592725785
0.0636172420199916,0.011184275080571255,0.004822801120054047,9.437987640630996E-5
0.04008843664684539,0.023313484500186187,0.00508740369329906,0.0012659826936547358
0.033206114687330264,0.01611437714718877,0.0011480357867212972,5.669461257810904E-4
0.0012404532705130574,0.017383822165351358,0.005434725698324731,0.003025882429786329
0.017004833442547496,8.119335116807836E-4,9.598866539180415E-5,1.4604437977811324E-4
0.012072882806188874,0.0033630810601925406,0.0011783308590465242,1.223969757387211E-4
0.020724295076170705,0.0035135893354345973,0.0018208613923127897,2.6322425420864496E-4
0.017771705273117104,0.009172064130683341,0.0070980276040598965,0.001842275318968256
0.026465384139279208,0.010853521232310558,0.003697199379142527,2.776960400109176E-4
0.01633813793699983,0.0037244856468928197,0.008062564289897923,0.0024911322478552616
0.006527754562041029,0.00939487346944384,0.004002850415349258,5.785007284120604E-5
0.058762408560617256,0.010133931696251606,0.0028561209435283867,0.0026386021930239214
0.019829256912292356,0.004741176084209128,2.569084032164272E-4,1.2379228848575558E-4
0.0034151557457818664,0.0013540994624501497,1.4860747259392982E-4,9.915994248983588E-5
0.07956998764446593,0.007564594924244876,0.002184533728505403,0.0011696506139184815
0.05481448977904378,0.01785635869478867,0.0023214458789220195,0.0026828669496517478
0.03726477703512859,0.015105937102165535,0.005847926956871876,0.0011121288526657722
0.014211741310261556,0.005986852503863707,5.973414836634664E-4,8.547073075917234E-5
0.008410297151764577,0.026704196232156235,0.0018899266387269924,0.004552438588522194
0.06061901109552935,0.015895309620740712,0.0032889748989433556,2.5747670488582476E-4
0.03876319983800021,0.026003696422744867,0.008523127993065503,0.002468834486155186
0.03252124760829842,0.005871488876122335,0.002710662939073718,7.105636710037304E-5
0.13232201831456444,0.006641658137352887,0.0044548265425658935,1.3737838063838196E-4
0.008364804535118314,0.004791601159414385,4.490576554126229E-4,5.997381512126854E-4
0.007303193488216632,0.0012525955832522518,9.594484615592118E-5,5.144745426906538E-4
0.013573329683235796,0.01583109263260115,0.005168284270324599,0.0022079354017166667
0.007426514647460243,0.002988241157594758,0.001370055606827101,5.449788717805296E-4
0.050857130894752925,0.02337457287820204,0.005315118442390327,0.001483534213452335
0.035080643046612014,0.002705257891271485,0.003691418524174032,0.0010092493013221459
0.054575589706418993,0.010071941511003107,0.004780627722806744,7.335014006501157E-4
0.09186478214345657,9.636314775612436E-4,0.004051518663656107,8.046707036653803E-4
0.08065585124130446,2.31880358598027E-4,0.004538839721632978,1.8878023853206242E-4
0.007652703228865322,0.0027486830520075103,1.837536339519086E-4,2.1706358069616163E-4
0.004256857465298374,0.0060060608527633804,0.0013686174978331381,1.5484393979760643E-4
0.007988376192591266,0.008122418945310354,0.0022771887907585883,0.0024021960719937184
0.08048669394645923,0.02674893599486334,0.0017207680342825476,2.8929046822518805E-4
0.014433584173152535,0.01406236595883736,0.008629977723432164,9.313326627846981E-4
0.03654809937652675,0.0028188847058511837,0.007046643383162255,0.0010981562848264882
0.019341053420697574,0.01066106764103817,0.0019450153213694406,7.1600297025188E-4
1.6021716147806076E-4,1.422258138373807E-4,8.45315198173731E-4,5.8510500910508466E-5
0.0011430560952132571,3.5273652449952485E-4,4.1838896960320063E-4,3.5731266487686655E-5
0.043511046650676996,0.013687128258169343,0.0018124906402099178,9.271469851736232E-4
0.011748204982166482,0.0016796520821417363,0.0013175672918825769,2.7448339442794653E-4
7.136760101731583E-4,0.0013365634136871057,2.409882252560871E-4,2.0817657927180413E-4
0.0050363340326861905,1.2325110246403512E-4,4.5926198441780257E-4,1.047904812275011E-4
0.003049017551009242,0.0026286300579929102,7.313145863955787E-5,9.084290757709793E-5
0.022507876426707884,0.009879689124510014,1.104125022565106E-4,0.0012443702019771293
0.07377092174118213,0.008698974134484963,0.0018016651850195206,0.0011651968966403458
0.002331452153127258,0.01532921421952094,0.0030462366369856564,7.228447790682902E-4
0.032670552607708056,0.009645236345637761,2.034800489282958E-4,7.780531057418743E-4
0.025731183043153753,0.029622808101869944,0.014498598315955312,0.001719270924960553
0.015533079099518154,0.0032637355876109636,0.0022129491010521424,0.0024615077905669673
0.009406548696379401,0.007471432204680237,0.002602104903686736,3.6755467132616054E-4
0.043083990302894115,0.011417597536973982,0.002930128228521356,0.0023149640366834823
0.13844897902026598,0.0062167520697465105,0.0020908326310233416,6.826409099810186E-4
0.003036539824112252,0.0030342173819904706,8.37341196651922E-4,2.1218215125300466E-4
0.02825476143709381,0.005070430972124116,0.008105628548977856,0.002531529036613158
0.015533100682919557,0.004668721799608281,0.004414989953550888,0.0012203253896311875
0.014946839038576942,0.009172252719163424,0.0020827050767551823,3.353971028412519E-4
0.03568012828076331,0.01184210093306409,0.0020601272453766965,0.002460435709108698
0.002000176010866302,0.015960822538760792,0.002124589384317801,4.203012822057615E-4
0.005667427050739228,0.01683845894873598,0.0016872877184758552,8.061510582775573E-4
0.05609037286818728,0.004388480567491111,0.0017137681892115853,0.0010476399982712829
0.033223661839606615,0.003997299431056972,0.006570792656657412,0.0014060696645276634
0.08741985859732132,6.972410781984325E-4,0.004374781943624084,0.002448765184615933
0.0014633232608349484,0.0014670259618415902,7.632000509310803E-4,2.472529194610411E-4
0.07464497314957826,0.029890967295585717,0.01097735350687975,0.0013072235109470207
0.0017420825175655076,0.006226750697388636,0.0012301716427229345,3.170357865858437E-4
0.0455792397150994,0.011553621924250794,0.0032757108155116203,3.3954804606792515E-4
0.004449631942372007,0.010077919196483211,0.0019930516383710527,0.0012959244982522684
0.02009628706421748,0.013932203710293564,0.0023574852565523456,5.73872316595805E-4
0.03255017768654001,9.5899479650297E-4,7.021090508021312E-4,3.38368426087411E-4
0.011205446607171092,0.015398486547154502,0.0037848829404723157,0.002097065232607147
0.004784577860493669,0.004660764348867957,0.0011615071914744457,0.001112608977715237
0.03467873713478615,0.005500696539467585,0.0019708510927515122,6.020143014368257E-4
0.0404808366284719,0.0071301136914566745,0.005144706427513865,6.702632159189434E-4
0.017790789693073183,0.007378547791566203,3.183941114967318E-4,1.2743060995282918E-4
0.014040266603943667,0.009673088674390394,0.00256624228233143,5.344635510440158E-4
0.17335235492075715,0.011373345807590625,0.004441058871390707,0.0025198685963876907
0.07121640979931784,0.020276562202133915,0.005279794725752718,4.7803782097567465E-4
0.022213811258577652,0.008550255019136786,0.0018055980843164452,8.935270424192543E-5
0.06338213405543404,0.021533719034195514,0.004557766869860118,1.7158468147636784E-4
0.0017161556541143823,0.003748114686439929,0.002603984999430077,0.0017557050543741584
0.00995245264442314,0.0024037083862652425,3.8860258033689474E-4,1.8487955565349274E-4
0.014165803385785717,0.053698567832768974,0.005153591652293283,0.002540859024292083
0.006172940576664041,0.0012839694489459271,0.005698988269593388,4.6926706507414734E-4
0.02357755493673529,0.008919676632286806,0.0038232941662143948,0.0014579229153623824
0.08433181223451733,0.027533410879734644,0.0042638892025526854,0.0014824053394172836
0.011055391629917687,0.0057286481619367976,0.0021988354715407298,2.3506374170218945E-4
0.00344214317095221,0.010066300005474536,5.2870396806281E-4,4.3817405386518195E-4
0.04841668514403362,0.02074284240759319,0.0046700873644480185,0.0013631863391493743
0.009916742453247168,0.004499216684720714,0.0021966078716528802,0.001622535921343759
0.0014798195763563548,0.0047173088011693174,0.002064720438492381,8.34236189575116E-4
0.024508868715307972,0.010687393224823675,0.002681458321627769,3.651146159785461E-5
0.0206752715783931,0.005159140473573232,8.627967150520541E-4,5.19773364674877E-4
0.030806493158176004,0.006329224917444836,0.002189482956718135,3.6236009245865856E-4
0.022970695576388114,0.005460101194469503,8.263659485711965E-4,1.1548695778561618E-4
7.07625262732716E-4,6.011082456668179E-4,6.434410798882346E-4,2.4021589275073323E-4
0.005300529104442207,0.003736420875434626,7.099387560280213E-4,6.872132595756557E-5
0.00901661082863129,0.0017227245900142375,1.384003031212426E-4,4.7682146095954164E-4
0.005753675363395323,0.010774977190140431,0.004604427724728786,0.0014152441491978277
0.008083209531890526,0.0062746395230808116,6.116074041601299E-4,9.878171874661507E-4
0.009197753452628686,0.005543957940796851,0.001438693096935862,0.0012361585505318265
0.0803458954490016,0.013065171129989762,0.011759104825216233,0.007878996866643647
0.1738325435437693,0.010456631024773998,0.004303758467243228,5.249618261995157E-4
0.004721935577996791,0.006234043409194148,0.0010639881357325097,8.641834278323673E-4
0.0017420825175655076,0.006226750697388636,0.0012301716427229345,3.170357865858437E-4
0.014126162395602737,0.004145981185342644,4.862909897602865E-4,6.844374198734208E-4
0.008836604186472015,8.365252827081137E-4,8.677716165210405E-4,6.971068352905726E-5
0.02297234716592978,0.006451938854286982,0.0015812467803136012,3.4548806500668333E-4
0.03187481322614711,1.8831129825475987E-4,0.004158245173264179,2.9344192716430255E-4
0.08026318070420989,0.06039686540742074,0.002513133032411295,0.0035792036586042146
0.03406297206513584,0.01086586468047915,0.004494942570667138,1.6306575483921771E-4
0.12685630155310973,0.01371611214414655,0.0021689118572226418,0.001304201309760202
0.08332328992843699,0.020538221144874948,0.007440014489917011,0.0016082157168512325
0.015279645568375771,4.5951463164623613E-4,5.301703387732208E-4,3.5187107834301595E-5
0.011085159124108354,0.041687056997817086,0.006105139046657992,9.126182814616074E-4
0.006900239458725358,0.00628272511203273,0.0012694313558811263,7.255709028977539E-4
0.012009793384210377,0.004970761722338073,0.0013617421277639292,1.783608656493722E-4
0.05341040121800381,0.005616969553229908,0.005483121997275214,0.0016236811929167805
0.01275387217684251,0.0014985691832318045,0.0037379604848791353,3.630293733199826E-5
0.14037247775896797,0.006084110935611255,0.00446095583237925,4.645937294375542E-4
0.0545934337515238,0.01715569338575416,0.003971903631991716,2.9346884001483007E-5
0.02466470952867985,0.018375801175700222,0.002689405328950677,5.255140677142272E-4
0.0404281916206937,0.007827382081282827,0.003986915760437611,0.003048698959052412
0.07329345234650812,0.007651709257766553,0.004905262440114438,0.0010173255645415237
0.0060198102509428746,0.004503150138638605,4.987320231117768E-4,5.198365161714734E-4
0.06845471139379027,0.015096885875858957,0.003727235571590303,9.280667187708828E-4
0.021671480080966248,8.339940843184343E-4,0.0036530760717730436,7.692607596051796E-4
0.00848697617357055,0.0027734622471743964,0.009409034433860172,0.0012068012078249879
0.05611269666785649,6.72130113619859E-5,0.0019519320814412246,8.23053215533551E-4
0.009833369808791298,0.0044508819201556984,0.0011421012864313992,8.785654488495887E-5
0.008119096097128733,0.0014323732839986998,0.0022707525802665,9.854008335165676E-5
0.03360015250508022,0.010100129504001904,0.0012781280785530164,2.3513989820151155E-4
0.012172797858035916,0.02325396605458989,0.01120192946857997,0.0010057630470170387
0.06585510632312322,0.005895506203807443,0.003586957058526678,2.6562800332048913E-4
0.02250849080954173,0.007025505105352684,7.033032225871053E-4,0.0014359162935872825
0.14956609061567328,0.003052662022242434,0.0018618438780411111,3.793421320824545E-4
0.06671906514438543,0.003163211684239378,0.004479056531565734,6.437704614853332E-4
0.02414153393703217,0.005677996900003165,0.008607691035606657,0.002571514746448977
0.004447581273093979,0.007812780159801419,0.0020119078118387736,8.290641874818559E-4
0.012842489321262212,0.021208780341553178,0.004308112800543427,4.7520978069074153E-4
0.0043370362489224545,0.0016867417089183347,9.412930462494885E-4,8.591485379004296E-4
0.01379796696791851,0.004676415008695812,0.001489956085787838,7.521149366940352E-4
0.004308194627925158,0.0015252703904504838,0.002283492776534492,9.592140511580721E-4
0.011211514640060415,2.7256522562466213E-4,0.002468178762817474,3.780542985006331E-4
0.0033842303448411194,0.008622941803647031,0.001690238889367414,0.002757704744835911
0.008694796752083876,0.01291995975227091,0.005857714407257511,0.0030226015129508
0.1041585357467874,0.004732001526361465,0.007808353899738058,0.003647810119402498
0.11482181641309143,0.01462482267223751,0.007764367162226311,0.008865199176032084
0.002489694877072363,0.007782872153577021,4.907954785150597E-4,8.585665605460084E-4
0.05994106236881593,0.022168013371004876,0.006512494791003972,0.0022012459929221066
0.03742246927567767,0.023693384966935443,0.010153865449332698,0.002224840477462991
0.012728496286961358,0.003983943169712483,0.0011730939512774774,3.625759879734225E-4
0.0387020094468281,0.007859376839326911,0.00735369023860462,0.0012463927958442501
0.05672281591008493,0.010008261463574194,0.004109276835636646,5.028856317794071E-4
0.008564034132365535,2.946997582876952E-4,8.51043637676644E-4,3.350658850485197E-4
0.04694343296701813,0.00752840210299792,0.004203617587817304,9.429428138310541E-4
0.02423900903988198,0.009098715904597555,0.0012555245352492877,6.13191462060159E-4
0.12069869010254704,0.0059909575910092015,0.0044152987030669265,1.736138121968192E-4
0.007217396342992218,0.0026275716743987287,3.8997823937111855E-4,1.1982520517828514E-4
0.036030018810810395,0.0061416435878228265,0.003947793167439718,3.628519693243247E-4
0.04822836145542462,0.005141273041021263,6.424356866333842E-4,2.840693931213323E-4
0.06354512785739688,0.015700564968527935,0.0024731979534790257,5.022104524129064E-5
0.016535120007876585,0.006784139452834147,0.006247522243039257,0.0014049971100346397
0.03067373577826015,0.013097939717263784,0.004844927734296585,0.002321085949164082
0.010993380814857187,0.002638865422065988,3.1978458778679833E-4,4.5180720062344725E-4
0.03449479544728577,0.0014382743473903658,7.527514903995519E-4,6.426624281418861E-4
0.014143525718653268,0.008000294229500592,4.970898904429458E-4,5.564014798289716E-4
0.009368928757428594,6.337226207141879E-4,8.759993815991727E-6,5.910790771579372E-4
7.837645981498571E-5,0.005788545552104571,0.002308758655336867,0.0012285543155160748
0.070928174598327,0.005952898646195415,0.007503884298989455,3.450245623891258E-4
0.010140278274931533,0.012196773164618068,0.001670788953825079,8.541505557025017E-4
0.04639656320177432,0.010985429688074741,0.0023054130549920475,3.250010160280988E-4
0.03914537477957017,0.0033790470569019047,0.0038579575477197883,9.999470393076777E-4
0.01721580370680657,0.007446343054102981,5.490290033196415E-4,8.607044457211165E-4
0.07028928111503435,0.045289077399394854,0.0013497909483411227,3.0080744173629427E-5
0.013818173416510047,0.0178416230413802,0.010114148375493105,2.392969877742086E-4
0.0034828621171664716,0.02142944014893538,0.004133603393147852,0.0010054366721788965
0.04824823678682726,7.623732530038982E-4,2.20281964773495E-4,2.8559983227962016E-4
0.01045600445690489,0.0071903843643368005,8.467691417317403E-4,7.16070614396639E-4
0.049446027564466394,7.780789762031167E-5,0.0031958995270720283,7.870805429192514E-4
0.005403818374644066,0.0013544574864236833,2.9477783343739676E-4,9.231725403627706E-5
0.008206610948929558,0.006338773654394468,4.107946143198897E-4,3.3984998401622086E-4
0.01658394977840188,0.002008763096312428,0.001422624557264908,9.009088803965742E-4
0.0010982939488299972,0.00760888344331594,0.002092408555795882,4.608363215872367E-4
0.020121805871957985,6.26818136309093E-4,6.764181101599778E-4,1.1231063160724185E-4
0.010992030210604686,0.018673644018923144,0.006387318264341343,0.0015131370240687703
0.002546090027722418,0.029249955773141285,0.011820365287335882,5.41601681683559E-4
0.02247395992284812,0.012993315507744872,0.0021246545407595653,0.00134007947177193
0.01058581243607512,9.091849850573504E-4,0.0015509710281661731,5.491358683455642E-5
0.034190953004347595,0.010546678151061736,0.003045888167351153,7.867989622653137E-4
0.001858930698305417,6.613733502123638E-4,3.935094100565079E-4,3.412619550791458E-4
5.269126888780886E-4,0.005026570086575799,0.0013535083519209705,0.0012434484486497411
0.0773500766625529,0.02343093045603496,1.2301561366270008E-4,0.001406204257046943
0.011108927480059113,0.00442649012968432,0.0025579655773238334,7.954339942036304E-4
0.012351086183349767,0.003617304562594041,9.984629303266131E-4,2.7452180612871173E-5
0.015708824613971557,0.009209683729446416,9.200349900524623E-4,1.5060591999327164E-4
0.09649031274011992,0.031128801690430224,0.008376974564945662,2.9114298117057603E-4
0.02727538123249509,0.012615347927838205,0.002471423050263117,0.0022410204031263993
0.004336825859096904,0.013709881988182114,0.004023354955852147,0.0033290956175549844
0.07769668980377707,0.009606094938461068,0.0028973516401390093,0.0033486545585709633
0.03539968960645174,0.006800975069358284,0.003415530887443084,1.264475032959661E-4
0.09941478488716127,0.03717654186698269,0.0033143159879039895,0.004814455168594786
0.04816221092544515,0.02360176015136887,0.00328436320330309,0.0014579659396105544
0.16660341171856044,0.008665689362438556,0.005759224794064632,0.002001122950753667
0.018102078211378287,0.005919012195925926,0.002133803281147542,2.926308161689613E-4
0.03434458552798028,0.0018918790859834918,8.419069350477427E-4,4.2602181259509023E-4
0.03378658378182162,0.021639526269101934,0.007515620315866981,0.001721609192176808
2.4327721121277776E-5,1.8854629895677375E-4,4.780621304137577E-5,5.070564924888261E-4
0.07037749467967269,0.011020584290609745,0.004249705945505995,1.3954490540189543E-4
0.10546641436644737,0.023998029020147676,3.58106568013114E-4,0.0011435467036821603
0.038181165125307316,0.01406697726405243,0.006897596814532761,1.2265538381497248E-4
0.019627715773570944,0.018268961485630522,2.9239635089996755E-4,0.0014861083689653453
0.013369303971551264,0.00498786041577648,0.0013354256694264952,1.6522799289882435E-4
0.08348364938346056,0.03303726826620717,0.009098211689864926,3.952017965025002E-4
0.058054216262512365,0.001621059477312592,0.004160236717566112,0.0012035065362536912
0.0014269147466825691,0.0021272546825928007,7.421778030067684E-4,1.6717540076598297E-4
0.06337359063133911,0.01527902198502432,0.0032808610665790096,1.4541091003320597E-4
0.03528974236290572,0.019217495116370397,0.0010456211738591212,7.068796357178394E-4
0.007585427780369351,0.004017807705291875,0.001195198908558409,1.0536310830826646E-4
0.02146749752534604,0.004816846276320346,1.1533646267667984E-4,1.2247176152338585E-4
0.05605893993900825,0.01093534676777154,0.0040367013191485385,5.139706286825025E-4
0.16679456055684852,0.013648693074177744,0.0028294405891530748,0.0024186904416127492
0.08650771218181645,0.023623778622952223,0.0016356951501873055,3.6192962170413884E-4
0.059194691949848666,0.011641925331278084,0.0017166280095143147,8.589516189242966E-4
0.0702906463332947,0.0456862963740407,8.252839393874646E-4,0.002662850005175289
0.021984057619519774,0.017042828931032872,0.0034312644922550885,5.5478540610007796E-5
0.0019263504594863973,0.0020566356592541636,0.0011873195819919805,6.899045864168778E-5
0.002653508789675251,8.550840010539386E-4,7.868032354870403E-4,1.176213346125935E-4
4.689743637865539E-5,6.922695375389012E-4,0.004391318185465969,3.401765140863183E-5
0.010367598442079568,0.0011132136838459305,7.946009624217142E-4,5.6035376964509664E-5
0.019500991453925778,0.005815665895341628,0.0013169408275918797,3.713707487389211E-4
0.04591629955571981,0.015099818232095682,0.0038974659271572712,0.002636567393789077
0.005525327517603869,0.004453485288843156,8.509330055638292E-5,8.157578562212785E-4
0.08486944754991535,0.025689966841868247,0.007802521964751171,2.176794025424105E-4
0.005747672185369346,0.003176877436986641,0.0020147942158609262,1.880648282004329E-4
0.10053953063341993,0.0134975726939226,0.002111143371875027,2.7667213696255355E-4
0.005648512038721044,0.0038236367582386225,0.0032561023479044707,2.664821197598654E-4
0.005049562795151811,0.0015253966314329283,5.178555210424925E-4,1.9464418835400224E-4
0.029700645889311986,0.008063077027216202,0.0014419730147570517,1.895008490680569E-4
0.0056323303393842035,1.909019164674624E-5,2.511691512506821E-4,2.3899701712063796E-4
0.15686876430428306,0.006846940536352397,0.0038094422873216783,1.4426755640299224E-4
0.08599358976690276,0.06264823358955655,0.017957589335449213,0.0026662332280419716
0.05807728859077096,0.006398670219886659,0.007019531630710549,2.7860408249055947E-4
0.0017278049915312394,0.0051229864621156985,3.5934031382462616E-4,2.85169554017506E-4
0.03540894075853537,0.006414084659685784,0.0019632410442389577,1.9611455022472556E-4
0.006849539229930576,0.009913035800538428,0.003489202831777129,5.214156386882769E-5
0.005852591255318597,0.0011081381779713866,1.9910356825939915E-4,2.3070612908815312E-5
0.09572108203913715,0.0495056003415934,0.0013193396822135687,0.004357435477327136
0.012085490932049244,0.002084138383022391,6.433920046922571E-5,7.923983330608961E-5
0.010135809734954256,0.020758366059292342,0.005872051454093338,8.58985984749842E-4
0.18123710526001943,0.01762512943279838,0.0028464639489714106,0.002486130901586763
0.0031524028494714688,0.01198113991750607,7.143266898890385E-4,2.316628151667247E-4
0.11169410163980109,0.013680084185518719,9.518492762847003E-4,0.0018241312857700143
0.05438403956735899,0.019404763438788445,0.003525141168049574,0.0017131688344259979
0.05036745767424117,0.01752036600559601,0.005095754982427551,5.216552615035044E-4
0.025528157247165176,0.02879976300671468,0.007270680606823236,0.00514310207695042
0.06481455330073128,0.024318491553302186,0.00260737577609647,5.508490784774326E-4
7.519054568324197E-6,0.0017997181909355862,2.1188290481195208E-4,5.212953164028935E-4
0.05224888239638116,0.019211626598988236,5.322537744152144E-4,0.0016907248856924285
0.029578017007143402,0.0031622391490895574,4.5889039162208474E-4,0.001172354137242181
0.006724029618275515,0.009315398432473723,5.021556562557445E-4,2.2909689964144018E-4
0.061632017634701004,0.0015420298966563556,0.005635602861182496,9.766179618807638E-4
0.05686510694211356,0.0015606041889423914,5.71716850232709E-4,0.0021972698625600095
0.04045435069505531,0.0029751624572009077,0.0030399820824962244,0.002479298906386269
0.0031678242512141195,0.002229880517588746,4.960897021369622E-4,1.2153292485711578E-4
0.10365892641743886,0.004361091158010952,5.117066667401797E-4,1.4865088213450244E-4
0.0064055601251708835,0.00888051530569174,5.003333147772549E-4,2.42080536016129E-4
0.03485057264245239,0.0034592582049700594,0.002747872541561075,0.0010540815382113018
0.11473494237356723,0.022840093584846934,2.028928590787172E-4,0.0011937539148178667
0.017765067727955365,0.009707689568687387,2.2549473109139594E-4,6.664568787353874E-4
0.11491726226086277,0.004420863971568493,0.005703861776961872,0.0012688927491567273
0.012308091991583937,0.015505266875579939,0.0016208341876375813,5.631740092921774E-4
0.05421052287851293,3.129434672696021E-4,7.789777225352344E-4,2.809819538378099E-4
0.06926043289716134,0.01423541339743955,0.0015677159757362456,0.001012828840874185
0.03519013102852796,3.580880906072232E-4,8.131863529700617E-4,0.002244101238407381
0.0033871653938063657,0.0023718909635978215,3.286486831184133E-5,6.914297784409908E-5
0.009795196278237385,0.00776278744770042,7.136206859575327E-4,1.3298822998099907E-4
0.01721580370680657,0.007446343054102981,5.490290033196415E-4,8.607044457211165E-4
0.013553385490818389,7.379533438061356E-4,0.002241505394356428,1.3481691630988807E-5
0.02368442754980095,0.0033548471381876256,3.693462463960684E-4,4.1800261293932896E-4
0.07355440125284353,0.026963789453380457,0.00889826670430667,8.208505355968784E-4
0.0031754002687563654,0.001348020605499674,0.0020392669099888426,3.8042274559689406E-4
0.024432496800991393,0.022497316054038468,0.005966520110496367,0.0015614939441150042
0.004356921641898772,0.0028969493206845664,0.008433075323041153,0.0017079370859279283
0.004438156115979861,0.010498438747029869,0.0062560278056891456,1.4862979107866883E-4
0.014345072808388851,0.00385976612632342,0.0024120229968117623,7.67036418356911E-4
0.011149840952171104,0.0033996105921107337,0.004420863181131027,2.114166079339576E-4
0.02707330324336414,0.013977735543729471,5.07181491636234E-4,0.0018533949806072932
0.0047664221060235,0.009599625288908644,9.82110438332782E-4,3.655373263045358E-4
0.13388214521673006,0.026414923347836947,0.0018322673409437674,0.012775469585776774
0.016485812924953644,0.0038883335994921503,0.0015019567974709012,3.7142197900949514E-4
0.18049947884741196,0.01002136347369958,0.005129132789166165,0.0025214907067932345
0.007500498445204856,0.013027893009594955,0.00881046931778654,9.343767527698667E-4
0.04833366209865277,0.026574655929723166,0.010859798283122607,9.483880970676126E-4
0.02856593811531997,0.0072694090407440055,1.2560762333605141E-4,0.0020620922285233025
0.04893726884974804,0.021574139461407342,0.0039463090390566245,3.3867824351504854E-4
0.004176052585917453,5.2288372008293756E-5,2.786891446418065E-4,2.5783024874409565E-4
0.027706886147166224,0.0039494505184219765,0.0016766108110534415,2.6840100565371993E-4
0.03898152672005231,6.795334054919316E-4,0.007845510263758088,3.678238626269787E-4
0.029769408714957684,0.003763533843928505,0.0018939030001049943,9.67984185768935E-5
0.036690421650325544,0.013235351557141686,0.002369327552690442,0.0014293108075865415
0.00901461037548014,0.004027357186905688,9.666379896463813E-4,0.0010790937726145714
0.020690624435178454,0.005091717483462926,2.2476709646853592E-4,3.7591954970477785E-4
0.05856135622353451,0.011658458635860585,0.004514032802963077,1.0281112599373816E-4
0.006873613639236102,0.011901506400435564,0.0029069446689223974,0.001170469427679606
0.010639434498373452,5.36684197034807E-4,0.0010454230534680067,7.329931632030243E-4
0.10438760154582999,0.014744101795603672,0.0010284217288887088,0.001404174264494581
0.002487596801888323,0.00728757307764084,0.004761080125189051,1.3891537985255678E-4
0.021478083942095903,0.0022917666400721812,0.0022582429312202734,0.0014749915406615003
0.04850008133723851,0.015606862596101006,0.007496304892977022,9.380655511219829E-4
0.013723873627770514,0.0019155379560104745,5.278271132558447E-4,2.1152842993812487E-4
0.10405358429953265,0.01657690265765578,0.0015846324656663743,0.0014603285451650128
0.051842257545624354,0.00959023152463016,4.210743672346838E-4,9.876427092943142E-4
0.014231661486605143,0.004825533600182277,8.524752147056778E-4,0.001673170495884014
0.005861849602138539,0.020705981794927723,0.019202005468902293,0.0033491886862120025
0.01603546644908378,0.007494564775859148,3.629894546735892E-4,0.002633583910366251
0.04382891166493521,0.008682034001176644,0.004340858331712445,0.0015290084478380228
0.018044013554071363,0.013100691537188841,0.0021400252665676437,4.5699224187135615E-4
0.05563922704487246,0.05578659897966799,0.01680152701641835,0.0019088845441287787
0.02108728811128933,0.00316025092486063,0.005621728637429092,1.3468557656973103E-4
0.018121047071405497,4.6285646535519785E-5,0.0014075918821220014,5.906949386811903E-4
0.009150381144286276,0.01632365340955122,0.009818842774691134,1.1984044423501794E-4
0.014547729514734455,0.004608981053981667,0.0027531846307915003,3.0393451650866283E-4
0.006994956671775413,0.0027583735677376084,7.504493256759233E-4,0.0010212402321031295
0.01144776023537402,0.0037913934987309893,0.0017682418279190222,5.011986930086365E-4
0.003210958307790492,6.602457791465065E-4,2.7000969619911017E-4,2.2744808918049263E-4
0.053119138873496355,0.022091913809669753,0.003836379749452281,1.2925450811813714E-4
0.040878740400034204,0.00885152621965254,0.007916433536740146,0.0013097361336797853
0.024676239018371158,0.013626882838577324,0.002730628668520497,0.0018335401693725132
0.0303079682510413,0.0083805878891093,0.0016646885384204871,3.1817212088448756E-4
0.01327333418034083,0.001218204952156202,9.637666427428764E-4,0.0010205427044562352
0.02530538723280125,0.007635309809273174,9.410783380869642E-5,2.9974723126753724E-4
0.0011394054294364814,0.0032049736835873086,6.744281929922403E-5,4.7741749646071465E-5
0.0032317873557737814,2.636220892298615E-4,0.0010429022097777434,6.574345068087412E-4
0.07234375083682142,0.023041625052088874,3.1498023609287173E-4,0.0032747395165649206
0.08400324362682322,0.004461982479738573,0.0021081810807206253,4.5033032392929813E-4
0.04573492451694517,0.0016482094756507797,6.419378742372157E-4,0.002326423878212415
0.02997326578712497,0.015576403355005854,0.007776215166996442,0.0012853757554266512
0.019763637476999215,0.002939702743490552,0.003544382135052803,0.0017384383508893386
0.026218286667510613,0.001484656968831433,0.002636588670145268,4.42799478537349E-4
0.043606255692173385,0.007595807717165734,0.008895285035736184,6.98046445964681E-6
0.008083209531890526,0.0062746395230808116,6.116074041601299E-4,9.878171874661507E-4
0.0018240735359053573,0.00374512724521571,5.650122431030344E-4,0.0014688195983768313
0.011936385688124312,0.0013529371593835984,0.0034035056028448927,5.531020130241258E-4
0.007725993030839039,8.624374754099554E-4,8.205120366175611E-4,2.1599284339401137E-4
0.057694392890173044,0.011868033701470397,0.0021219217330029553,9.660383996019954E-4
0.00878871242696241,0.011728511211745804,0.001409470421190701,0.001993992173849625
0.008749262365063733,0.015249903343975186,0.00962980114627909,6.043392532647017E-4
0.004496855266777366,1.0449623675022208E-4,1.8606236326018793E-4,2.692430821488754E-4
0.02498490011585872,0.003526698069415659,9.837579456464068E-5,6.753296707614174E-4
0.008644471265069776,7.289969296224076E-4,3.555352926693699E-4,2.1907135952530668E-4
0.01531386574168181,0.0045689996001583195,0.0010475720500042463,3.4180465353320663E-4
0.15598140441676905,4.0001249512583225E-4,0.0012280234673759387,4.685436712856708E-4
0.012560787937464513,0.0024070732028692457,5.662159563282386E-4,1.0879170528315457E-4
0.022354857199401286,0.01346434595438591,6.582205281777375E-4,1.2273121185034274E-4
0.007085285542043683,0.009563031065245439,0.005545605904919777,0.0011098764603748334
6.471210307215532E-4,0.005626534228996931,0.0010493513420395022,5.244362002348913E-6
0.04759653146967772,8.171009421946607E-5,0.008578218765309512,9.597949895713381E-4
0.007767441657715215,0.001413075821473133,3.842489214568271E-4,4.1454495841352436E-4
0.03756333273809527,0.010986308579211507,0.0016581719555460236,3.609121571034592E-4
0.014225695271594495,0.0022179103947751314,4.570695253852498E-4,1.0783016502966374E-4
0.033442349321798764,0.010437195657410627,0.0012832145187177343,2.475421213661119E-4
0.09314155395935594,0.004184714311165269,0.003847626631469632,7.017604486899117E-4
0.02774685851165031,0.014413734973239214,2.909838619747796E-4,0.0031613465193304465
0.003777106828375867,0.0035582486622368595,6.453819774299842E-4,3.3630445207645873E-4
0.019917285958374067,0.007295634101983977,0.0047774104597023475,2.646344538481325E-5
0.032699358236974126,0.005352802868160638,9.037925044020172E-4,2.1614098423033707E-4
0.003742636001637194,0.009844989938976888,0.0015744182402488186,0.0014698995019284636
4.055121337585262E-4,9.079533501619436E-4,6.794221928403038E-4,1.3403133163121842E-4
0.009259287510663752,0.008820087891520292,7.922118143509264E-4,0.0013327246447124258
0.05891367719980305,0.008496569924827753,2.442672830404165E-4,9.877635584296818E-6
0.10427566582833887,0.019733970719322567,9.778694772760164E-4,0.0012806814117488317
0.03294217118421719,0.016889613235198057,0.005757834197205626,6.039125058504093E-4
0.004965426465305961,4.598523136160018E-4,1.8817961157858347E-4,4.0446671223607326E-4
0.01935651956451027,0.004667887467947562,0.0014334024389196782,1.1719185726138426E-4
0.028995131875955052,0.0012293683562804177,0.005008056660987581,2.5168220436428063E-4
0.001699510752549375,0.0012470005931459838,8.134122968438381E-4,2.962453805071317E-4
0.11566679615931548,0.054722345963282806,8.621605702547161E-4,0.005416462210982602
0.021527311632271985,0.015329197213581617,9.101088506659248E-4,6.422513646854444E-4
0.0026781498767293414,0.0058768441489771535,0.0011841053222139417,5.182094625723675E-4
0.030052886103864734,0.011817745320106567,0.0031975197010316657,0.0011214809727274515
0.003161305237112545,0.0020491340700611437,1.832121346733586E-4,2.657974343448955E-4
0.007107478646025297,0.010455545027969375,0.008206933993295286,0.002933151479564855
0.09172989662825705,0.01910105222463768,6.196889357311042E-4,0.0013241461928413822
0.04205577223948988,8.067312973095687E-4,0.007853164361482047,2.914606908028082E-4
0.10224288472623595,0.0035373475470762807,3.7597554442872955E-4,3.111995609657237E-5
0.012936900549556958,6.543899804617532E-4,2.0198322180744977E-4,3.392043604858303E-4
0.007355238506494936,0.0025187958286916365,0.001168405344172031,2.3646168917234057E-4
0.06052421973510461,0.008548445129294003,0.002915738236881529,5.835833583233192E-4
0.02552589802404844,0.022730459172455395,0.009193500881299959,4.317823024505137E-4
0.0461149905372367,0.01159726487013819,0.0010290518502446492,8.108526190316742E-4
0.04168072612063951,0.006481106203502799,4.712761457538741E-4,8.418486749849034E-5
0.07697048891965062,0.05722774372807763,0.01669693066213352,0.002058243116407679
0.0168373168892224,0.010745319436723435,0.002111159272363813,5.782586921815834E-4
0.11880252240965804,0.008013895103336333,0.00489669697106138,2.919938710422606E-4
0.005050713802468897,0.005790668441896016,6.80720298783095E-4,1.28281081753264E-4
0.011331589104120203,4.887638400402155E-4,6.353153449045711E-4,3.9233559221318306E-4
5.412810193174875E-4,6.978225295441386E-4,3.6097898320875023E-4,9.256322954359728E-6
0.015047737033357284,2.95530337608709E-4,0.0021588752139707528,0.002086191282539685
0.017702994758067515,0.0014040382005212795,0.0010270382400096377,5.828444561165897E-5
0.014813631756263795,0.004885572294662295,0.001333155542582737,3.257917224824084E-5
0.14537482788725536,0.02426866818322427,0.001776384124229448,0.012786121806774485
0.0025784116788532697,0.0010140045385636394,0.0018073606368945545,6.248099642728244E-4
0.02798640214279609,0.01622529479601548,0.0058782058173794845,4.392815694287557E-5
0.007086652012999633,0.003111642818961341,2.7173844278321493E-6,4.581994718157618E-4
0.005569084819588788,0.0013802763427195133,6.87693609887466E-4,1.1043693426920295E-4
0.10050496105578043,0.024476874181612946,6.334949802023052E-4,0.0012804810089033145
7.068212945434068E-4,0.0019322732408905204,9.601715457299875E-4,1.823268572248572E-4
0.0035874273841053606,0.002102863486582515,8.892964812283385E-4,0.0014101840326565655
0.01159780595563307,0.004583409997144439,3.616187572583198E-4,0.0011102566310373099
0.06452608586503732,0.010366597750178463,0.007640172636275074,5.115293118308074E-4
0.027656962167727235,0.0028673723895208552,2.008395133497384E-4,1.8115902682326574E-4
0.02092411241266858,0.010437749236909486,0.0036066349529606427,0.0019270161926899234
0.016747796714592814,0.005827131592064162,0.0012510149045727192,1.6901606963737E-4
0.020675323876702133,0.0036870488333464314,4.584616654728105E-4,3.76515421307977E-4
0.004047509891703299,6.800780990588777E-4,3.3859018237107906E-4,3.386578016816252E-4
0.011988315378377728,0.016136211211617863,0.01960730154973726,0.0027148939429880005
0.061379618806722304,0.015108352727734961,0.0021751189560557755,1.0932992910804351E-4
0.03770817471451421,0.0028647590655213836,6.340375060177683E-4,3.8072043125728924E-4
0.014811712305559695,0.0013657120653150156,0.0016020793616741073,2.8270483079289633E-5
0.021237239453462602,0.0021244652567059623,6.513336767386337E-4,0.0015252513186117048
0.18996087495321812,0.01364723231918048,0.004125953108227465,0.002237884408165381
0.014316122596502171,7.312401604099712E-4,0.002076492130798372,9.409959127694998E-5
0.0023363727038848915,0.006971322715137748,9.288706815609918E-4,2.3182576753391025E-4
0.018378210657722643,0.0020004659494635697,6.031888968860235E-4,4.429044127683026E-4
0.002201142066294417,7.412923928697753E-4,4.101425906606542E-4,6.120247947867908E-5
0.033228178558308584,0.004896323025527335,0.002216983861277462,1.2818302029539297E-4
0.0157500098764885,0.004381287555642879,0.004704623496900163,7.600180231914805E-4
0.0938869702313928,0.05112542509426961,7.223133723008548E-4,0.0024880946948043926
0.08949804218933985,0.030440899001206594,0.0032791700422223793,6.819045133305518E-4
0.009394187203294076,4.6036271552164315E-4,6.072020118146207E-4,2.1000544832558996E-4
0.005766273830311585,0.004739922643583068,0.0033777337677071916,2.9596174229749194E-4
0.020420617554193218,4.5589133142192136E-4,0.0017304306543374493,5.196767631796811E-4
0.15096392912650014,0.013205963956209252,0.002321124676231412,1.387966145187693E-4
0.00898149168480165,0.00894017879647454,0.001458319469262016,9.491676884825519E-4
0.022061412114637226,0.0032726492671555653,4.7206368628056476E-4,2.84690018185105E-5
0.009083874272554311,0.04162972934854791,0.005430574567883748,0.001143242076772878
0.024908221911643505,0.0036725404459214484,3.6931088362046247E-4,7.923526965336924E-5
0.005061749547603262,0.006873832578796565,7.42965087065427E-5,8.336108218031158E-4
0.017285270194419933,0.006649871323127282,0.002406397302468268,2.998821943677791E-4
0.019829256912292356,0.004741176084209128,2.569084032164272E-4,1.2379228848575558E-4
0.003817227187144279,0.008140777970609967,9.815465611718263E-4,6.086070830343844E-4
0.007928177471103918,0.003225063248239544,5.071673365457685E-4,0.0013228396742441162
0.06688401461520595,0.010356347769573651,0.008817113839136389,1.289365802125136E-4
0.013589884638655635,0.00985117829954125,0.0053409000760783,0.0031847642318917307
0.011333944113551257,0.0023326062914083715,3.0413155700093823E-4,9.942716568031403E-6
0.027154669246151304,0.008471839428137668,0.0034944689589942123,4.2123526553030814E-4
0.09169696649816449,0.061724705346895184,0.016973223046083466,0.0019471984128719138
0.01187566897483421,0.0023658262613888946,0.0014915219936640254,3.630014580233728E-4
0.010993380814857187,0.002638865422065988,3.1978458778679833E-4,4.5180720062344725E-4
0.006038085329419444,0.003821945272104735,5.478837000135685E-4,0.0013725692457772672
0.08492908870259895,0.005347714537926403,0.002896598225182452,2.6441171282697674E-4
0.0077144583927025575,0.00453323672313693,0.0014300281557189883,6.0198142981569274E-5
0.08161151589290729,0.0020709322875098564,0.004149121103415149,9.849522599616601E-4
0.007651739198196367,0.015346397430940364,0.0013395147926189676,5.878140069364671E-4
0.0065024030328397885,0.011637062115820877,0.0016572660721705522,0.0016315205646392232
0.026516654328460783,0.00780870303568645,7.822595218200261E-5,2.3447836488472632E-4
0.0968381441933056,0.006095515894815214,7.383714539822957E-5,4.0147462745075197E-4
0.050956234302124294,0.007180638527603192,0.0013952810291844562,0.002895254301240322
0.08013268494927428,0.017136495432674342,0.0043462897959903974,0.0010478749692298538
0.008499665070244584,0.002249586381644989,7.278105177521538E-4,9.86774964719646E-6
0.013185985656978531,0.0015556807505323327,5.945509057762576E-4,2.532469092080072E-4
0.023118897980219016,0.0045349730835935785,0.001525389022696109,6.600217842923843E-4
0.013317875566971409,0.005580309793965037,0.0021643594091698844,4.3389487593956734E-4
0.05561119089269303,0.011025962944713818,0.00441350167029158,1.5782398105239202E-4
0.016639706474847627,0.0033530711755713014,1.8775926198882006E-4,4.275207214062768E-4
0.11146106404880021,4.073680893366615E-4,0.001368730597506317,0.007435187264669306
0.1091425666645647,0.02283965921010229,1.585581454416378E-4,0.001529294878655789
0.007092976612561174,0.001741714300471442,4.9971650550604E-4,4.149437709190799E-4
0.02779499266256838,0.005181779667986827,0.0048024190763801475,9.087811936734173E-4
0.04405668660595155,0.008982983454543363,0.005073050096992154,1.4422662229193674E-4
0.011245148354225675,0.0017212908824735661,7.314554268405952E-4,4.3686069619827774E-5
0.007293601556987767,0.013440319161675122,0.008521711193910287,3.477155829715151E-5
0.03257124226703247,0.006829020258447317,0.002057065174409536,2.7285271273925333E-4
0.02910605595330178,0.005344877044747591,3.143604966305585E-4,4.3333230132809163E-4
0.011347034072083373,6.490871449870824E-5,0.0015716804991100445,1.7058374578340137E-4
0.17158513604191478,0.007994702516150106,0.0040390229163055754,5.358296630647894E-4
0.10985159684046433,0.0513105007841581,2.328010074946655E-4,0.005018505924133077
0.03995280645563753,0.007239827324714456,9.174169921171718E-4,7.863187285973061E-4
0.005946411371264445,0.002733554923722439,0.0025956229923811917,1.4515118077403397E-4
0.022878256909788623,0.0035939874902505245,8.54458440286475E-4,3.2352492785146363E-4
0.010991806840460534,0.0034495236008756417,4.167327184592237E-4,1.6941489923495646E-4
0.014284980272220815,0.01816445460409861,0.007215400967545979,0.0012934963196120002
0.024958508910862164,0.007102025072276153,0.001400181830559075,0.0024778845120527852
0.02646714676049451,0.012467568971582335,0.006043867551287268,9.629600448402674E-4
0.08602257237745256,0.018615102484988835,6.875014970789389E-4,9.055992409573465E-4
0.0192484683910428,0.015523275637952558,8.362611515955001E-4,0.007122191265314319
0.020461910243492518,0.012684835518667888,0.0016433475033498421,1.0395076340078888E-4
0.18580325841399256,0.01523431560991571,0.009326579113549154,0.0056907378385582475
0.019319566219123816,0.02162791263995592,0.005616111480187324,0.002675868029840763
0.03169108817612356,0.013393279969642262,0.0018547320631513249,0.0023730621364192006
0.0029565200447109405,8.529039248728504E-4,0.004442275707346936,7.584201387498276E-4
0.002136977830569359,0.0033305365271881515,1.554907267998879E-4,1.0738100032844958E-4
0.07521091892497361,0.002715573223818471,0.00314449053927359,8.499748772599172E-4
0.03365674550711444,0.03947429000326502,0.006650312058748297,2.9045750329310114E-4
0.050496683554954916,0.009102506962650159,0.006792104960511645,0.0013372762835971127
0.00306004979850405,0.002167620919633819,2.951920402972829E-5,2.1846799878461534E-4
0.07253557349815201,0.04839244151607838,1.91123754791289E-4,0.00246944904203322
0.0028210950316714133,0.0035173496341217463,1.7882067388053362E-4,9.985604831715604E-4
0.025062850534093323,0.01413094641930896,3.54052287594106E-4,0.0016733043735602678
0.11232761807544792,0.009996299580722505,0.004611473929502561,5.078894892045722E-4
0.08573151538062257,0.012352881979830196,5.248508808886619E-4,0.001367678691731227
0.028372236929329917,0.002516863754941087,0.001516342280302381,0.001376686768977537
0.12140538323565377,0.02353047698732767,0.0019830851309198473,0.005385555594578041
0.02501156574418758,0.0037003942296233786,3.624967688362756E-4,5.34301385045473E-4
0.016740716184732645,0.009347411531343006,0.003515807695264471,7.904059379370306E-4
0.07477919521887995,0.016572591936541075,0.0022692542595446883,9.627325332029045E-4
0.015162978956770826,0.016512206630517834,0.0069476281414289,0.0014474991152546369
0.02307277331477636,0.01772745562731517,0.004269263336069967,8.700171804723122E-4
0.12160750852983578,0.012908501488389667,0.0075802961138785934,0.008814307509238336
0.07808939928105574,0.0034638489561995456,0.0032082696595466626,7.243334544454552E-4
0.00788739047052272,0.002794044865164939,1.901875346871499E-4,4.966933370151732E-4
0.07455809264223638,0.026476097512766996,0.002821957849165333,0.001860355571141848
0.03582917016549238,0.008503201885943461,0.0019011181708354025,0.0019924951119888773
0.026184541148255483,9.585098987153745E-4,1.756069419684891E-4,5.148149770032652E-4
0.012207527143913354,0.0017241841942487678,0.0016528506189092008,7.570018133294181E-4
0.018891415693513738,0.020050479413217796,0.003998314780606047,0.0016080843033474328
0.001454752873307515,0.0020339942001825887,1.2512605065476858E-4,4.485518035054139E-5
0.05730837189284479,0.00587803970030507,0.001414365544565288,0.0025977643641637667
9.661810538404116E-4,7.944531874179674E-4,5.094515854781699E-4,1.851636470652172E-4
0.008984264568601455,0.002670875679929819,8.891034812584286E-4,5.9013914386758685E-5
0.010240832565924236,0.005788873898289257,0.0025746278500724615,5.461118150081348E-4
0.0010551399011757801,0.02213404291478721,1.292539557476622E-4,0.002195569361329919
0.16874756280814648,0.016910587672191977,0.0032438574602266564,0.0015475645168010824
0.030511472831087474,0.014435841461879196,0.0019349428244086148,0.0025999495976173404
0.046503723939458515,0.0013420985908022616,0.0032011061815426555,8.696720936813961E-4
0.03370965992113837,0.01862061605603937,0.0034966438973101873,0.0017356637711433852
0.009024407806500791,6.555204104740001E-4,4.43896599586318E-4,8.80948663045498E-4
0.08358656803187986,0.010871107791469365,0.003604475923074622,3.483907363470353E-4
0.01574486116248158,0.008546121230927805,0.0039741129295240854,5.701504383210726E-5
0.06510903476025956,0.03778555841138977,0.0067050256793964565,0.003221392742709731
0.013205143307119542,0.0017718032529458955,0.001174018995991451,3.043067899188127E-4
0.030742194992121476,0.005610811142502922,0.0012963570529861115,5.090898471806397E-4
0.006197468218894966,0.008190567774408016,0.006246521992999026,0.0017201034145233954
0.02182665955149203,0.009807214339919958,3.764897909019882E-4,6.562692201936592E-4
0.0026294693823459966,0.009468427624684056,0.0022558709731914906,0.00117756185125658
0.005219485017705252,0.0034199849527110403,2.4524094885874475E-4,0.0015003298117123337
0.009087113912271072,0.007241864583410222,2.242988318448426E-4,6.13396052447064E-4
0.0030457692359881,0.006731695757261739,4.7085472830912946E-4,1.1168565769630033E-4
0.0038455738313654896,9.03161053661692E-4,0.0013672788909226965,4.0860474688850435E-4
0.009801645800026841,0.002095757366594747,0.0010306465259634077,4.8713686563239307E-4
8.988495886044915E-4,0.004675169740295657,1.0303845577180165E-4,3.707727133857852E-4
0.010268512511821652,0.00601821886954596,0.004887103011752722,3.707136654136231E-4
0.007619285586821706,0.007102087739982369,3.555346860400973E-5,4.1518446467853586E-4
0.047332822582103244,0.0029966545320467006,0.0016269924021381375,0.002604244989111381
0.020181695014707672,0.0027884405223322873,1.5457314932629823E-4,1.367495390234539E-4
0.002719328190589157,0.013997263736100376,9.864794419783267E-4,0.0016034674020645218
0.01921525264009118,0.008343672693217319,0.0012696755713721513,6.801671835253617E-4
0.028093220067095123,0.0014995763958762223,0.0024862708671146536,0.0010127342255047914
0.08643669826659973,0.05070680850730005,0.017874129215600176,0.00728902060998129
0.014476426600643254,0.0022925861107508144,0.001005423578379988,1.606005659431218E-4
4.384991287950911E-4,0.0010760877117323283,8.291801899558689E-4,1.276707382161825E-4
0.035331944579797166,0.016214767105020476,9.053896807087815E-4,5.190692312950746E-4
0.03416881468731573,0.011538680797844264,0.002390921185348758,2.9554709425231993E-4
0.030622538016585522,0.006480594799764788,0.0016900397412152163,1.6853283648562574E-4
0.009472884102444571,0.001324891833897218,3.320793966539831E-4,1.9338292925678084E-4
0.025625625984176986,0.010618859118395753,0.002823540784013563,2.896580011291566E-4
0.004765718889584088,0.003827123458992951,8.93600399880402E-4,2.2712199781731198E-4
0.011717157758769548,0.010197106429323706,0.0037596466864693655,6.997668177078111E-4
0.019481709567427438,0.015707975822872606,5.008521988811018E-4,8.130261187407263E-4
0.018929797405469025,0.0015277268118331255,0.006943032192914324,3.471016807862133E-4
0.045589076541293204,0.014467256950482413,0.0029131515984753592,2.6310058043250696E-4
0.061819276003822546,0.010505919130532573,0.0015762345990150588,0.003198962391175444
0.008198536190527383,0.019391162404268875,0.005404664997536676,0.0014836618265070495
0.03914000473222685,0.006500839844548234,0.0075540367667404715,0.0024851139057476693
0.033819886532434194,0.003235576336441762,7.306940669822932E-4,8.656124249371169E-4
0.026309729562358344,0.001246104021222845,3.19399727059048E-5,1.212038324085549E-4
0.02190557488331655,0.004877431463334527,0.004345704811316459,9.029296724264665E-4
0.021996126007284036,4.547560091712282E-5,9.72718989109942E-4,9.437411373335694E-5
0.19897011841689316,0.010693959018741215,0.01666694960071478,0.006088334382486131
0.045306615728454146,0.0010681526589619717,0.008734763832958032,2.1205475692507545E-4
0.019196019518827774,0.009978980911674012,0.001911822175370728,2.607090473604312E-4
0.02508867204075869,0.002915537953615475,6.883152417563986E-4,6.761780379510984E-4
0.0033459749806277824,0.006024102268380325,0.003147433317553296,0.0031694946641792707
0.07081249185270086,0.02548176406723255,0.003343346527351865,0.0012289487303842072
0.0031745052348471706,0.0015789313562068813,7.764226579538256E-4,1.2997847384470327E-4
0.013977183601081019,0.004693099730955424,0.0014739896519848715,5.965187095079763E-4
0.014143525718653268,0.008000294229500592,4.970898904429458E-4,5.564014798289716E-4
0.11635460319186507,0.017096577135241115,1.313478436675446E-4,0.0022282748475902815
0.0162782021570267,0.0022778645019150045,2.213283438435966E-4,1.230291849466525E-4
0.014499723412267585,4.077003201273079E-4,2.7944890983799716E-4,1.3271109068975463E-4
0.08276170911096356,0.0013036488992246471,0.00503255968347918,4.4475383514282197E-4
0.01288667681678023,0.006139590235941438,2.9374086599912486E-4,2.646810895865592E-5
0.018862295583893855,3.207944893930656E-4,2.828718995750288E-4,5.635355418575323E-4
0.005640155284741711,0.018653519511637153,3.563774776276236E-4,0.0015189593241267537
0.009898152887865152,0.027901182449106283,0.01128795034580629,3.8990144204679333E-4
0.035117717883992663,0.0011906706646663142,0.0022646585296977723,0.0014022371227010461
0.06356412492323923,0.02992868391840651,0.008286301919777814,3.748901763710899E-4
0.013660686035726883,0.011846802635814812,0.0020942989376771686,6.702666642832653E-4
0.043764576990968675,0.017993636105902117,0.004098454887941745,0.001458999975656256
0.10425951984063063,0.034167085292178156,0.010004945233543623,6.404406360069288E-5
0.023572601406853206,8.224788462924431E-4,0.0012432900617804687,0.0010890444735488346
0.16660341171856044,0.008665689362438556,0.005759224794064632,0.002001122950753667
0.013531175481564045,0.010687830154181732,0.00489202762841822,0.0014067970700081963
0.08735304224246673,2.853731560227306E-4,0.011218962268486935,3.0004913431733046E-4
0.11177568889622891,0.016091267130134066,7.325938441507739E-4,0.001544231157714628
0.06542196026766356,0.05448289174525977,0.014734282714240515,0.0014910117547410025
0.016497121069573347,0.004227809174686796,3.695769537303957E-4,1.31122447587437E-4
0.011414108400697866,0.006400875287198875,0.0027006015323237285,2.622974429978451E-4
0.02996109911527352,0.009650927052297684,0.0054242167653655035,0.0015165506395084048
0.013804626194151405,0.005534455454310238,0.00239200681006705,1.7933781486796573E-4
0.022567902945950336,0.014007272896604615,0.0016146214467093727,5.10832844923819E-4
0.0640376237698664,0.008100967455686777,0.002665368630900526,5.129537936953025E-4
0.1347576555734891,0.03382772438156563,0.005077922374914599,2.277586305904346E-4
0.02090265797136779,0.002378406520752194,4.0588136988988166E-4,8.555530961919369E-5
0.008392599329998635,0.007331351652532694,0.0032116879003924238,0.002490124974106633
0.008944590229511122,0.003528155323649262,1.691599791822796E-4,4.7857702440032724E-4
0.016319858315906474,0.0042302793330766236,0.0015070574224453866,3.838318806061791E-4
0.008174675170968673,0.018149402347864243,0.002276951266180391,0.0035326701867487995
0.0045540553348990395,0.009087478203132491,0.004125489404996386,1.821596290485897E-4
0.020930352782038173,0.0033721345026828703,0.0010697347309748877,4.2868911649571157E-4
0.034967956470190804,0.024913558977203855,0.003969751313794368,0.0011212295228146898
0.023193571441095035,0.005094043781090988,0.001258166355472146,1.6641644272954618E-4
0.007130768481277007,0.004053467755381245,0.0019797033211846407,3.043237117592583E-4
0.0021883658712460656,0.0010749925445790718,3.9818367842584575E-4,1.851209021494125E-4
0.0314297348957475,0.00939904496324886,1.2308795732201427E-4,8.017857665535829E-4
0.06087102800057397,0.005703582816824378,0.0020713342227328584,0.0026545847086575673
0.004898049071667799,0.0025711222676819785,1.9919464302466482E-4,2.1829163695356567E-4
0.0010321537809794715,0.011811815143765276,0.00951655644550127,2.185172841634297E-5
0.018545675032885275,0.012000717989598482,0.0015379246197238516,1.514291705911441E-4
0.018671389948045104,0.02388641877408936,0.005248858362490789,2.1636150173629304E-4
0.08449344515536494,0.059266506560371676,0.016539771271005727,0.0023919656529540786
0.011592526669235857,0.014151032088924466,0.003239536032464026,0.0015880585709018953
0.031002995046276172,0.008223726587517485,2.0678378811685207E-5,0.0013181125644295805
0.01353137202788583,0.0017416300483505318,5.717594550718687E-4,1.7195777872282682E-6
0.06178676219225404,0.002919106748625963,0.001605220434802089,6.4610997174487E-4
0.03700375817698693,8.431501151215926E-5,0.004245896488462373,8.859065293597293E-4
0.001665611321625599,0.010825691819577307,0.004887844357218724,0.003580449524454706
0.020254929464409738,0.008551597714922187,0.0034621342532579072,3.208513670633962E-4
0.003058831561795067,0.012884816319698204,0.005542072452093607,0.0031905594453656453
0.06288475049930979,0.01273604476645677,0.0012135396828048296,0.0016906756675107166
0.021053993534029525,0.014142531276927139,0.0020745978880605045,4.441277080420808E-4
0.08371343066477811,0.0010671768923407054,0.0019727650125270857,7.537441704022138E-4
0.04445009560567722,0.002760993458249174,0.003175162422836375,0.0010079529289101186
0.013554905306796977,0.001401703441641012,6.051484228360001E-4,1.6749066663403225E-4
0.003205737020230863,7.075698143197154E-4,3.0044108781671814E-5,3.24815426013572E-5
0.022317852164411504,0.010073151283795838,0.002165449530746161,7.549329999226741E-4
0.037002748310786,9.135893058866449E-4,0.0013424321370502995,4.912673473017013E-4
0.01594568466537613,8.597176430760337E-4,6.515748091676362E-4,5.144807155162335E-5
0.020443313903511888,0.0069047949442689474,9.734636677897383E-4,1.7382614347441304E-4
0.028461202753721708,0.009555916556946719,1.8130352261122704E-4,3.601235600891602E-4
0.022414964013146556,0.008001356608802286,0.006477191529090423,0.002061026262834593
0.02991329838528492,0.006512941728571023,0.0016466157593110252,3.0608107497682985E-5
0.0026815532463630603,0.0026753059747977002,4.6556875973016737E-4,1.1336125889535405E-4
0.002758721491900512,0.004961887259164364,0.002053019780991782,6.311316109121783E-4
0.0031986131057115457,0.018012157779249787,0.0012632520243334245,0.002277915884537218
0.11555691484653866,0.018398150036025324,0.004085482149283503,5.353127281950661E-4
0.001334279862255473,0.006585066414655391,0.0016064266494775399,1.6627794732846442E-5
0.012128846957625887,0.003527361263189334,0.003867821850587559,7.735431862644425E-4
0.027033808390736838,2.745322106673842E-4,3.4338544675520236E-4,0.0019448749997441298
0.007603398109901391,6.371597433202981E-4,0.0041416403411154495,3.027107790251037E-4
0.01932291345577698,0.0029093624330836553,0.004022124468473183,0.0015129241334832183
0.001145055896011627,0.010660897125981427,0.008402466726229602,0.001730137961879714
0.004881972064222503,0.008990062568040497,0.004683609742979197,0.003145077586668951
0.004917124697285085,0.0056134216120032835,2.233091039084862E-4,3.648179313585331E-4
0.02431772994353866,0.018860667495313305,0.0025356167938414688,5.161415557289216E-4
0.0248581434403212,0.003662059877626983,4.4526111499406155E-4,9.268122094303205E-4
0.022935188776966004,0.00442495542609028,3.2925026612820753E-4,0.0010046866657627766
0.016401940940852233,9.926012813112482E-4,3.8879939911086063E-4,1.0446586047721082E-4
0.012516561332584162,0.009234000108161342,0.003367078578298025,2.4557941505932594E-4
5.211892900574719E-4,2.3515192231865866E-4,9.892092281345858E-5,7.480893706806158E-4
0.01223375175070692,0.004061155677982892,2.5936400289108927E-4,3.3060289669552257E-4
0.04639201392523813,2.70725891244839E-4,6.927775268060372E-4,0.0022072313663545574
0.060697665463671356,0.009944854257361375,0.007505616682439071,2.17942134004579E-4
0.009563772818338525,0.0030554018937244813,0.0013870925153266277,5.890116792355921E-4
0.03764105240081345,0.012001553484585863,0.0022594519789266242,0.0029907952777863105
0.008480438135983143,0.0026669819353835472,3.832696682285821E-4,3.992854188434972E-4
0.024864794759525112,0.0012644883930985312,0.0028801899225677475,0.001033101939586216
0.021847263932607105,0.006551751839157606,0.0019871121879831036,1.1500535488920605E-4
0.12515305366467863,0.008009420338669793,0.004524617391683674,0.0014332532531212258
0.10458685553597334,0.03180497696129808,0.00831829524888593,1.7018293867007925E-4
0.036786180710896725,0.0050493839837694385,7.180329293375535E-4,9.557785173704365E-4
0.00703791972315529,0.01948482754070772,2.4942994549823708E-5,0.0013139390722755543
0.032159117707806224,0.04023496047352036,0.012191219283910046,0.0024140880931400824
0.003160050841761035,0.006472874569629752,6.454913741670606E-5,1.1676431684940328E-4
0.056206362417437705,0.0027602952958020225,0.0016107281996420898,0.0011814091617262888
0.0014798195763563548,0.0047173088011693174,0.002064720438492381,8.34236189575116E-4
0.060248397534122776,0.023925751240080197,0.0074761563335625485,0.0014750734135332735
0.03548920132201722,0.002471115946419613,0.003978455494310809,0.002091700929270749
0.12769217467283966,0.006274882622205643,0.005147257490380678,1.0105089865766126E-4
0.014995346423379168,0.0016911124138028618,0.0016188220933635044,3.037138554268861E-4
0.007964257640229507,0.0015096312629051117,0.0010641017457168962,3.156071697077921E-4
0.04233592690041084,0.0012593991578903195,0.004805708968502355,0.0013199583956372367
0.08659654516569229,0.006839451487959241,0.008942932218331387,3.156614474951957E-4
0.01951271500326571,0.002976691061697642,0.005219204498430832,0.0012091515626545142
0.035335040629498646,0.004935842515044032,0.001688908984301525,1.1970352628560027E-4
0.042332463030529885,8.800552060421914E-4,8.000195634126654E-4,0.0010278644023312391
0.00797690670828285,0.002503362536346749,0.0018644354286420585,3.0798182055872517E-4
0.016562445934039768,0.005154899038224939,0.00660536947691154,0.002842812153045463
0.09658364161665309,0.006314529715083554,0.0036576276424339443,8.691182738842436E-4
0.0067452791338811794,0.00266855720593377,9.780038137063474E-4,3.6098336562067647E-4
0.09844469079510428,0.019549143267187954,1.4033745843499684E-4,0.0015145133849664301
0.015592753551025462,0.012650131110161694,0.0011786329961680066,5.835936138439555E-4
0.05509838235030324,0.012923667236392725,0.002564749766744127,0.001093983525509003
0.004208321359034839,0.00104303384298854,7.102407269428383E-4,1.7983504358401047E-4
0.013695595713224136,0.002933900111762154,4.1204062362666465E-4,2.4153606958662993E-4
0.09186478214345657,9.636314775612436E-4,0.004051518663656107,8.046707036653803E-4
0.01200333183451284,0.012727180520966589,0.0023446142025822336,0.0020265910327236726
0.007814291002250093,2.1674060871023273E-4,1.894088206845826E-4,8.064727786714455E-5
0.037269366459045106,0.013089235260042666,4.8394861835125984E-4,8.4783126021947E-4
0.015370904877223675,0.02674781272892333,0.00801442868570389,5.109941765037845E-4
0.013273297697333672,0.0048332625692952885,0.0012396540387652345,8.721439232246676E-7
0.007735883252719946,5.25906199542097E-4,6.915706485175877E-5,2.858641338046135E-4
0.016789489435732226,0.00828333531183103,0.0011363568698006285,0.0016442839618372948
0.08169063135347134,0.00275759704703553,0.00439718931621212,6.551970301224969E-4
0.0025843249092165157,0.010566682142081075,0.0029407934097037715,0.0014332123057538768
0.08327625589692184,0.010364061785839783,0.010061249609377496,0.0013865703097572103
0.07170894572829617,0.004789444021967068,0.00788664547507279,0.002042479904970119
0.0023002683473206773,0.004344207076785336,8.644876473881603E-4,0.001662557842988866
0.04081221189617324,0.03629971858049714,0.005481530120837572,0.0011609520842956007
0.043036382810128594,1.5954891909265596E-4,0.0029568815952515154,0.0010477365886378401
0.015295186553017981,0.009458587261268577,0.0038329126226730693,4.995597530254138E-4
0.020789074969222058,0.009001243113912299,0.004627279109321578,4.198584832526409E-5
2.3760471277327878E-4,0.008406728477563873,0.0020693547570044095,2.9838983032683575E-4
0.03229325918393537,0.005682342867133397,0.002356494614650881,3.7804013913744387E-4
0.0306172431691925,0.016268131224059564,1.9247218014035895E-5,7.613101182575111E-4
0.1305198817529583,0.0072307632545917655,7.327784667467291E-4,4.0351134426820764E-4
0.017599183373783273,0.019453450166566775,0.0081302518854219,2.573276666773454E-4
0.001698226387734159,0.0017820900726477885,7.190408389941984E-4,8.162270788995558E-5
0.04120180013232164,0.0010093161897863482,0.007989152840377376,3.02484337508103E-4
0.002393261122277197,0.001490992394595564,0.0013969946002667538,5.2898544508335096E-5
0.009288567170992332,1.3256308725150028E-4,2.0332915749169455E-4,2.942925098152328E-4
0.012045195258083516,0.004680485302151256,0.0013692289791110675,2.55728255932299E-4
0.02379180743965378,0.006555070153542666,0.0032225087330248563,5.931845399916513E-4
0.07464841729333244,5.355523646716343E-4,8.226345425185866E-4,6.681962361684711E-4
0.0020893399533602887,0.00113530491122042,4.0850871722753157E-4,4.1650680798540416E-5
0.08731892326477118,0.04922622087786059,7.948782847373248E-4,0.0023301454362683162
0.007802635241861404,0.0010419059473564846,0.004468876482238355,5.521451641130462E-4
0.0404725296206792,0.0027399155687183154,0.002102350889748325,3.9791649674401615E-4
0.025674499603719307,0.0018024895483179692,0.0022091884881692324,3.413321190918107E-4
0.024240200271837698,0.004821921348472483,0.0011955660041524953,8.536626373517624E-4
0.005766273830311585,0.004739922643583068,0.0033777337677071916,2.9596174229749194E-4
0.06823592548647797,0.0037085535167605804,0.008057679360602457,0.0020344174624774484
0.006462417084567479,9.513144310842794E-4,7.915395167291928E-4,0.0010614188991036689
0.019456072699529328,0.0033660094943408817,0.001726831501537474,1.9184911269761314E-4
0.012976631586585305,0.011919587828724773,4.1803205331808E-4,3.136281028398099E-5
0.015281855009556748,0.010306071663524907,0.0013004187036681151,3.0136591707268586E-4
0.0019297183841359518,0.0013092843840435756,8.905937140241091E-4,1.6413731357964908E-4
0.05376681683968448,0.04464644960456935,0.0289771603631847,0.0047376641240838594
0.08447961756039138,0.0110344878227958,6.884097836261591E-4,3.7222146765920016E-4
0.0397233459363191,0.03011539255170015,0.002951464806175015,4.1446615407496455E-6
0.01260821732194581,0.0021383614299667355,0.0016965812650952513,4.307664751109941E-4
0.018366807721984575,0.007360536133853994,0.0027230155723414642,6.03556587564671E-4
0.008705640374531854,3.7371412031465877E-4,0.0010001052709994011,1.0629740701445598E-4
0.02805610133837872,0.002781518020244758,3.6929275551982066E-4,7.381129965342441E-4
0.03085891224950914,0.0076404972528201056,0.0016073342240023607,9.366867178020967E-4
0.04062854183099179,2.8551539356862937E-4,7.964578858022245E-4,4.909712497620664E-4
0.0636172420199916,0.011184275080571255,0.004822801120054047,9.437987640630996E-5
0.03143625135355312,0.0023509163600256046,0.0013309365831541973,0.001816284430207356
0.015533264591351193,7.922435216257593E-4,9.672523951461981E-4,1.5107911767149986E-4
0.007658529713340974,0.021713804682352067,0.0020493874483351335,0.0020229007808772303
0.003752519980746782,0.01647904951653418,0.002485158451571462,0.0012552971183315412
0.0037950929968777413,0.001880969263247304,1.4213583337261356E-4,9.493095713197082E-5
0.05349644510567333,0.00896076065618204,0.0020057058178607496,6.097422157853148E-4
0.005510176147215768,0.004328815416666444,0.00130565342674866,3.2082285303957626E-5
0.10014864932240865,0.007296911820742607,4.977132937994587E-4,1.404158512905725E-4
0.0121423822257581,0.00461098272881501,0.0010530882799233104,2.0749713480265768E-4
0.02434315214045284,0.003842350834007435,6.043542038019027E-4,2.2100126933548314E-4
0.013504398391436806,0.01489373652153258,0.00437427800983841,0.0013636766517735408
0.025481815873118513,0.02307963454150265,0.003963857922267366,5.800265467956715E-4
0.05401145840680071,0.015099987142840743,0.0025968461179313464,3.342286984475633E-5
0.034151624847062134,0.0058055379009669065,0.0018118443770913759,2.731821878857713E-4
0.09160798924211913,0.0026045491417822355,0.0015946497042329346,5.942636232992055E-5
0.07340372034354838,0.004209243983428011,3.6379955565041554E-4,9.949754295174185E-4
0.01350976029575567,0.0055597695330845244,0.0023373481346171967,2.4736290520418103E-4
0.01217960463572736,0.0041750690450974735,0.0020408157138333354,0.001244478704097036
0.01536520823344446,0.016569335732384834,0.0026841942343609586,0.0016066691326168839
0.020044157356826003,0.0028374794168732134,0.0031145400177241666,3.003691265486361E-4
0.022732382570131545,0.005409663001386768,0.0025457770237270055,2.4353079637360136E-4
0.11203681869442467,0.01981035720438238,3.4281492823186175E-4,0.0018184629866977752
0.0011120486378626416,0.0046025436950774745,0.002354172461506663,4.883259645360956E-4
0.016280972033739557,0.011888868172079485,0.0016331531973104347,7.313607564373974E-4
0.13591157895285447,0.0027816356183269957,0.004726373656606665,0.002120157743753125
0.025144176112988303,0.0028755369182133566,9.457042669927442E-4,0.0014629553812072484
0.078899529969555,0.002074454951919528,0.0028913817454581745,4.157230139891073E-4
0.015878280202090807,0.0049866174367501825,1.2758400520068516E-4,8.402968315600009E-5
0.02614813588655083,0.0055079943982579635,0.004598496424165029,6.695237562544615E-4
0.01193007738462959,0.004682586769896579,0.001272640181579335,0.00103865046667962
0.029678019018182924,0.013445948844045316,0.0019437910977527658,0.002545375547314997
0.05348562679726982,0.00865966835637406,0.0019060871678477627,0.002763103332934839
0.017133770480635174,0.007125716410391767,0.0016574837821327793,1.1409005272456835E-4
0.026253072539586142,0.01347944891199841,0.0018985499800071753,9.128718275689311E-5
0.0624942317851446,0.019729122132948588,0.0055412115179580435,0.003349970845885731
0.051566160078310615,0.024645176385086547,0.005568448929796639,0.0018145023689309049
0.07723460377025991,0.02688951133128395,0.0024026014380535694,9.042138382977345E-4
0.13673396406417354,0.008376759084805013,0.006464915211624755,0.008290162394817217
0.07832353397259849,0.0602712436724577,0.016466688782556825,0.00235598408922661
0.026984909721544784,1.4520442241978653E-4,0.003740098170079239,4.487080143281355E-4
0.006379055826380164,0.005106178241856424,0.0018620325331803855,3.1557319359424056E-4
0.07434571851832872,0.02247418400500609,0.0040791418883737015,0.0010849847058838572
0.04910196321337288,0.005360021570165941,7.743056123829399E-4,4.9953543427187E-4
0.049528641746382385,0.01976799248985784,7.785162338218981E-4,0.0028454865392367984
0.0019072099371923621,0.004402490545826898,9.728152043415742E-4,7.41221672272415E-5
6.759241292818775E-4,0.004256921267534406,0.0021027186637465464,1.2517124046795158E-4
0.09679868009908824,0.015040845398320467,0.003414274529121195,0.0012743419327295544
0.010693767353504179,0.015510969375384579,2.2601587872729968E-4,0.0016797220717254657
0.008560151290404225,0.004297323168424899,0.0012731381075207964,0.0011404339003253097
0.03334968130968895,0.009796366122036049,0.0018363663089066271,6.926618722075726E-4
0.012174431422299745,0.014935492685598028,0.0021963660939524443,8.595564701261527E-4
0.011352235515366913,1.5289964145344853E-4,9.531279113753449E-4,7.33385815062649E-4
0.08214073661992362,0.033490686802192776,0.01558322492438116,0.002313983590505572
0.01525812513833582,0.005665795091305045,0.0026646340692999624,3.406290373325273E-4
0.02034963732502032,0.03105428298398261,0.007968318649012185,9.935512522138063E-5
0.0065882361681616226,0.0038332099823025017,2.0525269278501607E-4,1.1931081754591284E-4
0.020496389529137883,0.004202198444202921,0.0011345150855438747,7.932458385431052E-5
0.06625670522029131,0.06192568355485358,0.01702570771676957,0.002164227440704578
0.011532042771523199,0.0022770679845224204,2.5234815735054807E-4,4.942839857595587E-4
0.00539093235051672,0.008372185312939246,8.041150662532896E-4,5.340477375884855E-4
0.026757116058133093,0.0038175411393038027,0.0033467918976680883,5.906607148079784E-4
0.023110892442744044,0.004257193824531988,0.0020676875580952526,2.0507444164975355E-4
0.0376088340023941,1.903457761569855E-4,0.008016110552167123,3.520830884899937E-4
0.01742717809064575,0.012764311406141673,0.004859678212313628,0.0027157642255630555
0.006900239458725358,0.00628272511203273,0.0012694313558811263,7.255709028977539E-4
0.017226050329888012,0.006546615472018224,0.0026329866353046443,0.0012653931000543256
0.02886808834946901,0.026139066626508847,0.004918532681391772,6.071961616178046E-4
0.017830096645886608,0.0012914035404179365,0.0033478289139062542,4.663915029866237E-4
0.050295112592643444,0.0023756498302709094,0.008259855448080236,0.0015849353396608728
5.546934946094856E-4,9.068981417314473E-4,5.839119307991044E-4,1.0996941755577749E-4
0.004548588212890983,0.0025443957963338475,0.0013666661049053699,2.1644958656612256E-4
0.045329596228095015,0.048862587295183,0.011504280659765274,5.51744756177275E-4
0.03984995231904343,0.018906122483855793,0.006056482850164033,3.1093662964419864E-4
0.04146875701223887,0.011001632156565693,0.00288652188187322,0.001576619825345821
8.997641152429991E-4,8.354835027200563E-4,5.201266444405765E-4,3.615834640444437E-5
0.011814265936564832,0.010835036839787468,9.35499689192283E-4,0.0015584173232289212
0.009172352146224033,0.0038751279946210755,5.997693798209836E-4,2.590927288416963E-4
0.0021883658712460656,0.0010749925445790718,3.9818367842584575E-4,1.851209021494125E-4
0.09085048795999108,0.004584876063398589,6.379491073870352E-4,6.871254928121695E-5
0.0060237456606494506,0.02689662383712587,0.0017964413920293853,0.002424683888878894
0.013410104634195109,0.0042189642493666345,0.0015400987347817428,1.8487686033625048E-4
0.03224240606961665,0.010106019441935636,0.005704553751258441,3.815090927052126E-4
0.011778484563743622,0.0018943150196966273,0.002795453702917918,1.804613727212213E-4
0.013975984481469195,0.005763012437120874,7.627199055111528E-4,3.466268825666669E-4
0.11526062658856825,0.024296794899971535,3.120610422010333E-4,0.0011783031689513931
0.012366937036625447,0.0014552855047489106,0.0021758872444410135,5.977472491722751E-5
0.011792511011615938,0.01925743735158612,4.398172619007968E-4,2.1127978653636353E-4
0.023337779915034596,0.0038325617219751454,2.1591355277257197E-4,4.0863110807746593E-4
0.006006085557568389,0.018511947091728282,0.008590745653279882,0.001401652988735041
0.08059156333366495,0.0133403978295824,8.862154828142223E-4,2.9305935648696685E-5
0.06790494388758961,0.01606208687916364,0.0014608194424656686,3.2385785252530777E-4
0.0028972362626516236,0.0025685250734105627,6.942163147226266E-4,5.037131312205388E-4
0.003508289451902316,0.005253459614778461,5.760932762398007E-4,2.696976830979376E-4
0.08753084386497957,0.05035325530219945,7.584705132884521E-4,0.003245277725825805
0.0015092076782059888,0.0032663906994420447,0.0036364930271987044,7.655939195814004E-5
0.029737106920497525,0.004040990903771546,0.0013547472419464064,1.9280822516956977E-4
0.0019700039004401848,6.66091100007203E-5,5.843547813440515E-4,2.2867151256082138E-4
0.08976704587197398,0.021465336292902967,0.0010147596503726083,0.0010305121347078108
0.015845838009519515,0.0061217032949330875,0.001897936075815517,5.327813397043511E-4
0.0327452149907934,0.0043018479356779285,0.002235473493784965,1.0061194417406553E-4
0.0031757573842883338,0.004426889285735504,9.086939667466462E-4,0.0011479627654529907
0.0128572978029386,0.004863318621482155,6.388507468748789E-4,0.0013866501391206004
7.505970535282781E-4,0.008624678449134147,0.0013931448760337868,3.1929638711986795E-5
0.007322342413909933,0.00656576991925485,6.656194674090233E-4,2.5174248188890785E-4
0.005059564923438365,0.004444160532870975,9.604378006114428E-4,9.673323813799516E-5
0.0046128472621221545,0.0018792217099420654,4.1890880710474025E-4,6.396150919479413E-4
0.03221551121899204,0.010500519932546224,0.003317226497659795,9.648629103308399E-4
0.0550936205275899,0.016377532749695604,0.003099746373390761,0.00219457476123595
0.030112094112619718,0.01229768339382531,0.0026163075343328436,0.002482357674109161
0.014114908702444758,0.003611831583035684,5.376035818614915E-4,5.49264557107417E-4
0.07880540059496743,0.019588120981071534,0.00592122230400704,0.0024895390327980614
0.020196787075448024,0.0076375119596714175,0.001174346910206967,8.257488004044316E-4
0.008457544075877468,0.011510777873381433,0.004992659012548911,0.003417041032625371
0.09431132970936625,0.023793028946811737,0.0021927653813504427,5.516497409696504E-4
0.02294677291816346,0.008827499727670173,7.348738484883313E-4,3.028060842474996E-4
0.0250954028876099,0.02780723783071545,0.0021941660761590057,0.0015661317026349263
0.012561574752454221,0.00680198044826689,0.0014502395487132305,3.914530066123853E-4
0.035330307051856975,0.007805349814993915,0.007390851384138806,0.0013021444958965353
0.028822394539104172,0.0028168625194277307,0.006872738350468153,0.002852381644570351
0.02590495792619516,0.00601178461922075,9.229637865196244E-4,5.880348352590918E-4
0.03025224065337712,0.02211410922511058,0.004239924563193435,0.001462571515702088
0.01496272771791043,0.004050264388881117,7.847824632700445E-4,9.845208999489587E-4
0.043221528540354506,0.006220389965203657,5.208154750647126E-4,5.990896087989561E-4
0.03839522932471741,0.011388530262499507,0.006747640564616063,0.0014066907348644084
0.018785200967792723,0.003999398682038624,5.676773195146633E-4,0.0010637276097021336
0.014901936071322907,3.636282173928817E-4,2.845158942201425E-5,2.6264705228732865E-5
0.16094813217096526,0.0018782814473241964,0.0034244535304921424,6.274968475841335E-4
0.027394246313684405,0.0054145087682820215,0.0045563821303701655,2.555161485815756E-5
0.027232624337368068,0.004851868795134948,0.003525373602008723,0.0014156735868877334
0.092733395498626,0.01420336745725894,7.272460070284482E-4,0.0022628312607476386
0.0991757888894841,0.017147175363069016,0.0020441868986863132,0.0013204148120787014
0.005278457088941824,0.012659441722546029,1.5342706162668293E-4,0.0014691441554499454
0.12298302494198755,0.005704727274564975,0.00390591651456508,7.32376544588989E-4
0.07366384679489885,0.024370235383921558,0.003739254360758634,0.0017441174830025905
0.018376603196972072,0.0042903538230010954,0.0021867883605155825,1.5290881992309025E-4
0.06414114614182974,0.008862767268317437,0.004084116922422945,1.362397262961709E-4
0.036198389084268597,0.0012942107551413957,4.7994532858111E-4,9.544910063650668E-4
0.01375995998866441,0.0017856788743178765,0.004465713442803103,3.944434722669397E-4
8.583589755062231E-4,0.005226536229926398,0.0022787962930847843,0.0015275178278567967
0.024606823610514673,0.035084557699340185,0.006113854710383145,0.0019889891877561084
0.013621603917976975,0.0015109732665214203,7.308693239748454E-4,1.1443111510998594E-4
0.15315423219636834,0.01083932381462173,0.0025093489935884995,1.8324388690502564E-4
8.402318435546614E-4,0.0020644112388084374,3.055917847713138E-4,7.808271649348725E-4
0.09270079305668066,0.01772826613988698,0.003942338695166219,0.0013838723996521859
0.005915310987827265,8.759827792443759E-4,4.572208881543563E-4,2.4053627568158486E-4
0.009914989717661566,0.008617792873666626,6.834532540878771E-4,0.0013257714101964312
0.03474157504462934,0.009946622402340843,6.175814096314749E-4,5.122847401078257E-4
0.031147837104036877,8.7759673507493E-4,9.85740371410287E-4,4.403924812118636E-4
0.04360630507522921,0.027934189178016915,3.8719563362008626E-4,0.002424495413518718
0.010143364171741637,0.0016347491831032032,0.001980819463208568,5.790126901308557E-4
0.007753877549319377,0.010469406649283568,0.001185554069619836,0.0011206157785360483
0.05551582797171524,0.0011688442519453945,0.004511634499060245,4.4948227677227193E-5
0.05233122868010515,0.017876542986709643,0.002923264988496103,3.740910605759039E-4
0.03832344027789068,0.005703909305519208,7.463278351078594E-4,6.166015750534027E-4
0.0031184294375039777,0.0011000962591473055,0.006773019981545882,8.969501696880618E-5
0.05993741044534257,0.0112474050070303,0.005116677855568286,5.658893371987642E-4
0.06123022818650217,0.010752970890612536,0.007655035650952413,2.2097905136566574E-4
0.058836324661096895,0.017333346461477325,0.0016931025627722417,0.001365261157061223
0.12597785809177525,0.016803418130561375,0.004759054522945143,6.74048427726886E-4
0.09275212694141384,0.024432611216265568,0.008017631024685865,0.001743098033280424
0.005606253921985907,0.0019139201871013044,0.001059801443864637,2.9259960507227835E-4
0.0644539084849643,0.0069476033451792,7.343631393169445E-4,7.124927358720841E-4
0.023536413931241656,0.006813425503486563,3.6696697201400405E-4,7.480693315435824E-4
0.00875758581295822,0.0039382979783504635,0.002000250901450251,4.341001452173352E-4
0.11645951104695337,5.272273694940089E-6,1.7626384747380783E-4,3.1027338728255776E-4
0.05748801046193205,0.008723945408867836,0.0027583952329494877,4.231911663660604E-4
0.035716510844004394,0.007471873539298799,0.007368331873042186,0.0015366450562268243
0.005990792713561192,0.002892676906008144,9.93306842765027E-4,1.7884715564014315E-4
0.10971420172153008,0.019955645962735264,1.127503394869835E-4,0.0011784510789265119
0.0786377552568363,0.04934869447904767,6.01138550797226E-4,0.0019680254062157433
0.002076984792334944,0.00705822010728011,0.0010667953214319357,0.0017269503924929848
0.011622830117171684,0.002516975271686125,9.668926032847506E-4,4.6743504148691583E-4
0.09151685220217985,0.005757108559062813,0.0011654643929878959,5.543407229204757E-4
0.004307705182224813,4.2658990887615127E-4,3.0806435750577475E-4,2.456840270543064E-4
0.012641840560716057,0.0066174940465128914,8.086869287829473E-4,2.2706115704112018E-4
0.05592522420215929,0.010538164136943747,0.002471407069533211,1.593649677343723E-4
0.010149690460768253,5.182174231888161E-4,0.004117563178988141,4.323318164360899E-4
0.002229916315429842,0.014338627841667364,1.3605039692218316E-4,0.0017057523562860621
0.042122126830970975,0.009043342258018061,0.005755201303125168,8.66411292409095E-5
0.007875385314720096,0.01798782181401541,6.555639375779532E-4,0.001541864510290362
0.02731300524993489,0.003241039748151855,0.008595663449155178,3.31448082875649E-4
0.07170894572829617,0.004789444021967068,0.00788664547507279,0.002042479904970119
0.08316189180022468,0.010990063187316473,8.615520451734946E-4,0.002033699956478793
0.020213194756222033,0.004305365796144035,0.004259222395161613,4.7224356319738354E-4
0.011613452062430939,0.004716670182125161,0.001037962440866147,9.913989163545154E-4
0.07550698555016692,0.0034482540094241797,0.0023184968879864268,7.346261869621216E-4
