5K,50K,500K,5M
0.01577410634058452,0.0019306578578116493,8.070382691276239E-4,0.0012102468403917222
0.02776248343600802,0.002181110682407097,0.0026476963216638693,5.262143301079151E-4
0.07886810520417789,0.004715745218060572,0.0011512291597637757,0.0039093680080347065
0.05495536551727178,0.005403187372982139,0.00581899447540508,0.0013455233845857339
0.0012143208669799647,0.02243061858984351,0.007339695992938833,0.006661637144050152
0.01799392383805206,0.01494709631783513,0.029562731718554548,3.2743772731640413E-4
0.06399534436011022,0.008961011761779356,8.924087959558778E-4,0.00913850516520947
0.005218186484805847,0.005832611863947255,0.0033256003465008234,0.002549165642144201
0.0363850246397113,0.00316134509228463,0.006670715899240746,0.0022937289824409156
0.025316320611157003,0.02178286610240625,0.006884713478252068,0.009186016823560012
0.011667893641774358,0.01790595974736313,0.013081178442356246,0.0052459762454387495
0.011166076651527525,0.014509342174815696,0.03372965710290242,0.005580111417657938
0.04933689799631221,0.024646641142871687,0.0034742427285898666,0.004739547816428635
0.010875891542673759,0.008611256191520703,0.006938541051830968,0.004769859888197552
0.004162472661488904,0.008681346970709465,8.019126818060188E-4,0.0013654842414736147
0.018963648986221073,0.0013774022072769935,0.0011426641145412012,0.0013816469724101308
0.04611715601780175,0.05550726222983382,0.012665748778830088,0.002609685829646718
0.0895675916591029,0.005245339917771928,0.0015658495188538184,0.012333619568035534
0.002899676595311311,0.0016083371948493303,0.008317432545868673,1.0213467580027315E-5
0.03241122901622638,0.012255423341336023,0.009470464640808807,0.006855687536861106
0.026332069785053612,0.010021386500863623,0.004301581082083046,5.781448545285439E-4
0.020295494446049257,0.0014055791251267775,3.368809205737555E-4,0.019345733877162923
0.059429020681487206,0.008766740661489088,0.0030272927561004626,0.021128907762132512
0.012824291621973736,0.006506005754710183,0.001509810436102389,6.772355090688338E-4
0.011277168431400465,0.0017643648715848915,0.0015111331694922345,0.003174396183856116
0.07875169099311471,0.05523438973887279,0.006219706398352431,0.012197909600931086
0.012831976446335366,9.348562492454553E-4,9.820048744215476E-4,0.0012461238308609066
0.013004709565265313,0.009937288914486298,0.008532568568427578,0.002863842595284942
0.07528240835680548,0.004157060133854979,0.003867730481626804,0.0014792570653736595
0.0019212690054977483,9.993145591562559E-4,9.325205199612383E-5,8.663332561902193E-5
0.21865797262031342,0.012623629704118572,0.0023103788244770835,0.009588222988224157
0.17438370337150627,0.01530188033162416,0.005231366883534275,4.813704951130685E-4
0.03415639822955428,0.012479670716050112,0.0033583225346846507,0.0013018134397056573
0.03403552023253429,4.138358584673739E-4,2.665998269657655E-4,0.005025490526074696
0.02588985243074982,0.011213128011523263,0.007448748390800269,0.0012172699670325504
0.015903007113489995,0.0011113112428773747,0.0014433190216447105,0.0010074594217679262
0.08512451997708553,0.0013101675198191284,0.0024957573650402454,0.0020436083659573284
0.16965955167169008,0.011719634659740527,0.004741246322650748,0.0017922667060230144
0.020723950416199444,0.010878094677852822,0.0010158843722656396,0.00299799520899028
0.09493924623579,0.06532005662673929,0.02057301029195827,0.0050880588521440276
0.05988162279286594,0.01351114245664517,0.014472252693838413,0.005785965650773958
0.024852648703382114,0.014443685210469204,5.858957942228459E-4,0.0049590263634127505
0.03817004959876463,0.00517870020571778,0.020019406303066627,0.0020218918016087785
0.003744363289033034,0.0035652429104240844,0.002060365654637584,0.0032297623608718794
0.04593888159385547,0.004096934085588316,0.0038697158354365486,0.0012804432832363194
0.005722728128825907,0.0014125822392713802,0.004139117316963888,0.0058408477352795245
0.07576434199099463,0.011781552229054977,0.002731173173446843,0.013377991719439267
0.020299113171797913,0.006305208541581158,1.1055789879797145E-4,9.015261505482491E-4
0.10647855696947321,0.015034074539379832,9.381257935227406E-4,0.005586518726316867
0.016205344242192797,0.001592871022450391,6.150127354875991E-4,0.009100717882869633
0.0020216197418150743,5.12126288724353E-4,0.009683620203618975,0.008766958273143069
0.009223846553665054,0.003455854327356752,1.9850813543141933E-4,4.4251826235525984E-4
0.10580469291693653,0.009131186618177724,0.005335620667550933,0.0017409394092045554
0.018936161971023092,0.0028423458648587645,0.007689373318534854,0.0025413251138853518
0.01606799455742647,0.012955108545975012,0.001496879445491049,0.0014726414050422105
0.03598929046140833,7.178558098538961E-4,0.0026372540117216626,0.004242351881258595
0.01067119061730642,0.0011443213194675408,0.0010629799163353827,4.738989072765093E-4
0.010674534190525834,0.012515518447254645,0.01422446113882223,0.015871455885363723
0.07345656336851565,0.005283191864412101,0.0062432934379419045,0.0014001853864090983
0.027822434512755113,0.005661525456874002,0.004334605866929272,0.007954278683394003
0.07500831482738728,0.015620061121725173,0.0010467468015167645,1.2450171899506821E-4
0.14665752877974206,0.010050370413560319,0.0082284538611771,5.749707640181587E-4
0.047607053153566586,0.012667558812416256,0.005330204742383064,0.007199126425516715
0.0859876222320055,0.009294933063099206,0.010414231759178312,0.0029746759435702523
0.06571148562700276,0.015278868779111611,0.01046666001625733,0.006119682933271686
0.04626212421686525,0.0254921047229627,0.0027140335019380357,0.004914126085416286
0.028227220968992835,0.021586958462142803,0.012084330170060024,0.009155722756108351
0.00936404266506453,0.021399760870710677,0.011544202747033582,0.011157864298832145
3.593704713157833E-4,0.0023302320540496153,0.009339723958681422,0.0037920379653202186
0.015036821935417782,0.003879930774305832,0.004141912673507983,0.0019528597706519005
0.0222022244377342,6.33836306873061E-4,0.003785265257520919,8.514356204374031E-4
0.012554456026577704,0.015151004723471872,0.005272826544502948,0.0015858864228712128
0.029852422246886615,0.0128466637533533,0.011057727447986476,0.0023471791827771025
0.019791799752748893,0.0029601951557512583,0.004795263539659245,0.005746831499614891
0.007061570032064565,0.009210151954382866,0.0021099284114631397,0.002777867504841964
0.059139343917595885,0.011419840721726629,0.013666662167587915,0.00983073258293185
0.017443407966473597,0.007319828351213727,2.645564703427566E-4,0.0019247779329191219
0.006335650625663847,5.526747607341559E-4,0.008342345570570652,0.004689517859267211
0.07745088772623442,0.006484654681541495,7.961651095786394E-4,0.0025456142279585937
0.055507846690504105,0.00891389420446642,0.0025782760905925495,0.009653846493076577
0.03499006646220409,0.015438167794107421,0.007095005056803892,0.005474962901239473
0.014002772327388419,0.0027987054335512664,0.011881091205347078,0.0017902484647114771
0.00999781782491565,0.026913078535746593,0.009667271894013276,0.009465774956801397
0.06549154217682883,0.010886116630140115,0.007147202358670999,0.0021558487505232604
0.034685341970806305,0.0319307547988876,0.0044553915699776505,0.008150337230997909
0.03949167529124277,0.005471337962279566,0.00809719898126624,0.005142455586492655
0.14419061254235918,0.007320706046130371,0.008532254453743986,0.002089899870484142
0.0010302743040698946,0.004251624747372439,4.654041242444686E-4,0.003460336455546582
0.012395837851920014,0.0016476469000068408,0.007264215659092142,0.0010133569916807592
0.002534472555159193,0.03148342057567801,0.011922130571234932,0.002308469270606793
0.00619483530023259,0.0032470132868248364,0.0035722863710788088,9.766350759099142E-4
0.05712494195812959,0.025359897773996623,0.002861087609829503,0.00629586448661213
0.029111594649365854,9.07847338254857E-4,0.0033049090135058136,0.003298622953538441
0.05535597957341961,0.015174951770311022,0.010515734040381029,0.0052971694360219
0.08682474321159622,0.0027685137111281514,0.01739972828889553,0.01276914363856946
0.08751074747292889,0.014989566182642893,0.0013322968925659176,9.643699432953703E-4
0.0075818356339517265,0.00241994458099026,9.952601242526591E-4,2.6347040094667476E-4
0.005143990835421602,0.005390441435071348,0.00376051425168549,0.0031350037929869672
0.012105410850248613,0.011723594119251383,0.002636392273336887,0.0025069837206798417
0.0757642500856742,0.026785217695197094,0.001698988437924269,0.0011954009388373539
0.03137858136038775,0.01505137542192028,0.007607244574685894,0.012846623201126924
0.0360951156222112,0.0026452402754446997,0.006168697927276907,0.012069702427214161
0.017523878846038857,0.007201614235669605,0.0013967591009399476,0.0026735997036670444
9.107638085773665E-4,0.0017631982995110825,8.499137818533523E-4,8.140971108111581E-4
0.003670867961429586,0.0018228479626750623,0.009047587070260158,0.004752161053566498
0.05048814537211915,0.010377330226328096,0.004657812910516035,0.011559121083020594
0.010977157148049504,0.0013417931416124438,3.4199472502361973E-4,4.925326722141589E-4
0.002559628901108683,0.003295337192962035,0.0018024925820353185,7.914901957878175E-4
0.004746102828073729,0.0015824596157275207,1.1000800790814383E-4,0.004699757238750635
0.001783805427238799,0.0023084423493964727,7.14865048171661E-4,0.0016772215261450802
0.023777773875090457,0.012235257090989186,0.006543988624874315,0.004966827093568202
0.08122259944917944,3.8211699790900727E-4,0.019667971699813717,0.010129557033130416
0.006663577950098741,0.027294795217558322,0.0016848792346117734,0.009720440593030313
0.032665467537074645,0.0029946216972815036,4.4026665226133205E-4,0.006460803805308785
0.02365122677087727,0.02792918728250323,0.014681640276378916,0.008789372418840867
0.023067210814761846,0.010039075257371839,0.00996435217244877,0.01900587463881943
0.01138143629876645,0.005903666778033978,0.0034391437457061474,4.006933933884019E-4
0.044421693566683906,0.01504028247198864,0.014022617572946434,0.006547748861922625
0.1498951489313767,0.005481229258399936,0.00528496685352298,0.004626092544565591
0.0018857426541045907,0.0013733973220694932,0.0047331543298556105,0.015477626969538466
0.03127069145896962,0.0023583664674675623,0.005043084701136356,0.00623368073296167
0.01064327756082262,2.3848313377464853E-4,0.007551256868881129,0.004490345268637972
0.01537503183166616,0.0095813789927013,0.007159702318818032,0.005611614585531476
0.0384031425801006,0.014123332306812444,0.009374427326787234,0.0077585219270380375
0.0026352162072254682,0.005890592556899196,0.005307843824571337,0.004372671728608352
0.00795307187881933,0.01783353479080046,6.653951899853269E-5,7.37700848222302E-4
0.056377572353376725,0.002752434668257697,0.012970737006918635,0.008124315392579852
0.03411406274427967,6.542646792543002E-4,0.017156281058374658,0.0011830771770531651
0.09223641456932656,0.0022304329716873283,0.0032696143523831623,0.0030287236955859787
8.810417598692416E-4,0.0022001098986442797,0.0010533968087012024,7.50162385055489E-4
0.07584957921515502,0.03185101659903411,0.004187483927404526,0.003891211832495253
0.0013226579745611979,0.005236444999094047,0.0010546542291321609,0.0013102891189315249
0.057882159776920114,0.001719191074964835,0.004720062499445577,7.763264930224986E-4
0.0060147450418064335,0.0087552441878736,0.0057957047239576105,0.0026522206710655784
0.020992905935861037,0.01419541420337544,0.0023449630146991558,8.290225146649063E-4
0.027531054260463508,9.707552190740944E-4,0.008165886780389762,0.004151520250177589
0.017702247326464377,0.022908429216950202,0.0039279926023960705,0.002684831099783381
5.557895235304458E-4,0.009766338109905943,0.01651455062030888,0.0025975752638436383
0.034983764400855225,0.003941489943273438,0.0013581668745593304,0.005871266974187869
0.03878950120678817,0.0017746496441972967,0.0029673409072599765,0.005010503566056625
0.022239974236733042,0.008696904684037285,0.006803935320660088,8.464242162359917E-4
0.014619690749226115,0.010874672364499785,0.007315721311194436,0.004856027863537664
0.16965955167169008,0.011719634659740527,0.004741246322650748,0.0017922667060230144
0.0783131158331194,0.023993295274577497,0.017475516649767934,7.588368654225136E-4
0.01766722694021397,0.00840807976433614,3.8777957425062696E-4,0.004379201415065234
0.05327907823571051,0.021342610310436563,0.004148716736027048,0.00869471397382246
0.008844766407003374,0.014188653664714695,0.002235159605281695,0.018621092405727943
0.005001239671622558,0.002854028485719732,5.028701288993102E-4,0.0029905672574080007
0.015341257870191869,0.04482476567488239,0.004578360620349758,4.5105377762772906E-4
0.01965654024847742,0.005652666782642575,0.001271482551488758,7.193594937054814E-5
0.022793736716271922,0.00849440012916568,0.002256048485050029,1.6191727613303023E-4
0.08701531504325986,0.027598829891368987,0.002082923996896182,6.030781948894519E-4
0.006277827014421825,0.003394326451010249,0.004310096758671971,0.0033057487180871317
0.003780289917920982,0.007839853045577548,6.873459123428542E-4,0.0019951311164744566
0.05439382795239066,0.02416391257191904,0.002895007006201659,0.0032530330398949413
0.011178273522596342,0.00382438202394073,0.009116767147889162,0.0034450816051941695
0.002576508507862912,0.004037660172792909,0.0025970143322568686,0.003028204107474787
0.019912304549933965,0.004535931355752979,0.002788426929575663,0.0019083879299787352
0.02426921216013801,0.002010134630286428,0.00280293797334118,0.0017231033816682893
0.034469875858887326,0.007072788954008036,9.255275362102876E-4,8.653577451610324E-5
0.018543629076158214,0.0050229962030336325,0.001340010558592038,0.004803524941839904
2.565117283580323E-4,0.004031059910774885,0.010259890357653567,0.00221944839952144
0.0027560367479113066,0.0024701574689160724,0.00689854477287836,0.0039012621241379403
0.003502482715720794,0.0021032501103652253,0.0013560935563975774,0.0033048363746706324
0.0043886214385123945,0.004818385038255293,0.009363873641347211,0.0031660392151937836
0.003831889664864406,0.011713818205238763,0.016094236468190727,0.0020487591934583893
0.008782045013414801,0.009453242479256021,0.0013576952172086587,2.566103857365064E-4
0.08243261300596902,0.014074995633240599,0.015683910502173406,0.018832683072501567
0.17319427729749678,0.011768672258695755,0.00785121095610015,0.005576253613060759
0.004093519233615338,0.009041589507550898,0.007390981065434681,0.0027340115183928614
0.0013226579745611979,0.005236444999094047,0.0010546542291321609,0.0013102891189315249
0.0209707962853503,0.004287534966176441,0.0020314256268852797,0.006148925462140676
0.002113612641134053,0.003883755799893348,0.0052686006590916485,0.010949290290884034
0.02373736297767161,0.0066764094955254726,0.0053916492668602285,0.004205465544642497
0.03114088973250037,8.321842766278299E-4,0.00504800600324229,0.001971080677713415
0.07377963817140964,0.06520297147836525,0.0018358245409327847,0.014706598204906505
0.03232662938138468,0.009985382745182304,0.004130934025043001,2.5525614292053184E-4
0.12940186496895364,0.013282920446477157,0.0011120748427815488,0.005624827850066564
0.07138351236131826,0.022081279691042406,0.005541778714062941,0.0032114325715522827
0.014624411248557229,3.420463753143044E-6,3.694496594119997E-5,7.178890433685031E-4
0.0031868114736899244,0.03738705105907227,0.005375830040558494,0.0026988069357659823
0.004555300717455446,0.009793299861972825,0.010523141552486725,0.005212303675911582
0.012582578075057898,0.003858343419860928,8.194671205594557E-4,3.51572321683124E-4
0.05503740775849996,0.011328881101598754,0.02176903383618297,0.005871067888048941
0.014872446487698962,0.002291330337842216,0.0058834406394919075,1.4361600660483894E-4
0.1510948229247196,0.006429539839968791,0.00830635978677895,0.0010406114983858787
0.05455561625460056,0.0140252919337067,0.004430452396782842,0.01032140478760111
0.02723687894791322,0.019387119301852947,0.0013370678148811642,0.00210546251502657
0.04118278212789535,0.007661342111456434,0.00315151254592689,0.0067533679034110115
0.07197959857196413,0.0022654529298750787,5.426011843188913E-4,0.005526649342867025
0.005394351645374775,0.005713942746208709,3.7358968523269336E-4,4.414927958652777E-4
0.06821545347461094,0.010302285793155695,0.0017971251406479036,0.0020365253756431667
0.021192505364571207,0.011042288361999514,0.012839227513009609,0.0069134108687878846
0.007329960827288455,0.005125601038269861,0.00660438098644195,0.009787265568603742
0.056197130169653706,0.002753495886366912,0.008452460340658073,0.002142166297548646
0.009432650439351644,0.0037443032919201205,2.1703544979062933E-4,7.644360848339495E-5
0.0074456283097706685,0.004558925528685496,0.004187047335663262,8.508053897981787E-4
0.03431245673422862,0.014610873947396222,0.0041663904511742055,0.006309823173697018
0.012910113774832383,0.02212538809959842,0.012249520178983623,0.0043397355022707675
0.07633657546906208,0.006440696972062717,0.004279736281241801,0.004024102922487461
0.023804873028469765,0.005509809398790547,0.00789509427561495,0.011401840448840739
0.16296779792829238,0.001546695024670366,0.0023307324881594415,0.0015771111851396445
0.06883598589315336,0.011522044534156464,0.008239665214277027,0.0014244599726703658
0.0303158054521558,0.006461463683587051,1.6653513472798546E-4,0.007392630302513519
0.0027174742527564005,0.007252313207891987,0.009434942238396402,0.011138354455804867
0.017177005972051955,0.012802829800540894,0.0021115980226965037,0.0015045565710125586
0.007102062618875968,9.538128528381605E-4,0.012798581946177666,0.018933303806082658
0.009065159190404496,0.00796612475101313,0.003476144374296203,0.0014058480564631268
0.0126992937105383,0.003529491209663821,5.386507675396539E-4,5.559675509436954E-4
0.01421592617485226,0.005252232358966478,0.004959707695929391,0.0027364132625116865
0.0059302040627503775,0.009527690154965171,0.013784309344088204,0.017243781762201697
0.010053230878668126,0.010239918428816688,0.004441262920760446,0.0014596735665061255
0.10800598117348761,0.0054324445497275125,0.010799304848391911,0.007259149223536236
0.11164928022387584,0.013884382641971268,0.005518669874123015,0.00769678167474754
0.0027116739187825123,0.010368502242053027,0.014260025838787417,0.0052235763089633685
0.05846164955785316,0.019616537101168556,0.0033789743535526367,0.0019974386362928164
0.03824578472545028,0.027744196331322107,1.6557623305769873E-5,0.008200778180611922
0.0023704942744552596,0.004041674702962836,0.021625902880766493,0.013002404165138528
0.039738546045616885,0.0048239300595389716,0.01978593596784265,8.862487012118928E-4
0.059127960014299895,0.013988648415215698,0.008724299456773551,0.003668523040878691
0.002827708988688112,0.0011127021590480997,0.0012284312194464086,0.003161845694947612
0.044783905331749974,0.005897299845600101,0.001143845171362878,0.0021918700853082408
0.022969366761983877,0.0037088657662763666,0.004835608559457355,0.0025759208246274217
0.14513143274642762,0.005479779686150677,0.017049779719530787,0.002371292152903604
0.006929167013935693,0.0026817328796697685,1.621348595804591E-4,4.6421284259213575E-4
0.04483262972842225,0.005655907036350566,0.01843964820865291,0.00501692527156243
0.05148474596100568,0.002204737160633338,0.0031314440734795624,0.00110401913086696
0.07009061304526887,0.009617787527289517,0.004976727475801452,0.0067677328712350306
0.019248331691424144,0.006316107699111343,0.0027769479552576986,0.00104425931448415
0.03076350892599311,0.01621416167197714,1.3663524971947616E-4,0.004959794900206739
0.016055452745867536,0.003435551416681189,0.008071264236876475,0.001084702760313248
0.0431723766283292,0.006550439916282655,0.005066373994738247,0.0013033482955941865
0.013048679149386533,0.002346889150064626,0.008646867180464427,4.913127266158158E-4
0.0028646251025242504,2.7923770551131453E-5,0.0010523406821073887,0.0034436657026592765
0.0019415999311068802,0.0072484199350830595,0.010740933483948115,0.002309096451854827
0.06890350517702021,0.008466621655851742,0.013353486416445636,0.0033103048545727338
0.018333476482682645,0.011871150898061693,7.318494122076138E-4,0.004459004513218378
0.05720893397959814,0.0025089009015392435,0.0018775057145166663,0.0017120044805560757
0.02829755226746894,0.0035637016107184652,0.0013974788321486481,1.365237902036237E-4
0.016258318006664326,0.007432039759822103,0.005073812612852253,0.017610457213801303
0.08128847141632121,0.04139246291207093,0.0037432799502944104,0.0066114663372879795
0.015990026099513083,0.016877850085505408,0.006514610298392619,0.0022671683548781117
0.003001505798265147,0.019038605963513394,7.041224029920265E-4,0.004767639933117731
0.04962949164259285,0.007760267473194489,0.006769233334865622,0.0056064657352283285
0.00899041018880054,0.005620454762043541,0.001061210420172252,0.004662657643010367
0.048357061614841636,0.003077270899063176,0.009199899520252288,0.0012740001807933718
0.006268400620353452,0.0023348899405754913,6.678030268126847E-5,1.8055058632522982E-4
0.013493817228778477,0.0013163441824026404,0.0010621658208491453,0.019646173752616156
0.020065325420201768,0.005623373873887457,0.004418607909659149,0.007901841103673153
0.009920922999828866,0.02039159518304252,0.01894676858398222,0.015911114563686546
0.023402025467601433,9.582385168618251E-4,0.002368485532479611,0.003369705616246893
0.011148455198131837,0.018851419819992155,0.007639489064526955,0.005538993325251584
0.0012742556035773708,0.03306975888780335,0.011939634325576582,0.0034672408231345786
0.021003506980748588,0.016131510557844175,9.785347292345387E-4,0.0012814971564163123
3.4257542259263603E-4,0.0032710644925963888,0.005040162234607499,0.010878549578837363
0.03432678024910234,0.012186817071822568,0.004966170907094145,0.015389320705553109
0.001771065664250665,6.830114310733643E-4,5.448291966282584E-4,6.040554971849857E-6
0.0010549265255177305,0.005330306105021117,0.006467444559297178,0.0015539983081285
0.07772687993673065,0.02327852109727704,0.00508946828124968,0.010176245693324393
0.006963948728180952,0.014025083590809478,0.011470585214913103,0.008580178929267638
0.011934912324950423,0.0030390518825622343,0.0014184411102887886,9.085093204120099E-5
0.016256090226074858,0.010076768694336016,8.03772909250402E-4,6.938361011400428E-4
0.1001308601917699,0.025605043617968892,0.013026479476736016,0.0026980603133547458
0.030982504409639636,0.016814321055144372,0.011091195684137899,0.005762717310522159
0.0023869820918074568,0.011890536298121607,0.006624892468646255,0.0036415370247258657
0.0783562857988434,0.0022238472992759913,0.00777355873953603,0.004704680998331636
0.0354719799590815,0.005906861058295552,0.0019672914843677715,0.0030528235831068285
0.09304776196885643,0.039665490106541273,0.015862998548439453,0.01510807388159022
0.05454192864879722,0.027727666603523434,0.0064839361605416234,0.004135927064479872
0.16254187268012768,0.016813960884261226,4.293304410022267E-5,0.0016457999632510675
0.018465002623933986,0.005905747192691769,0.0016213597911445905,0.0016414567239673888
0.03250874386501946,5.808736629095282E-4,2.66655329003801E-4,8.604114729170868E-4
0.034774916853987564,0.01984304551208908,0.008405680768828153,0.0035947913430469597
0.0011201336027442201,5.382620027741311E-4,7.040309338693237E-4,0.0011757021013535924
0.06685991690286622,0.006539446693068292,0.008791076369820574,0.002238562998808456
0.10799018270921609,0.030105631574340312,0.015379337184140654,0.0021290044399533132
0.03414735210086552,0.015708786534661543,0.011113005181539912,0.006808921620886956
0.021309108414557184,0.01611481592025493,0.004002448903168356,0.00859176866498118
0.010858751298416052,0.005681795381993828,0.0052372291206115775,0.009511227912996936
0.08519186892212252,0.02639639029946671,0.013235247367481526,0.0031544380949096867
0.06717391704079541,0.0014245212947893086,0.004140219534752706,0.0015885208719038058
0.0014411463055970563,0.0021174804005731048,7.430051092981346E-4,6.015916456273426E-4
0.06801836771310463,0.008843839105769151,0.005523258923987518,0.0065920864660015
0.03500539874840659,0.02034870748434586,7.242280638398123E-4,0.0019564205603357435
0.008238496930108672,0.003174307403742069,7.051487869434273E-4,1.6873567791915957E-4
0.023420131590785168,0.0034353486787186104,2.8720198360241567E-4,0.003426448857134655
0.06368436624174505,0.023709887470757342,0.002670929735913354,0.0016208291970860249
0.16342354073201404,0.013126721361290743,0.005593632727252289,0.0016986267228493496
0.08010014932163582,0.01968823472617922,0.013663240354715679,0.002131096331831171
0.05825556872936657,0.0065118923379645175,5.153240221948563E-4,0.00335386058528915
0.06464762825600696,0.050793170417788816,0.00741828939162388,0.011244919697054476
0.01984937989968338,0.015234287412360221,0.002274305850829069,0.0023730553815706546
0.002667987757343812,0.005766901687904555,0.009398090073284772,0.002173805264736281
0.003281646361973987,0.002385994199763331,5.132825045045283E-4,2.791333957306075E-4
0.0031529343117872883,4.7806385863980247E-4,0.006065854006923369,8.985449145212265E-4
0.010771971100716761,0.0013784205805392785,0.0054133547956672565,0.003622402549276723
0.02186880890682733,0.004061843331532098,0.0044786048322982275,0.0010068338949359562
0.0514070720862279,0.0200143363091407,0.015339764535743582,0.004177490511886331
1.489291537294563E-4,0.010280257344934802,0.015326326275803296,0.0020602899483243373
0.08548352020471643,0.0199053762521339,0.013206008257878118,9.9910135125047E-4
0.0066730950180697675,8.327746377273905E-4,0.0025269567057195,3.353938450856953E-4
0.09833839813013845,0.022628003252417234,2.515213963980889E-4,0.005374975103853373
0.013992049929092906,0.0012162747296545844,0.007148231199512981,0.018543664278006067
0.0031982662947530583,0.001579192896820934,8.25247421786144E-5,3.794697838924534E-4
0.034180779598275944,0.005366942076899556,0.0017074530261622222,0.0010840421507806116
0.007743122393082669,0.003134916509606403,0.004386358675136945,0.00667979607248718
0.16739837409051278,0.0039112695181753405,0.003742889506101542,0.007272177748452135
0.10089045973700769,0.06150531297995167,0.025241097003647767,0.004430942036655633
0.0540412519888993,0.002902199678725291,0.010303269118486015,0.001991765149182564
0.001724931421137668,0.004568478496387159,1.9967793647621712E-4,0.0018164507199146494
0.046214282208237784,0.0075230414700554965,0.0025507963712086347,6.768926470026086E-4
0.007151507376212901,0.019559775548911747,0.020269166207918556,0.0014365958868074707
0.00541986782881682,0.0014204149447769566,5.335589425573201E-4,3.4051730418109517E-4
0.09212339355557829,0.05359656793004291,0.002335944123669982,0.007177679939596541
0.013071099220074715,0.004111791343878144,0.001438007645747259,0.0011318974612149102
0.008544020126172091,0.017302077452569568,0.001985137787247371,0.005406608427085653
0.17948563731906025,0.019158662845214787,0.007384017244233227,0.007662045629580659
6.598198520308476E-4,0.012697611064233874,0.0033458501380123264,0.0031026541835680213
0.11329520387183585,0.015132733761026673,0.004044432943749599,5.178399553161502E-4
0.05441993352745396,0.014254568087181261,0.0027204385075396127,0.0010284174587866202
0.05152152080761371,0.020392750802623847,0.006295415227207,6.275941511720328E-6
0.028283397896835705,0.0354017272302958,0.011583416741566585,0.01212970916502895
0.05887777869654655,0.023449439673005702,6.968626787861531E-5,0.002461054478834936
0.0032554311947802614,0.0026354730141397564,5.18513284237187E-4,0.0033968169774158336
0.04950401209145868,0.017721939140058044,0.00590375150143688,0.020060085249998545
0.03530413253990639,6.729590108032987E-4,0.009044545954686777,0.014985169376514153
0.00455400511193223,0.008202172172683422,0.003675597572432975,0.005033260266786117
0.06051627872798379,0.005425238038804265,0.009361906049359058,0.0023345031934539264
0.05952396717888346,0.005606571472060608,0.013951800329873598,5.701888798476649E-4
0.0382091440392909,0.0020156923126188886,0.009098946904408019,7.16950330336601E-4
0.0027738395515339033,0.0019479967616602633,1.2802273656758572E-4,5.661681153208355E-4
0.10629564078570916,0.008082757748690132,0.00965355455705954,0.0018999526311057312
0.005371429215517379,0.010040003144425174,0.004284882157258998,0.0047111100810290855
0.04137098957858251,4.8754866235879257E-4,0.010964787607924017,0.0025576046911756816
0.11602698732300606,0.025433813649906448,0.004231195505127311,8.264458028674177E-4
0.017153033438507236,0.010408343218058705,0.0030666005061388054,0.0015126201286411577
0.1284803833480658,0.006947876937905381,0.009452241396785322,0.003301764393444637
0.023331938882230556,0.013269649851142888,0.006865032419984128,0.0022369322989553293
0.05785034347849957,0.002134820653897006,0.0035011936612879776,0.003150150219305252
0.05800044735381954,0.01359329745840693,0.0071481934529834265,0.008558429588695977
0.029982994913585744,0.006896409875354885,0.00621559980440339,0.003169690253408524
0.006275728573659471,3.832299786056517E-4,0.008508262679977693,0.004674930103935849
0.006578973334322243,0.009105149643485024,0.0041445659743998935,8.26505391111085E-4
0.016258318006664326,0.007432039759822103,0.005073812612852253,0.017610457213801303
0.01344005895124689,0.009530025311291655,0.011837634029697812,0.006486540800987171
0.025325854933089073,0.005540222491509553,0.004700071657840957,0.0020822754085596295
0.06826975164648197,0.029367714095967504,0.004752306144141255,0.010222527827876611
0.008724875293856803,0.0029451887435900177,0.007039385728923421,9.763544392378948E-4
0.02420578885792816,0.02137610433366853,0.007222982018123504,0.003870908599429585
0.007319856164716836,0.0016220819307581427,0.006001657871128036,5.772354250809707E-4
7.265318746527336E-4,0.009200944633553336,0.017160137750868238,0.004056716718750311
0.00950714720152254,0.002956172245846717,0.006349698468299661,0.0011850403962763703
0.010288365783755072,0.0018102842910365227,0.006521281461818768,4.954247539647862E-4
0.02905636967029833,0.01904983649245984,0.009667596106783556,0.005521764049216273
0.005300617447739493,0.006298244143537657,0.0020490188941153556,5.599152850606396E-4
0.13021937915894372,0.03453015246991247,0.0014248347329492816,0.013783165986817785
0.019573882754966094,0.004396015812097371,0.004473634340625618,0.004879474100634964
0.17710193014257536,0.009655961427859829,0.00311224828905545,0.0010136771999661983
0.019122925816231543,0.0145840010750736,8.955004088819767E-4,0.004064031976685042
0.04717611654759349,0.02368458697874904,0.027675715132522666,0.003016040923074068
0.026287697433107073,0.010253974423549316,0.005559014131669022,0.0033188756814110493
0.05500015063376142,0.013004153141698456,0.002820123317197536,0.00795941099281907
4.2126776841988536E-4,3.3752431732758155E-4,0.0010866983369236095,0.0025566680218574275
0.02707856081730479,0.007256310217803556,0.01023369763543308,8.734128718653787E-4
0.03110922251045705,0.013935234699856552,0.0012282061814084216,0.01153466396881001
0.03325716548527485,0.0057505306532623065,0.0097159912875533,0.0016405932249321704
0.03612571330374128,0.01291147663178791,0.008292570210376759,0.0077626818838872815
0.007025498948993965,0.002121988482613247,0.003332475559070863,0.0025726112911895783
0.018598908102911118,0.007894839525766308,0.0013164085298523636,0.004011088045456728
0.05398678212065309,0.007240140523102516,0.009373483049412623,0.0019467291632347104
0.004906773266815762,0.008039086866121264,0.0027943009496446923,0.003291290357160474
7.611356391626213E-4,0.0014642837039999745,0.01267008493372866,0.01429994814344717
0.10489795383938687,0.013506991290787732,3.603938976586224E-4,0.0014237260697461443
2.1015712750399655E-4,0.002351994671527226,0.004136942706153632,1.7476666646198993E-4
0.020580382580887645,0.001342360228411583,0.0021165321605403128,0.010565040332631026
0.05017049702171251,0.023710314637281335,0.014094794106595324,0.007466094458741177
0.015918329838684308,1.2749951532606797E-4,0.0017910645410531643,0.0010621277095083607
0.10291138316324516,0.015834083014661337,2.020897679821577E-6,0.0022835596566550837
0.03953224721039355,0.010321443007107082,0.004128813269107361,0.008371241798955799
0.011223668003596124,0.0032719792499474668,5.85204929776373E-4,0.006693558813007926
0.007531477636031275,0.016889667647876125,0.02479671108326708,0.0015705727814401787
0.01775747499809958,0.012885578676290244,0.007944096518129272,0.007269722948231509
0.048733150860693415,0.019700357211568893,0.011777967542866818,0.004324517309646043
0.01975675734586413,0.013095905061302388,0.0021382419138583787,9.2623860734728E-4
0.06954314844097537,0.06325212447292622,0.02040130645272153,0.0038934207676574756
0.016357300814753076,0.003018867061128269,1.5096928054436794E-4,0.005318613870282977
0.014037950744411129,0.006246083703902488,0.003393467527787149,0.008779183202520635
0.009738435128936804,0.01438371084875019,0.003982326238960383,4.063901556228267E-5
0.01399567653382991,0.017561318706811185,0.017117333236919257,9.68762252868926E-4
0.006035461891669475,0.003428830759666389,0.004702331739158391,0.0010807245650230508
0.011908381040475853,0.004169393878897353,0.0053552153392038065,6.970880958530685E-5
0.0037315617694103818,0.002485244504375197,0.0016897588613671317,0.001393199493756538
0.05979918387503858,0.015881086609029565,0.005588262192923394,0.006750289315711387
0.04228132396870761,0.006088675027412567,0.020483039079432514,9.491312669765316E-4
0.029087942888688684,0.01887729134787799,4.894410775678566E-4,7.511964182196388E-4
0.028844375974895135,0.0024625928395940583,0.003422205053725894,0.0028902309357020164
0.015355813700109088,0.00823063186354615,0.002085166874971415,0.009788500187722265
0.025138058454735993,0.01117588605858361,0.0027409254795329346,4.3076756650114697E-4
1.346396328659201E-4,0.002640421158302373,7.385212706824132E-4,3.8585003866760777E-4
0.0073657836379156785,7.5745335563996E-5,2.6211201422420905E-4,0.002604312194529024
0.07318911129518138,0.015481119933909226,0.00807438683672949,0.005423427585121906
0.08612520248590204,0.007263160359830277,9.862233816280205E-4,0.011155253052444308
0.05528944766038406,0.018620729230997637,0.00204203958148915,0.0027074307746308393
0.03195038746936113,0.009639227529346846,0.011445895850335657,0.010795483346855875
0.012490869406155923,0.0033849173244035356,9.9788514480566E-4,0.0012604570291700262
0.034247372327221,0.002771301075411213,0.0014703311343223988,0.0034710866531106385
0.04235189905014744,0.012616540177015712,0.013423263155795324,0.0017128509594818877
0.003831889664864406,0.011713818205238763,0.016094236468190727,0.0020487591934583893
0.0013263459256355203,0.006133732191252234,0.0046165258669097,0.004656497503205728
0.019276009892441683,0.0023971522371966456,8.835593146641172E-4,0.0045672838237334
0.006671828775940571,0.004068385075957037,0.010401992441237117,0.0013620339638482535
0.0566802583491506,0.00834635108521314,0.0014460925848839216,0.0023981606283486755
0.007103957920032292,0.015891249829418284,0.004509956597576718,8.332749573964519E-4
0.01251325465029864,0.012544666107099825,0.004116889802454434,0.003100703340779597
0.0035612901475325577,3.992597384086653E-4,1.6591455438327306E-4,9.766388241875127E-4
0.025231290411387268,0.006457743121422801,1.3673219770987978E-4,0.004398724619237835
0.006844138139797322,3.2070888088326174E-4,0.0011643538694188732,0.012044128143117519
0.018159582573231543,0.003590309371984639,0.005921554719956811,6.174102576831972E-5
0.16669262353183673,0.0011878271220158087,0.003959249126461666,0.003924539172614104
0.010833196891652597,0.005037130783501405,0.0013867191171061998,0.009135885143913773
0.023346216811769044,0.013267711116472344,0.0012622072172650694,4.73690918990866E-4
0.007071696407228371,0.008878993738008984,3.1755329628138873E-4,5.621175939462087E-4
5.971291441365026E-4,0.005885287535356288,0.001519455052182136,0.0023364488915243353
0.04413891202821563,0.0011599925289507119,0.00391057210771002,0.0017390898277906235
0.00921608925003234,0.0015380308736020133,0.0051920869304508364,8.573043448897571E-4
0.03720846936906538,0.009474614764184106,0.003011427535796022,0.004562045183758277
0.014759335595033162,0.001039799440626318,1.5788074621970314E-4,0.008054954055875276
0.03415114908766938,0.014949953247647613,0.004162465247342277,0.0062982120762579774
0.0972414727839322,0.002788717383606704,0.0013174359239768905,0.0035223996004950854
0.02618323891108868,0.021096270178235597,0.014878534390633233,0.0035725237822618948
0.002686823669940785,0.00451740755297434,2.0091988009833398E-4,3.6374323303472767E-4
0.01800273461573396,0.0028867059975043593,0.009364588848326274,0.0034715277354434517
0.01743690829964437,0.0037384064065536906,0.009884201115251184,0.0051138603817951584
0.0020176213014348626,0.01258443059480643,0.0010251858192450696,0.0027331262951938665
0.0013627213276865525,0.0012364274286123923,2.0085513785342242E-4,2.0807358483166706E-4
0.007911184429031309,0.011343820109845085,0.0012829798813235804,0.0014168769485815576
0.06163672852882844,0.0055098598196068145,0.0032879853284603837,0.0034181174813624733
0.10394469839010129,0.017991427034384926,7.431990396922676E-4,0.0017412632480502382
0.030281376497093296,0.01934698314401236,6.576100262331371E-4,7.88770207427427E-4
0.0014612257613161237,1.0910481319321966E-5,9.987100977817537E-4,0.0035305041321077556
0.01974218707338613,0.004678443364485042,9.092623599397593E-4,0.0022599807911552676
0.02001586329127013,0.002573126294350629,0.0033649723542155925,0.005085625121134193
2.4768979639897808E-5,0.0018091238594391103,4.7631566127736495E-4,9.417792272699101E-5
0.1130699728950034,0.06107822504111037,0.012490581403322355,0.008907789076653535
0.03180802969900528,0.008072288127371804,0.005799613694769035,0.005547687372456175
0.0036170427682052603,0.007814019824902473,0.0020109594691573108,0.001221824606303137
0.02583706003128748,0.012785361885801,3.3713927128806425E-4,0.0012588040121616862
0.003993295414762962,0.0026943317359113374,0.004530693743462133,0.002067401338511359
0.0018447585773832555,0.00883868463125448,4.414057218582007E-4,0.0013773347512278165
0.09132568353053937,0.016916641058373393,8.765760905480816E-4,0.0032364970475552077
0.03698998202103398,0.013428457265615581,0.007371321507751841,0.006909524354376886
0.10762183212151677,0.010406512830121254,0.011625033446907646,6.518766154320798E-4
0.014001989480985085,0.004300625991870942,0.006762491343338744,0.00387162296236341
0.01287972144661372,0.003850342308854071,0.001202014626593817,0.007321844317039036
0.06301206354224156,0.020752807268034093,0.005327021590967718,0.004661604574215826
0.02706525275281652,0.0178885383665212,0.011038468936060475,0.0023559544997208987
0.0551171894200833,0.0016071825704011822,0.0011003791253783755,0.004783580695882163
0.045183335546731734,0.0026686715685595975,0.0026774387864166994,0.0011592397909042235
0.09121674827955968,0.06477322242391173,0.020277011370308205,0.0034739641392861763
0.012954682710761932,0.011270991122437957,0.0017438539038283497,0.0034455704269595153
0.12572883045892483,0.010240617532809485,0.010064593726224638,0.0010629839290860086
0.003908986100354851,0.00479793053728155,0.0013254457101064114,0.0010877306415174096
0.01067119061730642,0.0011443213194675408,0.0010629799163353827,4.738989072765093E-4
5.842268309395598E-4,2.1051239581598193E-4,2.6599586944644425E-4,6.477885706121988E-4
0.015891517941500406,0.0048139085616227695,0.0026629927401591717,0.007234292038568212
0.01784967058274371,0.002272240808143953,3.787652014407051E-4,6.159452507772997E-5
0.015017311572653635,0.004787523694593949,0.002806762551951968,1.9550214515353894E-4
0.1421293808836233,0.03173131657750726,0.0018000059169245436,0.012416892318784215
0.004661364389707601,0.008042355670206234,0.0032822327423850583,0.002143002950485899
0.028436731400187442,0.020950097954460668,0.00524587012620555,0.0027106573873950384
0.006995789643135505,0.0018197692180913873,4.433961227869098E-4,0.0016670393853744482
0.004822877988910251,0.0015797750304007787,8.763101596533886E-4,3.547784393250857E-5
0.10152647675978203,0.027815021280832564,0.002689041578553087,0.001531570485481141
7.437952891106934E-4,0.0036536729368133636,0.0025214366592448976,5.64273080880502E-4
0.0027901690033941906,3.4669089379694377E-4,6.254234872381437E-4,3.41402919238612E-4
0.015948172510542504,0.007066409643670255,0.002668793116177221,2.96749946239983E-5
0.05926423847732985,0.015051489130823702,0.014409293198070952,0.007727934403921846
0.02108582049577004,6.17583386483686E-4,0.010421362877120966,0.009090067203140723
0.02462349105265312,0.01227360222962948,0.011829219714921083,0.006245673779666888
0.020282850693539623,0.0025992376400648495,0.0073553141983753725,0.008699767433011926
0.024122913240639907,3.3004281987746703E-4,0.0021662983670334385,0.0016423712536785256
0.005210894073967759,0.0029610910570212817,0.012392200334664457,3.213541717193066E-4
0.009646042683714898,0.012406670733935312,0.02474700709893574,8.593435919014584E-4
0.06780472148169903,0.007357241252200352,0.0033582339419452063,0.0077719938835107616
0.044544334761869496,0.006043800632700018,0.003692807275393837,0.006048485339175348
0.012766405657273609,0.002688265062105282,0.0024109466454780965,7.442986135380264E-4
0.020468520647187422,0.011079062497233262,0.01720113774311845,0.021314391962789822
0.1842848998462248,0.007903246200619217,0.005375473811173404,0.006872962334690369
0.0151253057345152,0.004380956968452992,0.003845174571149111,0.017211162934210877
0.005817353732653571,0.006725352954980741,7.974870327906387E-4,0.0017895955258941459
0.01903172854792054,5.798285491375655E-4,0.011059913590682919,0.0030261221686424702
0.002495296491867313,0.0010698143190429627,5.308938747468091E-4,6.900540768827431E-5
0.030183485564590568,0.0054163434940567075,0.0026944853005919345,0.0010215011473080164
0.007717229775896406,3.3063549527362037E-4,0.01984426429487575,0.009492879850919159
0.07745827587886135,0.05870900754111089,0.012383815658439719,0.0013098541944727227
0.08949853479833826,0.028292813689451215,2.8356059923845663E-4,0.003194923065838652
6.962717947056554E-5,3.8741458768294185E-4,0.008750884797471612,1.1536173351891356E-4
0.004732848456692679,0.015794660181068117,0.013959426909601268,0.015067362366275532
0.024003129311132382,0.0010920406609884422,0.0019821251375801946,0.005044457255439114
0.15832970763232537,0.007077935738322638,0.001173781371084183,0.007292975505534177
0.00760550410995556,0.006801280153834265,9.101571901597288E-5,0.005970005927499855
0.023709885980966922,0.004178912539036604,0.0018079164416598687,0.008581420240965016
3.6224541699772007E-4,0.03623358276546777,0.00357246264698717,0.011595344441989857
0.017238678299948757,0.005988603566516018,0.007706297985293947,0.012583635021922907
0.0033388264963606466,0.011343016621394636,0.008267146516508554,0.012235544087061703
0.014475098704602623,0.002274026916461188,0.002472548716408426,0.003855923834871013
0.017443407966473597,0.007319828351213727,2.645564703427566E-4,0.0019247779329191219
0.008084134193666244,0.0144195238741643,0.002292945255152869,0.00273700323861144
0.00883033897944713,0.002518732679506633,0.0011977491892029666,0.006359108526915473
0.06654842716695013,0.015694147775084155,0.013836514928624475,0.0057940214717697
0.0032420234863050927,0.010926529114297411,0.01026599651928807,0.007588775754738586
0.01194503879892548,9.388654913984419E-4,2.2478506579375502E-4,0.007974089264350701
0.028030297765461707,0.007901457215024985,0.00413621392583773,5.885773658474891E-4
0.10861284239410694,0.06671277675162764,0.022020052369182197,0.0032886588960305448
0.01678750649964809,0.0022865712661984242,0.005974871901769052,0.005472109301315005
0.016055452745867536,0.003435551416681189,0.008071264236876475,0.001084702760313248
0.003546511426923903,0.006265207678647648,0.001485232193013823,0.0023846323638497405
0.08542156331195953,0.008028417537568146,9.463864151075924E-4,0.010300784727640417
0.004097838505247224,0.0024367210093310062,0.0059971346321994025,0.009821212593341224
0.08637661208960583,0.014460360775959876,0.006047589028944788,0.007611721074928895
0.009031846203965056,0.016794884426629176,0.0013357423356192373,0.003277310743361548
0.004261669913498435,0.009035999584454224,0.0038861247224601346,0.004071049790865281
0.017975399136396362,0.011753391223245986,0.0011235998609874507,1.1596044912562122E-4
0.10399129676535179,0.006059981490100798,0.009255395264273814,0.006027798175859821
0.047409571349842465,0.008757738421388278,0.009149113921540653,0.009072930950968231
0.10037293688913539,0.009742084659062398,1.0894440398387972E-5,0.006538590765344871
0.008826222285071383,0.0029848126344254365,0.0016683420581244382,7.616510785747266E-4
0.015376156303172144,3.4333870101445705E-5,0.0014794298428735453,0.0016800250044697897
0.0218796388008952,0.0077943216336044925,0.011788503862703434,0.004993639796753075
0.01722886179989051,0.0012866475367324525,0.00335708441097801,0.001690691736282344
0.05538017986206034,0.006942455803602495,0.008701717690922497,0.00452259584865685
0.01526856128021325,0.0036724034539731515,0.003357639176212644,0.0036561136435940235
0.10867261131196047,2.9806614063528926E-4,0.0013993340767279082,0.004219847013571072
0.11052247343167722,0.02544388455382797,0.004695788766066967,4.050791149718714E-4
0.007022415413516192,0.0015761914876953201,8.313215876264553E-4,0.011293426530527824
0.0307207141971721,0.0029029826099196093,5.356751295949882E-4,0.005222149443088559
0.04472729900260094,0.0053599014696867515,0.0013412627642942038,0.006571782023273135
3.4484005328560207E-4,0.004662706577504418,0.005305694569521584,0.010969908493154995
0.009623636822190008,0.01042355254281099,1.9113707661149644E-4,0.002612735051515853
0.034887182274080955,0.0064187452242341105,0.005819237117609924,0.0021311731774298092
0.03357598967680284,0.003167660644806404,0.00855695512384277,0.005868903418449591
0.013833046134605877,0.0010410884524018706,0.009357422834604764,0.00458156053797424
0.17367491588954298,0.008318205498032616,1.6575146932663268E-4,1.59737363789702E-4
0.10948398857422577,0.054531465431520106,0.0015993806294962382,0.003755614008785791
0.039809042841832815,0.004732312659815088,0.0012850713446385601,0.002311504749901231
0.003569291396737729,0.004497775369588282,0.004742386794623565,1.2329777663072847E-4
0.030663167438045594,0.0045716640165112555,0.008296577388127644,5.827272556842674E-4
0.010603310125102738,0.0032871605054678905,9.621125463700695E-5,6.314856402954288E-4
0.014583096251646423,0.018292116183913014,0.007309350155012303,0.0054699794960063365
0.02178295992221326,0.007037442044773662,0.007504228566411818,0.01901650257632478
0.018984221553418845,0.015665371338458065,0.020295720726488487,0.0026561102583526155
0.08353527403567632,0.02468586124740077,0.0068811640356713135,0.002408793532660512
0.021343443047529213,0.021877306754978083,0.0017784114130265638,0.0030828084774692606
0.020512536802045473,0.012339314727196325,0.007505922460251576,0.003674859574121343
0.17868649007404805,0.011028451509026272,0.008714833710173564,0.009825368601388738
0.0219206416701488,0.018038226844706233,0.01801904101053286,0.015687136143943944
0.03230602617536765,0.016635153427256147,0.006928047102950902,0.0022894554154604518
0.012193221377294006,4.202554469725645E-4,0.003889489977102971,0.0010335695712745338
0.0017917601383936905,0.003819247838124086,0.001106122330851375,8.055036820025561E-5
0.07894794250271686,0.010277370894309934,0.011179107260735463,0.003958065793116892
0.03819721288263304,0.02749870541112103,0.004771321481177374,0.003257047849946487
0.04111623521019684,0.009062317802673006,0.025387135773640362,0.010036621413517117
0.003921755902946877,0.0031970887801700204,5.129535882931235E-4,1.6142357178582073E-4
0.06592925474960144,0.052862603705723925,0.006805261539499509,0.013615259518589835
0.003344345807788669,9.316222671567195E-5,0.002916450126925684,0.001349759581167464
0.021172040928087315,0.00491849550768722,0.006309569270007863,8.281322833276051E-4
0.1249173328916245,0.0014308863715957792,0.011979973199515994,0.002414956929783534
0.08679470299237453,0.017151781293618537,0.007053927198877149,0.02346209438922341
0.022609864563665087,0.00781515813929273,0.01631018677386242,0.0014154018310997235
0.120361639748271,0.02140494737049405,0.0028258171614953566,8.690961566299833E-4
0.030402198529086932,0.0069409327114090666,0.009276672296982908,0.007341660498672702
0.012568738128694556,0.01201855526749799,2.7598679823614286E-4,0.0013357520974287115
0.07526376602593303,0.013593370990252769,4.935360348397349E-4,0.001405072843775476
0.015336325228574131,0.01638240715061577,0.007049687282711187,0.005554273441930048
0.026110935771867454,0.02112311408617715,0.009679665906489075,0.010933697870482694
0.119153420824922,0.011757585310758923,0.005217650003787232,0.005446083623703879
0.08314315435644619,0.004840462928622806,0.007514313902145141,4.363718179333671E-4
0.003547859048823363,0.00551407220933732,7.618225148573366E-4,0.007413969419244581
0.0743801440065249,0.026132392884486808,5.825329984007831E-4,0.021155524963201614
0.03389433502003965,0.00459748920481964,0.008929390398094752,0.010236830467686812
0.028611222047665946,0.0031833780399907682,0.0024598056647939007,0.002093526582932177
0.009648294995935416,4.002514105902595E-5,0.001540074876306732,0.0027282776202994974
0.018030063358314384,0.02239594041260554,0.008355196838456348,0.0032418131736233866
1.3465583791986182E-5,0.0034384646954048054,4.3800993233252965E-4,4.620973047002483E-4
0.055508941569918625,0.00996281697523636,0.012414174916805156,0.011643540306249464
0.0012543792135328985,8.742822217010096E-4,2.164325652541201E-4,3.386640249208113E-4
0.01005932603565615,0.002277695468609445,7.910732536994016E-4,3.232207060819223E-4
0.001456910856252995,0.0074234639110037385,9.22158010500656E-4,0.0010513083359624056
0.009764653075894367,0.023982354475000717,1.898850482812575E-4,0.004726533680505147
0.16535709518265168,0.018884474067754453,0.0013448224225602442,0.010535648112188635
0.03315457422019602,0.01861610123364904,0.011942668297693635,0.006750666156240275
0.049213018009741955,0.0019486167026286235,0.0026286866629440376,0.003513189820720946
0.03579863496751963,0.022871153024247883,0.005739742114738334,0.00180784030418441
0.005963658444391762,0.001968161694583006,8.52407890877055E-4,0.004278636704989513
0.08080756006347707,0.013219053192580477,0.0044758648085603415,0.012967808856242465
0.020236949752357746,0.016200975306773738,0.016462160315474258,0.016718514152010998
0.06981905559751728,0.03579926666448991,0.012414790505391694,0.004379715234579256
0.012969434047190875,0.00340716139725697,0.0015086211213553666,0.003460936497555174
0.03750678065915554,0.008631488304234144,0.009263111445108937,0.007591668263904011
0.002250491977988805,0.009299236136738796,0.0034717523409645706,0.0022980814315956043
0.01953854739805239,0.013580228682354086,4.328673983301201E-4,0.0022266142900649946
0.002434675240627669,0.012603742279901011,0.0029093593921007263,0.015654735198782715
0.008706721986711765,0.0021418262567667688,4.570736132797028E-4,0.007093986115724182
0.01096758949456095,0.002892676957390387,0.004293411113436895,6.733217252682897E-4
0.007250270017442957,0.00938617281188728,0.008732056356268824,0.0024643450350395227
0.0026292981982326746,0.003971336035526537,0.00358692428684381,0.014662684653844033
0.009193837691639683,0.0029827632281181275,2.600268501634378E-4,4.982837800517746E-4
8.491545055143267E-4,0.005612771616894619,0.003693330320591004,0.0020811402810367915
0.012864821291132216,0.004236706781406973,0.0054910425931213955,2.0071480744599077E-4
0.0034835821736552905,0.007435728622162538,0.0022497626617911707,0.007166471998498566
0.04737951070054041,6.950227973927911E-4,0.002883980073674079,0.004224202172011737
0.024581219710044025,0.009139416140561421,0.0062248240239012875,0.004721063114417538
0.0032425488433361787,0.0076000075882530545,0.0019123025189375343,0.008261999459674426
0.01554392523401698,0.006599031695901333,0.0045671808689218135,0.003528118209348565
0.031784846243710446,0.011869973287482344,0.015954256615578432,0.005070699160757986
0.08763940664816715,0.04736877424813947,0.012961665672181578,0.011293084468528058
0.0023678701268618125,0.001928360782612674,0.00827666763472766,1.0962423725775055E-4
3.7847253370112147E-4,9.316485819249818E-4,0.0010359748493256739,4.998913473649852E-5
0.03828071148115183,0.01111895336528462,3.197127943760914E-4,0.023174255985351697
0.03514606248346223,0.008135431867108878,0.005110127334773869,0.0015580857344624625
0.03176987335722612,0.0063010989604068545,0.009345016760891537,0.0030476664606772993
0.010976378313268156,0.0023896000131073303,0.00284930062531957,0.0022274525896334293
0.0206414296568249,0.013592637359303125,2.6347584866408783E-5,6.984518197387498E-4
0.009411917592126716,0.007155220134977805,0.010643275041748548,0.011622502945329058
0.006390537309819945,0.0010996084836033357,0.005735788453184546,0.006929878559275509
0.021042701560482355,0.012097966050393828,0.0010520760215330463,4.271149161317978E-4
0.028024530781453786,0.01329265016089682,0.00829737685506475,0.001284868610924349
0.051009875652021135,0.0187180500238341,0.01605618030787207,0.012699967488139459
0.06268667257967675,0.007165425533212941,0.001824781976144735,0.006539009784856948
0.003916897431679009,0.022730667587375315,0.0013693770122609756,6.213323116021051E-4
0.03994807570447161,0.007397988994934591,0.005408534080933209,0.0027258430300270836
0.034966388627667204,0.009163318410338992,0.017981397975065837,0.014346132163111515
0.02495535864213425,0.00768266872350724,6.85722870462503E-4,0.009470849916952972
0.024057884775056087,0.0033263154773037393,0.0023405849750570877,9.752533433758869E-4
0.025999893308270048,0.002012278433430173,0.0031656492872887063,0.003726742529742792
0.19768817836098435,0.013077456875252953,0.018623587531434293,0.009714686726271488
0.04032974382524694,0.013530632369986959,0.008018972736092032,0.007213064182387455
0.022613354989250992,0.010444696457875715,0.0011433508519112336,0.006027749051817806
0.021118452635078177,0.004515988618569228,6.411602743797793E-4,0.0023272198839472324
0.009701707932540918,0.014150044269868368,0.02490805868066851,0.023025633793572645
0.0678050883115589,0.026666202534195157,0.002273981100267522,0.0044323829393609964
0.002763766558005438,0.001577641352243093,1.3700312207209648E-4,4.287440319233672E-4
0.016511752774833643,0.004130374170464199,0.008392618447547073,0.00435275836932081
0.013048679149386533,0.002346889150064626,0.008646867180464427,4.913127266158158E-4
0.11928693181832954,0.024122144917528426,0.010382304536593353,0.00414962277415917
0.018372288005612237,1.5722260149967648E-4,0.001654947386294799,9.375135852571385E-4
0.0033632561139641842,9.51381657182172E-4,0.008612787798569194,2.131785819907334E-4
0.08881868699355813,0.007694632318368903,0.001673110031603649,0.0011523840522110237
0.009171830294959861,0.008657734424971773,0.0025166463131137433,0.005951375120350173
0.023959728105076437,0.005166764768709463,0.01834549904372542,0.010968061489396594
0.007237559864499249,0.01629240731627491,0.003563980395556819,0.00983641275523649
0.01131037308410731,0.026455096850972054,0.003981568690725815,0.0015726387463179952
0.02857645565228879,4.75430174025047E-4,0.0021077158958117403,0.0034718361135960686
0.05334314477110697,0.033045329165047925,0.0027105476370047864,0.011240729343574235
0.006725558810222696,0.014165084643662276,0.006745827008399508,0.0030352583348840483
0.04350954204538041,0.01891809273632167,0.005336461586626591,0.001011099358606224
0.10834314208212002,0.030278459897916506,0.01680272944391585,0.0028055414913199846
0.02153025429671222,0.0016898112608352215,0.006254053079639863,0.009596569197891067
0.16254187268012768,0.016813960884261226,4.293304410022267E-5,0.0016457999632510675
0.016648023897032436,0.011874875980960315,2.684150792140456E-4,0.0038987885839193446
0.09055604160417491,0.007426749070614493,0.01984793524026055,0.0014864910083495762
0.11123990636152983,0.014789267630160094,1.6832349155188208E-4,0.0023502443565974096
0.08215539480877503,0.05827932944215204,0.03178549593850886,9.656087163063177E-4
0.02160955906517575,9.11725558373355E-5,0.006969078043796829,0.005658138431303087
0.008203006068478689,0.008471041635355964,0.0013439026733710478,1.6708595582331213E-4
0.031245437486350263,0.013516374369652698,0.0055708232652580784,0.01081378685570782
0.013105275182615691,2.8213294232917643E-4,0.0015997682142480706,0.006609801718805977
0.023393360929926804,0.015464727260807507,0.0012368497491550383,0.00214903939387524
0.07411751588631363,0.008440799374709955,0.008501002687034763,0.006573848212174971
0.14229435478297753,0.03084723540515358,0.007271381139451819,0.004591565149563979
0.02198766918419317,7.660182565383684E-5,0.0018516605108518252,2.897665346571127E-6
0.00992620911816499,0.01092352651125389,0.005898955110676376,0.0015667607424847136
0.011937555492718884,0.0033907051545725856,1.5698917777797546E-4,0.0032159474752288353
0.019403602422422457,0.004741754487345268,0.004469675096651844,0.004891068828070954
0.0051492792769545735,0.023332850376895635,0.008262177417605937,3.485951805481733E-4
0.0033173564107826714,0.012410699160831375,0.006859083628217609,0.0056085044861547955
0.022845997744986645,0.001110951924178029,5.11330494783047E-4,0.0023654453025971104
0.03959123624598767,0.01844818478267209,0.0012839849667110636,0.004930270218612147
0.009743364814333699,0.0069527026397700285,0.0033632340310749092,0.00919642865585947
0.0032206460374400855,6.886236767473828E-4,0.00159916251245524,0.0027473240552895956
0.0030951484220355665,9.404841052635659E-4,5.583013601882868E-4,3.7511435090063005E-5
0.03755462495228199,0.005403635227933825,0.007728983514129001,0.016970726795634015
0.05971095660863561,0.008509207618431294,0.01264516282715884,0.011266475108299603
0.00631934215519884,0.005416065545330709,0.003983649800393341,9.599155429340316E-4
8.835704456587871E-4,0.009399066315331425,0.004225672671257241,6.991095148439408E-4
0.016439705171976318,0.012356855616919047,0.004696075285338206,0.010491071677951297
0.016804797318063218,0.02568631894127466,0.006224398391280722,0.0037765707249143485
0.09779550220390487,0.06324901691495785,0.015290953352158774,0.0026585909683926275
0.007818713298429328,0.01703899749508973,0.004563781454969279,5.877579750094936E-4
0.03581620515023209,0.007572768597253638,0.012873377126229725,0.002640786079044238
0.007892195074189092,0.008273080880119332,0.008940044447942913,1.990777946515528E-4
0.06419194502350853,0.006551832488731993,0.005982106475225992,0.003656927301357398
0.03308410493360083,0.0012567747791758478,0.005577664011751238,0.0026694239421976335
0.0020224364877480046,0.008065109899896172,0.002779643514912024,0.00127672421577298
0.014895371352301756,0.007116484344590012,0.0021332762693264426,6.494304043993599E-4
0.001503588968552827,0.010908178027768283,0.0030786326678872464,0.0038844649556030748
0.06075894855588946,0.01688777943226236,0.007303490101553862,0.0018163604929329262
0.02147455858835587,0.01650862265606483,0.0026299676700468197,0.001354195595613708
0.07471980127259177,0.004365090802510055,0.008935100807934733,0.020407629379844475
0.04517160464116483,1.4476184795313108E-4,0.008879950420362551,0.001047529430311456
0.012159920529850335,1.1609591318346719E-4,0.013236648928122341,0.004065645424821642
0.0036465161312952085,7.41260984622701E-4,0.0014902858935555794,0.0010951743435764973
0.02727613049720025,0.00977305335872093,0.003276450377994499,2.6022874292726424E-4
0.03291487662437723,0.0018077095929989017,0.00839660254785093,0.009928280714970076
0.013427677298893895,0.00709183295315617,0.002182712927881644,0.008229386833603743
0.022592353900635506,0.005631544552403721,0.0015932911347352255,0.0034840989632682357
0.02593613335843295,0.012509742268026739,0.0034672789087427636,7.532821848400169E-5
0.024615530636477808,0.015690625703664106,0.0048066067184520025,0.0021741193503730712
0.026124503201673824,0.010161341597018722,0.002786141598225771,0.0033370082760937627
0.008448768911531124,0.004790191957421954,0.006711625315460492,0.007494938209728745
0.001312126544136951,0.004233746136287659,0.004283498882524999,0.006370220383597058
0.0032649677083430913,0.022866208929931603,1.5388866738830502E-4,0.00627939406490849
0.12119919654656412,0.02412170129515742,0.0040269367130198195,0.006968459128847138
0.0021114512076923983,0.0034951334189139704,2.9399560970635395E-4,0.0016672436142696784
0.011244747523154056,0.0028302277737535368,0.0018598828497745172,0.0027882784947495525
0.02852776115710338,0.0037778938090933683,0.008882719785058644,0.007863838265954801
0.007911557914034447,0.013257681938607354,0.012041042144810821,0.009472974983831515
0.019883351881878588,0.004561352876832145,0.009459402058714652,0.0012643232141297707
0.0011122419509939977,0.016051567787862646,0.01976462637907046,0.0056105493489353245
0.007069621818571104,0.007907764747724644,0.0016118088879101334,0.002734969790699507
0.010338841761900308,0.0064313277074286804,0.007654591958671473,5.921969543516141E-4
0.02686239404750476,0.01978042556514108,0.0011340170966334252,0.0020610382659862992
0.021477082692960864,0.0012497262434586496,0.00145545996006926,0.0016144569717627007
0.019385273192365177,0.006205714351254044,0.003394159264369779,0.01091424326916646
0.013978387172329668,0.006437512982903505,0.0015601991423129123,0.008367033178589002
0.008749491533356855,0.011454800748427921,0.0011023387198658375,0.0024139576220430837
0.002631567813994507,0.001170029202744882,1.9979827177687864E-4,0.002997448197626389
0.010573587155978538,0.004560277312964114,0.0038366971010281776,0.003571892965400622
0.05608381792750125,0.01746603413486698,0.002365831532513848,0.0034988564519481714
0.06032604805927421,0.014963310107426514,0.013681911443748168,0.0051854611465973945
0.014250084637379673,9.158132093057113E-4,0.00868397764814758,0.005853244290210961
0.04267040118638057,0.015291453743980683,0.011557895633938877,0.004284223245138797
0.010245360283408294,7.677085232716877E-4,0.011539578895062323,0.012530566628391512
0.028471910074951864,0.01131990754201701,0.015211930924454633,0.005206682768262101
0.025691122633805682,0.003149326712354306,0.005528296408068395,0.004829945850207042
0.13891610896760137,0.010682463633631095,0.006152901748756845,0.008694223155736293
0.10692813019985564,0.026927890516736844,0.012204997810886504,4.488597411222983E-4
0.04069726637709822,0.008991405215015328,0.009508182430192528,0.009743151386752413
0.008303989902980943,0.0168855632430525,0.004185126069173446,0.010454469609241611
0.04547764390333801,0.047100298119115015,0.015885265201362003,0.013331181654261228
0.008350786549000755,0.01464729481479687,0.006482526462046032,0.0018610100484161137
0.05756867529568792,0.0014790822630105015,0.008993879002532604,0.0011349089049065165
0.002576508507862912,0.004037660172792909,0.0025970143322568686,0.003028204107474787
0.04958040837427337,0.025074153914284386,0.008953500408291636,0.0026502835099965634
0.03741572931534227,0.001228024462994685,0.004177363364820559,0.006222601245919563
0.13875268114194542,0.008244770206756211,0.008799312056592963,0.0016793798721116875
0.01350039609626686,0.003861254834633869,0.005823542773866054,0.00687587868187818
0.007311773458634273,0.0011075841993105156,9.269051778850362E-5,4.626929743617557E-4
0.031149878989796837,4.7210974108703686E-4,0.0011580684413898615,0.006013478381716444
0.0879911868072807,0.012013504994464455,0.002165485705269945,7.088501988293525E-4
0.013709620867986974,0.0019918710643253555,0.006570241614649148,0.004534220580806549
0.02017716976208705,0.0018536412765173512,0.006741451942630956,0.005994644832668916
0.035769275039753176,0.003991103079827699,3.091957927902344E-4,0.00877059723019338
0.010207620071342393,0.010431694236827046,0.00386731339368782,0.0039234485627950315
0.018173778432925766,0.006942943858050257,0.00438510659127644,0.00587348451140642
0.11002305661306212,0.003922611366205645,0.014145210809352694,0.024171451671550152
0.003990381154777111,5.3932656605715435E-5,0.0029029159488522444,0.006108302569729024
0.10039661352837667,0.019057675248975742,4.435094855875233E-4,0.0026140906987987683
0.01546195257084995,0.01313330991530563,0.0015310864879574666,7.239103658707567E-4
0.05351934344792967,0.010688511396532707,0.0011047786469012594,0.0032031403607302444
0.0041769231720957724,9.04203320615523E-4,0.0011634412310359869,8.398151933026756E-5
0.015857837187991754,8.088033675849533E-4,0.0016234519815011535,0.001047486789379674
0.08682474321159622,0.0027685137111281514,0.01739972828889553,0.01276914363856946
0.009827918824677189,0.013364488686479027,0.0021909029033394664,0.0013320351212153167
0.008975864913487177,1.7109382347175043E-4,7.468815385319617E-4,3.069393621481192E-4
0.04391119238032827,0.00816139118729716,0.009026226401911296,0.016229838721966153
0.01673311218035838,0.021708545842713145,0.010552452488855597,0.0023989309359666545
0.014143816962996398,0.005275760697662856,0.0011908723466945502,0.001114953306757501
0.006648163455576199,2.154066018280162E-4,2.988038479869781E-4,9.917036428248218E-4
0.013947667266894313,0.011935243758887985,0.0012584282388101481,0.002902778740802465
0.08808602926527698,0.00777737975877361,0.0016804405248769204,3.6420136508551276E-5
0.0033664663235708028,0.01235942187677056,0.0010090457370017334,0.004505537421587406
0.08594529484640526,0.017305110518160163,0.018490833752224965,0.002011517582119219
0.07438208093645857,0.0037177259070358933,0.0057474038181774744,0.007030714616645814
0.00808260137890893,0.011219435530975137,0.015918045940462373,0.004815154881470773
0.04502429168776372,0.02820194226473232,0.0015469940957535547,7.471979772783302E-4
0.036819487245080385,0.002162506423546727,0.004346447284150637,0.0046768005259647215
0.015376699476340999,0.021001888736955503,0.006165131523122577,0.018550305464241065
0.022587201474513537,0.005973871111017174,0.0054968798153792395,3.4956643310652357E-4
0.0034859611038037318,0.013906178352147676,3.9493033449285045E-4,0.006543683557972654
0.03290208148924561,0.006101102935840196,0.0035060174615196287,0.0032765248678567334
0.033213343046270806,0.018344769108496042,0.0019118473319557096,0.006951768872875985
0.13264043449804774,0.008275354795681615,0.003002776766880092,0.00913088267411182
0.018105534344960955,0.02202598597081042,0.01603613952248864,0.004187750670966284
0.0016589552198839983,0.0032582955566417054,0.002409812541703542,9.93804754050624E-4
0.03610881519050196,0.013686256702743042,0.007750854414701324,0.006905388466626769
0.008198209678812527,6.692947248956304E-4,0.0014596391717861675,0.003096602085168307
0.014383403419812944,0.005216250304480569,0.007216813447751023,0.0038555112861220707
0.01582570875814974,0.0010181898319734694,0.003177808707621807,2.5997037729622553E-5
0.025373315937283817,0.004293837742382137,0.003073758853304641,0.001518951685838952
0.07678645692068327,0.010027530116804859,0.011258561876409981,0.0055191369086611064
0.002450912799805726,0.0013124074392668558,5.124374931316384E-4,9.591435508034103E-5
0.08074986501434273,0.05440066892649334,0.006165157598375534,0.01219614007844247
0.013272674350739847,4.823713902830535E-5,0.0057407810095368985,0.0014262148553764436
0.03396336489057676,0.002893721411168057,9.015820414211062E-4,0.004385816809796608
0.02663381246293315,0.0033575024488935287,0.006483934507546943,7.469465070932377E-4
0.03437805013473997,0.004041895943831793,0.0086677660640202,0.018401195358265666
0.004732848456692679,0.015794660181068117,0.013959426909601268,0.015067362366275532
0.07158464677435322,0.002666152533126706,0.005578570961981729,0.006262136969539794
0.006810881334605887,0.002916604026637626,0.001268556571159556,0.00597998489488324
0.020214859433121964,0.00171368370325444,0.00277486444215975,8.931306817943377E-5
0.013639163104869682,0.008400421723340072,0.0034841690029019145,0.006255930385945524
0.011485928639778074,0.014113791749275075,0.0019621765377018283,0.0014992557601748852
0.001973701273262848,0.0013862836872168712,9.49921877085889E-4,5.455041467143317E-4
0.05623294481043368,0.041463227819181145,0.03383424438631098,0.003728738097703846
0.08731402756716534,0.0017558527401466662,0.00812715263622995,0.0024815064693255538
0.04562665977573567,0.032793118677764556,0.009467398941933327,0.0036475630121280836
0.009825647032387549,0.0016880119236895622,0.004126764396624814,0.0015710189600091921
0.016219252565412772,0.01054075713832015,0.011104110357121328,0.005307636573640942
4.62327930909202E-4,0.006883001511727077,0.002988809021038461,0.003292695781670577
0.01857700116823459,0.014210471895550069,0.002271292639518679,0.012135843560867674
0.028733571685260254,0.010609994502771902,0.011178010075700464,0.005671716557721652
0.04439530337571197,0.003711249879501557,0.0016666249971625097,6.071723662625425E-4
0.06571148562700276,0.015278868779111611,0.01046666001625733,0.006119682933271686
0.025955459604269746,0.00606366721140471,0.002430767361677433,0.005693248297957259
0.006811281627458841,0.006149517700026986,0.009790714718759677,0.005047919902200817
0.008852290969756559,0.01729069409425847,0.0038332928330600527,0.018019400849520254
0.006674371726776755,0.020301804361548492,0.0031116641183071402,3.4506633875623904E-4
0.0033510901244534334,0.0017777193593804905,9.292752013177577E-4,0.0012601833752974012
0.06780117858755234,0.004952592037841943,0.006861509044002015,0.0023634281513163027
0.005476058055922803,0.00757055279377652,0.006401076383418975,0.011221595632055794
0.10744214465151618,0.005163448040314038,0.0039144168710422,0.0022581920289226256
0.008378945459269174,0.007211526070109281,0.003233085278041643,0.006661101807071743
0.028387254138863952,0.007991029147655987,0.002141501234454043,9.056280255583207E-4
0.015373473761607666,0.009473741964148515,0.005311380746760372,0.0017742013570370755
0.028024565900566963,0.017090294374633212,0.0012858442966715861,0.0028636188501190486
0.06460082630313572,0.00880371833861297,0.0065903815047590585,0.007786239108563113
0.029205374040855263,0.0097336610161389,0.00425518796114674,0.002094178586109838
0.09002738335891397,9.707227176511389E-4,0.0036776898128197976,0.006485619561973945
0.08034204374520196,0.009537986818436985,0.008586196340934799,0.005725538616089646
0.010972658440080102,0.008189278420530318,0.01277915789529294,0.004362941891360792
0.011617746475102034,0.0032635589104888377,0.001382447022797956,0.003551325898384814
0.0195150836559267,0.020045497946121923,0.002870492912667784,0.0013692615883883167
0.024960147791635724,0.004788772422841103,0.009511609009388095,0.003261746048292501
0.022556810306170714,0.004124363892371859,0.0014162766440392672,0.003401296549580575
0.11325394443023686,0.010633354493351689,0.004810183312738761,0.002230264032394381
0.0026071515234345416,0.004265255508530417,0.007954798946061964,9.337859534218657E-4
0.015216610726578934,0.008341455379674598,0.0016000119419362169,0.003429303759482364
0.1330220845041987,0.00522962241007718,0.009499022678660074,0.003258101646115274
0.02230955402651365,6.262629487587795E-4,7.179234591609385E-4,0.005096030705271076
0.07971511143693798,0.005186594344088168,7.695454446814641E-4,0.011455009476370388
0.014251607998744566,0.008081527695667877,2.1117487184777236E-5,0.0033592266184130056
0.027391309389810894,0.0036453299004790348,0.002071844387726729,0.002332067294829054
0.011460776633348024,0.006323320152063429,0.006280343683883551,0.012379873247230362
0.029275828466258768,0.014257844779866732,0.007235497835289616,0.0029020521318941918
0.054761610724017536,0.008106694742949259,0.008189286694954221,0.005748959267050079
0.02059765038458563,0.008553192532166472,0.0034676255084833915,0.0032788202201067774
0.024503931458421488,0.01236180148166194,0.004552566627444383,0.002791847932620964
0.06075474122247867,0.02248726888951482,0.0011572912789831775,0.006788935709979833
0.05746558628030332,0.025101841044954238,0.002292675958761036,0.0019622343437964472
0.07299911874518665,0.024860790179655576,0.008862501831164278,0.003460474188812653
0.1335112688559495,0.0070295386475503225,0.004544166785371447,0.005781793223973208
0.09273751929433373,0.06778206677510401,0.020110559302387178,0.004219513713620479
0.026530271310317596,0.002542271855811207,0.001868085549089046,2.533619085377368E-4
0.004425612185930208,0.0026493892440377703,6.278187012934663E-4,0.0036010873076661107
0.07848499870758871,0.008972280924119887,0.001972798511269438,0.01716340603000971
0.03158866056390809,0.011468653571061782,0.01116259844559166,0.0031022067101203945
0.04860086210347146,0.012145690540460434,0.005016430625466635,8.638805763941395E-4
0.0025374529946640186,0.005245228780664686,0.00146133882711693,0.001198943083269405
4.465354569281289E-4,0.008732379061144878,0.002450615293005575,0.016075763539710942
0.0929567173965272,0.020098325876813865,0.005398270228364851,0.006855065214893125
0.010924340254634067,0.015776545675231613,0.00135422068626651,0.0022829772485929425
0.008242159136687608,0.005722291481588338,0.005912398155930375,0.012219667338396526
0.03498649968807862,0.00486760337409767,0.0028869977596926236,1.1222156548141025E-4
0.008747648533696152,0.01629782277125416,7.464585952949418E-4,4.371453766326266E-4
0.007874173549460803,0.004057308532169831,0.004567667607974035,0.0070369130774411755
0.07880232557050802,0.035909558374888406,0.014810669334567192,0.004964294927331833
0.020297934617338212,0.008244567309413423,0.009586455489280306,0.001560955507424605
0.02122101835883441,0.026496998240640904,0.011887183865229797,0.004481778000169793
0.006952365982990429,0.004608253994139359,0.0014241667115861372,0.0020368365816654157
0.02269142682952176,0.0020442397855068442,0.0031579728532322928,2.137415818165437E-4
0.0793069897814671,0.06812427603488992,0.021289421602859168,0.00542168002098169
0.016593809399830697,0.003527421614642847,0.007759074543802434,0.0017036031451990582
0.005791649083285642,0.006043750305549497,0.0012396190266532666,0.002989394235114054
0.028701110273606546,0.007277579637293235,6.816781383588159E-5,2.970471715636516E-4
0.02769517531313897,0.0059181216352420145,0.006419029031222836,0.004039322783477559
0.03259171163188255,0.01309071220610442,0.007490548102091403,0.006739347830767133
0.013506617665492547,0.011412833929886377,0.005768368776845666,0.00852010351343189
0.004555300717455446,0.009793299861972825,0.010523141552486725,0.005212303675911582
0.015277965716874313,0.004451122932566705,8.034667878389756E-4,0.0014978581846205904
0.031507579530976916,0.02006817267659488,0.002984593420752161,0.0010479580820546355
0.014486500662504903,0.0029035251461096393,0.005570027151691225,0.005967967522575022
0.050427302084153885,0.00266587120855497,0.008695745634929817,0.007039501176329821
6.185239718519086E-4,0.0024843265167372205,0.002373358849430751,9.721413204557795E-4
0.00862333989855855,0.0039220361787579905,0.00377177135056983,0.0036419065933430876
0.04932306963705807,0.05641072975851887,0.013404373093916877,0.0028285664605166567
0.0402858834400248,0.021827736187505463,0.0056821554053167874,1.2804400031563747E-4
0.047561217646983595,0.0111402132775179,0.014239652728075123,0.007270601420977934
0.009083716944067375,0.006768384053513387,0.011018327628127204,0.0032854891337241814
0.013648157248137855,0.013416948328848918,0.0050891692770919416,0.007352163628340959
0.003913490498479975,0.005416709086727777,0.0010519647454597858,0.00301348972643954
0.0030951484220355665,9.404841052635659E-4,5.583013601882868E-4,3.7511435090063005E-5
0.09448258328902405,0.010004577120862028,0.010973433571784335,0.003907243762233391
6.80502357376348E-4,0.023587956233884506,8.555023143873075E-4,0.009396742979375457
0.014620283500055092,0.0023763580426166817,0.0026029754361892353,0.0012204785340420557
0.03171176890104219,0.015084522177550812,0.015367035010197153,1.4554858044765498E-4
1.5382918986750396E-4,0.0033326585055864976,0.0026539430628589778,0.01105385524210055
0.010778940294408361,0.007169423502807761,0.0017152728344571738,0.006279923093492009
0.11585040686501,0.027029312385369233,0.0038729993059812926,8.352162735272117E-4
0.01019912109674414,0.004175782627488662,0.004696337541356714,0.0016292241900474835
0.010716931085549984,0.016175995164058213,5.8194821260297255E-5,0.005838158265453722
0.0249520667070821,0.005928186259155761,0.004901898167432474,0.0020378501272762
0.006716208361561886,0.017493836934965118,0.007692045887380335,0.005530057464956777
0.08811329436564519,0.00810418915474776,0.011184202975497406,0.01203587017749436
0.06841705337881916,0.009091940893206345,0.010107718101818553,0.01851600652229769
0.0030694702060410973,4.389546562394128E-4,0.0019513565469301366,0.002627116296458393
4.32888573341394E-4,0.007302840276900214,1.5019721151240037E-4,0.0028800872353838916
0.07877308450817738,0.057888686095276864,0.007234446834817469,0.015328226087006083
0.0016299501187984461,0.013084272053919686,0.01582391038631107,0.009121158335301402
0.030734114242264826,7.171395853174111E-4,0.011545854500021583,0.013961277393998859
0.002575326134927375,0.001591877210716746,0.0017330720379309461,7.259085754551391E-4
0.09234276215586577,0.02024906146464311,0.00393752594150289,0.006378004661657466
0.01626243148864367,0.0068640800905538,0.006911602934802087,0.004592431892119065
0.033080598286578215,0.0014712247970624039,0.004504175655652472,7.41380976248964E-4
0.0029611397055601253,0.006293544185750394,0.006226777128636456,0.012384033512596343
0.009859325112675494,0.002849951010087926,5.275752043687725E-4,0.005802750596191766
0.0012701006133988947,0.010118062408637817,0.00107799948541456,3.925791420724021E-4
0.00808911433301876,0.006099822233506223,9.291216834434183E-4,2.2624590014863914E-4
0.006891523951319921,0.0035511636225877058,0.0015458376665684333,0.0011862946548129687
0.007406067601142156,0.002475575208155452,1.9513167010083016E-4,0.0028943360535371287
0.030656156546337916,0.009368268965609636,8.035798063895607E-4,0.0011252994204904074
0.06101887781092245,0.016891077387556328,0.013860879894682572,0.005161769695895816
0.032861875325207186,0.016173473379926372,0.011229535547578115,0.0067321669483832135
0.015982408994628428,0.005146730172498903,0.004277965051779295,0.003246099047722313
0.06275392524312524,0.016129965431023057,0.0070599223823315975,7.366933277128925E-4
0.02027622049264081,0.009933239662973685,0.003660304454470287,0.002824724701314783
0.0026238659323858473,0.009015146771360954,0.0018596577191779813,0.001246092459239516
0.08351472559195186,0.027134162724477023,0.003018354455661837,0.008171598971695697
0.02521194792375889,0.010575796723287558,0.002174720256085427,0.0011732296155242206
0.020385676200156674,0.030714123084438515,0.0019198199399042372,0.0030626372405159934
0.013160878584411173,0.0031962588271286633,0.0021397258453728896,0.0013950018549240156
0.03659075197294051,0.004927135466352672,0.02018918610154072,0.0014471696871070072
0.03052333007420638,0.0024549401397795526,0.00685498778234331,0.004892985040665636
0.025188650817062074,0.0028537732959715784,0.00532768893165089,0.01767909840020833
0.03598606809243166,0.02381430500078176,0.004671624316145565,0.004065789409168033
0.011585513496868552,8.269314432723193E-4,0.00786132130975452,0.009454672389711552
0.04183969936936562,0.004824432952727297,4.285763774009564E-4,0.001577754080559508
0.038902941727517466,0.012675379915573545,0.012203265739563084,0.01178458929311473
0.01882409824112104,0.0014049197668003157,0.0063059159244620135,0.0021072880518978
0.01594562994483882,5.306491966039624E-4,1.80788593214232E-5,3.26386203622086E-5
0.15909364616539484,0.0037714958713920307,0.008490954994371415,0.005487677639382522
0.026108644253934055,0.002756783382257863,0.0022233014037657027,7.899581922097045E-5
0.026382883082526523,0.004772628951850467,1.8697028805030177E-4,0.007425145897600653
0.09726079711255083,0.01486556794641725,0.006816658353403007,0.0033783373512679795
0.10000122785816133,0.016317720852680382,0.0012498907333458036,0.0018682345510726615
0.0043353437457386386,0.01010617159674166,0.001808781808903379,0.008651745058293607
0.11951504349995697,0.0018549903067587629,2.9747698784185814E-4,4.0927474509628323E-4
0.07423366898608692,0.022038960434333857,0.00471470206065284,0.0021120694139860376
0.023033090295589344,0.005945704380536423,0.0062908935172480305,0.004073175018895502
0.07447359720048163,0.005327396223119197,0.004189508819315032,6.894241779255819E-4
0.030904698084183314,0.007011761918712493,0.002274805880980824,0.005540025472369883
0.017092207488369655,0.0017759641960623889,0.005836664644185521,0.0026410553415025435
0.0010118019893509862,0.005664688002079902,0.007167398972216943,0.0012694788565545958
0.0285863730396544,0.03519504101187858,0.002397194899760588,0.006512336129140109
0.013797392842246996,9.815522342099608E-4,0.0018746410981719764,0.002326534031942687
0.16626697888175065,0.010105985158507426,0.005552360290026627,0.002245318219284838
0.007708393806244174,0.0020909596936070133,0.0010043713282356884,0.002557959887139973
0.09130627872349298,0.017787242625339195,0.006021852135684659,0.0015142892015779493
0.008738640022372924,2.0049364010803742E-4,0.0011595721685265458,0.004649496145248928
0.009032782727361442,0.011682871976777469,2.1971115165260823E-4,0.0011643285353788255
0.035230166533743085,0.010479605347961107,0.006783543404923167,0.0059344938656058855
0.030942632018474716,0.0019477112532723636,0.0011531530877742892,0.002500149665245848
0.039710207279115214,0.031667133832170145,0.001118323481795038,0.002731298633788984
0.005548215283915928,0.0033312326873244963,0.0024779040352325456,0.0018780959754522899
0.007173548759630417,0.013952530625460006,6.293774698761957E-4,2.239031871539651E-4
0.05755164112990929,0.0032592332081803344,0.006336401807184351,0.003113322760803018
0.05870214723844714,0.011960163405679566,0.005119116441114445,0.006661407264850199
0.035452635668441874,0.00980319464420882,0.0029469539409529254,0.0020375170483406917
6.557800709630125E-4,0.001504651045348206,5.786723639862743E-4,0.007717857529436892
0.05893773551049302,0.01576618462506119,0.010269522988268373,0.003423159097723005
0.06088991734537524,0.01568204379311851,0.013891503500460102,0.0051291167044838016
0.05915490915932003,0.02000610933276778,0.009744177478823059,0.00832850707971751
0.13219928521802643,0.00835157055611782,0.01331948144693769,0.005028942480074884
0.07854403368010475,0.02694180265379311,0.010531621617835626,0.0016960075241181634
0.0057944252901357025,0.007978554459950686,0.01151671781949179,0.0042189368368053285
0.06555291932515123,0.008718849854034556,0.008537502642804883,0.002623668026366448
0.02607641555547873,0.008321653652066316,0.0024293793130343634,0.007380539978918259
0.008728823451152952,0.0014712899581974315,0.005771099076682444,0.0024408322719574266
0.12745961027836397,3.840298693768904E-4,0.003058458954335696,0.0060238602454339785
0.06860078422913322,0.005325225224145474,0.0033170567221174206,0.0011422842208900854
0.041210024592041754,0.004186419683193159,0.019285345182677813,0.0016970159336249719
0.00604803588019954,0.0027218898929578382,0.0011330342943497225,6.066430305883152E-4
0.11069969819605818,0.019181300263901982,0.0028781900800509907,0.004162099839089662
0.07453453111562558,0.05817872443525581,0.013508510008136477,0.010154924041608095
3.467658118841501E-5,0.007285286860613664,0.005988454991273494,0.0014635514703030855
0.014407424249445881,0.003856481832622546,0.0014632032715737214,0.003262163970900648
0.09392795693349781,0.010375896506540286,0.0047682952935468636,0.011656380837895258
0.004561988374653084,0.0011858196320877958,0.0013041614343413776,1.8238858076349815E-4
0.008837570276423765,0.007715270990577229,1.1989766981701425E-4,0.0013961970369576733
0.056428748066066035,0.004904637712459833,0.015604592190505154,0.0012196947208693088
0.01199216271135581,6.360446667458981E-4,0.0055038896590097475,0.003050950652998429
2.547416291178561E-5,0.011187501238991416,0.021894989244089936,0.008379008110582358
0.04132614299766002,0.006564592068626675,0.0031568090154777914,0.002407454814860058
0.0094618725631667,0.01539618739251572,0.004131881693398238,0.0101092313386428
0.029076218868475553,0.001262005489172029,0.008245393560629902,0.0012587198182282525
0.07438208093645857,0.0037177259070358933,0.0057474038181774744,0.007030714616645814
0.08027601681440907,0.013006466611027633,2.3246282539844413E-4,0.004887730201437007
0.01931340092437045,0.0015175159717463207,0.001695398026438358,2.3237477605830682E-4
0.011379306244997108,0.0019444467625753033,4.7397711843239225E-4,0.00438736378698337
0.07917618457773128,0.009684462983554938,0.010128653706574833,0.00399636239701911
