5K,50K,500K,5M
0.014811836594196973,0.0030774011912471097,7.390712640670167E-4,2.052988175551307E-4
0.028432505063712084,0.001106368293904852,0.004172900094529741,4.475642601172323E-4
0.08187801810206186,0.007101844911784817,4.57716612596355E-4,3.768006314247436E-4
0.04933267457757966,0.005099010504135867,0.003464511884378363,6.84984729179406E-4
0.003044486136060735,0.017732720556558088,0.005882227809785013,0.0017317638839211126
0.016298385934343153,0.017580441176733772,0.01958121571864481,0.002614591400418229
0.057518929580435176,0.005366631288311988,0.003816816677158803,0.0023071043543761195
0.004581770646195598,0.0038295519327356154,0.0014135033986266904,1.3550806058609731E-4
0.037646416335896195,0.0011405102343859134,0.002730337885628696,0.0016648841812142501
0.02393573066896666,0.012649232307959233,0.0032374643673691974,0.0037511234962178423
0.01126920259344925,0.007287114476867544,0.002016010915471065,0.0018540882776944766
0.009820636312112947,0.015592884734454535,0.019495223816131772,0.0023013465105188448
0.04391958693043756,0.022019108317654985,0.005220959852120722,0.0012914420190711263
0.010345569163311048,0.006464032864377518,0.002590910824124539,5.245256183630844E-4
0.0058217266891568645,0.007215096415475923,7.209527495385786E-4,6.785143338597503E-5
0.019695402815692677,0.004132293598859447,0.004611534953608064,2.6023240796896375E-6
0.042478455419432765,0.04764583280745705,0.010139426320942106,6.4226455288137E-4
0.08666721336293316,0.0031599613045623937,0.003907655175171678,3.4939512344258283E-4
0.008104328570910414,3.215323492799646E-4,5.322959609345692E-4,9.343491201540865E-4
0.030855178807693655,0.008341636255383958,0.0033343476658097017,0.0016124979149707524
0.03364397817647262,0.010860090592482902,3.0998861568811776E-4,6.116241072937826E-4
0.014752724867510714,0.010187572298159845,0.00243505075562207,0.0023042464038619277
0.04882036616921265,0.011275518878058837,0.0013513860718765813,6.53963330290808E-4
0.011333045374419369,0.006308419666172171,0.0022025079347056907,4.6429227152658235E-4
0.012288430484216807,3.2436677634955054E-4,8.743267450571854E-4,2.209712578824865E-4
0.08493066366901343,0.049668279794361885,6.084434158353973E-4,0.00193742796787322
0.010653929643437556,0.0026591742858469835,5.223536257612764E-4,2.3868533096201084E-4
0.01296869712089239,0.007047105266322936,0.00238281433936935,0.0019899346123746155
0.06480980113236798,0.010274818747593832,0.004889577140502827,3.820959950089101E-4
0.0018588771966155115,7.8124245348337E-4,1.6562108175901977E-5,2.158102878261563E-4
0.22063439638726487,0.009565576645732623,0.0018858177867756047,0.0016235817345952395
0.17839380214492515,0.015520532773282558,0.005389727042057197,0.002722049390705384
0.03645325081431252,0.009504211398600897,0.001490985621710936,0.0037837720359411844
0.03536063763231192,0.005788605596067629,0.00111977486592412,1.2138136516943863E-4
0.02369178374272753,0.010342992858404138,0.0045912343704471135,9.106749390173594E-4
0.014147370979802093,9.497876957373278E-4,7.068288851261447E-4,2.4118602062953893E-4
0.07911055723898523,3.684868285062639E-4,0.004212664392187693,0.002399357377434452
0.17335235492075715,0.010524310220663356,0.004763061560966901,0.0026031765844575713
0.02212700416246506,0.014645825010527086,0.0014056980508117397,3.836601773070994E-4
0.08131272625933954,0.0588522373113918,0.01657293874790842,0.0029788418414114248
0.0605065016620059,0.008353905797818332,0.007518022613539327,0.0010684490177361068
0.027481900119395112,0.01232996650801994,8.442432978451312E-4,1.4604230748956905E-4
0.036722045007222155,0.007411614118855529,0.005819445639051003,4.31795415705945E-4
0.005794680413818365,0.005649031614392727,5.142734059784268E-4,6.566568703561903E-4
0.042636075178245164,0.005301950576633684,0.0051497768832337015,0.001663901065514435
0.0036092878142278363,0.0034553313780921477,0.0014518380952605525,2.4330632330345948E-5
0.06496981462739751,0.004011626673169501,0.0053630959996181045,0.0011431023730514942
0.021011186706953632,0.007239808161779188,0.001389685748710404,1.1501412647552905E-4
0.11127833106761591,0.01583199687468214,0.001490998649721148,0.0016443301275559632
0.014379554332357748,0.0025568961455108754,0.0010882206194739689,0.001620317639253021
0.006790857555448765,0.0025018708711362133,0.0019518534955917785,6.777964142950004E-4
0.009487835839074218,0.0035113686052986987,6.405610721515583E-4,6.484361823852731E-6
0.1052228546374395,0.01028255202550384,0.008932844873531787,0.0011983146170165943
0.029422861866184334,0.0037854564383049804,0.001001956730926396,0.0012010317072502445
0.01771492610182955,0.009337253925878032,0.0017469129009967893,0.0011693919545835761
0.0388908901192696,0.00614377163402632,0.0019480649779644024,1.25675694441376E-4
0.011331589104120203,5.797129839276453E-4,4.650686193610447E-4,4.3629753444710245E-4
0.011182171053752762,0.0010059335215782245,0.003997292891583782,0.0014914710272022906
0.07183221917173778,0.00830336536740949,0.002475383263949899,0.0017725844107295478
0.021014940997147354,0.001983208601609295,5.189516762868754E-4,5.292139492646049E-4
0.06981760299936657,0.005576851029930783,0.0031713342067641232,3.6277659454514937E-4
0.13478286463268194,0.009772650253002037,0.004381560548734069,1.3382729209876888E-4
0.04138085389939822,0.01889528265421976,0.002982431499747056,4.231874925544463E-4
0.08344772140926535,0.0027814014749656894,0.0034240084204233056,1.770380410729293E-4
0.0636172420199916,0.01177717751947498,0.005462876902932156,0.001239516144900733
0.04008843664684539,0.02297032293559689,0.005676015045179286,0.0011406786592540598
0.033206114687330264,0.016300350941346284,0.0014932829552041654,7.987826647174E-4
0.0012404532705130574,0.01748594101285394,0.005801019210624622,0.003942001644762273
0.017004833442547496,8.748078766028921E-4,0.001142432992314475,8.180439824305429E-4
0.012072882806188874,0.003223880908745361,0.0020657617166030123,1.550028747963532E-4
0.020724295076170705,0.003437727640309231,0.001949217514668061,2.584122751430014E-4
0.017771705273117104,0.008702783485705247,0.007517879165541032,0.0013247616173672327
0.026465384139279208,0.009740553188663632,0.004998968646983957,6.176602526335355E-4
0.01633813793699983,0.005038597399289061,0.006654225524015356,0.002788071792929893
0.006527754562041029,0.009686819753027067,0.004175831858307622,2.400328233954252E-5
0.058762408560617256,0.01035030851896843,0.0030319345347297566,0.002573916878195715
0.019829256912292356,0.004726885701409558,3.627912632652303E-4,5.403224739443426E-5
0.0034151557457818664,0.001334723409058286,0.0010775434507235273,9.264429457784949E-4
0.07956998764446593,0.0067234229774052615,0.002036832891175153,0.001687896366601892
0.05481448977904378,0.017366713451421552,0.0012618466367684666,0.004036756062009319
0.03726477703512859,0.014710329074751278,0.007298910162043509,0.001118115945782006
0.014211741310261556,0.005392333989108593,3.3247120844725613E-4,2.421282311077734E-4
0.008410297151764577,0.026660285477396038,0.0026473272003523073,0.004215035176512991
0.06061901109552935,0.01488558045138128,0.005125689288397661,9.349073847858924E-4
0.03876319983800021,0.025439368121247766,0.008829308157039023,0.0023939472940951957
0.03252124760829842,0.005468564298222147,0.004460416702045268,3.095556017468763E-4
0.13232201831456444,0.007490541194930572,0.005223260865293057,4.0170623757889866E-4
0.008364804535118314,0.004805004459019866,3.1058980827718434E-4,2.6279699960472336E-4
0.007303193488216632,0.0011980831812557187,6.552697894721168E-4,6.303106110143685E-4
0.013573329683235796,0.015789363124725043,0.0057919789615377675,0.0016061119290893887
0.007426514647460243,0.0028728562182839083,0.001029369350043969,7.056258405723581E-5
0.050857130894752925,0.023089980677379957,0.005991110799327325,0.0012424423117560822
0.035080643046612014,0.002303618868935059,0.0021585081892059707,7.712277862391888E-4
0.054575589706418993,0.00963711112061419,0.0064298180334774425,7.409275654490376E-4
0.09186478214345657,0.001774043208317734,0.0044223248847333075,0.0018600453649859246
0.08065585124130446,1.6777169960415788E-4,0.005705286521580272,9.055352186688586E-6
0.007652703228865322,0.002416707616449028,3.616329638872234E-4,1.0372586451390205E-4
0.004256857465298374,0.00559223498545162,0.0016889084748425939,1.4276725330614564E-4
0.007988376192591266,0.007981018747398125,0.0024643639480226845,0.001897152031229154
0.08048669394645923,0.02705381227354384,0.0018558369596444121,3.1956529761335004E-4
0.014433584173152535,0.013831251958161553,0.008431377681640128,0.0019687240129022694
0.03654809937652675,0.001163608931923723,0.004456899503791071,9.075351298946617E-4
0.019341053420697574,0.011064549326960145,0.001991349472635883,4.242611695287174E-4
1.6021716147806076E-4,1.0371869788216319E-4,8.336721195204827E-4,2.922898948912009E-4
0.0011430560952132571,3.175602137606058E-4,5.199135813095171E-4,8.474090528290267E-4
0.043511046650676996,0.013284082400182326,0.003256221629263681,0.0019333028932012554
0.011748204982166482,0.0016375172134639332,0.001229769840475132,3.590115675367262E-4
7.136760101731583E-4,0.0012347909628319278,2.3196028437561767E-4,4.129220862721436E-4
0.0050363340326861905,2.148481842599328E-4,1.2144578906977979E-4,7.601971246971283E-4
0.003049017551009242,0.0024705837058227992,4.256347652665701E-4,1.7696592254198715E-4
0.022507876426707884,0.009878248184479115,5.620898270707538E-4,8.198384707821531E-4
0.07377092174118213,0.008038032144954754,6.000207191661358E-4,0.002131784413236345
0.002331452153127258,0.014505065174739864,9.907832180953418E-4,5.331907417923319E-4
0.032670552607708056,0.009684053872763318,4.947482427986134E-4,7.42600887876722E-5
0.025731183043153753,0.02907518459844468,0.01590302155708124,0.0019550046259818057
0.015533079099518154,0.0021894376369094156,0.003221124557148918,0.0018565437688321908
0.009406548696379401,0.007311014171167528,0.0024767390388389797,9.433563440458797E-4
0.043083990302894115,0.00903589581033465,0.005316607216020644,0.0033240794813054328
0.13844897902026598,0.005358761820370326,0.0030490352561929677,0.0010370860755189648
0.003036539824112252,0.0032403891435593716,9.577001426645911E-4,0.0016959601700445258
0.02825476143709381,0.006224295413652656,0.006463916608088065,0.0029976989319400564
0.015533100682919557,0.0036043643756188547,0.0032866908728278322,0.0012128529945682402
0.014946839038576942,0.008213075983111143,0.0026321061991486485,8.156072876490684E-4
0.03568012828076331,0.012172317431330697,0.0021522378686243252,0.0025704236929547206
0.002000176010866302,0.016394169362202633,4.4971453615075713E-4,0.0011202974092575666
0.005667427050739228,0.016856196029359116,0.00206042807575058,7.213029568863108E-4
0.05609037286818728,0.00611959557226681,0.003603478037018145,0.0023235557927074758
0.033223661839606615,0.003745446695965557,0.005609778134794275,3.9632112814249335E-4
0.08741985859732132,3.669674735872309E-4,0.005006504387521448,0.0024863998716955936
0.0014633232608349484,0.0013925352227677939,8.700261416978308E-4,4.8340833056474924E-4
0.07464497314957826,0.030461282839300857,0.011208285620352148,5.932862091913745E-4
0.0017420825175655076,0.006432353007030094,0.0013016245816024315,1.5025871053381243E-4
0.0455792397150994,0.011515384655710515,0.0041928560133753946,9.862928321054732E-4
0.004449631942372007,0.010239991638154554,0.0018336123112369074,0.0016945758941207375
0.02009628706421748,0.014018826657185339,0.0026665848439003216,3.8559401834845417E-4
0.03255017768654001,0.0010810873629750815,0.001581800341707768,5.702384698304675E-4
0.011205446607171092,0.015176430485913328,0.0040532831723753895,0.001414439222837697
0.004784577860493669,0.00489070094026909,9.7668736038202E-4,9.411135586617673E-4
0.03467873713478615,0.005546828208588349,0.0019881429136279663,1.3095721280386333E-4
0.0404808366284719,0.007774535908504051,0.004668249847472706,9.950350003746708E-4
0.017790789693073183,0.007352977742046617,2.2824777990811037E-4,2.5925887903135693E-4
0.014040266603943667,0.00869595369961057,0.0030483041750442204,4.6540348999606144E-4
0.17335235492075715,0.010524310220663356,0.004763061560966901,0.0026031765844575713
0.07121640979931784,0.019506801273099367,0.00586121604864083,9.940772275957594E-4
0.022213811258577652,0.008252838018048325,0.002271245881402035,1.2512529425642388E-4
0.06338213405543404,0.02187301277898117,0.006299646852970541,0.001333525781423481
0.0017161556541143823,0.0032481569861950543,0.002400762780247294,9.594103510742083E-4
0.00995245264442314,0.0023706029587519926,6.803392240808983E-4,3.1320400309586744E-6
0.014165803385785717,0.05348658532044245,0.005355156351016102,0.003988600127441754
0.006172940576664041,0.001210096716092618,0.004860827500293245,1.5125781573438669E-5
0.02357755493673529,0.008831332016727648,0.0035036836794427157,0.001460810832791482
0.08433181223451733,0.0278155032477722,0.004895722747961561,0.0012208417729515746
0.011055391629917687,0.005662989023321336,0.0024801560028710964,6.194771940199633E-5
0.00344214317095221,0.009749338200784026,2.665786796217078E-4,9.274527044806895E-4
0.04841668514403362,0.020564927987319293,0.00548945676423591,0.0012605352479356734
0.009916742453247168,0.004804688334067104,0.0023287083864184624,0.0016909969230702857
0.0014798195763563548,0.004734743184989251,0.0020639271739718926,5.931358396427644E-4
0.024508868715307972,0.01058247814921215,0.0019746480828660147,9.237604333053668E-4
0.0206752715783931,0.00488120504605883,0.001630057820656632,6.24560495759894E-4
0.030806493158176004,0.006108821822955295,0.0024015727126930324,9.218117949403618E-4
0.022970695576388114,0.0052185243706054565,0.0011665502324143956,1.3849752278980777E-4
7.07625262732716E-4,0.001285347280990282,0.0010022377699458666,8.369915441388613E-6
0.005300529104442207,0.0038024963816649404,0.0017471676248930243,0.0011408770528858307
0.00901661082863129,0.0017653511495887293,3.714724839135166E-4,2.8857999389538998E-5
0.005753675363395323,0.010825869700089027,0.0035928737944775774,8.037374719382955E-4
0.008083209531890526,0.006475753390900642,5.170643749796337E-4,8.480588800165367E-4
0.009197753452628686,0.005074206019180957,0.001758280202148477,0.001037837630884889
0.0803458954490016,0.012053020748751345,0.013708188908572273,0.009815110808687159
0.1738325435437693,0.010438551997477629,0.0046202234265577055,0.0016607763476910212
0.004721935577996791,0.006417927508446953,0.001878874342220607,1.034481935973717E-4
0.0017420825175655076,0.006432353007030094,0.0013016245816024315,1.5025871053381243E-4
0.014126162395602737,0.004698440439407788,8.226809465988941E-4,0.0024297129043808936
0.008836604186472015,0.0013836107628498625,1.2783020605660591E-5,0.0010379878716112252
0.02297234716592978,0.005399687630771804,0.001972643506975007,4.199514343496536E-4
0.03187481322614711,7.871760318506327E-4,0.0032770356781827354,5.22460734944014E-4
0.08026318070420989,0.05996444905398565,0.002575929458188538,0.0031986726124213784
0.03406297206513584,0.011223972125111063,0.004319855840749615,0.002152361926925777
0.12685630155310973,0.01377574376905049,0.0033746739749303547,0.0022042108338742343
0.08332328992843699,0.020500225453994526,0.00747286706217557,0.0014253973835526331
0.015279645568375771,5.036837269366617E-4,6.519198622655348E-4,1.6577111530384427E-4
0.011085159124108354,0.04084385391430838,0.00912202573355405,7.736552572788671E-4
0.006900239458725358,0.006304480590425355,3.2172211450536096E-4,4.0153944338382804E-4
0.012009793384210377,0.005080908204380866,0.0012780668523514056,2.309713365026673E-4
0.05341040121800381,0.004063115291500452,0.005566928091628054,0.003902597532495124
0.01275387217684251,0.0010362780178031087,0.004174346802139819,7.353072460266872E-4
0.14037247775896797,0.006922617994522535,0.005219513481703689,1.6270144806900644E-4
0.0545934337515238,0.01653466013036833,0.004693169966285692,0.0012355706327856664
0.02466470952867985,0.0184074942253469,0.002970858015438802,7.207986844295256E-4
0.0404281916206937,0.007648040710655716,0.003745837086976967,0.004807090528969734
0.07329345234650812,0.007826048562605634,0.005288849918404873,8.752580442865341E-4
0.0060198102509428746,0.004241608938737351,5.700816344706639E-4,4.3888188164790243E-4
0.06845471139379027,0.014579910142257324,0.004073432683695993,0.0014526570494209359
0.021671480080966248,1.5890234399662054E-4,0.0032808910423039648,0.0021624823948365197
0.00848697617357055,0.0019917084403269624,0.010601663625400591,0.001835104668759366
0.05611269666785649,0.0010485832025970547,0.0022958681912754013,0.0019470162391721322
0.009833369808791298,0.004207077805711469,8.862483024764204E-4,1.2044641584401321E-4
0.008119096097128733,0.0012908708524240343,0.001934454800580959,1.0416544897679228E-4
0.03360015250508022,0.00988019847559559,0.0020276601562260036,2.836275385088547E-5
0.012172797858035916,0.023097386196231265,0.011222374259481594,0.001977710334234142
0.06585510632312322,0.00572967984383473,0.00410542336019502,1.8431775722128334E-5
0.02250849080954173,0.007241845046637705,5.905035499746948E-4,6.52046621801215E-4
0.14956609061567328,0.0024648615763036242,0.00242490763095866,9.570210742081203E-4
0.06671906514438543,0.0036408103589056075,0.004650036901825916,2.1595378245170993E-5
0.02414153393703217,0.004449825470575764,0.006811881081279106,0.0027934202691472557
0.004447581273093979,0.007570704669831019,0.001478757239185262,1.2606200292358664E-4
0.012842489321262212,0.021442322085155802,0.003871977031157765,9.001533306514232E-4
0.0043370362489224545,0.0016494917110461045,0.0011768236866106338,3.338618348670779E-4
0.01379796696791851,0.004914390231276923,0.0014217858466420478,9.533995986789253E-4
0.004308194627925158,0.0015961525246820912,0.002195285154772056,0.0010680188894693517
0.011211514640060415,3.87799684981494E-4,0.0014309562059682535,0.0014833713216674958
0.0033842303448411194,0.008648252371406344,0.0012934516386333252,0.002322798422311715
0.008694796752083876,0.012778374339397963,0.005967264130071252,0.004546020406340911
0.1041585357467874,0.0049476267813023875,0.007061228362628581,0.0036844219416727456
0.11482181641309143,0.014573599973145128,0.008107554486538472,0.008358095049054768
0.002489694877072363,0.007701857290719552,5.797950186474164E-4,7.473597319831234E-4
0.05994106236881593,0.021919031592310394,0.007220862472181796,0.00245778554101917
0.03742246927567767,0.02303506755415705,0.011334139059529959,0.002208671924937366
0.012728496286961358,0.00389715550021348,4.2341335990028875E-4,7.404470519787232E-4
0.0387020094468281,0.007219443437187069,0.006604805970733056,1.4064202261072496E-4
0.05672281591008493,0.010487591499278283,0.004672629837532872,9.467345216732234E-4
0.008564034132365535,3.4200490251876906E-4,0.0010319780625403976,7.674427205499688E-5
0.04694343296701813,0.007472263061507156,0.004034373328770401,0.001230424024975027
0.02423900903988198,0.00893784610008739,6.986431454604061E-4,3.545088987206059E-4
0.12069869010254704,0.006720834243136282,0.005963521446487196,0.0013250812165297135
0.007217396342992218,0.0026285925498295637,4.8654869536772266E-4,6.2452470764218385E-6
0.036030018810810395,0.0069748329830088465,0.005302301852062071,7.279917491651824E-4
0.04822836145542462,0.005095757868860244,0.0011982409674538728,4.1646277731813617E-4
0.06354512785739688,0.01561203262132693,0.0032370908545208427,7.262038923290569E-4
0.016535120007876585,0.00703008573010858,0.005743001300665312,0.0016731504652401196
0.03067373577826015,0.013130639881138838,0.004849688978961127,0.002078219834141868
0.010993380814857187,0.002652161214154191,1.5014465613004806E-4,6.137798465757697E-4
0.03449479544728577,0.0014539418270869391,9.418072341424218E-4,4.921784320695764E-4
0.014143525718653268,0.006916113868360074,2.4080071813289486E-4,3.822192615609199E-4
0.009368928757428594,6.793976698273841E-4,2.5422212203892244E-4,3.3017241360948596E-4
7.837645981498571E-5,0.005926871725086902,0.0010104384943994732,0.0011340061086569703
0.070928174598327,0.005512844369292061,0.007469340098627488,5.283642437227861E-4
0.010140278274931533,0.012342884722509455,0.001730675386066962,3.250967256665527E-4
0.04639656320177432,0.011120961928468606,0.0031991358258784586,0.0010695031762401792
0.03914537477957017,0.0032840650823987108,0.003676560097642013,8.142740317162647E-4
0.01721580370680657,0.00746712793049903,6.210392703468303E-4,0.001667773346564878
0.07028928111503435,0.045180748113222084,0.0013861579815707475,0.001287880625534758
0.013818173416510047,0.017309644033304546,0.010681846643762857,5.933918106017926E-4
0.0034828621171664716,0.020727878501492672,0.0038032440969182134,8.948908090633095E-4
0.04824823678682726,0.0010404468664909528,9.669861644928929E-4,8.995316452832547E-4
0.01045600445690489,0.0070133619010855006,4.853401391667762E-4,0.0014188354274854923
0.049446027564466394,8.756926791518464E-4,0.003473461776779498,0.0019010597141304111
0.005403818374644066,0.001329444076563893,2.9263413258714044E-4,2.4783154733540135E-5
0.008206610948929558,0.0072656573202091995,0.0017276733425703893,0.0021271208755563086
0.01658394977840188,0.002250101997795957,0.0019548781177543754,9.722329911884062E-4
0.0010982939488299972,0.0074961879506568125,0.0027508585026018812,0.0025616429407326513
0.020121805871957985,3.9633977522896376E-4,0.0014059245557309836,2.409145638566668E-4
0.010992030210604686,0.018275985034019226,0.007548539848223451,0.0018461818157154623
0.002546090027722418,0.02923042221742547,0.013135844331297181,0.0010577862871457265
0.02247395992284812,0.012279614803484105,0.0023691291812254693,0.0010818760427563404
0.01058581243607512,0.0015083797468986796,7.553424122722971E-4,0.0010203864805961793
0.034190953004347595,0.010259259225353722,0.0038983398256321926,6.827539545708535E-4
0.001858930698305417,6.755108128742632E-4,3.725028615780815E-4,3.922530278246231E-4
5.269126888780886E-4,0.005082133818357111,0.001248518157766851,0.0015315466420615462
0.0773500766625529,0.023354050174027093,8.82430291885856E-4,0.0012034106401419226
0.011108927480059113,0.0037933720777681796,0.002210795234288916,0.0017386936644990091
0.012351086183349767,0.003808240078731145,0.0010053305952692922,6.230168961928759E-5
0.015708824613971557,0.009176501655868894,0.0010147225732926065,4.062360245796589E-4
0.09649031274011992,0.030994074759001917,0.008697667454155587,3.9393747234508613E-4
0.02727538123249509,0.012845303325304178,0.0025299651378126553,0.002638524585800294
0.004336825859096904,0.013489615848058804,0.004369676099903206,0.004837695647479711
0.07769668980377707,0.009483790470927515,0.002435770222378413,0.002707584694915555
0.03539968960645174,0.006766624154568977,0.003928826318829425,4.0038619617458295E-4
0.09941478488716127,0.03668211342517036,0.0030998382505085203,0.004506904550431826
0.04816221092544515,0.023211482069433603,0.003874625291998849,0.0015073633852691695
0.16660341171856044,0.00791860682596462,0.0055782489910399915,0.0022328962188842556
0.018102078211378287,0.005754509241701515,0.0025826378024159,6.25173349982507E-5
0.03434458552798028,0.0018855180877608549,9.099433394395024E-4,2.025539581685966E-4
0.03378658378182162,0.021475620564066766,0.007974838846649476,0.0027966478046560356
2.4327721121277776E-5,4.1984294723675786E-4,1.3267244318422895E-4,2.141930294788881E-4
0.07037749467967269,0.010905088121604777,0.004613362221674282,5.844290145320729E-5
0.10546641436644737,0.024586801055812763,0.0011787990635629727,0.0011657312465747779
0.038181165125307316,0.013329276617457841,0.006147810450592737,5.277176535035591E-4
0.019627715773570944,0.018128696005837483,0.0011433834521480978,0.0013638362708471756
0.013369303971551264,0.0048244498329343445,0.001775113934555051,2.238638563262749E-4
0.08348364938346056,0.03303365392686641,0.008818987426020806,6.639280454163072E-4
0.058054216262512365,0.0012598248574079015,0.004888020620130334,0.0014163590810197515
0.0014269147466825691,0.00207683987966797,8.738075995447756E-4,2.078091709755521E-4
0.06337359063133911,0.015169149693351033,0.003994058535305861,8.491784988025401E-4
0.03528974236290572,0.018585842619615392,6.046640641072675E-4,5.21954729676143E-4
0.007585427780369351,0.004167067182968328,0.0010829788612475766,1.1626634980078834E-4
0.02146749752534604,0.004632941778546171,1.6549958902826107E-5,2.893135027601867E-4
0.05605893993900825,0.010740059888915706,0.00379058867154887,7.88494498985762E-4
0.16679456055684852,0.012920422649515028,0.0030733530558045077,0.0025100357335613144
0.08650771218181645,0.023293667841597306,0.0014205455500816751,5.349489000297602E-4
0.059194691949848666,0.011244178046105613,0.0021139049088067037,0.001199164767097745
0.0702906463332947,0.04525390860734969,5.557375939079088E-4,0.0024121682531172434
0.021984057619519774,0.017334864811797166,0.0038516410333419267,6.790791190024543E-4
0.0019263504594863973,0.0022732158397814313,0.0018455914372967955,3.5064485509446534E-4
0.002653508789675251,8.140683945730869E-4,6.960039594605036E-4,1.337190512847765E-4
4.689743637865539E-5,9.009585224335932E-4,0.0044376429826789,4.264301849888465E-4
0.010367598442079568,0.0010622723247580793,4.2036199765307816E-4,6.298976886761511E-5
0.019500991453925778,0.005249915719846046,0.001996300942898144,2.038463944345552E-5
0.04591629955571981,0.015173036132144137,0.00478147821515547,0.0028350396003466393
0.005525327517603869,0.004504508682976335,3.078996753033985E-4,5.515730810427494E-4
0.08486944754991535,0.025550218133603964,0.007979053618087694,4.746843978365058E-4
0.005747672185369346,0.003277602982182536,0.00162935659214389,2.515048820847203E-4
0.10053953063341993,0.013153873008120685,5.177777257102526E-4,8.700102182266322E-4
0.005648512038721044,0.004273313473269106,0.002177293896378778,9.391433316493363E-4
0.005049562795151811,0.0014961171696356037,4.530410822494294E-4,2.407206463076128E-4
0.029700645889311986,0.008239542025455652,0.0014381539135226423,7.25070780093856E-4
0.0056323303393842035,7.190722870878987E-4,0.0016221984398533064,2.0116611630163243E-4
0.15686876430428306,0.00807404059051722,0.004687383791147207,5.652137379796684E-4
0.08599358976690276,0.06329838167314589,0.017654439560617217,0.003279325231583183
0.05807728859077096,0.0062675999366972835,0.007583703406427715,7.406774501919859E-5
0.0017278049915312394,0.005192700121217419,5.749380306365512E-4,4.339219756964413E-4
0.03540894075853537,0.006440974275658144,0.0027430526343570974,6.55110074688327E-4
0.006849539229930576,0.00845754250929326,0.00552116555017837,0.0015493206054027937
0.005852591255318597,0.0011254521652802958,2.380523497848413E-4,8.866016080069307E-5
0.09572108203913715,0.049479732048002656,0.0018608652995242923,0.004178804158606344
0.012085490932049244,0.0021496837808305013,2.2798373547636247E-4,1.347678834465889E-4
0.010135809734954256,0.020052651971141085,0.005727166858447324,7.956900625559396E-4
0.18123710526001943,0.01591028187349489,0.0019272799108084994,0.002525621841449499
0.0031524028494714688,0.012032537480896499,5.632070737012447E-4,2.406414083586304E-4
0.11169410163980109,0.013642374070589998,4.8363619084044676E-4,0.0015625860716585922
0.05438403956735899,0.01912385164185561,0.0036158342992305055,0.0023700170156237257
0.05036745767424117,0.01811231135293148,0.005724229336194409,1.5850685794367296E-4
0.025528157247165176,0.02902670763569368,0.007162376997419479,0.005228651984840153
0.06481455330073128,0.024824235303319484,0.0025377699140482937,8.14251579391539E-4
7.519054568324197E-6,0.001752965050875122,2.1715411895916295E-5,5.85746338684916E-4
0.05224888239638116,0.019137950855436417,0.0011357692817873686,8.680422435688945E-4
0.029578017007143402,0.0034440212729532987,0.001255532729312373,6.376723496773169E-4
0.006724029618275515,0.009178029612615535,2.080087361114822E-4,6.021352116588275E-4
0.061632017634701004,0.001652768803344723,0.005323649802837272,7.551512824660131E-4
0.05686510694211356,0.0015952541886255715,3.474178723650619E-4,0.0019948566503674597
0.04045435069505531,0.0031038972261311698,0.002809834608411002,0.0024334743585598313
0.0031678242512141195,0.0021723551194226115,3.7967074942402325E-4,6.174417533357223E-5
0.10365892641743886,0.0036601576031318594,0.0016500926022822344,0.0010008356777148097
0.0064055601251708835,0.008716570401919055,4.3952334148803423E-4,1.919881551814137E-4
0.03485057264245239,0.003300292173183191,0.0032641611229413943,0.0016211967232843552
0.11473494237356723,0.02275752652674157,1.9425128765753453E-4,9.518484973007651E-4
0.017765067727955365,0.00954173915279956,1.2041495462647993E-4,2.696930078448838E-4
0.11491726226086277,0.0028872394867576236,0.006664487926745799,0.0015933351850216959
0.012308091991583937,0.015321902725657564,8.961643149883722E-4,2.449265882365837E-4
0.05421052287851293,4.012661023270315E-4,0.0011009956708849472,2.7832210182328446E-4
0.06926043289716134,0.014262822120938889,0.002795185055551863,0.002522503410434601
0.03519013102852796,0.0012722751295197476,2.561933654792624E-4,0.0024481669480987205
0.0033871653938063657,0.002355223951560912,9.732694410915848E-4,8.999958070948689E-4
0.009795196278237385,0.007564195678239823,5.594326892088262E-4,2.906756554951278E-4
0.01721580370680657,0.00746712793049903,6.210392703468303E-4,0.001667773346564878
0.013553385490818389,3.156010598903981E-4,0.0020007600164917345,0.0012876918812436064
0.02368442754980095,0.0032869288187464853,6.151547443895874E-6,4.0421140385247644E-4
0.07355440125284353,0.026879157069752715,0.008750693808518646,0.0010667430780173586
0.0031754002687563654,0.0012435093703026493,0.0016358085288628414,5.468621258014149E-4
0.024432496800991393,0.02215514834426296,0.0072170975918771935,0.0018358022080316868
0.004356921641898772,0.004590577497581694,0.006248177439093542,0.0018523315353927573
0.004438156115979861,0.011397571947719941,0.006898414239334084,0.0016748653206180165
0.014345072808388851,0.003683939195982616,0.0024294516931385114,3.693760142109373E-4
0.011149840952171104,0.0035168505298549665,0.004259592617204161,2.501707512864858E-4
0.02707330324336414,0.014255850872579008,3.5516061635282797E-4,0.0019927212554933077
0.0047664221060235,0.009302532636257835,2.8789751097652906E-4,5.328442802735871E-4
0.13388214521673006,0.026052880986411866,0.0017237913514276126,0.013705462029567806
0.016485812924953644,0.004584824374336966,0.0016876526793042357,1.726539786254108E-4
0.18049947884741196,0.009089206060703662,0.005547992966566699,0.0023639428236878067
0.007500498445204856,0.012932542152022365,0.007919604061352399,7.67698415947942E-4
0.04833366209865277,0.02594372373192937,0.010098585805485427,4.15935185683855E-4
0.02856593811531997,0.008081711533252052,0.0015297923421039963,0.0015118156363640816
0.04893726884974804,0.02105105241124329,0.004277019012894502,0.0011433987015346773
0.004176052585917453,5.758562673704477E-6,4.453088968361632E-4,8.138761558632593E-6
0.027706886147166224,0.004477103180081392,0.002413407504212885,3.58662297575843E-4
0.03898152672005231,7.836933060681902E-4,0.007837822504969198,0.0017622312494068695
0.029769408714957684,0.0036244437358825933,0.0013819816244508858,0.0012687644200404227
0.036690421650325544,0.013600274347770015,0.002905843258569284,0.001232190061629491
0.00901461037548014,0.004064583376895698,5.933848389338504E-4,0.0011805273890751185
0.020690624435178454,0.004984878216913938,2.1840088128080964E-4,4.098304271595429E-4
0.05856135622353451,0.01162042071843007,0.0049550825573519515,1.369361473903262E-4
0.006873613639236102,0.012164624224776235,0.0022805751236213167,0.0015338829540476869
0.010639434498373452,7.346446726882767E-4,2.26611330739471E-4,0.0022479582680518598
0.10438760154582999,0.014700416917768293,0.0019385450871234114,0.0016615355373801682
0.002487596801888323,0.007444225911346015,0.005475081259081946,2.658787695888518E-4
0.021478083942095903,0.0022767502284344104,0.0023740521335647337,4.3186951783112166E-4
0.04850008133723851,0.015091651841891103,0.007593870080945163,0.0015307702991052968
0.013723873627770514,0.0017445516341894217,9.936621507793102E-4,2.759572442259095E-4
0.10405358429953265,0.016532224337141122,0.002408033612168138,0.001690700342823332
0.051842257545624354,0.00962267071454405,7.904496143439386E-4,0.0024610515322571634
0.014231661486605143,0.004539299335294331,0.0019531911810559445,0.002319773189511063
0.005861849602138539,0.020125701692510923,0.01932508794429478,0.0038060715302034973
0.01603546644908378,0.007726877982018013,4.047002491946437E-4,0.0029657201378975703
0.04382891166493521,0.009129847444845659,0.005422611309301719,1.6058933694593582E-4
0.018044013554071363,0.013175894868498433,0.0024573543945075917,3.1497732371590687E-4
0.05563922704487246,0.05655457364538827,0.017179117902842985,0.0026246128340905854
0.02108728811128933,0.0027285723889121094,0.005670221029094742,4.600241614988435E-4
0.018121047071405497,2.905487171836401E-5,5.303338038462912E-4,4.059962924824046E-4
0.009150381144286276,0.016043761930194866,0.010049997422937369,5.094431456879527E-4
0.014547729514734455,0.0031172412090537094,0.0045292738648013715,0.00160337551742608
0.006994956671775413,0.002919863722483633,9.400087073010031E-4,0.0011553601805100288
0.01144776023537402,0.003676474565211358,0.0012527246954786848,3.5283764512839596E-4
0.003210958307790492,5.34641323151892E-4,2.8118698274752794E-4,1.2977062249578892E-5
0.053119138873496355,0.02199568944174365,0.004615051988206756,9.562921244401795E-4
0.040878740400034204,0.00822791724672887,0.007158156543770087,6.167017708397385E-5
0.024676239018371158,0.012951800497826566,0.002878332195069917,0.0011466910642079096
0.0303079682510413,0.00813103908174927,0.0023662063425714747,1.6462796756357574E-4
0.01327333418034083,0.0020271648573718408,9.413110808829592E-4,9.489916442200551E-4
0.02530538723280125,0.007309546556443847,3.663939741263633E-4,1.2588969300720245E-5
0.0011394054294364814,0.003104302313914439,1.2140070403492369E-4,2.417597858357408E-6
0.0032317873557737814,2.1248264113258092E-4,0.0014033402261629455,8.598024191818846E-4
0.07234375083682142,0.02349315454834419,3.99343639262384E-4,0.0020985132226401426
0.08400324362682322,0.003834668066144248,0.0026325775694855474,7.273712141752219E-4
0.04573492451694517,0.0012999784201443959,4.1662208039062646E-4,0.0025270348912262127
0.02997326578712497,0.01560902385216678,0.009143358006606147,0.001575980794899991
0.019763637476999215,0.003008337883380694,0.003523391804731138,0.0012453056124676523
0.026218286667510613,0.0012407172450929261,0.003594496386030364,3.6590029971146523E-4
0.043606255692173385,0.007261891482199147,0.009279235124058921,0.001048137647772417
0.008083209531890526,0.006475753390900642,5.170643749796337E-4,8.480588800165367E-4
0.0018240735359053573,0.003825487659865535,7.194773561515282E-4,0.0016158057629451139
0.011936385688124312,0.0012500562910162502,0.003100752612337055,6.691056745499149E-4
0.007725993030839039,0.0014869056450548964,0.0012463064182725407,1.84851839628418E-5
0.057694392890173044,0.01136049940742924,0.0024954043482180934,0.0015061000125886643
0.00878871242696241,0.011272333203086978,0.0012853787092311322,0.002567146467467059
0.008749262365063733,0.015059531662427827,0.01008973806129256,2.7918050448089687E-6
0.004496855266777366,1.365116855407269E-4,1.7111221986988083E-4,1.9680923360599711E-4
0.02498490011585872,0.0032600099190673837,9.440725320273006E-4,0.0010469631791732816
0.008644471265069776,2.1153630627352898E-5,0.0010069024376628132,4.1379827439476656E-4
0.01531386574168181,0.004708271533163486,0.001501890223469982,2.9039400352544163E-4
0.15598140441676905,0.001257567643869833,0.002120179265831397,8.752279545167145E-4
0.012560787937464513,0.002601718408335503,0.0011985883665720743,3.653151323781099E-4
0.022354857199401286,0.013525187762327704,0.0010668567516072822,1.0858648636838564E-4
0.007085285542043683,0.00946989525389387,0.004665166645662084,9.453970819209484E-4
6.471210307215532E-4,0.0055642525228318095,8.916125330480064E-4,6.517376817224106E-5
0.04759653146967772,4.8591862194145505E-4,0.008465873112915294,0.0012845061573897392
0.007767441657715215,0.0014136172764130693,6.557869020783321E-4,5.196011767349646E-4
0.03756333273809527,0.011729220554666025,4.0968295793242617E-4,1.3664933065734238E-5
0.014225695271594495,0.002958723917509806,0.001075856886946602,1.778354075430613E-5
0.033442349321798764,0.010216575609042638,0.002033550862404185,1.5155253670087887E-5
0.09314155395935594,0.004282011237195112,0.0034385019461250807,6.126829856247058E-4
0.02774685851165031,0.0140103417620634,2.855019805644739E-4,0.0034939746258478006
0.003777106828375867,0.003487651387302584,7.330594150722582E-4,5.149653778283417E-4
0.019917285958374067,0.006148472377162224,0.0049975907058983065,0.0011010260658358849
0.032699358236974126,0.004992565654011975,4.556440582766503E-4,0.0010825745730618421
0.003742636001637194,0.00923896756118055,0.0018402041654231782,0.001096283737220365
4.055121337585262E-4,9.171245909174307E-4,6.423532166894464E-4,1.3918367046244413E-4
0.009259287510663752,0.00812540274681483,9.44293873233957E-4,0.001344049824907474
0.05891367719980305,0.00848733497260718,1.5465312480371726E-4,6.7993476369537E-5
0.10427566582833887,0.0195799046939791,0.00176909576232811,0.0015550908863527291
0.03294217118421719,0.017530405478095135,0.006678334279114295,3.1755315905784577E-4
0.004965426465305961,5.23281135482679E-4,4.3946950106230856E-4,2.1049910865876022E-5
0.01935651956451027,0.004552919092945888,0.0017474045150403632,2.775420321046586E-4
0.028995131875955052,0.0015676321048305446,0.004215106339506997,7.739603448651967E-4
0.001699510752549375,0.0012328156562156217,7.573795018060807E-4,3.443258442987101E-4
0.11566679615931548,0.0547050228492103,3.408792357299935E-4,0.00493644755826415
0.021527311632271985,0.015553880187465173,0.0015738819172026663,2.4061340160911717E-4
0.0026781498767293414,0.0056981291195554165,0.0013517374403261917,6.788453049450901E-4
0.030052886103864734,0.011845363831046124,0.0030348667505081767,0.0018300958118949318
0.003161305237112545,0.0018443098285782233,3.8665520084406053E-4,1.399545208482969E-4
0.007107478646025297,0.010086047063974339,0.00855397333534689,0.004607432903139892
0.09172989662825705,0.019032707697043474,0.0013430729902855387,0.0014385387610849254
0.04205577223948988,6.873444012706706E-4,0.006895823768993212,8.551671226083388E-4
0.10224288472623595,0.0030878645641935105,0.0018286986148454737,0.0012312099856256473
0.012936900549556958,1.2802182716881735E-4,0.0029029259229905067,7.365764702699121E-4
0.007355238506494936,0.002332803194733563,0.0012200693263614258,4.993974271648423E-5
0.06052421973510461,0.009165855747362252,0.003980651919369226,0.0010715860054288648
0.02552589802404844,0.02292851469547682,0.008424391500654833,2.0341685865858991E-4
0.0461149905372367,0.011494608582896101,0.0017473511558304508,0.0012255943062885754
0.04168072612063951,0.00619271290256384,0.0010668182746241743,1.4401173277675726E-4
0.07697048891965062,0.057987285238360754,0.01681857753975502,0.002837609664047732
0.0168373168892224,0.010692339162149565,0.002457084670409403,0.001026597844026661
0.11880252240965804,0.008777737897656464,0.005772696364054154,9.311466980306374E-4
0.005050713802468897,0.005964100998958226,7.233706351720329E-4,2.6571410102154693E-4
0.011331589104120203,5.797129839276453E-4,4.650686193610447E-4,4.3629753444710245E-4
5.412810193174875E-4,7.184826034411567E-4,2.8062345004257956E-4,1.7949269653438237E-4
0.015047737033357284,9.111247128188136E-5,0.0013058042166095528,0.002355335919812834
0.017702994758067515,0.0012848337178704226,0.001097413983171464,2.57163983160794E-4
0.014813631756263795,0.00486366579423759,0.0014227597897630722,2.371537899768739E-5
0.14537482788725536,0.023974006075950783,0.001731029425796429,0.013892284514378208
0.0025784116788532697,0.0011910730273731423,0.0010472497333376613,2.170179677884702E-4
0.02798640214279609,0.016702952622711216,0.006154359652282578,6.347069069580654E-4
0.007086652012999633,0.003265433563465369,8.253677657282731E-5,3.160920787510649E-4
0.005569084819588788,0.0013816432095542922,6.661521418218075E-4,6.632468356818736E-5
0.10050496105578043,0.02450093474517323,0.001132038988537807,7.99351415772504E-4
7.068212945434068E-4,0.0017747836420024727,0.001056122752902733,4.261373410962211E-4
0.0035874273841053606,0.002827280895215102,8.263880998671772E-4,0.0013604214559596517
0.01159780595563307,0.0043766388343257166,0.0013387628025632904,0.0012209635807392447
0.06452608586503732,0.009938470586788676,0.007847081338544311,9.83488224721412E-4
0.027656962167727235,0.0025613249324984598,0.001335041961724878,4.5685663518784016E-4
0.02092411241266858,0.011034685696674396,0.0036774488518640383,0.002325729093277901
0.016747796714592814,0.006843414488222953,4.482940308844356E-4,3.7648119076330155E-4
0.020675323876702133,0.0034305825799345194,0.0012414823038073386,4.4807678286696564E-4
0.004047509891703299,5.9135196156661656E-5,1.4910790962205134E-4,2.0427821475120321E-4
0.011988315378377728,0.015546758115277786,0.01989816077730692,0.003158691061756226
0.061379618806722304,0.01511774746966568,0.0029523054482130753,0.0010109529609579663
0.03770817471451421,0.002442612040887495,6.528764262152075E-4,3.439311210148384E-4
0.014811712305559695,0.0013453288943044664,0.001807225854334898,1.1918994384082955E-4
0.021237239453462602,0.002825029699479681,8.16985300878598E-4,0.0032191961782425545
0.18996087495321812,0.013016544329811117,0.0037776928031798573,0.0026749799490683
0.014316122596502171,8.453356590830543E-4,0.0019067271195275434,8.426639981788321E-4
0.0023363727038848915,0.007111263835292893,0.0012186982467212446,4.2331849183639095E-4
0.018378210657722643,0.0017477558760296617,4.292258548729795E-4,0.0013715008253603032
0.002201142066294417,7.841126275677575E-4,4.165412201175255E-4,5.874096369247118E-5
0.033228178558308584,0.005250982824345932,0.0020688365327847756,6.5167526538358E-4
0.0157500098764885,0.004535041918585161,0.007093158125836124,6.313393825106217E-4
0.0938869702313928,0.05120287567063834,7.467471934696825E-5,0.0030323753389533982
0.08949804218933985,0.03031925943440569,0.005233463871575388,3.56548876786609E-4
0.009394187203294076,3.5216385593924755E-4,0.0013578696231149345,8.183520603636676E-4
0.005766273830311585,0.003140171750909378,0.004300415150124693,0.001540353329873098
0.020420617554193218,7.697532128810464E-4,0.0021586818538138893,0.0013595217272075945
0.15096392912650014,0.012864186786123742,0.002108772209565725,0.0022896830652472783
0.00898149168480165,0.009203001784854692,7.438288765598378E-4,0.0015957757259871524
0.022061412114637226,0.0023416510769421104,0.0013991374553505766,9.782577301296034E-5
0.009083874272554311,0.04167193069900011,0.007365527205125881,5.672697047704822E-4
0.024908221911643505,0.004175188066067428,0.00207554732772363,7.37400918889686E-4
0.005061749547603262,0.006848443837780013,2.633205195419712E-4,0.0014935182636748603
0.017285270194419933,0.006789237866966893,0.0029130077551271566,1.9196881834694732E-4
0.019829256912292356,0.004726885701409558,3.627912632652303E-4,5.403224739443426E-5
0.003817227187144279,0.008151487753099674,1.0194156699536164E-4,6.164688815043523E-4
0.007928177471103918,0.0039572622868975045,0.001306669227565187,0.001240893034872471
0.06688401461520595,0.010001825718967869,0.009048407809733646,7.940493209848856E-4
0.013589884638655635,0.010403915309457452,0.006504366023307422,0.005889647801135195
0.011333944113551257,0.0030906656793669635,9.157727761613999E-4,7.568730360494023E-5
0.027154669246151304,0.008536410862727507,0.003431445272020563,5.133515279384349E-4
0.09169696649816449,0.06230830834276946,0.017672337155453213,0.002646629974559883
0.01187566897483421,0.0022097316334046694,6.151824435955343E-4,0.0015794732466593681
0.010993380814857187,0.002652161214154191,1.5014465613004806E-4,6.137798465757697E-4
0.006038085329419444,0.0031742247059907977,7.619163445985016E-4,8.155715824212226E-4
0.08492908870259895,0.004736009620066824,0.0033328090363684546,0.001062354351571042
0.0077144583927025575,0.0039427346186458115,5.378393602272132E-4,6.746806661974749E-4
0.08161151589290729,0.0011134761114425249,0.001846552931625056,9.267582875051538E-4
0.007651739198196367,0.015106522229349946,7.531385755435023E-4,3.924499315699651E-4
0.0065024030328397885,0.010995117904396641,0.00234328526335514,0.0022986116521396187
0.026516654328460783,0.007670995624577407,2.591428630384244E-4,1.4605644402467778E-6
0.0968381441933056,0.005313242873461849,0.0012685468273226459,6.382027174928129E-4
0.050956234302124294,0.007320060023928368,0.0021908976546894045,0.0015830390884979588
0.08013268494927428,0.016885909062602657,0.0043580390212989255,0.003044216714933265
0.008499665070244584,0.0023312875909789654,8.212396063138489E-4,2.325827526134015E-4
0.013185985656978531,0.0013792503119788076,0.0010094316485326047,4.5838429097461603E-4
0.023118897980219016,0.0045621678175337636,5.789634106266819E-4,3.372856089614553E-4
0.013317875566971409,0.005432534065838309,0.0030124927138628264,5.235249088013984E-4
0.05561119089269303,0.010941833106720688,0.004671106734665475,1.2208316890899258E-4
0.016639706474847627,0.003454821766587699,3.7520788593106653E-4,7.532567293087165E-4
0.11146106404880021,3.1901535493839743E-4,0.0015409026822645125,0.006824896890362094
0.1091425666645647,0.022743823934406205,2.943771609169759E-4,0.0013003974183539747
0.007092976612561174,0.002397317232901379,0.0012670957639763498,1.8898791823706353E-4
0.02779499266256838,0.005602753372720495,0.005062713257377679,8.152710841304268E-4
0.04405668660595155,0.010136725505474177,0.004518241071347326,2.533883209559849E-4
0.011245148354225675,0.002274051781034314,1.425230646030117E-4,0.0010408821894011076
0.007293601556987767,0.013333712685495032,0.007931372769458964,5.545998279480012E-4
0.03257124226703247,0.006530885472950776,0.0023923415939051144,1.1022866254325523E-4
0.02910605595330178,0.005669425889651986,1.0188549230399034E-4,5.773645359128787E-4
0.011347034072083373,7.207753249107566E-5,7.100657764543112E-4,9.934637980516638E-4
0.17158513604191478,0.008198930579101097,0.005468028200308864,8.197536541636344E-4
0.10985159684046433,0.05133263865741946,1.2512055499759518E-4,0.004806038895964508
0.03995280645563753,0.006722991831105305,0.0012333894902721919,0.0012786441020616378
0.005946411371264445,0.0028077924077247194,0.002859645952967484,1.1772566067259344E-4
0.022878256909788623,0.003543080721726132,2.5909948022437415E-4,4.35828607124458E-4
0.010991806840460534,0.0034232823655097897,5.561374023240225E-4,1.234905582542315E-4
0.014284980272220815,0.01768720835247297,0.008447840540402613,0.0016620301529757413
0.024958508910862164,0.0066893808985011355,0.0029449024578604498,0.0024949209095949595
0.02646714676049451,0.013029250599806034,0.006146194343181782,7.601354488382356E-4
0.08602257237745256,0.018829626834427883,0.0010510681111892074,5.683687537958226E-4
0.0192484683910428,0.01517961654594221,8.118050797332167E-4,0.008222545353516733
0.020461910243492518,0.011854960493276851,0.0021297257381225967,7.787558070227067E-4
0.18580325841399256,0.01602879449818772,0.010498748001595035,0.004257951563952008
0.019319566219123816,0.022692698609087965,0.004818667168468507,0.004742028580357604
0.03169108817612356,0.013517667541339885,0.0016009170764073857,0.002254680499036947
0.0029565200447109405,4.058821741117352E-4,0.004456446297918096,3.679683063255722E-4
0.002136977830569359,0.0034200581873679884,2.2428533480491796E-4,8.36171899364761E-5
0.07521091892497361,0.002020849537321068,0.00421692265449977,9.375766389909458E-5
0.03365674550711444,0.03950299548477433,0.006971809332244187,9.994695581937075E-6
0.050496683554954916,0.008993089710726427,0.006879389542217013,9.057435238509571E-4
0.00306004979850405,0.002122418521940419,2.395954480932121E-5,1.8317064468969675E-4
0.07253557349815201,0.048034989737932375,1.9677343741643927E-4,0.0018837548481168693
0.0028210950316714133,0.003338277274871722,1.9406040489296396E-4,9.739921717299828E-4
0.025062850534093323,0.01488548553439655,0.0011898624526696384,0.0016144192777207092
0.11232761807544792,0.010987028855888988,0.005852793539284354,0.0011896613334663282
0.08573151538062257,0.011573909235204126,5.541737819397488E-4,4.0805115806545145E-4
0.028372236929329917,0.002716505009597052,0.0015502614627377446,0.001290054938757392
0.12140538323565377,0.02331298714106024,0.0015029714863812338,0.006331876027434247
0.02501156574418758,0.002760707235887043,0.0013648581914918868,6.796926133551912E-5
0.016740716184732645,0.009194286509200124,0.0036782845324530625,0.001269541421557852
0.07477919521887995,0.01611473859133078,0.0025550514215325545,0.0016724307367034028
0.015162978956770826,0.016044712124812167,0.008180808549032716,0.0018224193296129875
0.02307277331477636,0.016687458850128366,0.002444775001775902,0.0013973622952007229
0.12160750852983578,0.012982839457615533,0.007908992267410762,0.008424604347501159
0.07808939928105574,0.0024441852397354266,0.003695393752981268,0.001685316570920791
0.00788739047052272,0.0025167336973305923,4.8066631948337425E-4,3.8031844418915566E-4
0.07455809264223638,0.027050523474658396,0.0026642012365902077,8.612160631180829E-4
0.03582917016549238,0.008187254540935635,0.0012144927633478983,0.0030051726283951384
0.026184541148255483,7.355636686440418E-4,5.258863674155891E-4,7.473013415814698E-4
0.012207527143913354,0.0018167498300297742,0.0017509686666933961,5.246234742575767E-4
0.018891415693513738,0.0185957489054528,0.004251521568962555,0.002584724510851771
0.001454752873307515,0.0020215895956792232,6.046377062671009E-5,2.345301866346765E-5
0.05730837189284479,0.006348050986375576,0.0011411423302407444,0.0031679578132652827
9.661810538404116E-4,7.730553599305803E-4,4.367044179208585E-4,1.7051433481182106E-4
0.008984264568601455,0.002644938080888244,9.40257893265432E-4,3.6465325953183894E-4
0.010240832565924236,0.005811879357009028,0.0023418850881285844,5.25027013787527E-4
0.0010551399011757801,0.02221401912885505,0.001599392717868036,0.0022578212584812166
0.16874756280814648,0.01593309482309437,0.0031426266232232403,0.002266636425233708
0.030511472831087474,0.014725073527341447,0.0019259918489488955,0.0028670839715528125
0.046503723939458515,0.0020950897095161755,0.002563515702431002,0.0018428923509497008
0.03370965992113837,0.0178298550839724,0.00466129354197311,0.0013415549328038964
0.009024407806500791,5.995121856757666E-4,5.294923007332283E-4,4.811292968976223E-4
0.08358656803187986,0.010399562352341069,0.0037965629221026627,6.055329544189194E-4
0.01574486116248158,0.006684942522466496,0.005661620512133161,0.0010904566857100721
0.06510903476025956,0.03815024771185285,0.006321240696440043,0.003944807090476444
0.013205143307119542,0.0015123054698881182,0.0017380617585461213,4.3150988074500585E-4
0.030742194992121476,0.0046759955202515645,0.0023720991261869722,1.8519284142607116E-4
0.006197468218894966,0.008303288005322026,0.006252291085799522,0.0019200171272069264
0.02182665955149203,0.00949014668196898,3.99030916604173E-4,4.6406230204189573E-4
0.0026294693823459966,0.009198527959765234,0.00380659749734396,7.50869984005765E-4
0.005219485017705252,0.002962613105031238,0.0017237470675501901,0.0025486819952152723
0.009087113912271072,0.007179797354220385,7.650321116781362E-4,3.271413067358354E-5
0.0030457692359881,0.006528036469115619,3.730462202239429E-4,7.34228163859368E-4
0.0038455738313654896,8.174100711641012E-4,0.0013310623823892115,0.0013050502856241264
0.009801645800026841,0.001764287509652014,0.001179703507495115,4.487682224661862E-4
8.988495886044915E-4,0.004679989673194997,3.727348965009418E-4,7.076240603210743E-4
0.010268512511821652,0.006322071400949896,0.004902077953033315,6.80685325556804E-4
0.007619285586821706,0.006518495903361526,3.923253735797109E-4,0.0016546644631559235
0.047332822582103244,0.002991224409544948,0.0018361448992521804,0.0020710038015354544
0.020181695014707672,0.0029082129286146082,9.140998084333831E-4,7.738884055375014E-4
0.002719328190589157,0.014672468759359469,0.0016759367355096274,0.0015731730347529449
0.01921525264009118,0.008829855410082906,0.0011480068244378635,1.0527970701424142E-4
0.028093220067095123,0.0014396036638892132,0.0017044215532465757,7.168259369739529E-4
0.08643669826659973,0.050490095639478,0.017967422114811327,0.00881443441715231
0.014476426600643254,0.002124727217932076,2.6996299810244634E-4,6.419725768922293E-4
4.384991287950911E-4,0.0010514032368690474,8.416343918620469E-4,1.4497870482097053E-4
0.035331944579797166,0.017012921441203973,0.002141663726562254,0.002177433536834597
0.03416881468731573,0.01166594148160034,0.0024236403392312667,2.268273047109684E-4
0.030622538016585522,0.006212706364702562,0.0014560238665706992,2.4973825445796484E-4
0.009472884102444571,0.001052133638094773,6.416677196911209E-4,1.1335032887062376E-5
0.025625625984176986,0.01045805216098594,0.003067428972156796,8.749026725746465E-4
0.004765718889584088,0.004377098656106274,2.7399841510570536E-4,6.43515140319902E-4
0.011717157758769548,0.010801221770221579,0.003358605079791337,9.989651710137213E-4
0.019481709567427438,0.015281531351994993,1.3353558945620217E-4,6.551654272335262E-4
0.018929797405469025,0.0014531058725539454,0.007967607085101185,8.218446691622669E-4
0.045589076541293204,0.012587088007065157,0.00450586431240479,5.800109410258197E-4
0.061819276003822546,0.010448023335188893,0.001682088911660494,0.0027371159212021406
0.008198536190527383,0.019200971077413788,0.004812658375684447,0.001591841942612823
0.03914000473222685,0.007837240599208855,0.0060199037492322015,0.0030418336069377755
0.033819886532434194,0.002426744745539246,5.044160171799188E-4,4.685953199810565E-4
0.026309729562358344,9.945223599584622E-4,4.2515314172915337E-4,5.333777360071968E-4
0.02190557488331655,0.004852799938454213,0.004191061441337531,0.001481720599631486
0.021996126007284036,1.7747570882533905E-4,0.001672433523497611,9.725374854731829E-5
0.19897011841689316,0.010911965068652111,0.017148401970128145,0.00457858294633341
0.045306615728454146,9.910381104636474E-4,0.007836195919528232,8.414687338253242E-4
0.019196019518827774,0.009180155134776756,0.0014439569997551315,0.001179937498384885
0.02508867204075869,0.002897296564620654,7.387840719392875E-4,3.0108146965480634E-4
0.0033459749806277824,0.005881022747967075,0.004257416217878943,0.003010111349371615
0.07081249185270086,0.025639780055149688,0.004444342668929568,2.704383109986936E-4
0.0031745052348471706,0.0015387139520286084,6.969848164186035E-4,1.0974719280104616E-4
0.013977183601081019,0.003900148060073035,0.0036396970169536892,3.2328514012957974E-4
0.014143525718653268,0.006916113868360074,2.4080071813289486E-4,3.822192615609199E-4
0.11635460319186507,0.01670285367070651,5.684482312803425E-4,0.0037132365742338115
0.0162782021570267,0.0020928306647068984,6.949048344333316E-4,1.8844613134970798E-4
0.014499723412267585,2.710399946845427E-4,5.189809937568452E-4,6.221847862592651E-4
0.08276170911096356,0.0010560413019664585,0.004858909083299771,8.756851049638416E-4
0.01288667681678023,0.006333046525470626,6.89730424339493E-4,2.36588431775844E-5
0.018862295583893855,0.0011132781830390697,0.0010384468314174557,0.001422211681397325
0.005640155284741711,0.018577033512962582,0.0012710907428299153,0.0012700408836319207
0.009898152887865152,0.02769850202879607,0.011635086305695104,6.414119357544228E-5
0.035117717883992663,8.075521456219586E-4,8.376488456855468E-4,0.001220068396943462
0.06356412492323923,0.029870114171412745,0.008633356214971558,4.847476540603931E-4
0.013660686035726883,0.011870862825163617,0.001869297018045589,0.001611009454510767
0.043764576990968675,0.01730570263495766,0.00434131449391788,0.0013040833451128148
0.10425951984063063,0.033837889145253666,0.010964225629646562,9.277550903130222E-5
0.023572601406853206,9.029073517415038E-4,0.0017206175628907262,3.389882019638457E-4
0.16660341171856044,0.00791860682596462,0.0055782489910399915,0.0022328962188842556
0.013531175481564045,0.010636177773524443,0.0043129822432541225,0.001273764058090052
0.08735304224246673,9.040335862457304E-5,0.011127477785809269,0.001429087921025971
0.11177568889622891,0.016026977489284968,0.0016378541743158955,0.0017063258848122001
0.06542196026766356,0.05529177889609627,0.015830496800377895,0.0025329111486198587
0.016497121069573347,0.004043329329102214,0.0017952183687529341,6.383381605271309E-4
0.011414108400697866,0.006270714000974057,0.002889472098798469,7.329903095199708E-4
0.02996109911527352,0.008625113093547406,0.005586533295129415,0.0023971784148842656
0.013804626194151405,0.006495477163961805,9.07850272279688E-5,4.363773674745489E-4
0.022567902945950336,0.01398215566536701,0.0018814344317812386,4.581638078398082E-4
0.0640376237698664,0.008954512927945404,0.0056242919081041,7.746906571772249E-4
0.1347576555734891,0.03408814093393033,0.005194329213579758,1.4664486021851139E-4
0.02090265797136779,0.002200210175119729,8.931672887094941E-4,6.33440720355772E-5
0.008392599329998635,0.006974263375452912,0.002876370670426963,0.00319397599985284
0.008944590229511122,0.003552889214868124,3.359555526222332E-4,7.100934076722888E-4
0.016319858315906474,0.00492623175215366,0.0016935653506666864,1.858635589394589E-4
0.008174675170968673,0.018015330243962582,0.0025932176080787376,0.004309848339102286
0.0045540553348990395,0.008864545243608711,0.003673941351644791,5.415512061609433E-5
0.020930352782038173,0.003625519199875446,1.91270376293823E-4,7.116312782570847E-4
0.034967956470190804,0.025118165982642094,0.003696274711992169,0.0015560427242678329
0.023193571441095035,0.005048151032871772,0.002483931298176611,0.001167860303038558
0.007130768481277007,0.004208890374948723,0.002363729838300929,3.1086781290847045E-4
0.0021883658712460656,0.0010436697661835596,4.5146066504010994E-4,1.872136886992958E-4
0.0314297348957475,0.009755607453883498,8.521916795696267E-4,4.156999051561326E-4
0.06087102800057397,0.006190451596533234,0.001727342482915782,0.0032522759639726025
0.004898049071667799,0.002170619167455405,4.995802260178564E-4,2.4899019983682145E-4
0.0010321537809794715,0.011584281947997968,0.009766218568155065,8.210498848577063E-4
0.018545675032885275,0.012244619852274334,0.0014746524453035823,0.001404234822683834
0.018671389948045104,0.024363314808009764,0.005821205819896713,2.158929280002593E-4
0.08449344515536494,0.06089057078907106,0.014770132930476552,0.003072908857716999
0.011592526669235857,0.013919899225805726,0.0035228535479110345,8.40229021362917E-4
0.031002995046276172,0.008523283725453232,7.507350670379142E-4,0.001851665717245338
0.01353137202788583,0.0019165775998482302,0.0014287522229463434,9.63436086105209E-4
0.06178676219225404,0.0035924515228233614,0.0015723404915402583,0.0020134338831777677
0.03700375817698693,2.525984469880857E-4,0.003773563778106365,8.353255342725676E-4
0.001665611321625599,0.01065696503241897,0.005086831268264234,0.005217898524840556
0.020254929464409738,0.008405179028465043,0.0025797247472590166,2.0288495852765226E-4
0.003058831561795067,0.012682417156892592,0.005570313563067678,0.0048276411035989035
0.06288475049930979,0.013475058549376103,0.0022527320374284136,0.001587983719590394
0.021053993534029525,0.013431880050203831,0.0023314861239548466,0.0011188400294826146
0.08371343066477811,9.99975823982433E-4,0.0019196771009215023,0.0017923945059651013
0.04445009560567722,0.0017806733619580282,0.0035380802520529955,0.0021097346312049263
0.013554905306796977,0.0012728704790027597,4.361345632489019E-4,2.704615427380169E-4
0.003205737020230863,8.380118434790623E-4,2.4481153117699666E-6,2.1387120697708274E-4
0.022317852164411504,0.010143549957270794,0.002169458440109313,7.109534826462525E-4
0.037002748310786,2.1209773673374076E-4,0.0014684780469280496,7.332028312995638E-4
0.01594568466537613,0.0011179275512322984,0.0011751348183518383,1.9868163036024502E-4
0.020443313903511888,0.006686439872268953,0.001115917825016452,2.4718687747361887E-4
0.028461202753721708,0.00951175137406429,5.840059190297819E-4,2.992992306045736E-4
0.022414964013146556,0.007920116678632428,0.0052126932342225485,0.001809868891271548
0.02991329838528492,0.0064622971050164795,0.001779506926132835,9.442434433835562E-5
0.0026815532463630603,0.0030041051628858294,0.0014158982863192052,7.794733827418251E-5
0.002758721491900512,0.004962468526158176,0.0025000098395155583,6.642822853802105E-4
0.0031986131057115457,0.01728714044527336,0.0011185769966831583,0.0028590876912226657
0.11555691484653866,0.018521214798519238,0.003494938340568832,5.182210869658031E-4
0.001334279862255473,0.00654072247711571,8.519196471359921E-4,5.523686289404372E-4
0.012128846957625887,0.0036724425920501634,0.004522331070239532,9.375110018809192E-4
0.027033808390736838,1.0989025264400696E-4,5.892996784886868E-4,0.0024190623370023536
0.007603398109901391,8.957997596796823E-5,0.0036339594053033247,7.585977893784243E-4
0.01932291345577698,0.0029489301778873487,0.0038505285008462154,0.0018134767096742825
0.001145055896011627,0.01072944841982265,0.008480763429191837,0.001560734900744163
0.004881972064222503,0.0087852837326945,0.00458775233294651,0.004885640132446109
0.004917124697285085,0.005643018546970716,3.726054198749704E-4,6.109656550589264E-4
0.02431772994353866,0.01889558716858449,0.0028321952346074693,7.14852306246618E-4
0.0248581434403212,0.003793664204623104,4.450059109341311E-4,5.188964081750526E-4
0.022935188776966004,0.004441547263250413,3.465215988197479E-5,0.0013920678677703687
0.016401940940852233,0.0012280868035589316,9.669531266132974E-4,4.014366924570686E-4
0.012516561332584162,0.009074158863466115,0.003626703232872343,6.427245640968411E-4
5.211892900574719E-4,1.877078297867722E-4,1.0839825512589654E-4,8.961756862014919E-4
0.01223375175070692,0.004150328349067079,5.761898590455518E-5,8.274824726783593E-4
0.04639201392523813,7.370923965644284E-5,2.94025431879219E-4,0.002429854226591304
0.060697665463671356,0.009471701081057899,0.007531129531051942,9.646733634174618E-4
0.009563772818338525,0.0028431952487771705,0.002981721426477961,4.7481403125325904E-4
0.03764105240081345,0.012274283369692678,0.0025007511318630177,0.003320327708295455
0.008480438135983143,0.0033562493119545823,6.494143730566926E-4,0.0013509591717398373
0.024864794759525112,0.0012260537454738625,0.0020910534928917372,6.845957780236236E-4
0.021847263932607105,0.006530466537051306,0.0029513851887321414,9.821593376129715E-4
0.12515305366467863,0.0071259233905165515,0.004452759713832703,0.0015108930595962428
0.10458685553597334,0.03169324033000224,0.008390010344539744,1.2926252615526868E-4
0.036786180710896725,0.004225835442187974,0.001434364327854524,4.5178220692895213E-4
0.00703791972315529,0.019411034587522906,0.001028440598679823,0.0010500914180476657
0.032159117707806224,0.04204195860281003,0.011288764327207004,0.0031029232661128575
0.003160050841761035,0.006575690643156576,7.604224840009584E-4,8.185156123909913E-4
0.056206362417437705,0.0020342519270792952,0.0019915316075348236,0.002054163406439156
0.0014798195763563548,0.004734743184989251,0.0020639271739718926,5.931358396427644E-4
0.060248397534122776,0.024065918936737495,0.0074688509468695125,7.560601293919451E-4
0.03548920132201722,0.002551141817257713,0.0035405350790470146,0.0017025935650584734
0.12769217467283966,0.007106889633637817,0.0058409611946196975,4.6578722823803736E-4
0.014995346423379168,9.978570796890906E-4,0.0036433396800965865,2.160478911898259E-4
0.007964257640229507,0.0014774434828979909,9.821115060720074E-4,4.282148899066749E-4
0.04233592690041084,0.0011224304447991385,0.004921612255583913,0.0014964345379824496
0.08659654516569229,0.007566239424327742,0.0097738410257382,1.5958363756232466E-4
0.01951271500326571,0.0019031641522647626,0.004071819027994244,0.0012483368628637467
0.035335040629498646,0.004140754868382478,0.0011676049218106092,0.0013505097181586122
0.042332463030529885,4.997039082436093E-4,1.4675269858008838E-5,9.014601677884733E-4
0.00797690670828285,0.0019190293552590859,0.00177524994681573,0.0013920168093497995
0.016562445934039768,0.003822234543465562,0.004973499877117375,0.003221529033463304
0.09658364161665309,0.005846359212780532,0.005142545332710249,1.8502157531130974E-4
0.0067452791338811794,0.0031186322866415864,0.0014813348576028914,1.6256104856177757E-4
0.09844469079510428,0.019438037612161244,9.325406724219077E-4,0.00185309892449079
0.015592753551025462,0.012741380816824568,0.0015273511898041612,4.432664027004024E-4
0.05509838235030324,0.012510313039485669,0.0028121173901563966,0.0016226826563714946
0.004208321359034839,9.971749375228775E-4,7.134657087962132E-4,1.98498453181757E-4
0.013695595713224136,0.0027654698491410357,8.893968783719853E-4,3.023726122984462E-4
0.09186478214345657,0.001774043208317734,0.0044223248847333075,0.0018600453649859246
0.01200333183451284,0.012508749932020115,0.002862450228197618,0.0016762725312512794
0.007814291002250093,1.1772521689519744E-4,2.553236582409774E-4,1.2474557022905945E-4
0.037269366459045106,0.013234622191486313,0.0013825909543192093,4.984665237354644E-4
0.015370904877223675,0.026912083020065012,0.007192304079155889,3.2328990946651174E-4
0.013273297697333672,0.004715948318622088,0.0012975683789261483,3.868713788728163E-4
0.007735883252719946,5.152036472639268E-4,7.195847230483553E-5,1.9813009113493993E-4
0.016789489435732226,0.00774285862110867,7.97960826320733E-4,0.0015829616158045596
0.08169063135347134,0.002674755849407839,0.0038813754879653824,6.569794436416681E-4
0.0025843249092165157,0.010367938594980771,0.003208330621251183,0.0016901069702780413
0.08327625589692184,0.010064953024367754,0.010472402055203743,0.002520862692868624
0.07170894572829617,0.005227631321017866,0.00865152368994583,0.002756323057424359
0.0023002683473206773,0.004344839237770024,0.0011640768913782895,0.0017173797641110954
0.04081221189617324,0.035922977929962026,0.004672626811815863,0.0015398099615425232
0.043036382810128594,5.956107221552021E-4,0.00153929510855094,8.541551343252027E-4
0.015295186553017981,0.008647622778004033,0.004089729826928276,0.0013612164213191585
0.020789074969222058,0.009113300389343578,0.004736127260929677,2.1907760854980936E-5
2.3760471277327878E-4,0.00793149708018079,0.003015440514086764,1.0323666783730179E-4
0.03229325918393537,0.005441532183134457,0.0029316425504827097,4.835392300851026E-4
0.0306172431691925,0.016650064733902507,0.0013756202126814477,1.3377226975648266E-4
0.1305198817529583,0.006713727728909682,0.001524068924695473,0.0012162044540136505
0.017599183373783273,0.019944727025670714,0.008789864913302053,0.0012459978816991852
0.001698226387734159,0.0016643681420988083,6.964092502067945E-4,2.846368984072026E-4
0.04120180013232164,9.011720487378491E-4,0.007016520990780982,8.394337891132787E-4
0.002393261122277197,0.0015350890849804262,0.001552622438060677,4.178639929686836E-4
0.009288567170992332,3.0630927924495675E-4,9.473183076495145E-4,2.2723330171941117E-4
0.012045195258083516,0.004514866090557346,0.002210644681827818,4.940042128141952E-4
0.02379180743965378,0.00641290553104912,0.003252250668013238,0.0010020994480790138
0.07464841729333244,0.001612066847755117,0.0019851050234602355,6.796232169097383E-4
0.0020893399533602887,0.0011550205677038263,4.129352596509866E-4,5.9812743450049755E-5
0.08731892326477118,0.048804069256665326,8.386946089581852E-4,0.0017665140685127236
0.007802635241861404,0.001264761731195645,0.004308913035627391,0.0010059889307248765
0.0404725296206792,0.002609588933661794,0.0024122574968235624,0.0010512712209583943
0.025674499603719307,4.840248050838598E-4,0.0023370539845876987,0.0016026561411957598
0.024240200271837698,0.0056916929607321535,0.0020423898089185436,0.002835622167610627
0.005766273830311585,0.003140171750909378,0.004300415150124693,0.001540353329873098
0.06823592548647797,0.0041862770242082166,0.00887552690425102,0.002707115221295545
0.006462417084567479,7.940188829636551E-4,0.0015301863621942147,0.0014578271156566723
0.019456072699529328,0.003371032562778518,0.0017464919339334898,2.355094245654351E-4
0.012976631586585305,0.011336511789755454,8.120022625755977E-4,0.0011644481223494587
0.015281855009556748,0.010126366362936998,0.0013330863144618663,7.621885727863545E-4
0.0019297183841359518,0.0012565275502512748,0.0010062909423448861,2.0054258759477818E-4
0.05376681683968448,0.04409441934334949,0.0292549716343276,0.004964890362850864
0.08447961756039138,0.010360281164447786,2.8934312792700917E-4,0.0013644524535558942
0.0397233459363191,0.029787733232836896,0.0037531192385618782,3.4727676048568353E-4
0.01260821732194581,0.0020136149969107557,0.0017056984980389235,1.3640910303042077E-4
0.018366807721984575,0.007283304227327236,0.00190014644932817,2.799704194067934E-4
0.008705640374531854,6.221185293018708E-4,0.0018768032776559519,4.478742869374868E-4
0.02805610133837872,0.003432368132379137,5.7529856954508485E-5,5.659767095379143E-5
0.03085891224950914,0.007581203966593292,5.707625891596109E-4,7.011432708669661E-4
0.04062854183099179,4.409433539091587E-4,3.438245539475286E-4,1.9340827040230867E-4
0.0636172420199916,0.01177717751947498,0.005462876902932156,0.001239516144900733
0.03143625135355312,0.0019263219542892365,0.0010942732112662122,0.0019495741777716862
0.015533264591351193,0.0010494000463081969,0.0017178971618565242,0.0010140909826773386
0.007658529713340974,0.022448278180694316,9.036929217910829E-4,0.0033513270913151797
0.003752519980746782,0.016340952458913913,0.002685664493003597,8.371108679784293E-4
0.0037950929968777413,0.0019121988929618062,1.6592825351652667E-4,1.92719183727004E-4
0.05349644510567333,0.009085662540097692,0.003207213980861646,0.001455616265987314
0.005510176147215768,0.004979628826049605,5.300293675842307E-4,0.0010079867291592972
0.10014864932240865,0.0065920699821524955,0.0013170605707131626,8.204665791450554E-4
0.0121423822257581,0.004853154690253306,0.0015838985071125334,2.0208995865790094E-4
0.02434315214045284,0.0037842170581707203,7.897705876783791E-4,4.43307256886729E-4
0.013504398391436806,0.014635029822026116,0.0042766914779877015,4.6513552188634803E-4
0.025481815873118513,0.02321972507879698,0.003403801601501868,0.0010826608470031229
0.05401145840680071,0.014989695956707025,0.0037703528021607933,2.672634156274892E-4
0.034151624847062134,0.005855122996682431,0.0018923259816532073,1.3002633970601748E-4
0.09160798924211913,0.0031135502719935133,0.0024120012290944574,0.0012818509857850818
0.07340372034354838,0.0034688887108968816,0.0014797000056029272,0.0018042324965761127
0.01350976029575567,0.005451387376686914,0.0015046706439456302,1.1815292853384944E-4
0.01217960463572736,0.00420963869388207,0.0018702344234369796,0.0015540599454405477
0.01536520823344446,0.01643410399317562,0.002873104287933488,0.001115680158917221
0.020044157356826003,0.0025545347907565893,0.0037170632217252315,0.0014893111996438135
0.022732382570131545,0.005271480430307852,0.0029044551632591703,2.6333324157095175E-4
0.11203681869442467,0.01965092010764829,0.0010069451198355102,0.0018980096397312395
0.0011120486378626416,0.004607221442990133,0.0028445984901789103,1.9608760455479905E-4
0.016280972033739557,0.012240362111562257,0.0016402384293642987,3.723850868738455E-4
0.13591157895285447,0.00308058630546735,0.005384869757780971,0.0033697975440243636
0.025144176112988303,0.002682481171048635,0.002115640737348783,0.0022621799854244838
0.078899529969555,0.0014394091843260872,0.003506115440829336,8.504249171488999E-4
0.015878280202090807,0.004923559834892564,9.008511663000813E-6,1.7106336184264122E-4
0.02614813588655083,0.0057894442990731034,0.00464528401162687,6.67594342702366E-4
0.01193007738462959,0.0045703933059333965,0.00170508480495298,4.0185647673573674E-4
0.029678019018182924,0.012450087511019411,0.0020854977797992677,0.0033368686656855386
0.05348562679726982,0.009302674246128148,0.0023442714221275297,0.0019940752483009147
0.017133770480635174,0.006953175622537441,0.002483723648039793,2.1759356196869692E-4
0.026253072539586142,0.013225987761802149,0.0019216162125435725,8.590470336392352E-4
0.0624942317851446,0.01944483664940312,0.005406301388857501,0.004955488692859042
0.051566160078310615,0.024486614379075896,0.005730942746614881,0.0018749525015975305
0.07723460377025991,0.02640719798261909,0.0031754196150577453,1.9561173890251133E-4
0.13673396406417354,0.00839425480381707,0.006747977610997278,0.007899938641136812
0.07832353397259849,0.06100538741429035,0.01669766177074481,0.00316156551441216
0.026984909721544784,4.338793149189715E-4,0.0038198206009615277,3.554713652219777E-4
0.006379055826380164,0.005138514212374622,0.0014958133971292745,0.0010586171404673933
0.07434571851832872,0.02282208554853147,0.005644155362365828,0.003396822629624114
0.04910196321337288,0.004753656697971651,2.543828691675047E-4,0.0016703651788109244
0.049528641746382385,0.02010359527416897,9.101642058136626E-4,0.001970495645880208
0.0019072099371923621,0.004498219582884914,0.0011763554908120666,2.2813254359423422E-4
6.759241292818775E-4,0.004161741559063821,0.0021493407117050673,5.996052219301863E-4
0.09679868009908824,0.014976073061196069,0.0036166728304860055,5.815275154745798E-4
0.010693767353504179,0.014813595320354058,1.879145188343757E-4,0.0018374162175925969
0.008560151290404225,0.004187369535222404,0.0016765648454132665,5.431905806629408E-4
0.03334968130968895,0.009457949063195607,0.002339886234527813,1.9057575011205256E-4
0.012174431422299745,0.014899307249187742,0.0024494051600419285,0.0012327875370725268
0.011352235515366913,8.859628728585012E-4,0.001206412760364969,4.7954496566733574E-4
0.08214073661992362,0.03336783684502137,0.016165945611554232,0.001975365123379353
0.01525812513833582,0.0050863622577683835,0.004347410225439426,7.134637795426704E-6
0.02034963732502032,0.031141880250522894,0.007061267873725188,1.5428622199757327E-4
0.0065882361681616226,0.00377239077858556,1.1198665615648171E-4,2.269773947034979E-4
0.020496389529137883,0.004148571512973044,0.0014243133168072189,4.020742074324884E-4
0.06625670522029131,0.06267005778862561,0.017360135592337983,0.002810217004661915
0.011532042771523199,0.002284857403650461,1.6664927084152396E-4,7.969516775885678E-4
0.00539093235051672,0.007960895533099543,4.5228962662524164E-4,6.953096580360699E-4
0.026757116058133093,0.0036878200041584514,0.003562353459087652,8.524991954372542E-4
0.023110892442744044,0.004004248667962521,0.0033407311644625347,3.311012294022259E-5
0.0376088340023941,1.092799469859662E-4,0.0070865638890795215,9.567767871308525E-4
0.01742717809064575,0.012781600112646254,0.00544651750469873,0.0027364796126140216
0.006900239458725358,0.006304480590425355,3.2172211450536096E-4,4.0153944338382804E-4
0.017226050329888012,0.00659627850318273,0.0022162924068484273,0.001560364722437513
0.02886808834946901,0.02634109352732402,0.004412954608309322,9.321590579450738E-4
0.017830096645886608,0.001274241198478626,0.0036825664155330055,8.448554322616368E-5
0.050295112592643444,0.002852129019511753,0.00957499822812547,0.0017463899578506051
5.546934946094856E-4,7.832168692025369E-4,5.423882776185421E-4,2.843977171498782E-4
0.004548588212890983,0.0024066948265925405,0.0021816689015817336,2.401572469654987E-4
0.045329596228095015,0.048508162808533734,0.011603660823818723,2.581789907235378E-4
0.03984995231904343,0.019558867182366012,0.00667084488540139,7.599382087655124E-5
0.04146875701223887,0.010986294048709235,0.004055861836741356,6.184170762678066E-4
8.997641152429991E-4,5.673246804075589E-4,0.0023168713362985587,0.0011147989691340876
0.011814265936564832,0.009789371044947552,0.0015734086371152088,5.162031912764709E-4
0.009172352146224033,0.003567970980238208,8.55634283508818E-4,4.5374341391331155E-4
0.0021883658712460656,0.0010436697661835596,4.5146066504010994E-4,1.872136886992958E-4
0.09085048795999108,0.003978766849677361,0.001738529447012825,9.303409319285588E-4
0.0060237456606494506,0.026808404154895108,8.628750028737049E-4,0.002301829793065127
0.013410104634195109,0.004270445295246175,0.0011298412510507105,3.5064668747344094E-4
0.03224240606961665,0.010511042987349091,0.007032423833948133,9.7407005748172E-4
0.011778484563743622,0.0014985757879796026,0.0016001803920880377,7.962743808922235E-4
0.013975984481469195,0.0066378702193038135,0.0019061539722807692,2.109576819945908E-4
0.11526062658856825,0.02423749525412576,7.159820053046047E-4,9.808530745876885E-4
0.012366937036625447,0.0013473044228954506,0.002333993586041488,1.8777074765329968E-4
0.011792511011615938,0.01931413777001704,2.709269192887835E-4,4.027229811499211E-4
0.023337779915034596,0.0037677749169692004,1.444027505894083E-4,3.982669068614216E-4
0.006006085557568389,0.01818543083343651,0.009911755995387642,0.0017810997569394568
0.08059156333366495,0.013252548677242647,5.092818471985538E-4,0.0015484818974291826
0.06790494388758961,0.016675867542808698,6.721851379794911E-4,2.533081559194427E-4
0.0028972362626516236,0.0025709673662455573,3.019272257169084E-4,7.2540948522699885E-6
0.003508289451902316,0.0049142410798866994,4.938916993685386E-4,2.1233960340208153E-4
0.08753084386497957,0.050244282104248306,3.746893206216807E-4,0.0021295855840924977
0.0015092076782059888,0.002697208054422431,0.004215766488914683,0.0012661823307345795
0.029737106920497525,0.0037241729656768323,0.001045343886911438,0.0010195322577307184
0.0019700039004401848,2.8856083383522796E-5,6.954566633077647E-4,2.4423609349295675E-4
0.08976704587197398,0.021513064899100254,0.001995141951161516,9.065013725087098E-4
0.015845838009519515,0.005221072028859459,0.0022522181319624187,4.015035229487853E-4
0.0327452149907934,0.004342232918134269,0.002196280773890244,1.6784068275600518E-4
0.0031757573842883338,0.0043111789678290284,0.0013430727646407499,6.247798681620741E-4
0.0128572978029386,0.004582748263968299,0.0018127282863008298,0.002047882290636444
7.505970535282781E-4,0.008661380844925032,0.0014696225646219003,6.169342266946296E-4
0.007322342413909933,0.006612869821935627,8.801241096624429E-4,3.271912312199236E-4
0.005059564923438365,0.004432300453264635,0.0010763276496106478,5.841345243755938E-5
0.0046128472621221545,0.001807432821042906,5.07783303702316E-4,6.415143682033568E-4
0.03221551121899204,0.010468821079753231,0.002832336281734439,0.0013364493529560758
0.0550936205275899,0.016331567581100135,0.003931304191513399,0.0024072117688848514
0.030112094112619718,0.012539225042886152,0.0026895753804829898,0.0027899859523235404
0.014114908702444758,0.003373182024219476,8.7170349759076E-4,3.923164991092327E-4
0.07880540059496743,0.0194645733008281,0.005964503554622077,0.0018081377821623152
0.020196787075448024,0.00710890453407481,0.0015679217677119265,5.024958673222982E-4
0.008457544075877468,0.011334869123858001,0.004835788471110165,0.0047605684543735646
0.09431132970936625,0.023674581623925793,0.003393883810704647,4.077278470238059E-4
0.02294677291816346,0.008487474685130595,0.0010351131218530412,4.469359119216967E-4
0.0250954028876099,0.027656946042347304,0.0020315090523954555,0.0013720265564146396
0.012561574752454221,0.006378853650536738,0.0010665178134770781,4.238096276525248E-4
0.035330307051856975,0.007196895533563072,0.006669953936842951,1.52004357355486E-4
0.028822394539104172,0.004070401522389072,0.005461705907244491,0.003184998358623125
0.02590495792619516,0.005936430430011875,0.0013837651452163501,9.574879000950475E-4
0.03025224065337712,0.021666448509040665,0.004756632024077413,0.0011396311635428961
0.01496272771791043,0.004341710122712734,0.001031029599441546,0.002119235405147531
0.043221528540354506,0.0061136616272681,6.657264666232397E-4,3.2245073438779646E-4
0.03839522932471741,0.012214102302862705,0.007902705986338188,3.694892865755818E-4
0.018785200967792723,0.003945220507537828,4.318810508057071E-4,0.0010489242912141508
0.014901936071322907,2.655921788283175E-4,4.476854423547541E-5,1.0124876348183035E-4
0.16094813217096526,0.002123052222330352,0.003909659561164843,0.0019542977541240143
0.027394246313684405,0.00573103526360065,0.004769933265164422,1.1971456413633883E-4
0.027232624337368068,0.0038618725032781897,0.0020939494726687816,0.001693930282345043
0.092733395498626,0.014050360745281099,5.532199370882957E-4,0.0016378873925826818
0.0991757888894841,0.017091080700594338,0.0029172219359076997,0.0016051622654145556
0.005278457088941824,0.012573229953756902,8.162704541563122E-4,0.0012450818352616677
0.12298302494198755,0.005827484616078688,0.004998208712737457,4.6359427407318787E-4
0.07366384679489885,0.024781400357755636,0.0030828052087665163,0.002150283968568715
0.018376603196972072,0.0040586398733571455,0.0034692363406054897,2.0400775635402688E-5
0.06414114614182974,0.008887118982367326,0.005011610224074168,2.846413975658801E-4
0.036198389084268597,0.001500838205393437,0.001076227775991452,0.0010118720416099126
0.01375995998866441,0.0015088192026874437,0.004808456328189746,6.11187133512307E-5
8.583589755062231E-4,0.005285426851136461,0.0020909056397688903,0.0018188816158317407
0.024606823610514673,0.034172665180204294,0.006353848362302156,0.001873581267135858
0.013621603917976975,0.001591406485914351,8.178424006074485E-4,2.0994711371093584E-4
0.15315423219636834,0.01168717459550558,0.0032573906536261733,3.1964956332615295E-4
8.402318435546614E-4,0.002148219897130264,4.842196453057294E-5,4.1493250911226566E-4
0.09270079305668066,0.01745690857522082,0.0031788069511258345,0.001313512721756797
0.005915310987827265,6.289918588427749E-4,0.0010819241757958607,2.8312971862796065E-4
0.009914989717661566,0.007923175938367319,8.876876176192129E-4,0.0011522551185209743
0.03474157504462934,0.009710487877077291,0.0014421491195346584,9.318593743780931E-4
0.031147837104036877,0.0010931296914654834,0.001368402131582132,0.001094623514468033
0.04360630507522921,0.027784881607838985,5.762256353420156E-4,0.0018596151682304107
0.010143364171741637,0.0015842149386415102,0.00198982785943673,5.510071307201232E-4
0.007753877549319377,0.009790726708996238,0.0013769402737634807,9.942139258887013E-4
0.05551582797171524,0.0016405438940254474,0.005271034706294837,0.0020012794183817185
0.05233122868010515,0.01777650046193976,0.0037197987789298016,0.0012068696942927539
0.03832344027789068,0.005549126403435462,9.785714153735174E-4,0.001109700726340813
0.0031184294375039777,4.674426500569281E-4,0.004923163858358744,0.0010043418147332233
0.05993741044534257,0.011757557842585956,0.005646304359079457,0.0010116295539751262
0.06123022818650217,0.010282559633917708,0.007664494088103927,9.71931428626098E-4
0.058836324661096895,0.0174825590478717,0.0012926621448620355,0.0013734090697144054
0.12597785809177525,0.015755454832900407,0.005826565332102797,0.0011976061584535833
0.09275212694141384,0.024405995295455816,0.008165802413342287,7.149563111292448E-4
0.005606253921985907,0.0024967580536103943,4.66030958588126E-4,0.0019941388532144066
0.0644539084849643,0.007703718484297441,0.0010354867820557899,0.001982476258023697
0.023536413931241656,0.0068250890478331935,6.145876507372905E-4,0.0012008259523076236
0.00875758581295822,0.004482481484228822,0.0021705281015938355,1.794353801684247E-4
0.11645951104695337,7.157951914104973E-4,3.838162437731383E-4,0.0010649732888596527
0.05748801046193205,0.00876429207615641,0.0037121124006430964,9.081360918362794E-4
0.035716510844004394,0.006874289455066988,0.00642480429543048,1.2907235622192664E-4
0.005990792713561192,0.0028368582671713235,0.0011283027868761578,2.2062394516865908E-4
0.10971420172153008,0.019501001460862574,7.610433545573201E-4,0.0018205716575126134
0.0786377552568363,0.04725627927219357,0.003573867225846885,0.0016473149938406194
0.002076984792334944,0.0070758219408853015,9.113854673386865E-4,0.002008703839391719
0.011622830117171684,0.002545906911491336,8.825382323173934E-4,2.458705120321256E-4
0.09151685220217985,0.005120328264082799,0.002263301377654796,0.0025173523319108383
0.004307705182224813,4.6234531831832625E-4,2.455133648912403E-4,3.1214335959314E-4
0.012641840560716057,0.006524946274739789,9.734610035695171E-4,3.9184626250953007E-4
0.05592522420215929,0.00988914507111631,0.0019200246500207653,4.959071331177792E-4
0.010149690460768253,7.900532143050205E-4,0.004533814577196628,0.0010517857367559158
0.002229916315429842,0.014527764109830851,5.042391182855728E-4,0.0017039055025331227
0.042122126830970975,0.009264635204881038,0.006298919275974165,4.5956207037043236E-4
0.007875385314720096,0.01793234475955993,0.0015760224252703407,0.0012604933079920365
0.02731300524993489,0.0034051947650541115,0.00883871876303973,7.435375195693822E-4
0.07170894572829617,0.005227631321017866,0.00865152368994583,0.002756323057424359
0.08316189180022468,0.011192757730692771,0.002468151619070865,0.002360072526861081
0.020213194756222033,0.004550656401698249,0.004646261395614455,3.8956207199923517E-4
0.011613452062430939,0.005037605029953651,4.507743417887456E-4,0.0012065937023093035
0.07550698555016692,0.0027302197676569865,0.0033783725090541644,3.800699241055079E-5
