5K,50K,500K,5M
0.0183178579464487,0.001557672798073245,0.0013481953434018377,3.1495401557961154E-4
0.012015839999999889,0.005397177600000136,0.0021242317119998244,2.3782286080009651E-4
0.003176582971025743,0.004715043839180755,0.0021252146227710433,2.65066917164658E-4
0.00290665115043498,0.001423791337594292,0.0012634383545790508,2.726685125563972E-4
0.003433128402619838,0.007526104938986166,0.0018460364188204316,8.261074122919052E-5
0.015729548220568018,0.012490803628753645,0.0010028643185567684,0.001400723012793883
0.01193767765490282,0.0032841306961913885,4.277479994818584E-4,0.0013720495619710933
0.016346549428223778,0.008343161801412924,5.305688150762933E-4,0.0011681130783125493
0.004247029983421903,0.0023017860896274605,1.5309707132554499E-4,1.313934039129728E-4
4.8800636928003627E-4,8.873636796291606E-5,0.0023178396620318065,3.867840010230994E-4
0.008897366003205582,0.006097753880010116,9.585435752337737E-4,2.33582765645023E-4
0.001068743281459378,0.0051212238409540384,1.3347319646055814E-4,3.3428523516155665E-4
0.013575339383484701,0.006975174379359437,0.001955816091826281,6.334318281128462E-5
0.007003913575110769,0.0052718639626588605,3.842803124946634E-4,2.3427238800725355E-4
0.01794815999999988,0.0035615808000000193,0.0014003394560000437,3.6740587167982675E-4
0.040785588553968743,0.010244703352748186,5.9789595841297505E-5,2.089701714785841E-4
0.010561367697886877,0.007454149162994836,0.0010192390375702886,2.255573748946317E-4
0.008622460417430993,8.514151228688487E-4,0.0021827798409847967,7.639961227186774E-4
0.004417554637403892,0.005356987859654263,0.0015833337902730219,1.9498438019650561E-4
0.0067686863701699185,0.005343682401756977,5.851347713899946E-4,2.5389910218431844E-4
0.0034640000000001336,0.007365702399999563,0.0027337349120000187,0.0011219093126397794
0.017372994617128473,0.004786193421388645,0.0012667278361603433,2.5738716040048205E-4
0.003903620203568351,0.001304990234572423,3.0274498590844096E-4,1.8773515120807695E-4
0.0032996004430711117,0.0031915112260797076,2.656140724378211E-4,2.9679052763545427E-4
0.004549793228388536,0.014567454705643437,0.0023451548080104323,4.280993152016239E-4
0.01837545938648469,0.0051590308245879025,0.0011721825290453903,2.604094802585069E-4
0.030199175375678844,0.009142594547093652,0.006354428318214533,7.072875104758847E-4
0.030471494486340497,0.005830030371147915,9.234237031916166E-4,1.6780857275783804E-4
0.014404519269904027,9.208496177688121E-4,0.0010318186790875185,1.2422856909376212E-4
0.01975540431338796,0.004290305259245564,3.4305549570579075E-4,5.629936780449096E-5
0.013784066061900776,7.478005635784595E-4,1.8741160071070255E-4,8.038397123131693E-5
0.030182493448387606,0.002277081736723028,0.002459718444864733,1.9514811886969642E-4
0.007576000000000027,9.600368000000081E-4,8.958361599999964E-4,6.818969439998934E-4
0.01143232209777391,1.627830128668622E-4,0.0011178095825741833,9.0561001331034E-5
0.04650784000000008,0.005763095999999912,5.806938240000559E-4,2.1481187424010617E-4
0.02521237759999928,0.0011267759226878393,9.731925663433172E-4,7.18567208416454E-4
0.0131889761257229,9.469467355395396E-4,7.10560731521765E-4,2.8159507314326747E-5
0.0015992000000002449,0.004605270400000139,0.003891560112000203,0.0015754108211198936
0.05536255619406468,0.0019426775738178828,0.0014082278047471554,1.1566326031504124E-5
0.004990638498747146,0.0068302212945741125,0.0011955634760152378,2.579998487408641E-4
0.026769192909590234,0.00943726022348057,0.0021975655189795384,5.500429550371333E-4
0.0049594852870296965,0.003139106995222631,7.493056664110381E-4,3.422597299604547E-4
0.02256895999999986,0.0030192704000000514,0.003266929599999857,2.954923887998895E-4
0.0010254559545421179,0.002379498704699251,0.0014216486438964819,7.097030448438158E-4
8.797320138852621E-4,5.861893838434699E-4,1.6252179431544276E-4,1.9729473866115198E-5
0.03593443010789121,1.7512773738737053E-5,0.0011824599514241863,7.198596412280045E-4
0.016304400439214106,3.7825421683335136E-4,3.381619197452279E-4,3.356677912702555E-4
0.009350522351875083,0.0048528545748309695,9.086899967916631E-4,1.4867516541992523E-4
0.0012665151999995405,0.002113810432000429,8.035330232507576E-4,1.2117950480838857E-6
0.018415288274005404,1.1867452227298791E-4,0.0012169891563450497,7.690281040331204E-4
0.02442783999999998,0.002557476800000069,1.8817606400012288E-4,7.549350003199784E-4
0.049576239405985184,0.017919892369678937,0.0032160045434534074,4.47450087213175E-4
0.00784001148138036,9.36222494275718E-4,0.00169018260525855,2.0732515845667265E-5
0.038047359999999975,0.0067347007999998265,0.002019578976000025,7.24754398079952E-4
0.008212251029280582,7.054442255736149E-4,0.0011040996129215719,2.724884709014441E-4
0.017494149039511964,0.007974851935368399,0.002945032528031355,5.843316907163665E-4
0.004213864248474562,7.429889906650314E-4,0.0011069507932864693,1.4704023775067645E-5
0.026311432223029563,0.006623938376278282,4.643403260817802E-5,8.098445472449756E-4
0.017448157950143095,8.633241379119028E-6,1.7218422748943585E-4,5.87420581532383E-4
0.009142085751303977,0.0038543085801512333,6.382630858400772E-4,2.3493885162156097E-4
0.027749120165288358,0.0038427840360720994,0.003047773582282227,6.912676734361917E-4
0.002246314109047703,0.0013439425847998755,0.0012352168023017282,2.686747172939585E-4
0.030859961691752424,0.006512136186993216,4.6295130139980704E-4,3.784976909645569E-5
0.02169360000000009,1.2316479999974206E-4,0.0017559652799999936,1.7359682175988045E-4
0.05935931593405508,0.0010039199527447362,2.328130853797017E-4,0.0014752330957747972
0.011664860679425817,0.01535581088165104,0.0025640723522115344,1.6655908229320663E-4
0.009907030211571294,0.004019815315603899,7.819362472649238E-5,2.1039542343598608E-4
0.0026131955017146984,0.0036545604702442297,2.567045338557656E-5,2.0807777712012715E-4
0.010876732160531307,0.00791924880835203,5.59435361189347E-4,4.7209610970250434E-5
0.0015313582839571016,0.007611734293357304,0.0012232925842322966,1.7676046942663028E-4
0.0037206420625505165,0.0018454635893991878,3.249146725159413E-5,3.8683987073673265E-4
0.026081996601007518,0.0017017292193538536,8.432843898533715E-4,2.5027621701723124E-4
0.0039591860099167375,0.0014519446878045184,0.0022171395887193857,5.068110766393019E-5
1.3066086399970978E-4,8.139752320002192E-4,0.0014605069153563743,5.719332556972656E-4
0.02204000000000006,0.009982303999999997,0.004122696063999953,2.0315078655985808E-4
0.013660802537330152,1.7961493582197008E-4,0.0011851991136238027,1.395492776512519E-4
0.029621766655999693,0.010934402879999916,9.672156042623836E-4,5.19998138670541E-4
0.007995788117812097,0.0031430969282781884,0.0016550275497426714,2.038015615254407E-4
0.009262228610095846,0.003598784019319647,0.0013049635608677335,3.4870424362955433E-4
0.0020700917522940244,0.013511624796330045,0.0019265505607634489,0.0020976196919487876
9.369815093376652E-4,0.0014469582198529697,3.8881394643860783E-4,2.022537532255603E-4
0.019755047941782573,9.162347510358922E-4,0.0012724717857723888,5.453896469286132E-4
0.007935303781625882,0.005526019136863481,3.8707842375461035E-4,8.108095402373576E-5
0.007983792447784022,0.0034268540813912063,8.939927276758741E-4,7.679352973166687E-5
0.019732029869217405,0.009940171910333584,1.523331826758234E-4,0.0010809115331967822
0.023199560960000087,0.00174545580671992,0.003245612191110858,0.0013392798939934059
0.02347852925695641,5.463382221132824E-4,0.002162946023069008,4.917095630443413E-4
2.46794896570463E-4,5.37347075378145E-4,8.130581781075188E-5,3.171045589361196E-5
0.00110676483350229,2.7264167686771586E-4,7.360810556960626E-5,1.8643296669616856E-5
0.004832230783928188,0.007337410357833125,0.001957622853645254,1.0148066394853454E-4
0.01344006835409628,0.002911572177914601,0.0015698666302352837,1.2654499744302328E-4
0.005705907469687906,0.002167037263497412,0.001912133075700827,2.3643077373234334E-4
3.343283631084882E-4,3.25422608849162E-5,3.99470531878673E-5,5.014317767476968E-5
0.040627200000000085,0.0014002496000000697,0.004144310047999977,7.161068480001642E-4
0.0019191135173066965,3.0215994201876126E-4,2.29228332214588E-4,1.5123672238636566E-5
0.004935861684638309,0.005150531645850657,6.646114289729773E-4,9.607415915135263E-4
0.005486288329763278,0.003532847778321413,4.902429619229043E-4,1.2800186995121088E-4
0.004885355319538315,0.001745224112417578,0.0013754182615359008,4.7262466771972174E-4
0.018191698117833412,0.001493049615931807,0.00214141670932872,2.590246863144751E-4
0.031126286286128287,0.00866559282016109,3.329151987907809E-4,5.411311475985792E-4
0.04665668121021349,0.006602530136558538,0.003642085115342475,7.387478811742287E-4
0.013672733721213248,0.0015071908006700138,2.919714736426826E-4,3.8070795425428273E-4
0.04229217884991887,0.00970100636174398,0.0011632534283603224,4.092245761175839E-4
0.007271157128969133,0.0015719771931169849,5.73082954042649E-4,2.7505616210556284E-4
0.01008929309340049,0.0023008196577822136,0.0015629789521700891,4.3904010584912766E-4
0.0035210456553098624,0.004690966493067217,0.0017945464695879876,4.921833872583159E-4
0.04787743999999994,0.002489484799999886,0.0020346089599998507,0.001037422030400137
0.006394241833165906,0.0024510431999998786,0.002677244859770212,7.07043862413827E-5
0.01197529938248463,4.950123753095169E-4,0.0018727744868398735,7.16741276432539E-4
0.030729019668792417,0.0019035327618557095,3.965415354091401E-5,1.2682797419095341E-5
0.0107103951787851,0.001356931569742659,3.9053046578026423E-4,5.455797072505258E-4
0.0019759999999999778,8.749952000000061E-4,0.0017119653599999562,3.4398851840089506E-5
7.455994489735271E-4,0.0024618589884695227,0.0014880884979948258,6.665042401271274E-4
0.0330587200000001,0.004956672000000051,0.006467514752000025,0.0012735960457600504
0.009321077757964313,0.0071496839215934305,0.006767481943628084,0.001495952639895659
0.006008959999999952,0.01158204159999987,0.001087935936000095,2.9372719424003435E-4
0.026527999999999885,0.007895232000000085,0.0019314801279999294,0.0014358157913599845
0.03037709971942479,0.0015174346043969602,0.002620212356438025,3.777527064217333E-5
0.011868152217921934,1.4675866733317454E-4,3.3458297250398667E-4,2.1342084654381904E-4
5.425778615676111E-4,1.8983518896580897E-4,1.2833970894290093E-5,4.1553584962671164E-5
2.2376780396898846E-4,3.0618490969868735E-5,4.342405364293809E-5,5.26799756562681E-6
0.009166400000000019,0.0021209472000001117,0.003948591040000005,3.027931055998856E-4
0.004500089888661637,0.0042200115955383566,7.949445740746646E-4,6.994111633542894E-4
0.004136947968000015,0.0020591435212798936,0.004016364591761912,3.245899040844602E-4
0.03541028985856287,0.0064670011152129225,0.0030104225345216618,8.265098525339631E-5
0.03843807999999993,0.0012408255999999396,0.0038797150400000646,1.9125256319996176E-4
0.019410002064595533,0.0030951748985137417,0.002100226517156689,5.194997930402234E-5
0.047234638198082025,0.0010329384985656583,0.004994748188762366,0.0013805824580422552
0.006465976499386766,0.013045659664926507,0.002765938382368008,7.591344725562983E-5
0.03843969664000002,0.010940393113600066,0.002221406783683766,4.791515863884488E-4
0.004896992482412185,0.008948526366938837,0.002857406406995378,0.0010030596208255643
0.021317046137761544,0.004297399756252021,8.003612521908189E-4,5.741256655110186E-4
0.009675534664743135,0.005278523718421413,7.441035928972273E-4,5.332107780544604E-4
0.005510331350546833,0.0014071382717134435,3.6562585753185527E-4,4.656260206564662E-4
4.4999419574822584E-4,3.783564043440777E-4,8.440718609617096E-5,1.4514741020489614E-5
0.025231853935138555,0.0012575166892818096,0.002954184305760626,4.2922352759379814E-4
0.012912751801088085,0.002864836227005174,0.005919272426501143,0.0010688174764073022
0.009204296814203745,4.900618772228123E-4,0.001314090855678732,1.7604322314542946E-4
0.0063718117760003246,0.004012175958271635,0.005353973581596838,5.960531751548759E-4
2.9002240000020052E-5,0.008779761165312094,0.0021310477832107155,8.413870997252548E-4
0.026690560000000252,0.007070224000000014,9.960382400000523E-4,1.335981896000149E-4
0.020300800000000008,0.008332811200000068,0.0016061471360000468,4.927444136000325E-4
0.0015007257072428004,0.0016444763344896085,0.001406102967792644,5.1188557986692196E-5
0.0018284842498875146,4.480419942481298E-4,5.421679363060373E-4,1.525138611857602E-4
2.0699741977329417E-4,2.212268587050436E-4,1.3527980881740468E-4,2.9205903028250947E-5
0.0032988402214751745,0.008743114205504554,0.0011162077043241681,4.1917864368426667E-4
0.01638655999999994,0.00496984960000002,8.874726400001087E-4,5.267814255998093E-4
0.007010522876319382,0.011294379594890755,0.00103641136844602,7.769226282358569E-4
0.015387142818440351,0.004708744078636228,9.618955695993898E-4,1.4263218237989657E-4
0.06734271999999986,0.00666928,0.0029591208959998117,7.952760608000986E-4
0.006868841418410001,0.003899568286354967,0.0016545533952413108,1.1330339439199901E-4
0.00574591999999996,0.003854291199999915,0.004323575167999971,9.477759193600166E-4
0.003492882260518978,0.007836596300156604,0.001451729669159312,8.445074185084524E-4
0.02052123463843869,0.0025509663835585616,2.0754955293189603E-5,0.0012460966306935273
0.008212623615999726,0.00368609242854423,0.0031878988081277537,4.7314971112499826E-4
0.002799039999999864,3.950224000000002E-4,0.0018926140160000493,7.296262807998666E-4
8.076799999997553E-4,0.00519999999999976,0.003622034559999987,0.001245212236799964
0.009987835366230824,0.01044178546476937,0.004037016990564801,4.1530280043455825E-4
9.831716325075996E-4,1.3980894587849958E-4,1.5124480955355695E-4,3.6047632666766824E-5
0.03977111552000001,0.008328374169472186,0.001283392600724187,5.963692022520339E-4
0.024015919597989953,0.00808025407035195,2.824941105528335E-4,7.360255659897582E-4
0.00544238328566086,0.0032356641601608144,0.0027872605757422375,1.3826803942093308E-4
0.010663354366974298,0.002158895407271322,4.0765196580561103E-4,8.206333625970785E-6
0.0020019329676614905,0.003051885112122288,3.5099212848255235E-4,1.250957904727068E-4
0.010688892636740777,0.0015565238997652386,0.002625157900235875,5.811688242622903E-4
0.049967766400000224,0.003964046786560038,0.0057396386413304246,0.0011664184282432766
0.03961023999999991,0.0061631871999999754,0.0016669899199999172,1.756579295999483E-4
0.008411651368663259,0.0020383847141286276,0.004684198455219471,3.3819721292017757E-4
0.03298012778516646,0.00225214824458031,0.0024714776274913364,7.174411091925847E-5
0.04209336634880001,0.012302390392638474,3.783496575402445E-4,2.0016595036820295E-4
0.020568012928000146,0.007936678777599737,0.002571203408228806,8.378126436007216E-4
0.0049055590221811175,0.0015113793014810892,9.493121867878429E-4,3.081318846266866E-4
0.008576004228710262,0.0024688542648834875,0.00330300231558193,7.265099306064116E-4
0.007831039999999678,0.009780716799999922,0.003141749184000231,1.43215265279939E-4
0.010566756003455247,0.00534316778767252,0.0013652054664232693,0.0011467016482082926
0.013296090008514762,0.0024208438407084384,6.392548804134142E-4,2.4320182477068138E-4
0.01129569834872246,0.00453814576751066,5.486829255916259E-4,8.032238797133218E-4
0.0032250806270157084,0.007480183696600687,0.0018870709173741688,7.549653538756827E-5
0.01591384438198489,0.001997950970644518,0.0028790431596174048,0.0012646581763072293
1.4021227537378125E-4,1.1219570587871257E-4,6.579945443183677E-4,2.1273079182659917E-4
0.023689543622515002,0.007233262825689868,0.002349998737248162,3.4275057805645666E-4
0.0058446385499698154,3.762792705498793E-4,0.002304663199077048,3.7323034091236305E-5
0.008825220630515622,0.004996788743718362,8.71410751904875E-4,1.5811034124243396E-4
6.017863938861526E-4,0.002700296819320359,7.636474644207109E-4,1.1686039100554317E-5
0.007208960000000042,0.00144101920000006,0.0018437803520000573,7.251273555202165E-4
0.0017559673957352141,0.004714620055412314,0.0022131835374792513,1.6053477960043986E-4
0.01522243740262419,0.008936840243720878,2.2216943112729481E-4,3.980003767171114E-4
0.01939042943227752,0.004121733980660232,0.001828904397706773,5.6848772176975514E-5
0.003791076241508195,0.0013596489596140154,4.7013572293656066E-4,2.60934267079948E-4
0.01122033407276856,1.4009443690515014E-4,2.3843368164579168E-4,2.4906169900253974E-4
0.009098437078834176,0.007212630057070957,6.372274321394533E-4,4.898670024804375E-4
0.05153845472180596,0.010691468370345847,0.002707279904200277,9.807401222656775E-4
0.010342325773332219,5.236859584711007E-4,0.0010322011760969508,8.822422996787112E-5
0.0106614399999998,0.004566635199999891,9.620831680001718E-4,8.406687180800843E-4
0.0030485894453322615,0.0043449794397514285,6.330644562968502E-4,1.0762082386350791E-4
1.583183647025019E-4,0.003561909602696495,1.4887879053406529E-4,3.742965467402703E-4
4.0319999999993694E-4,0.013515520000000003,0.0019794965760000505,8.942225004802129E-4
0.02516656455050248,0.0061962364299092965,4.921829038914138E-4,7.623788315737068E-4
0.009384949120000097,0.01469798577625614,0.002210608816002546,7.87126669189675E-4
0.011359655996135927,2.846173823823752E-4,0.0010673148536014363,1.4772463955010435E-4
0.040747441368064075,0.002069229736821998,0.005235583330462479,0.0018128088729822966
0.017127040000000093,0.001185305600000186,7.476855999999366E-4,3.14817247200061E-4
0.006182743976737903,0.006505554920630763,0.0024057511871222736,3.6919259887380207E-4
0.011931616003030138,0.004676297146291265,6.992486715520676E-4,5.616604688243388E-4
0.0025430070624229343,0.0016641756511666243,6.077522084964021E-4,1.0904811742185597E-5
0.003584681107500717,0.0033857276982900736,2.921892881539989E-4,4.408114786508425E-4
0.06292740665599972,0.00763875669427172,7.889378414924764E-4,2.0801249438595626E-5
0.019025959884432002,0.0011057086949286096,0.001320934162500027,7.09149113391282E-5
4.6079999999992793E-4,0.012116424000000015,0.006149343103999838,5.651317580800397E-4
0.0276307758671316,2.312495750346323E-4,0.0033820574978530183,6.863562552466994E-4
0.04182660668840507,0.004128699655073915,0.0046484542986568785,3.8387191978439425E-4
0.02143302833187282,0.00162153263266143,0.0021848480462928707,2.2507175866387535E-4
0.00989879885548739,0.007654996924560398,0.003333839603757216,2.0752309618954357E-5
0.0014898691863683526,0.003357543127077909,1.9104537414260601E-4,3.8847435118732925E-4
0.006238506371880447,0.002228234434801207,5.766737914042279E-4,2.9267605722098713E-4
0.023016535114293135,0.0062846546096435585,0.0017433955322523342,7.680467760717846E-4
0.02104342732800002,0.0015203675422720275,0.0010923706461019034,6.827982718563552E-4
0.008270647114808183,0.0036945019579373017,4.2893380633191036E-4,2.521905778865019E-4
0.013379485947402386,0.006938389727708902,0.002037622338280994,8.863350111719065E-5
0.049011876351999994,0.0015499760729602574,0.0024025831137584053,8.306180103876404E-4
0.014747200000000071,0.008158099200000102,0.004008178464000034,3.20175929598987E-5
9.45752342243146E-5,8.218245083788713E-5,8.06487339823573E-5,5.060187189497181E-5
0.0061178750448950435,0.0026114393407478966,2.9642452946407165E-4,5.510420791964919E-4
0.030958582842367854,0.0010037721226205942,0.0014137267572844614,7.654427865884106E-4
0.003835783174705652,7.425153618812857E-5,0.0026708261605685826,2.688944000132104E-4
0.013247880128000267,0.008702203993280255,6.510274125337556E-5,3.819540588012593E-4
0.0160230400000001,0.004836393600000211,0.0011558720319999605,5.719443185600026E-4
0.0031309298615393466,6.216077545229573E-4,0.0011179507687701393,1.694365586640404E-5
0.009253275576120738,0.004912738302463687,0.002274384798582098,5.269141354848079E-4
0.003444807679999995,0.0120650182353923,0.0022269966694279386,0.0010462218558872083
4.165953088957064E-4,0.0032303094245760278,7.322015287836159E-5,6.357178078202352E-4
0.008109439999999912,0.0019601503999999714,0.0032337916159999036,5.207455551998752E-4
0.031794434860871364,0.019811071007789272,0.0031479436516300497,4.734657429201948E-4
0.0015153111230272742,0.0029897349690413875,0.0026650860980761415,0.001265883665842497
0.0013053901869725898,0.004051690001737107,7.824582953475101E-5,1.384860889004358E-4
0.00848494862971827,0.007148874753105883,7.145217760781142E-4,3.244767772292434E-5
0.0033179587708217534,0.0022200122664159817,0.0013217485284219047,6.949226971318437E-5
0.04367165439999998,0.00537866880563187,0.006765867351802735,4.1579916225975566E-4
0.002020934767906863,3.97434585322222E-4,4.7834105184311934E-4,1.6657516004470912E-4
0.01906037439999997,0.006003204477440294,0.001232822778554299,3.77310871527925E-4
0.017751415395717673,0.004587558889182053,0.0012040415013310213,8.734455686381093E-4
0.014363052543999943,0.018585399147008186,8.963627512217354E-4,7.532045384381902E-4
2.2820161403571047E-4,0.00558153391664045,0.002153494959048961,3.6845503734956556E-4
0.0017563063237199044,0.001637948754387972,5.780878300308256E-4,1.565248686469508E-5
0.0024398044786747724,0.005440789111081986,1.0687788358230778E-4,3.496611408140282E-4
6.573095134415619E-4,0.0029381364863982906,9.181588119884232E-4,2.3593930770449134E-5
0.015135638570395198,6.543284613191612E-4,0.0013808648810527092,3.067661187389156E-4
0.004648966713973757,0.005848711416813378,0.0029180697630154045,3.8352852595789904E-4
0.0011238400000003201,0.008733811199999941,0.004232377792000364,3.4308045056019587E-4
0.047349221156556265,0.003731242854220884,0.0012533098025773182,1.5895826246559164E-4
0.04029832033342884,0.002919727007756223,0.0010232846228139802,1.6661894973180047E-4
0.016620954005868372,0.015861393051850234,0.0023879951480641863,0.0015985230844389332
0.018405215562604882,0.003736111661236552,0.0025837239755710506,5.164527137053732E-4
0.03501690255846703,0.011262269898259479,0.0014195564991798953,1.5358592589797963E-4
0.02405572306918402,0.009397791945465195,0.0010230867066964855,3.8957684523088787E-4
0.0014308586580819523,3.1919306239973496E-4,7.299026069598877E-5,4.3726068614219376E-5
0.0207258686162195,0.0034278830276357475,1.0285380394270405E-5,4.4540632618184084E-4
0.02317105752578552,0.0072629376356128095,0.0016429444480462463,4.092453076097735E-4
0.009115710147863335,0.0012509562221478467,3.170916614013099E-5,4.538800175675889E-4
0.02008399999999999,0.005911368000000028,3.992857599999233E-5,4.299182041598293E-4
0.00964157800753462,6.25980960012488E-4,0.004361175375660522,0.0010162919558677715
0.013002674455252642,6.606990011767453E-4,9.735496115653782E-4,7.088063497073556E-4
0.004706001838738187,0.0021437362104593876,0.0013376055625420632,3.377263724844729E-4
0.006650129984677354,0.005788660197701794,0.001783198948612897,1.3947634987245003E-4
0.020396094056348346,0.007479850572016389,5.046348914405918E-4,5.860822335468363E-5
0.018367199999999917,0.00989575840000001,0.0019516069280000048,3.315725123198554E-4
0.049590544510667516,0.005231386652011427,0.002787134623836776,0.0011267633858775526
0.017974944860917663,0.0024362563645041746,8.754264167278869E-4,4.082599852200941E-4
0.019556800000000152,0.002137023999999932,0.0015962348480000887,8.681751769601398E-4
0.0019120058846384545,0.002352515149291169,0.0024143261354392545,8.825787200061272E-4
0.04117522889362684,0.012635633105583305,8.328177459340225E-4,4.919097810898165E-4
0.013175493965587669,0.007007770312506034,5.503638726698894E-4,3.2256609462279787E-4
0.0014273301685418208,1.8230022323610526E-4,1.5798308939624125E-4,4.759876989071141E-6
0.030701837762239448,0.0034136735723234723,3.3184112574891067E-4,4.437850071004057E-5
0.026126345094532155,0.0047888744216613155,6.576532421886938E-4,0.002215109949458949
0.033724132296908876,0.008072376244846292,0.002276741059374846,3.7641841435881804E-4
6.919999999999149E-4,8.014784000002217E-4,8.998955840000544E-4,4.486835647998788E-4
0.020631420560966063,0.00146595889197809,5.135506151644436E-4,8.352804629029402E-5
0.012869301265932746,0.003684594346037435,0.0023533394490162407,4.865373138775785E-4
0.010371084799999819,0.002561561288703773,0.004084463044518483,8.427566701629807E-5
4.5931258679932085E-4,0.0019401981100697352,9.909647039840763E-5,2.2433567412560862E-4
0.0195754893872348,0.0027585879622959945,0.0013961665236563484,6.111695842569537E-4
0.04368794028501399,0.0031655938776208314,3.4600416511776366E-4,4.590958847627835E-4
0.015274456496801175,0.001198183138878944,9.630376890034011E-4,1.288256483774023E-4
0.011631389589512597,0.0037073490506182027,0.001795471727788045,4.258236572335372E-4
0.006026506240000007,0.002249421506816174,0.0015944341005228457,0.0014617503809922772
0.0012870375397056517,3.433321026649625E-4,2.0405263718791165E-4,2.797170603794957E-5
0.006804617629547098,0.003679153056589694,5.91819695413552E-4,4.6982851455902916E-4
0.004309380790585491,0.0034466271815842475,0.0016777683004146186,6.297747605889144E-5
0.016934848016882498,0.0034288176741829046,8.558468858276269E-4,3.4517173606574136E-4
0.01787217632254534,3.4486587425996973E-4,0.0014775317069766203,6.715067891577275E-4
0.020335404302883255,3.4971424548544463E-4,0.002745023160157244,3.273639126445696E-4
0.0034472709052753496,0.005216898762287556,0.0014041333129122368,4.444267940648047E-4
7.40894389248671E-4,0.0029364675901704966,2.2031669555790733E-4,1.3531396619708504E-4
0.03087312927375423,0.0015017296906753427,0.0027124543264014827,2.758486460413796E-5
0.002016055883753231,3.850807833512083E-4,4.78228649375886E-4,1.6657279288441666E-4
0.01363508594903351,0.0076272023446387225,0.0020162714211358714,4.388043306184203E-4
0.020547756399145235,0.0028282041513098223,1.0517270380601542E-4,1.4345075077874822E-4
5.541647850153508E-4,4.911522678413911E-4,1.506375200713409E-4,3.078811198891163E-4
0.036509196799999866,0.013328799257599888,0.0015318967747361967,4.824019151092873E-4
0.019009937621492824,0.00478434631521743,3.29514903009483E-4,6.838820488944312E-4
0.022879217387247894,0.00865466982502862,0.004597012905472657,3.355857072511483E-4
2.737036107924862E-4,0.00983579136906898,5.535375460588021E-4,1.9633051198364448E-4
6.517192307062367E-4,0.0010166662332195962,4.728152659114458E-4,2.158441995594518E-4
6.091223086873551E-4,0.0030177436213264996,3.016350522119079E-4,1.856812431247436E-4
0.01791706207999988,0.0037028952332798237,0.0016360483208176513,0.0014617719497113102
0.011973257881227503,0.003346092771632415,6.834378356380794E-4,3.878608358629119E-4
0.010397046156225533,0.0072775289012500495,6.513699240300787E-4,6.843303339832131E-4
0.018071715211680786,0.00567934715800587,4.364462590334831E-4,1.0278599590366872E-4
0.021409763365832394,0.007181553691420174,5.018235741109621E-4,7.316646258531148E-4
0.013625340633515835,0.007000468618537324,0.00195558148505763,6.327005635210608E-5
0.007442388038515372,0.0011960164473545914,3.2174283612847854E-4,1.2386778536792786E-5
0.013869818106289473,3.8291001729387134E-4,0.0011253577230698438,6.706149437087009E-4
0.039967999199980085,0.003080242057715417,5.971546735639451E-4,2.0382063076494352E-4
0.0072970869751918955,0.0019467434745970918,7.855077087381644E-4,3.6873422227672785E-4
0.010280010498993285,0.0031303593567444978,1.4846661909067045E-4,2.51530031460499E-4
4.2564769340934977E-4,2.1556084451476113E-4,2.6763033161195962E-6,2.570350898905327E-5
0.021864703102816282,0.0040447336687043514,0.002534926379960223,3.6976310492778765E-4
0.02449116843859156,0.0011335382505032188,0.0015977791900223526,1.1491038918864938E-4
0.011965942080622627,0.0011358110314780845,2.6062552114247683E-4,3.7717333210185444E-4
0.008241592895268157,0.0035317656914096718,1.5279007688306923E-4,1.0562047019724297E-4
0.00458251617839589,1.1450872289486824E-4,3.4959131358647255E-6,1.771214994799042E-4
0.025058880000000006,0.008612633599999864,0.003394213119999878,7.294841343998826E-4
0.046851002367999994,0.010542854452224026,0.0011739293376317184,0.0017718316359047748
0.007175179379484529,0.0018781346667107463,0.0013526313882475719,3.7623429711786284E-4
0.034746880000000036,0.008237163200000008,2.787830560000426E-4,6.02522722560006E-4
1.7342129025215932E-4,1.2890164176729293E-4,6.825168470989627E-5,1.2843886361410369E-5
0.008675034853458614,0.0025183096891218983,0.004657457669940794,3.6232246875003704E-4
0.026223299685443346,0.004530590866874018,3.144862110260327E-5,6.866821224075226E-4
0.023598973132928733,0.002681888621677715,2.7202324199022276E-4,1.1120617721859394E-4
0.03530507736954025,6.964995804856766E-4,7.818714663070381E-4,0.0011370915965752681
0.0037730943273582103,0.0018872340598317583,0.0019190412391281687,5.949456095138157E-4
0.006554850048543915,0.004982576707262925,7.171866578991994E-4,9.346340826505079E-4
0.015514135040000099,8.868431042562408E-4,5.438187632411662E-5,4.607929107225406E-5
0.04592575999999993,0.0036916687999999365,0.0014595316159998761,7.146948252800822E-4
0.016154866501954475,0.005940149641527067,9.37979991736044E-4,1.4423832339639984E-4
0.001727569920000116,6.673612234240345E-4,1.2266651842063325E-4,4.715411186482221E-4
0.010799990897229718,0.0018372964342585946,0.001369068866814014,1.822167833333972E-5
0.014631438938952097,0.00911020101137483,0.0037320000921178494,2.465654870641191E-4
0.007091839807039979,0.004361830821210777,0.0011726323689891238,4.973230520237681E-4
0.0024416539437177587,0.0033876203391611792,0.0011036132913839758,1.2205735952663943E-4
0.016697759999999895,0.001887759999999905,0.001539493535999914,8.953999680000324E-4
0.003944994114461439,0.0016469129199699767,3.973184945361032E-4,6.337826109735928E-4
0.0024986656573677516,0.0033894637741511183,2.548585312660016E-4,2.2258046302416846E-4
0.028656989960749217,7.91879195561507E-4,0.001878743575228466,2.2448358296112454E-5
0.023195917997841882,0.0033197689098928593,3.36263571302089E-4,2.9099604756550255E-4
0.008042781878831689,0.00355094482568395,8.781612620832087E-4,4.7987562458067555E-5
0.003037739271789773,0.01605648715199453,0.002375254327152909,5.974096689860582E-4
0.01303628353304176,0.006936290147992685,9.201112723196125E-4,2.999849204778915E-4
0.01926575877398715,0.0019138792655822151,0.0011442305610727592,1.1118594497017317E-4
0.025886574950375385,0.0040548617990696645,0.001247782591887514,9.405433396292295E-5
0.0028583251645746643,0.004939672564843748,8.345391293169431E-4,4.4733781104843963E-4
9.538493519375157E-4,0.003471000854351871,3.1258104814461626E-5,3.8237327790313923E-4
0.015408158480013645,0.011650822056414434,0.0011321423123540342,8.64042869177517E-5
0.048375507252668926,0.009931236212888939,6.734393824889828E-4,8.049939646759263E-5
9.737618121445278E-4,4.5651191291070807E-4,8.820959859821644E-4,2.2679718131333815E-5
0.018257684111360417,0.020582130051716163,8.1405533325285E-4,0.0012299085050480052
0.00958208000000016,0.0024139263999999327,0.005203403775999815,7.854491187198054E-4
0.01873606111884807,0.006552508111394628,0.002045913403791344,0.0010984600858126026
0.003996160000000026,0.0042399999999997995,7.120318719999741E-4,4.79102172159962E-4
0.007032968315468651,0.00796686613450767,0.003885883500012525,5.547340673327457E-4
0.019702913919999787,0.004949196003519951,0.0034544828635465485,4.721619324730142E-4
0.008384923190561056,0.002746473981843134,0.0023400386558920516,0.0010679406739064756
0.012593938004023064,3.3962182692347855E-4,1.6971659150357354E-4,5.340998681462184E-4
0.012745713414734405,0.006205655771489793,4.941712739392479E-5,5.8468772880626574E-5
0.027981570199406725,0.007958933254267109,0.0044007239246226515,7.63870902567243E-4
0.028750328320000018,0.0019227554078600217,1.4813944009484104E-4,0.0010211678869862517
0.026873213440000043,0.009427947839488193,3.320536589170864E-4,9.043865883942015E-4
0.008585556873355271,0.0011958560061682277,5.251958387326727E-4,1.4245973730331318E-4
0.007764529841319907,0.0019358926602929419,8.430628355300079E-6,3.498045943496818E-5
0.009505792526863503,0.0061023789371982716,9.681942928724291E-4,2.3690890909167764E-4
0.003141228666143558,2.974391934417728E-4,9.698949268487852E-4,4.871233432860517E-5
0.011639164150733183,0.005937840438265063,5.541130175792386E-4,2.1964065493929041E-4
0.01332561664319365,0.010232197077455263,0.0011033049778961246,1.648555123826556E-4
0.05262654630422715,0.009150559622628307,0.0012853119691623317,3.5925392768613545E-4
0.01079236092062606,2.887988037769367E-4,0.0016049986370634578,2.3401658298042146E-4
0.00376862767848272,0.005873863538564439,0.0028990919123816324,3.68042984167678E-4
0.010845037537882938,3.1393729901548075E-4,0.0011601625220191755,1.5788858078568386E-4
0.00314265018029071,0.004397490323580882,1.96081339115277E-5,2.3706561911184752E-4
0.016643731733857848,0.004445511876843485,7.24330976932276E-5,2.316229823538556E-4
7.65353837906772E-4,0.004055481578000498,4.97464425228789E-4,1.1834070671106947E-4
0.020756121392670135,0.011323315540867629,0.003733065430558735,6.395544761553795E-4
0.05244159497350642,0.004288282617141759,0.0015065977298334143,5.874538486314584E-4
0.011730534588754473,3.059324483396999E-4,0.0011289634374238545,1.0270151808687449E-4
0.0028825600000000895,4.7057119999993624E-4,0.0023128179360001333,7.92354294399944E-4
0.02062609343449462,0.0019649432304280623,0.001345002355829017,4.29553622527612E-4
0.0038217599999998964,0.0065953664000000245,0.002851749120000191,1.6215584799983418E-4
0.011868572129626744,7.479530983288843E-4,9.071549035679638E-4,6.402833861436363E-4
0.018448636799999973,0.008945120690175834,0.0026191501482955015,8.177930192745375E-4
0.0041878711805250915,6.065955018903257E-4,0.0010560526197579696,1.0495261497622642E-5
9.798117016032969E-4,1.663724251921516E-4,1.2896975003932716E-4,1.996412168804122E-5
0.002798080000000036,2.942191999999455E-4,0.001996556512000036,6.564689062400486E-4
0.011016652346146545,0.003630499909621878,0.0020737180850509762,4.951125535742433E-4
0.03911551999999996,0.002259251199999923,5.842892799998722E-4,2.998581120072785E-6
0.011509213866109574,0.0032151392040983672,0.0022582141151329775,8.437576978670891E-4
0.001975049376234355,0.0021591750852208392,0.002412646295040984,8.832981529349326E-4
0.01140617189379703,0.0026059770303961424,0.0010219873965966351,0.0017796342355859592
0.011053979658170343,0.004069672828063808,9.393552453276222E-4,5.21150681032756E-4
0.015911833409472546,0.0037493665286526807,6.997202252106055E-4,2.1278679035682468E-4
0.006336538413025082,2.1659381625614084E-4,0.0015556333520942063,1.7467873133999708E-4
0.022977092663409922,1.7881857297665147E-4,0.002182150945122022,2.846362701016046E-5
0.05229051513600069,3.746313467245521E-5,0.0030929585270106363,1.0917069289684278E-4
0.006203758479381705,0.0019210096990422976,4.090995205829895E-4,1.3568820401932413E-5
0.025756000000000112,8.384863999999492E-4,0.0027382570560000596,7.855033081600737E-4
7.500375015606606E-5,7.013157947698107E-7,1.8456364134722209E-6,1.1177347087405433E-7
0.018519288708632915,9.956503068909777E-4,0.002544946818516635,2.918960890533245E-4
0.005486468502512214,0.0032696752829749804,4.5242934993592655E-4,2.30576348841854E-4
0.008686379189501214,0.00404980396337673,6.947563363132181E-4,4.975742596993182E-4
0.02015285598200691,0.0014756606034670432,0.0021449816482761374,2.242087679444536E-4
0.002002653266331648,0.002543537688442256,0.0015261177326633638,9.12946756180972E-4
0.012735261645366234,0.002796154436980685,3.710602525517359E-4,2.9500098734835944E-4
0.008433850846271176,4.488176805742482E-4,0.0012679591030422487,4.2425310774972785E-4
0.0022815759931436464,4.1721597900755853E-4,0.0013093484582267982,7.870010603927836E-4
8.10135694827574E-4,0.005975380330297653,0.0017459209197243641,3.3912753601095247E-4
0.012704847669841892,0.0014591879337360375,8.643568899698703E-4,2.422460919647865E-4
0.012211574969804986,0.0038578058662914597,0.002246677945920077,6.455261313865949E-4
0.0017769913298993421,0.0033197426362919767,1.6074288774952855E-4,3.623483188044038E-4
0.003128993977175365,8.01952637074832E-4,5.413043285131813E-4,3.3319986240731847E-4
0.01882139680827894,0.001548469209630015,3.8932087901417196E-4,9.458970263268546E-5
0.029789602142942462,0.00432860455235673,0.0011263470567706158,2.859751735132532E-4
0.00591211120457269,0.0018462078151986194,0.005175647699243724,0.0010617889372865896
0.011299561567416738,0.0079414065537311,4.882455742313274E-4,2.063713524116384E-4
0.0014844967297778712,1.729664253067724E-4,2.222897372173121E-4,3.0141086351903162E-5
7.24416058505424E-4,4.65292993565837E-4,9.256811317555493E-4,3.567951312804878E-4
0.031563519999999845,8.368479999987244E-5,0.0015879380800000176,4.3200551055988523E-4
5.743595445687438E-4,2.027957772910318E-5,3.6277423302061437E-4,3.0899471974343395E-4
0.002694409682481469,0.002721331512049563,0.001617072761465277,2.538609262237035E-4
0.03228924739836413,0.0012541810653076372,0.0026327156736530785,2.6013576360130815E-5
0.019110357758943996,0.005949484737118621,0.0045129491637291965,7.133156024901142E-4
0.03080832,0.002529302399999933,0.003442225663999876,9.66110982398849E-5
0.025575639390984787,0.008558627812735243,0.002368181709804161,6.270677395938582E-4
9.540739470396928E-4,0.0025866255279517808,0.0014382537565472144,6.822756986370423E-4
0.01821144573436828,0.0021801087186603674,5.5206146099662234E-5,5.746858202255734E-4
0.023037427135678485,0.006719807035175962,7.982199798995228E-4,7.095095236177916E-5
0.05674733964800005,0.0019585874636800504,0.001967883962689654,7.327796204923409E-4
0.01723107445079275,0.0014477607695497774,0.0033659049968401966,9.425323650724682E-4
1.987391666858131E-4,4.27449367119112E-5,4.315340760933E-5,5.35497048245109E-6
0.009328676661068404,0.0015477670770435224,1.348195359836524E-4,3.165132113822897E-4
0.017965394802428956,0.0056422062204112555,9.330595819370399E-4,0.001194121090762994
3.026477698846993E-4,9.58210566568702E-5,1.8887791001583425E-4,2.5440721782945217E-5
0.009669120000000087,0.011209225599999928,0.0024995823999999223,7.952100142400997E-4
0.015161976548941148,0.003607287096707681,0.0028820824065580236,5.872286545333733E-4
0.008306350053029031,0.002287313953103863,6.322792869212999E-4,1.7885534410811725E-4
0.031179577889447235,0.0012590906532662098,0.0024896890452261165,8.905721648240752E-5
0.021875694746449504,0.00783446535309387,5.365019715013404E-4,6.365289841497636E-5
0.016160010016668686,0.011671260900707279,0.002918995662723895,8.736529561621202E-4
0.02076239999999996,0.008264252799999983,0.001224227631999919,2.819881257600798E-4
0.011376305928945044,0.003512628063072398,3.1371922613281376E-4,1.0458306977052178E-4
0.026672918095395202,0.005682209335106414,0.004853311717176467,1.5174080509599007E-4
0.002375059376484428,9.99576238305124E-4,2.0843111098819297E-4,3.33946795683685E-4
0.007324019752461679,0.009484271768814547,7.305758093246897E-4,0.0011106341321688465
0.012879317613714239,6.282321599636122E-4,8.264569628243988E-4,1.990169940775388E-4
3.4394156937424123E-4,2.43380122186343E-5,1.64197238169152E-7,2.52538783923284E-5
0.037749121325013846,0.005715651850930925,0.001880728751793459,2.2014552648885743E-4
4.6115586149697574E-4,0.002706823667301461,0.0027755088091073743,3.4339160156715565E-5
0.024011497487437174,0.005985266331658267,0.0021021281527637513,0.001266955579497542
0.004650321919999922,0.0038358169784319385,7.378277328257132E-4,3.560893932644804E-4
0.03690773876736042,0.008259966645986716,0.005425930545836732,5.655389673140387E-4
0.020764160000000143,0.005404681599999961,0.0022475322880000093,0.0014279231679998894
0.004958079999999976,0.002502668800000163,0.0031148136320000575,6.227379990400017E-4
0.008873080019165869,5.230768823851761E-4,0.003209534772730227,4.28679090782591E-5
0.009004560637174601,0.00924924749502783,0.0028282298075868644,0.0010051797715367274
0.022899814005376107,6.050593388413628E-4,5.362756710081129E-5,0.0010506815978434947
0.012025300632515765,0.006560771600689775,0.0028113509076926903,1.980982732959202E-4
0.007957891981243031,9.40489466029951E-4,0.0015075634102159725,3.796406050996343E-4
0.009222668931098528,0.0014657449418769644,1.0140281898562751E-4,2.8732762808076663E-4
0.019241776767999763,0.005608008542848042,0.00455022649312764,0.001193070477829905
0.00608327824818814,3.7925786246180176E-5,0.0015547555897596974,1.5025480554449277E-4
0.013194050251256268,0.0013200000000000202,3.1238335678386136E-4,1.2008972060302135E-4
0.006518869444261558,0.005501942479497846,0.004706652807163875,8.347571756475058E-5
0.008927345032899797,0.003610560729448813,0.002459066507995754,5.49862539720659E-4
2.420396493551146E-4,2.2383245182795258E-4,9.674978303656393E-4,3.715925627528303E-4
0.004821279999999928,0.0038765280000001567,0.001083774879999999,1.96404602240019E-4
0.02060964375579255,3.313685342263284E-4,0.00177145056565009,2.68275286047448E-4
3.7881949602413373E-4,0.006449121093539596,0.002146796343948822,4.7060605456558565E-4
0.009472876543999753,0.006962150569983727,0.0010809616813340917,9.281220565359183E-4
0.027908007315203938,0.007066497620902402,0.002627924346222951,2.7389371578238805E-4
0.0015313582839571016,0.007635577237242621,0.0012237667304499445,1.7650849748242762E-4
0.007897937270486377,8.041862820533652E-4,0.0032249484898307923,0.0011271839034617814
0.019495810958793946,0.0011153037727517855,0.003597918831078355,3.482779774985722E-4
0.01735789916385249,0.006560532134152756,1.824326329701993E-4,0.001575202731328624
0.013414865866179517,0.004252896418769599,7.698223616287834E-4,6.171274937745197E-4
0.014487362184054628,0.006233471944197128,9.040704759098929E-4,4.6819132244660557E-4
0.018034251957972727,0.0020759832703973503,8.877792659487232E-4,1.1410430965398039E-4
0.03557466402252877,0.007392342966439137,0.0015282662218986834,2.4260977143901263E-4
0.0028000000000000247,6.935040000000114E-4,0.0014173592319999262,7.962444617600761E-4
8.758686430742602E-4,6.742437146208616E-5,2.3800599724789522E-4,1.8064940745180816E-5
0.01262473664000019,0.007128810253887785,7.635924495804636E-4,5.220683570732465E-4
0.031647359424743546,4.2161087401483116E-4,0.002103380215815091,1.465254669387245E-4
0.009314266306699159,1.4715321166382586E-4,0.0013508200527817009,1.7741845767211918E-4
0.008745080778586564,0.0035799523540480604,7.432120274939212E-4,2.3284706139206034E-5
0.023283582089552324,0.005373134328358114,0.0021552238805970163,0.0014017910447761625
0.001902325316113324,0.004986318615028063,3.222895543572119E-4,1.6677230124321726E-4
0.019505600000000012,0.003803001600000133,8.561588480000548E-4,3.8074528959985976E-4
0.0034379048822350197,0.012793136123914932,0.004290185306469481,3.710564446973401E-4
0.007527564032000278,0.008848813910975917,2.0384266148143482E-5,1.5601645902463268E-4
6.548626034739158E-4,0.0030237625380715727,5.730241908941432E-4,1.57060719288766E-4
0.016756480000000074,9.024639999999362E-4,2.9590911999999303E-4,7.170382400056852E-6
0.018833600000000006,0.006398406400000001,0.0014364550079999372,1.7199939376000284E-4
0.04152831999999984,0.00200535040000005,0.0024756227200000147,6.875753151999175E-4
0.0031704944319500667,0.004999721754851868,0.0021310006476501315,5.406019287289336E-4
0.013979870600788218,0.0033227267078611614,2.87550727760685E-4,1.4286280839979304E-4
0.023185474022350903,0.007250657593416143,3.5277693465446934E-4,7.682925787727251E-5
6.129118309602964E-4,2.8004877308841996E-5,1.870867894738248E-5,3.727014390261498E-5
0.006952851467541757,1.0298607013818181E-4,0.00223097811247596,1.8504589777717092E-5
0.02731363785763219,0.0062491025258522015,8.365023614017586E-4,1.5471454108784144E-4
0.03226178048000006,0.010001590896640211,0.0028155918088438314,8.686637307366851E-4
0.01014730012921232,0.004616884201716312,0.0010112255291408203,8.313148622511444E-4
0.001578248922137296,1.5631541887874755E-4,6.972485448913712E-5,2.5888842639115544E-5
0.03525675217688118,0.005456313355995279,7.178843747246422E-4,6.107585865922083E-4
0.007979489741591128,0.0032231101717030697,0.0015749056905539627,1.1068358603749662E-4
0.017121724764648807,0.005051053064490795,0.0012892509765459297,1.1621198703069817E-4
0.04769288320000009,0.010064766902272093,4.201167282916751E-4,9.76958951658391E-5
0.011693406148173222,0.0026761252319808942,5.5044492039490115E-5,2.258962347942919E-4
0.007658935852621562,8.758328382407754E-5,0.003441936548405855,5.28718991097521E-4
0.004004052444919645,0.0027216037998310633,0.0017316154972647148,5.499886147792728E-5
0.014814720000000059,0.0029187519999999134,9.071615999989291E-5,7.651312352000561E-4
0.0024286449887095433,0.005323710452778537,9.072887588280285E-4,1.8620205559992644E-4
0.023625590639766,0.002679575527096663,2.715686820354569E-4,1.1125318063777625E-4
0.05745995532800041,0.006128313731072144,1.1043441617109018E-4,7.874826738543117E-4
0.026322050574210488,0.006711820241483561,0.0014612731868007404,8.274215011712696E-4
0.01096384959999952,0.0030613010195199575,0.001344669690462097,2.615026636521023E-4
0.0010089668669148637,1.5547107899673948E-4,1.2979672648237234E-4,1.9896796419361775E-5
0.032115182181212835,0.0025351730134276413,8.60905708166102E-4,2.0431996413253957E-5
0.005408019723790736,0.0017595577009465637,6.060310819425167E-4,4.4490389884967407E-4
0.0020155199999999374,0.002452377599999833,0.0032505500159999423,6.544171259199594E-4
0.004040053858063513,0.002696680970301186,6.580820300264709E-4,6.595674795313431E-4
0.0040251006275156325,0.002720630296717377,7.205682630513408E-4,1.2663731561317286E-4
0.0029421135528388,0.007872624805750248,3.086320277813376E-4,8.882558346717031E-4
0.0029449304715636337,0.0059234786699728925,0.001926539915084291,5.278014509833007E-4
0.01875698094203096,0.002920266121651965,0.0025277630944621214,3.2557682080453594E-4
0.017112555819060214,0.010483124844619803,5.936628855188072E-4,0.0020625371733722147
0.005393292390265029,0.003442169231137144,1.3427493504788605E-4,1.960318810587986E-4
0.009098663248812654,0.005388014056060717,0.0024860420587311653,2.2109995366585719E-4
0.03167546603928617,0.0032183696286023356,0.004685862829754361,3.7563731441281334E-4
0.010234552606755256,3.132574527646101E-4,0.0013256686204611574,3.280830112067922E-4
0.01292757141661635,9.285110641851372E-4,6.818614511929638E-4,5.228027104591915E-5
0.033003986430197196,0.0044915269826592,0.0019886624352614124,1.7635335745280756E-4
0.048607388739316255,0.009582097957781489,7.38415800580009E-4,2.467801979764663E-5
0.02685742350057041,0.0016856434759886987,0.002097512687314612,2.571202802616755E-4
0.0062942507202894404,0.005840556949813003,9.94900514819319E-4,1.908428258869943E-4
0.0031329909750119306,0.001612958355284125,0.0012520326118822414,3.115735547376224E-4
0.02169360000000009,6.450960000000672E-4,5.637986239999115E-4,6.340350553599716E-4
0.022583331456110158,4.978386576834178E-4,5.792921166461643E-4,2.855568998268479E-5
0.032775819395485,0.00607923788323542,3.2064804329950025E-4,9.823016707617338E-4
2.0644782195437743E-4,5.322508089951827E-6,2.9830420021167848E-5,2.4420627954929148E-5
0.0075904947737015505,0.009703878715134229,5.727278284545223E-4,0.0010430247894221978
0.023360863233292683,0.002168208668099541,0.002441122479473169,3.038194325736561E-5
0.007666880000000154,0.009124147200000099,0.0018994863999999279,8.746174047999933E-4
0.02540437452800015,0.0033570910044158353,7.696540832766718E-4,0.0015916804470393897
0.02357063968874129,4.772154802689272E-4,8.463652050576721E-4,0.0011524903446792864
2.003696701180039E-4,3.268023520559739E-4,1.0037970414660997E-4,4.122977969655709E-5
0.017590512562814128,0.004320000000000036,6.795368844222031E-4,4.6494129205950456E-5
0.001312714471793596,2.787048205435523E-4,9.884770907669922E-5,7.559227317705545E-6
0.04773478297599987,0.012138751166463901,0.0013043445282161503,6.866227046633533E-4
0.022917690554439894,0.007416823467138988,0.003452208764880528,3.108437582236629E-4
0.013698570531471863,3.0306378681796025E-5,0.002195045736181202,3.949449361288414E-4
0.005607680000000004,0.002878240000000032,6.119078080000229E-4,0.0010349588551999966
0.0015750393759843926,0.0027211924644357445,7.679584270579349E-4,4.512589647778543E-4
0.043417787903484384,0.0017036432119891254,0.0017486384834100033,8.628583927550171E-5
0.013172166860578498,0.0015680287810981406,8.792404571269351E-4,2.104006667241279E-4
0.065635534336,0.0038782775918079215,0.0011076004627563751,7.724902852366267E-4
0.030640102911999922,0.0032347266805758945,1.8444177328691413E-4,8.838848764713969E-4
0.037406720000000115,1.9608960000017106E-4,5.000215999999558E-4,2.8959625520008636E-4
0.026188769117179583,0.009415806653129768,0.0013688179739898975,3.7459875387906504E-4
0.025433673949696867,0.002749661687217797,0.002831548338717682,8.414572564855449E-4
0.020249740772634084,0.013002452387147811,0.0024093581005504294,2.68363393972626E-4
0.005076799999999881,0.0033806031999998876,9.623810559999946E-4,3.9383432416006947E-4
9.705938706596011E-4,3.923027077902155E-4,1.7202369997740995E-4,3.475022199056297E-5
0.037138399999999905,0.003242508799999877,0.0011437676800001295,2.244151667200045E-4
0.01207802211852065,7.507264952963653E-4,6.351553126981879E-4,9.319436222442128E-5
0.007838792928023506,0.0031988875614848817,6.781965546229785E-4,7.742037345711392E-4
0.02048073604100403,0.0012288521152349608,1.86776356443047E-5,7.060383760956683E-4
0.007298126950679845,1.610745918338944E-4,0.0023029238717801608,5.92738530170707E-4
0.021405553599314543,0.0025226389292689008,5.448212181870088E-4,5.289521666198404E-4
4.985738390523853E-4,0.0032494833485594565,0.0012996362208210765,4.174396451318563E-4
0.009970239999999908,0.0080263359999998,4.78882544000081E-4,6.211874464001621E-5
0.023196986285560738,0.010431085194093179,0.0050534626020174184,2.7926551501227993E-7
0.005997161105445901,0.00435675388229884,0.0036021242626463165,8.623988339346142E-4
0.006939461060730179,0.004787880714820059,8.321545943603681E-4,2.28993082089346E-4
0.008427027904000073,0.004602744251199997,0.0018764365732863997,6.783248197905767E-4
4.442064962546072E-4,0.0023821407911198316,1.9468535402426788E-4,5.832758086525067E-4
0.028425833732771303,5.101109475392277E-4,6.452533012769495E-4,2.817060547349117E-4
0.0012566811085650866,0.002198980110727274,4.5242584019175493E-4,0.001069729624572783
0.006825362978968075,0.0021864654651966298,3.0221681613773477E-4,2.7602358652256687E-4
0.02497023999999992,0.0010007904000001178,0.0027476646399999805,5.120338959996307E-5
0.011479502903248113,0.0036384902611794113,1.9725840075386462E-4,6.663892554225025E-4
0.011037065608029735,0.006573090258635688,2.8322784303854635E-4,4.5651904006853726E-4
0.014388139842660127,0.0038619616371222422,1.8446496813294034E-4,2.7279741686106094E-4
0.030308159999999917,0.012357632000000063,0.0022071910400001116,6.080719097598664E-4
0.012908047449268552,0.0033770465587183514,0.0013133486873336635,1.4657670196544266E-4
0.023632485146372506,0.005754985837697957,9.555403904997206E-4,2.90072688378773E-4
0.030059298789346434,6.21003252754937E-4,9.666020038696654E-4,1.64438471708106E-5
1.4096051008339152E-4,0.0010762273613308584,0.0033782716090748886,1.7277394610392844E-4
0.05132415999999995,0.0027024895999998577,0.00514981951999971,8.903656319991793E-5
0.03138399999999997,0.0030263103999998986,0.0018327314720003596,1.2021132495987352E-4
0.012960148619330703,5.153623126808528E-4,0.0010682050612278765,1.0444099484858376E-4
0.003861313295144802,0.0036395811400026234,0.0011078934304157143,2.29795811411185E-4
8.076799999999773E-4,0.012548172799999868,0.004074835807999833,3.5102506848005977E-4
0.0449017599999999,0.007208960000000042,0.0016618158080001777,4.6404875455996475E-4
0.03417220887272735,0.009725094595491026,0.002304007906833716,0.0022719423493623332
0.011318875241549838,0.006633614828707598,0.0017460737101594856,4.7552711417710175E-4
0.06026668595628936,0.019808268256602608,0.003684758449039572,1.5253486220520853E-4
0.007175179379484529,0.002375059376484428,0.0018723996407019835,7.200832653480343E-4
0.025341119999999995,0.011955059199999951,0.0010086985599999654,3.467699574399852E-4
0.05204998348800016,0.0014618356986879633,0.001778301240816682,0.001587577738562218
0.04041519423999995,0.028650648028671788,0.006347931642303961,7.838039211884862E-4
0.018105289428605533,0.003307681358696714,0.001659129012202522,4.3001078881437546E-4
0.0018147483542136314,4.2845496090812937E-4,1.0605937102847171E-6,3.133806820390706E-5
0.0042974525671828035,0.011949259484927564,7.909563556595904E-4,0.001168076907416398
0.0268232701190619,0.0012527732890814484,0.001987674983667675,1.2962753467194648E-5
0.026035883553481964,0.004711519145625176,3.5461952757054327E-4,3.3063863806004345E-4
0.0042550418453308515,0.00796142842935798,7.432639132610724E-4,5.031308252823722E-4
0.040594475995979866,0.008274742760844306,0.004348516418003641,3.583676351630393E-4
0.025034441209856206,0.004272101368299586,2.516769532185936E-4,5.74494834880479E-4
0.032203348806207344,0.006660542017274729,0.0011663755376900564,5.226815070049629E-4
0.013878074886921943,8.328518135447549E-5,6.098078507543736E-4,1.6900063463864967E-4
3.980799999998563E-4,0.0012014895999998831,0.001192899184000118,3.5042244416017E-4
2.4507987294360416E-4,0.0038171820507174785,0.0015790924632261493,8.146866500051552E-5
0.001975049376234466,0.005319718776685913,1.6395795219110938E-4,3.191736035033188E-4
0.011824361475927882,0.0012578443020428512,8.085998549565789E-4,7.179457067912105E-5
0.020699679999999776,1.3455999999800738E-6,6.838855359998508E-4,1.0719906304013094E-4
0.001084651871999647,0.0033900453082116658,1.7940794787730534E-4,3.7697904120525925E-4
0.009487825556265655,0.0016922821232740837,7.633006746130086E-5,3.612060833620236E-4
0.00839938013672522,0.0036092195331577626,6.507562342888642E-4,3.3564963094230755E-5
0.009838144649008795,0.011679777547629604,0.0022860200818980996,2.0363179283167492E-4
0.015936640000000057,0.014371199999999917,0.002311817471999822,1.238071039999511E-4
0.004484145156231618,0.008178498151087451,0.00413930811713776,6.356524488243157E-4
0.00906858360513916,0.0012506050866592693,5.863571661452547E-4,9.508664809635934E-6
0.01021014510413206,6.926995795122025E-4,8.512919198331795E-4,1.5603442631150594E-4
0.014537712515078294,0.002133559604720725,5.181695896716576E-5,2.3244525942112126E-4
0.028265428161740602,0.011472988958978081,0.0042894617296777016,4.465597068497029E-4
4.409321923293302E-4,2.9832337440232243E-4,7.758300657758237E-5,1.530067433411018E-5
0.020663473679499694,0.0019504226517023345,0.001444450488671072,4.3996875857797593E-4
0.0013969736399186826,0.0060907874316683845,0.004221914965016492,0.00167164034031424
0.025722313545834652,0.004949726172567281,7.146828228196123E-4,3.2812392618297714E-4
0.0011181046558241755,1.2503947781598415E-4,2.2778732558249942E-5,1.572450067916496E-5
0.016759375224206115,0.006913868902008819,0.0018441488438412526,6.884878548263864E-4
0.017599861855494968,0.006200628570220514,1.717987281098393E-4,2.987547361838958E-4
0.012030334787862172,5.29199260604756E-4,9.924901865322464E-4,9.429556436539271E-5
0.00433915479140555,0.019169074283415778,0.0027091805434559303,1.590954201840864E-4
0.013895822989087536,0.002385820696251484,0.0030274346190553025,4.1706567113686255E-4
0.01804256000000004,0.0041159327999998885,2.718454400001402E-4,3.99611608960071E-4
0.0049442714104166625,0.0015326083393491037,6.942031961174258E-4,3.308973589071229E-4
0.015221092900682328,0.003909278224284565,8.041028341745735E-4,5.741034030739358E-4
0.003453527350090635,0.0066096177735454065,9.892787449965468E-4,6.046248535327425E-4
0.012121975161842102,0.001051745471666976,4.158099585049868E-4,4.40427215543715E-4
0.008105338112000078,0.004769330925567797,0.0024588058278807168,4.8746386894116256E-4
0.01326879999999997,0.008384550399999857,0.001324706656000152,9.919147712000864E-5
4.641965591598875E-4,3.154518306346559E-5,9.34584251074932E-5,1.051010367018608E-5
0.0019311369882953591,0.004342068261453869,5.151489733299782E-4,6.471156467703272E-4
0.006915146623999835,0.005577848311808187,0.0026378457020381774,6.325308419536935E-4
0.023306817448762552,0.007668133226696882,4.472124812751345E-4,7.036784191062078E-5
0.006111969204024126,0.00636665686182214,0.0024793145408288364,7.31530182276674E-4
0.036569246231155705,0.004100247638190816,3.4741801809036585E-4,4.70204123979849E-4
0.006985529192983968,0.002029724441180262,1.3462200990086735E-5,1.4359897867372832E-5
0.034487542188554814,4.0536238904078774E-4,5.505249516281453E-4,3.8155820741514874E-5
0.0022840314862542233,0.004678278040887163,0.0038445976104939383,7.132060977559362E-4
0.016818720000000065,0.006648462400000277,5.041044159999064E-4,6.779197494399813E-4
0.02587016780800011,0.015588851056639985,0.0065413823075075594,9.846193090632394E-4
0.009128009066376674,0.0031989152808222787,8.992307195778704E-4,8.302073394328424E-5
0.0023334033566677626,0.005863820393223196,0.0027633156563363626,4.206819179559673E-4
0.02293456000000016,0.005372006399999796,0.0018836054399999913,0.001402736930080084
0.020707436181259586,0.007752916258651155,4.7460894970319245E-5,7.447364858137462E-8
0.004775119377984423,0.0022008503719010684,0.001044180727995711,2.1857136195904277E-4
2.2749772471792283E-4,5.757145961749553E-6,2.995523688434296E-5,2.433488757386683E-5
0.005715817757275271,0.0052168219767425375,5.35948976707141E-5,5.487417236725956E-4
0.006247580461048056,0.00304408189424109,0.0012325697470214547,3.8634611073768343E-4
0.017124667475474798,0.0020631394771403887,7.553660333662299E-4,9.466775448131018E-5
0.024504326499306527,0.001984142491449873,0.0012503077362186732,9.895181546679518E-4
0.002373962558959744,0.004779633070452546,0.002219240632736304,5.058825035931528E-4
0.017575439385984656,0.0017050426260654971,6.396324143799373E-4,5.479070967375582E-4
0.0033867962518517748,0.005523131698338171,0.005345021663462578,5.233584756733967E-4
0.01694172526565515,0.007791773726287785,8.174467220764119E-4,9.04795753445864E-5
0.003577366756062572,0.006502963081609914,9.014436224155098E-4,1.5795007074337342E-4
0.013697112741045014,0.0013435266888133235,0.002662605108142646,5.02448643889597E-4
0.04090382394026045,0.010229077332817749,5.453101579256566E-4,5.685296459082186E-4
0.010547202939448906,0.0011090717227475878,0.0017972465421043575,6.809640526157602E-4
0.068608,0.020940159999999874,0.00573593823999996,0.0014241824998399988
5.528616905006726E-4,1.4870167663052437E-4,3.6962562884480254E-5,9.352656772317857E-6
0.016724447774329194,0.0041233137183303015,9.773452347179301E-4,3.0682104911125156E-4
0.032496982727516555,0.0010348848676255962,5.366029929907423E-4,3.055172439492271E-5
0.03497237410030252,0.007983465928838918,0.0022908493177918876,1.5293204899102797E-4
0.04550045337599984,0.016135761545727934,0.0022198557358643622,7.312361745490659E-4
0.012823026992477374,0.0011549109432072706,2.910720376994259E-4,3.0931246729967374E-4
0.001030050876899988,3.1671646062516657E-4,7.409255708731464E-5,8.819026956166059E-6
0.003996159999999804,0.026967936000000026,0.0029192047359999362,6.776861567998615E-4
0.014854399999999934,0.0021678336000000575,0.004023255103999812,9.63405679360152E-4
0.012153915135999949,0.001572294963200327,0.00171915126532729,4.619684572261251E-4
0.040193543437567536,0.002494364088724388,0.0015035423530331826,9.749548281812181E-5
6.511379388115568E-4,0.0012025619861055403,2.468363269015465E-4,3.263083279319501E-4
0.048739477760000094,0.014166713922175944,0.001399785270206344,0.001044088677915278
0.009433703456388122,6.755335439428021E-4,0.0020461440476625646,5.524795864442831E-4
0.005760391196642073,4.2775793083289597E-4,2.141774070261359E-4,9.272238080242912E-5
0.01243969453049525,0.004877017255495418,3.3833031051964604E-4,8.374237725367581E-4
0.0029625409641323985,0.010871002205936398,0.003186280723413648,2.781159066502781E-4
0.02338546744201686,0.0067113977237638345,0.0019587673723064913,3.641302859820339E-4
0.002472710249614478,8.349244545972223E-4,6.219871548549462E-4,4.276220716907959E-4
0.025009183003015044,0.004494516409085233,8.826260646281523E-4,4.519132388511804E-4
0.014612615335793167,0.004547551441355435,0.001540263315993995,7.62707966897036E-5
0.028211575039999826,0.009662258474943952,0.00238844379519898,0.0018724148016684428
0.05064551295608404,0.014375503127503336,0.0018367600186216103,7.850263984963135E-4
0.002313374921099768,0.0048248961370906986,7.484581411580056E-4,4.4278897713627104E-4
0.004352706475176937,0.0036984954066565656,0.0013123281994993352,1.5885985811792125E-4
0.008151268766719788,0.0020029142246726916,0.006795261563415256,1.7285373290776285E-4
0.009239353885720699,0.0012958999488666136,5.777086109500823E-4,9.368256841301823E-6
0.012797034178759558,2.09406602548653E-4,1.4150927398558607E-4,1.6041923226300128E-4
0.0011750293757345415,0.0025192352201598364,3.3664750293898476E-4,1.4350176947839103E-4
0.012613556542607013,0.008263432832185467,0.001587784565925895,3.469216692669776E-4
0.017124843429718158,0.0020635323024784757,7.553804032157054E-4,9.466870458919758E-5
0.0031302792057453788,0.0016184725092607266,8.984497464414876E-4,2.167598857162334E-4
9.872567107207185E-4,1.7954605011829148E-4,1.2960458709016177E-4,1.9903385363252843E-5
0.010565364179452995,0.004423782966089192,2.5436166195959964E-4,2.346420303304806E-4
0.00453422958864147,0.00768241990942542,1.4722682254642017E-4,1.5492923968329908E-4
0.016060918383323464,0.005348944895061436,8.998493574474686E-5,0.0010618258560612936
0.0032250806270157084,0.003599751100977527,8.002698946640818E-4,1.5448993577203514E-4
0.02479238680378615,0.01111714418041454,2.253440398147788E-4,0.0012421082268385675
0.005457447225581528,0.008679657927074454,0.0026969450032650537,9.276048950626628E-4
7.744000000009521E-5,0.0055582399999999366,0.005307256063999954,5.882151846400285E-4
6.561599999999057E-4,0.002721439999999742,0.0019739655999999606,2.2961305359991968E-4
0.06566469343391018,0.011224469854943358,0.0021815836000114042,0.001550456174111852
0.050112843776000116,0.010747532478463828,0.003883014012341257,7.70213142025189E-4
0.0012713391981808034,3.4402843889352094E-4,4.898638965052779E-4,1.517307551119578E-4
0.010443329192431516,0.003000277012608521,3.2662686451989664E-4,7.291092274914757E-4
0.0031251200000002033,6.443552000001684E-4,8.377908799999112E-4,2.871794060799182E-4
0.0165824576805306,0.018473510368551976,0.001832203252255889,5.212687701425509E-4
0.03988191796742844,0.005302769602912914,2.8296742009596807E-4,1.1166569579937886E-4
0.003066345069256166,0.0010699152816585464,9.628099354261264E-4,4.014428647378665E-4
0.013613740343508474,2.799511500111977E-4,7.288684555224727E-4,7.326859197604741E-4
0.002140927782538736,9.963560672659669E-5,0.0024845553287188697,5.904739087048743E-5
9.442861023184842E-5,0.0011384124729530984,4.15743360206612E-4,2.1498543441585773E-4
0.003007469747599118,0.005692538650668639,2.974599084226069E-4,1.6861392677431603E-4
0.01323381480504496,9.439489761307467E-4,3.803536379731113E-4,9.657298014077663E-5
0.0030886066551247815,0.0028255848772686942,0.0017099584179023353,2.9593208525913184E-5
0.01875041715203515,0.0020339503177445755,0.0022339138324456442,7.74833306194037E-4
0.003829610642285708,0.016101246338486926,0.002654286940604576,4.1345515119127284E-4
0.014284515264166261,0.004851432943762269,0.002364313573225268,8.253111206946441E-4
0.001956771292515672,0.0014074553937167156,1.1054152033562674E-4,1.9696724564015263E-4
0.003450381494831123,0.0038161590610650276,7.568517040099643E-4,3.231638545055926E-4
0.008589692226206536,0.0016879261366313791,0.0020013200218794713,7.720267662717495E-4
0.008227359999999684,4.5913600000002663E-4,0.004430976559999911,0.0014929523788800303
0.023968104887261754,0.0068275840700773305,2.3178603734441694E-4,7.265667784224217E-4
0.002375059376484428,0.004041147114407054,0.0010553291771493941,8.838731874343118E-4
0.012943999999999956,0.008781639999999924,0.004671466912000044,3.2402585984003807E-4
0.008428410710267975,0.008827090284977735,0.002662922943308916,1.5028535960342763E-4
0.015251999999999821,0.0017991904000003167,1.9479519999987538E-4,5.360612550400212E-4
0.015005695181888434,0.001606739775337207,3.010081504891682E-4,2.657804037542455E-5
0.004795339897675312,0.001560849581292171,0.001291818977917567,2.1217135793643338E-4
0.012664706630564737,0.002382850464129338,4.046998692068815E-4,5.592866991837031E-4
0.001509519243380431,6.77641254328993E-4,9.651395915513314E-5,7.207711942329841E-6
0.02933112837338178,0.0017257638867656496,8.943745407459503E-5,3.21169134985033E-5
0.004627971996505208,0.002486122284865395,2.1099742206265104E-4,5.440430963204963E-4
0.008402929299765351,0.0047000619095476275,0.0011792459004215602,1.3588545467240227E-4
0.010310400000000053,1.196671999998955E-4,0.002312312320000065,6.420652230398893E-4
0.01894938881114558,0.002228205342903026,0.0017752294314965333,5.482721408543436E-4
0.0037727111924204288,0.002181325849852454,0.0020701600915087326,0.001049237837817201
3.380425451862525E-4,0.01135945805609591,0.002170964325664992,8.09968355207295E-5
0.00580774441410048,0.001123791033349364,0.002218698386700302,3.2276395767860677E-4
0.011325561936144403,0.008390398481447332,0.0031168155752226484,2.8272695388817756E-4
0.022455207425316644,0.0011623818674574484,5.429452858308217E-4,1.235858710773978E-4
0.018367751100967965,0.0018732485408654053,3.511510743909195E-4,4.45756431756594E-4
0.006190610890727897,0.004453672258110728,5.468202074407556E-4,8.166286026841088E-4
0.014000000000000012,0.016342528000000023,0.0028433096319999684,3.4879220479999695E-4
0.004258993489741317,0.017039224414968898,0.0034740003295170552,3.7806795103412005E-4
0.03196661748613277,0.006978959762708757,0.0019670457524046396,5.268233784113713E-4
0.034826382390153454,0.002160791592136224,0.0018535757090654137,7.633618492490779E-4
0.0021450306560000243,4.267671493758396E-4,8.069624777922169E-4,9.17673976606137E-4
0.007398914572864343,0.0037400795979898797,6.362472844220631E-4,4.2495371256284526E-4
0.06160883135999984,0.011297813200896067,1.6423580811686378E-4,5.622946336102386E-4
0.00682517062926559,0.0020812248746260855,5.403658908153226E-4,3.0190712254254726E-4
0.018361401827386655,0.0020625827230786207,0.001638824109142381,3.3338292147079346E-4
0.03198478662306551,0.013071708914119462,5.296018422823087E-4,3.470861362542266E-5
4.5953167467138734E-4,0.0023053304382160134,8.439710321848093E-4,2.3372700429669102E-4
0.031651581934314374,0.008641470304544006,2.4046382084083075E-4,5.310413421769164E-4
0.03462462742657402,0.0012794498670110066,0.002088646018203022,9.252929090197703E-5
0.019739128320000132,0.003897476330752103,0.0013472159946096296,2.7853037110658896E-4
0.07373409940079796,0.008268918916375689,0.004957139060841875,6.206853325654293E-5
0.0011499138785684426,0.005021783743070496,0.0011347259138208,4.816506801189613E-4
0.010232685323878776,0.0063850453657849915,2.2514812756058156E-5,3.4068661103359155E-4
0.024514916184364993,0.011956075777763753,3.5277198258255096E-4,8.365848617065077E-4
1.8841481371145719E-4,0.00304796240364702,1.3846532868844186E-4,3.71144349231467E-4
0.017792818572878528,6.179025365304408E-4,4.8456947604001553E-4,4.461838104779675E-5
0.014329879268710018,0.002629538466834215,0.0012252845668455285,4.212847894956456E-4
2.440219307124655E-4,0.005706446099293102,2.8757667949167513E-5,9.564924434815695E-5
0.008300684590173552,0.010498511656128234,0.002074976325875628,0.001844781732809063
0.005999789994749952,0.002771494443926353,3.207725288900763E-4,5.030119103757842E-4
0.009897925173075202,1.2393791639461245E-4,0.002512687610155466,5.162486798853248E-4
0.003431555402410866,0.0075490336396733335,5.035659692435659E-4,5.947489850629956E-4
0.006025150628765666,0.002599890690695027,2.479954722347319E-4,5.725496575838237E-4
0.005455924738811164,0.005236792998415015,0.004092326451200152,5.495853965813424E-4
0.03453567999999996,0.0019475648000000234,0.0023272927999999915,0.0012857553241598652
0.01881144969152197,0.001642062477840736,0.0025029771137726788,6.081535431018386E-4
0.017156386301424464,0.003791719606805355,0.002443742491879508,5.286314959920269E-4
0.0036999037373745165,2.2650250759849336E-4,1.4300892899798203E-4,2.064469028410399E-5
0.018700692167805677,0.005776877237627542,3.5445033751624333E-4,1.5603147058174116E-5
0.012609931114496473,0.003012559761747334,0.0015681909509413022,5.344240793136356E-4
0.014019840000000006,0.0020808784000000413,7.034235200009675E-5,0.0016923085548801176
0.03144191999999979,0.011350447999999957,0.005070849056000082,2.932053625599451E-4
0.009003855972459007,0.009620078840891555,0.0010968930349219974,2.1746039591019617E-4
0.02071035489724409,0.0035127379855378824,0.0018783248916305652,8.457787428488929E-4
0.015967359999999875,0.0144302719999998,0.003010170207999985,8.44943294080136E-4
4.7965800141412456E-4,0.003728097676927589,0.0010349964857521022,5.154706662286947E-4
0.010000000000000009,0.00468515199999997,7.077532160000288E-4,4.803888736000239E-4
0.01716991999999995,0.002288310400000104,0.0013680633599999492,4.331569532800561E-4
0.01582438787656645,0.0019135862044485873,0.0021298210357202758,3.0023912433137044E-4
0.0036032964824120844,0.0033996607035174345,7.259230070352045E-4,2.9922554082412764E-4
0.0021045363200004052,0.0072118938879996985,3.198765733658515E-4,2.209914860855644E-4
0.013148555350691371,0.007355357685267405,7.737234560385442E-4,4.3256435357452716E-4
0.02345287981914799,0.00301773706718821,9.92908234414583E-6,5.013692840862682E-4
0.01559731787339437,0.0017198880040093175,0.0017358591634837428,1.529320069794651E-4
0.00750546005029071,0.0065107855190017095,0.005465888880769901,6.115977830969508E-5
0.039450879999999855,0.0068724927999999075,0.0032902565120001004,9.401203071990327E-5
0.010270423549938278,3.4336025913494383E-4,0.0015878134941338551,4.624772623012722E-4
0.022189494603578996,0.0037625404542176444,2.64372145412195E-4,4.8035206639873707E-5
0.009156550860140047,0.0031003937495264517,0.004457500712207059,0.001035063478869423
0.017636479999999954,0.001799737599999851,7.04083904000008E-4,1.9373963680013873E-5
0.011743916774288508,0.0032837235011330406,5.379011941199098E-4,1.6613699536514677E-4
0.004505257564873912,0.0016392973295874672,0.0012138876082646867,1.135165384581488E-4
0.011978239999999918,0.005353227199999977,2.5389404800002513E-4,7.177513152000214E-4
5.882895700464654E-4,4.960572801077192E-4,8.40920252680103E-4,3.464545907687959E-4
7.001599999998387E-4,0.009542540799999943,0.0030482884160000223,0.001194493558399956
9.344000000000019E-4,0.010811923199999796,0.0024490235679998085,2.3248521919982945E-4
0.001985099878753328,2.0037288228681572E-4,5.885934458379869E-5,1.3704679100578329E-5
0.0744661913688434,0.0039547591293897085,0.001329222775428399,7.610949608429579E-6
0.008394524002502788,5.192337054504969E-4,0.0021766460409804404,5.724982374441457E-4
0.003996640000000107,0.005643708800000091,0.002609092016000014,3.2286527487990213E-4
0.029151979519999927,0.02646534393856015,0.006770777752657997,0.001487558130593758
0.009302187519999894,0.008133789212672049,2.0999185400660814E-4,2.636571259300169E-4
0.012394254529897487,7.572547862432774E-4,0.0019797082169667286,5.908860001947408E-4
0.007146403324624462,0.00181939170873191,9.000737278510584E-4,8.251809914896491E-4
0.0018142206895232643,4.318049121509144E-4,4.7575418120716514E-5,1.3745893054593592E-5
0.010806719274523972,0.004569967931658215,3.757124372332467E-4,8.16324754855469E-4
4.270207257692801E-4,5.033618088236241E-4,1.7910101824998926E-5,2.4753218487627843E-5
0.0022269214720000985,0.012324948582399964,0.0020928954009744594,0.0017099288573065863
0.026629938155541377,0.001990358788074076,6.029400903664328E-4,2.9402436919800934E-4
0.018679258636712357,0.012471871829789979,3.6075407807484295E-4,5.305139802012111E-5
0.03421457536438422,0.0038758807820172022,0.0022294208678390027,1.106344534189851E-4
0.018041932208793687,0.007114753101935989,0.0019220860408279972,5.453262042296458E-4
0.006335365957068082,0.0010453424961476556,0.00117696558182605,1.122793394958855E-4
7.147801600001502E-4,0.005165927735295783,0.0027251383954145503,4.368743740439385E-4
0.01563168000000026,0.0013208639999999772,0.0025006060160002175,6.299035839998357E-4
0.029314167836492322,0.007993070202955588,7.133639298425587E-4,9.221428005156129E-4
0.02205922918400005,0.013513690267648037,3.2810298056240583E-4,9.182194913658348E-4
0.0044560000000000155,0.017666681599999956,0.005096786912000217,2.235273520001524E-4
0.013034824059324102,3.4450967257448895E-4,4.298025531295213E-4,3.095894515081632E-5
0.00848928785923797,0.0017797906479823933,0.003294650015985834,3.465618145812588E-4
0.008748251529705708,0.004781181103970855,2.0651589423748007E-4,1.9722094770457943E-4
0.004291421952000052,0.002816264646143818,0.001679537521295238,7.328129952797191E-4
0.018671108965649927,0.005597435501095531,0.001062684600747788,2.9180369735395825E-4
0.014470805194263029,0.0013411515204496001,1.1197253301552503E-4,2.293671522649669E-4
0.0010163278682624455,0.0018171497719247087,4.5914642121291926E-4,5.580174982637853E-4
0.019847680000000256,7.688704000000657E-4,0.0039075950080000865,3.483850623986484E-5
0.03416192000000007,2.7640960000008263E-4,0.001176269567999988,1.094004588799713E-4
0.001638565269696889,0.0037511553292179645,5.900306390780196E-4,6.766052298914538E-5
0.015502956653067779,0.008812602801346547,8.735722837758253E-4,3.880539362317581E-4
8.771191442624726E-5,0.004765072900080325,0.001141649193305061,5.77578296008463E-4
0.03865529112608583,0.010238058045938008,2.965969936963186E-4,3.3768847887597836E-4
0.014571452824433092,0.003219346086508777,0.0021396588112916008,6.942777217182094E-4
0.014307396858676711,0.009958665078551206,4.365138785902471E-4,2.2629611672181672E-4
5.17110399997911E-5,0.003344828831743918,0.002085030895412343,0.001377592563208574
0.009396228248501384,0.0055501244138310805,0.002197557593264999,4.109389689778562E-4
0.024042584894035768,0.003132718838622095,3.9383291717487445E-4,1.5984064680107934E-4
0.022042392218963425,0.0019848416674195235,0.003462549548899352,5.417728797347809E-4
6.314802300078578E-4,1.0675816703596664E-4,1.873604404489008E-5,1.4514044130576553E-5
0.017617527638190963,0.00448075577889436,5.414214190955102E-4,3.1320882395988165E-4
0.0014092895396419383,1.4243831000028604E-4,0.0027214374519136187,4.885814706843762E-6
0.0092169992736025,0.00474531554485472,0.0010071486378016815,1.325684967923809E-4
0.0036897382400002954,0.005799711191295964,7.246002042819999E-4,0.0011739672123778355
0.012769418792454966,5.403288353648172E-4,0.0014432014975866657,4.057677854284152E-4
0.0073668339430372765,0.0031490605788484505,0.0010770844268033208,8.223520678352081E-5
0.021392850241366976,6.122266436306185E-4,0.002237149883421528,3.5148554871382894E-4
6.314802300078578E-4,1.0675816703596664E-4,1.7775818229612444E-5,1.4712370517473954E-5
3.561621373536913E-4,2.697077827680702E-4,1.4873388045803183E-4,1.875715550991206E-5
0.02835041985147968,0.005972261884982122,2.8094106687692744E-5,1.5314065546434552E-4
0.00842776764537101,0.004909778147368593,2.86911389382305E-4,5.504189862439723E-4
0.02570119888357225,0.009775397726099366,8.218026240692788E-4,2.6515563929663255E-4
0.018583438531317813,0.002154974803693644,0.0011934666588988457,4.897172806834681E-4
0.006432894726402697,0.005589275596427819,0.00142668191671729,2.581985762255083E-4
0.0030341273133043245,0.002236168136191985,0.0017285516859022465,1.25654553427057E-4
0.009338671324636616,0.0016760184649254883,8.077665888094332E-4,5.138033488449878E-4
0.026139909998196598,0.003954282976855628,0.002469280682049324,8.800851542734023E-5
9.681613656602784E-4,0.0015858597378325642,3.320884705115382E-4,1.6689303430576568E-4
0.015518430580362839,0.0040824041535110584,0.0011003576138338407,2.434472213088299E-4
0.03568895999999988,0.006116831999999794,3.7113967999991004E-4,5.348503615998368E-4
9.325173929974895E-4,0.00581226938826751,7.830433785402935E-4,1.1320107063350626E-4
0.0014286628445364033,7.731322344801649E-5,7.0311960081064505E-6,4.655573972351151E-5
0.006421119999999836,0.006927392000000143,2.515003519998338E-4,9.427536867199215E-4
0.002601382659604794,0.001900346898131678,3.482772592065913E-4,2.5285866194849475E-5
0.009438233814937691,0.0061272580875597615,0.004015602749742442,1.257872465357801E-4
0.007169273390550401,4.3896968251999624E-4,0.003144192579433769,7.928653617277348E-4
0.008534506360477964,0.0015993042579765786,1.5945157556473735E-4,5.047036273968334E-5
0.023082613042310185,0.00229033907610654,0.0010701678399054337,2.0350457801221467E-4
0.006129342317309841,0.01163027307352275,0.002986559635454079,2.0882664767915324E-4
0.03727071895359768,0.0018778476402800948,8.676430679236402E-4,3.979254803944121E-4
0.002907908480000332,0.005293350474752101,6.791194940700684E-4,7.451708539304436E-4
0.00983975526400005,0.0017909057392639927,0.00416809738990187,0.0010299393120594136
0.016704992854183955,2.004737900949897E-4,0.002224824748478418,5.070101704742992E-4
0.017869626028199637,2.160754935727205E-4,0.0011178639168997195,7.230101633404207E-5
0.012998577833730292,3.442056711530367E-4,0.002568632220646799,0.001252356266590287
0.0420268800000001,5.944256000001147E-4,0.0015764276319999437,9.723466047995011E-5
5.0001875062333695E-5,1.0887720352186177E-6,1.0999776011909778E-7,3.7468665278846835E-7
0.003297440000000096,0.0061965056000001795,0.0024953036799999495,1.2545597728008673E-4
0.009369802520208968,0.003258670096703818,5.988215344812656E-4,2.1975408242237487E-4
0.02403500332032027,0.0022289811750815236,0.004822247546435343,3.9363321899898995E-4
0.014452058307953639,0.00886537115052656,3.655450139523876E-5,6.168603369590335E-5
0.005114489565453795,0.0029746741635765517,2.810400307898808E-4,5.112437187229091E-4
0.01288132646816639,0.0038689654004641525,3.7804793517011193E-4,4.981436081697212E-4
0.02716573585285731,4.09820127541316E-4,4.0604493745166614E-4,7.136131920859601E-4
0.014025350633765797,0.0031608293234193403,0.0020966470181225634,6.49101657354113E-4
0.03375455999999999,0.010651503999999923,0.0012530311039999908,0.0020010560799998967
0.015339868159999992,0.003884209366016078,0.001774561065045921,4.92462046493447E-4
0.006173784063999932,0.008699147076608016,0.005355477446985724,4.751572187942088E-4
0.01687868096549372,0.010957411352544355,3.3534529782730527E-4,7.973170081614356E-4
0.017768196645267742,0.004541683977070998,9.53526729454035E-4,2.7415153586596297E-4
0.009916311261090728,0.00658196296147482,7.677167274572975E-4,2.4179415975127895E-4
0.0031750793769844635,0.0020006323894168534,3.4418390608954136E-4,3.538567319905446E-4
0.013986400000000065,0.0022772192000000135,0.003409241663999918,2.82161873440101E-4
0.0076088858064896625,6.164594048319039E-4,0.0023628077779526135,5.03555963538016E-5
0.005001599999999939,1.2355839999989016E-4,0.0023386727359999693,2.9633343200052842E-5
0.01637120000000014,0.004403201599999962,0.0011401114559999037,8.719537232004804E-5
0.0010402988473773276,1.5452570278549113E-4,1.295143008021911E-4,1.973502966493464E-5
0.003003849193436032,8.948357535200186E-5,0.0018407684371106144,2.1224191468258367E-4
0.016804592384645052,0.00439915592975596,6.441810996989959E-4,2.737713639641855E-4
0.030655385426609616,0.005136677442354576,0.002290128219067822,3.088631973756639E-4
0.02163922649600014,0.009970887206655954,0.001024676241279776,9.510434375501475E-4
0.02867688553161707,0.0022090248605859397,0.0022260975860075582,6.990362398628935E-5
0.0165465600000001,8.437440000000906E-4,0.0014317139199999662,1.1912152719983915E-4
0.01268835581347938,0.002179030570224949,0.001079705261170405,2.4769712430039448E-6
0.0019868749424697147,0.01184662095473944,3.409208111584879E-4,3.4143668534802093E-4
0.02644177821517313,0.004747458873528121,0.004260834679825187,9.785964327487795E-4
0.025430239999999937,7.558704000001359E-4,0.0018406831840001026,9.400220895994238E-5
0.01677541938548473,0.003920978021169058,7.358178188123488E-4,2.471905245524334E-4
0.0015059992765746877,0.00747626663250662,8.186488721029488E-4,6.986301870465842E-4
2.322645919695057E-4,2.481441545693183E-4,4.7185265422151E-5,1.2422402289723199E-6
0.017099887649651143,0.00478453040812574,6.284280863974352E-4,2.731201889990581E-4
0.04190080000000007,0.008385894399999927,0.0038571146239998466,0.0013019830592000403
0.037587750999029224,0.010185282680017504,4.618374504575806E-4,8.821926849567063E-4
0.011905724038662855,0.002283673801286032,0.0013649469388313813,9.329752281739826E-4
0.020432088831999984,0.006075928045312096,0.0014559472965454123,2.676178185812006E-4
0.01526714167854223,5.728828793811875E-4,0.0011763777224903108,6.665708989471281E-4
0.02236810404057448,0.002650930371190407,2.498145679745542E-4,6.796414679247217E-5
0.022921058635795837,0.008931965055902198,0.002241180990972908,0.0010011710094090123
0.01646271999999982,0.0014331199999999544,3.192083840000137E-4,7.645383679999451E-4
0.016222815938229954,1.9859605416554203E-4,0.0011665489859221763,6.0956803277809214E-6
0.009942135209380165,0.005338949664134162,2.28443251418031E-4,1.9819567711275348E-4
0.011801067851407412,0.012089261417331553,9.951128719817835E-4,3.125562730190723E-4
0.00880099436365898,0.006518128707200348,0.0011360232620657425,2.552061763290182E-4
0.019044320381347735,0.0010935096390629617,0.0017622920799904573,6.796719407378138E-4
0.006137065471999881,0.009629438019200132,0.0018558370290946424,0.0016316164067187167
0.008736485049066326,0.0032565884393371803,0.0014996546584969865,2.0707792138383686E-4
0.029985914619229503,0.011836259320171405,0.005734509523448006,0.0011103635335765194
0.014905163216695438,0.0014727800216967069,1.5256263388818692E-4,5.765174015559538E-5
0.015096993892906863,0.003901482149832436,0.0011785646390641835,2.0340024289622338E-4
0.0058896190211235044,0.01746211100692352,0.0013744172006201483,0.0010663074012605689
0.007639883513567655,0.002643959914259075,0.004011068393587244,1.2133503365558772E-4
1.109838325507424E-4,0.004347560363603916,0.003541661506920717,4.076236074073504E-4
0.0016583674266569656,0.0033461693704006142,1.6056177796565772E-4,3.873609487456172E-4
0.035467573116928164,7.265906263278499E-4,0.0019138887374352542,0.0011471506658805586
0.019508800000000104,0.004766032000000142,0.0037732382720000457,4.6162779647995755E-4
0.0036054216120014375,0.0015207679763154594,6.246475885901948E-4,2.720982482448642E-4
0.017308800000000124,0.0014054720000000742,0.008192158208000011,2.1241648000003277E-4
0.007135910959923164,0.010267832488073836,0.004797241739555647,2.8510205186216275E-4
0.016960480000000056,0.017993521600000006,0.00271525206400014,5.648762451200273E-4
0.0012250306257656756,0.001956798457369421,0.001547410353920216,4.442895922773927E-4
0.05340159999999994,0.015087986329599623,3.246492576324256E-4,5.43761662247011E-4
0.04116312016690725,0.006317492639914697,0.001167800717863502,5.031625432196382E-5
0.007228524045797627,0.0012114535776929702,0.0016185676889964944,3.320973723765447E-4
0.031365419337335165,0.010177523781683018,8.043542160174333E-4,3.294986426549684E-4
0.03708652001727583,0.01342241648281798,0.0010052883415459918,1.8053808161509803E-4
0.013380788278169305,5.166135464989417E-4,0.0013172638309422943,4.336033316801297E-4
0.00105860955955428,6.188748938882327E-4,1.1793597243814347E-4,5.979516444928334E-4
0.02467328000000002,0.007750327999999973,7.798954240001432E-4,0.0010417779318400155
0.0473475200000002,0.005527611200000004,1.6411859199993994E-4,5.720600479997007E-5
0.0060204798387147205,0.0030828075316479313,0.0013674345146915295,2.6043568541987065E-4
0.0010009860811890153,0.002875086162834092,9.036692884849758E-5,2.3186848463630955E-4
0.01404622622124097,0.004315620554383374,3.1912895805382234E-5,6.972041896309321E-6
0.01635711999999967,0.0016735477196798687,0.002587890862537634,9.288936560629679E-4
0.011799819075848594,0.0033985985277300568,6.018696907137411E-4,3.730808246282802E-5
0.022138920204535742,0.0013398526288182259,4.901186166091345E-4,1.416940567726218E-4
0.0010290748471239208,1.009196400606909E-5,6.954312018107175E-5,7.713482894347111E-5
0.0022219731688227075,0.0038324336461448283,5.972279720394626E-4,4.918090407865212E-4
4.6280867333516984E-4,6.740023560665261E-4,1.826110825578074E-5,9.479306372073666E-6
0.004612446700798745,0.005938225959025933,0.0028509452589084994,9.271334626763661E-4
0.017262400000000122,0.005355507199999998,0.0035064919040002085,9.107300816000308E-4
8.805090105262614E-4,3.7982779661102474E-5,7.057354276344465E-5,4.7076299547759245E-5
0.03875264000000023,0.007150947199999869,0.003914464127999895,0.0015175342758398935
0.0013365886693326168,6.901430875945191E-4,3.424694739551093E-5,0.0012258864317323814
0.00549455617725397,0.0026071982609115166,0.001239175717044157,4.283544654316579E-4
0.01283666807955941,0.007272655286106655,0.004974990946891911,5.48573045525691E-4
0.015142239999999862,0.004675407999999992,0.001103758800000132,6.768858859200755E-4
0.01713288185883938,0.006743569129889847,0.003951634231951575,5.21070042767738E-4
0.01265872478934212,0.0015067961014632852,0.0020803608900037598,4.369182788489696E-4
0.02254699003219851,0.002070051459286848,0.0020447077903362754,1.4415053081417994E-5
0.015253759999999783,0.0021996735999999517,3.149804800002265E-4,0.0011378546796798616
0.004075194936626721,0.002173500948653109,9.921749560739682E-4,2.410802078268706E-4
0.007096320000000267,0.002855791999999635,0.0011851575199999242,2.0634714624012673E-4
0.0025323612160000897,0.012275431410688098,0.0012203033375272065,2.4926973694849863E-4
0.014379586423250991,0.004826327552540805,0.0013667859304161705,1.0659777991562203E-4
0.020520231310204053,0.006595866863746648,0.0010937943202146275,1.092590738032293E-4
0.002239698818966484,0.004074388129823789,0.0013288593790436885,3.3452237242046477E-4
