5K,50K,500K,5M
0.0183178579464487,0.002498168661848458,0.0010244289876018377,9.588772952830434E-4
0.012015839999999889,0.006144772122844033,0.0025039622408480344,0.0010643392806060081
0.003176582971025743,0.005596302723941404,0.0018349995888223836,7.896764141437362E-4
0.00290665115043498,7.26000259074204E-4,0.0020737612755489195,2.713978452106266E-4
0.003433128402619838,0.008094782675195316,0.0014469056220567768,7.100171164733115E-5
0.015729548220568018,0.012368838591556533,0.002228560212950962,5.882444507943909E-4
0.01193767765490282,0.003357376393583124,0.001440721831775161,1.357704536264472E-4
0.016346549428223778,0.010199153088156665,5.005984569724786E-4,9.96309012253338E-4
0.004247029983421903,0.0023030479121975878,9.761810565151823E-4,0.0010041896261682765
4.8800636928003627E-4,3.6861053826175993E-4,0.00224633190638035,0.002551511748024149
0.008897366003205582,0.006091508242455687,0.0012892720036111107,8.195925569974721E-4
0.001068743281459378,0.005695354506546263,9.25751011325798E-4,8.835994173474033E-4
0.013575339383484701,0.006865321528936926,0.0027171423265499,6.801180769930754E-4
0.007003913575110769,0.005240688350755671,0.0012900654004622874,0.001288226901864147
0.01794815999999988,0.005546576654059443,1.556401975240096E-4,0.0015310582497349845
0.040785588553968743,0.010966781349948551,4.5031204393752855E-4,0.0020794281531668624
0.010561367697886877,0.007870059356146514,0.001581231202932424,0.0017998351123449218
0.008622460417430993,0.0019530462154380593,2.5106779826157663E-4,1.3118534299051302E-4
0.004417554637403892,0.005065043975400308,0.00327371565411072,3.8303219605415284E-4
0.0067686863701699185,0.005342545941197763,1.6151670005049024E-4,0.001798932772217654
0.0034640000000001336,0.006364824615682885,0.002919474636474906,7.539328539976076E-4
0.017372994617128473,0.00471264853013864,3.3621431709985456E-4,6.521977694260645E-4
0.003903620203568351,0.003299040238179632,0.0010431605663754329,0.0014141089728512463
0.0032996004430711117,0.004131159263300304,6.486777161892206E-4,2.835070064417901E-4
0.004549793228388536,0.01490609532133247,0.004510302630499168,0.0014192593054273726
0.01837545938648469,0.005076747806455336,8.157580720299885E-5,8.683497744592687E-4
0.030199175375678844,0.010447900832840307,0.005692481188828924,0.0011472313997671346
0.030471494486340497,0.005387536734518298,0.0013069809635912943,3.6742353712980214E-4
0.014404519269904027,2.3757444125840977E-4,0.0014543621989609862,8.746600454960505E-4
0.01975540431338796,0.0039053286198527104,0.0010495677301941564,4.767585059517465E-4
0.013784066061900776,0.0014537777007656546,3.756858099963712E-4,0.002260284429668978
0.030182493448387606,0.0022211290459681217,0.0031241998352604773,0.0015370144658261673
0.007576000000000027,0.0019763014819369484,5.328403291193773E-4,7.768785848873971E-4
0.01143232209777391,1.7596081026967337E-4,3.9849164726137487E-4,8.831283002604643E-4
0.04650784000000008,0.006343508668331221,8.186241029891628E-4,4.797036001478183E-4
0.02521237759999928,0.0017266947663158172,4.701781263873883E-4,2.467808635069346E-4
0.0131889761257229,9.523704722727524E-4,0.0034836721622031096,3.087083629027933E-4
0.0015992000000002449,0.006370247136656015,0.0013884574296221253,4.4743603607866334E-4
0.05536255619406468,0.0011066769853060252,0.0021536846270038806,0.0011373918659947839
0.004990638498747146,0.006955573453483743,0.0017720346796614717,0.0019231800575600921
0.026769192909590234,0.00999091384116002,0.0014535873099363883,0.001911995127651056
0.0049594852870296965,0.002809580468400473,7.144990293191776E-4,2.858934856181591E-4
0.02256895999999986,0.0021853372638613866,0.0023333796350544223,5.180883954361004E-4
0.0010254559545421179,0.003478314848051451,8.085162193012433E-4,4.3480676449234485E-4
8.797320138852621E-4,0.001361244207037502,0.0021900889835133794,2.1636593342446778E-4
0.03593443010789121,8.361240153713645E-4,0.0024641004621763773,0.0020509420972574244
0.016304400439214106,2.754274395253553E-4,8.10401027157237E-4,0.0019199450143747576
0.009350522351875083,0.004080785560065403,2.0014568791996832E-4,2.4503488055913503E-5
0.0012665151999995405,0.002008384149899234,8.043549426224317E-4,0.0017214738249826667
0.018415288274005404,4.482884073810922E-4,4.2674236014839106E-4,9.282084829366211E-4
0.02442783999999998,0.0024580907955393805,9.372060361911849E-5,2.8675983043546793E-4
0.049576239405985184,0.01776277525515091,0.0038660149518744227,0.001419340842429834
0.00784001148138036,9.75125701082602E-4,7.451301787098075E-4,0.0023803763082688167
0.038047359999999975,0.006534601797427486,0.0015372151141386237,4.973745088397985E-4
0.008212251029280582,3.644910231572762E-4,0.0021377214153711632,0.003827477051707162
0.017494149039511964,0.007247412866385083,0.0035614135620962717,0.0014417130636104059
0.004213864248474562,7.461267661028785E-4,3.0325609668552223E-4,0.001805930215146238
0.026311432223029563,0.007709938148505513,0.0013093097003351595,0.003030804211307414
0.017448157950143095,6.076119050857365E-5,0.003939239943575146,0.0016520368428738497
0.009142085751303977,0.0031326453436355856,0.0019031960074251991,0.0011356704442425172
0.027749120165288358,0.0035498847813692867,0.0017292767600445927,7.762195914161155E-4
0.002246314109047703,6.384898449616752E-4,0.0020682479211451043,2.841388066537524E-4
0.030859961691752424,0.007721094276877568,8.208847771833712E-4,0.0019234211532018922
0.02169360000000009,5.732574405915569E-4,0.0023123830328273254,4.4041792930682444E-4
0.05935931593405508,1.4287261682022212E-4,0.00808912771290804,8.97571327808766E-4
0.011664860679425817,0.015570888338648916,0.001448983296890281,6.560722416458933E-4
0.009907030211571294,0.004017753566095478,3.6445005224438877E-4,0.0033221939677239025
0.0026131955017146984,0.005034937125613125,0.001635391234301358,0.0012542182669574536
0.010876732160531307,0.006998015252853714,0.002754559052727343,0.0044303273695107835
0.0015313582839571016,0.007611628499023592,0.0018523240156628578,4.349008220512214E-4
0.0037206420625505165,0.0014963585787337585,0.0034292574406769027,7.094420682562941E-5
0.026081996601007518,0.00157541876981937,0.003614399827493786,0.0030594767770601994
0.0039591860099167375,0.0012928572335305644,0.0015548107739143946,2.773417238655096E-4
1.3066086399970978E-4,8.474648791088057E-4,8.729908218352289E-4,0.002428673469867859
0.02204000000000006,0.00955287385979564,0.004538063400615799,0.0014160799200314544
0.013660802537330152,1.8223019181906608E-4,0.005562639107584699,0.00284104483787484
0.029621766655999693,0.00931462683028117,0.0021853305124994726,0.001467858818925416
0.007995788117812097,0.003843957057733993,0.0028608031374361964,0.00390906384665346
0.009262228610095846,0.003577371909405943,0.0065640880376911835,0.0016612244945806154
0.0020700917522940244,0.013751527073767617,0.004445064874944973,0.0018517796386327585
9.369815093376652E-4,0.0014219191749404933,0.003024351108057829,4.368729745488026E-4
0.019755047941782573,8.759640525477508E-4,0.0031693029994110944,0.0018256687118613105
0.007935303781625882,0.006258739637582529,5.590247354640162E-4,6.442787912443691E-6
0.007983792447784022,0.004029343360966053,0.0028315760638759624,4.653539271530782E-4
0.019732029869217405,0.009064175005120578,0.0016522601581380192,0.0034221094160360455
0.023199560960000087,0.0022182645857050654,0.0057593472671095824,0.002116876295641501
0.02347852925695641,1.3839192673712963E-4,0.004335370841150898,0.0016039045050344602
2.46794896570463E-4,5.372553256359058E-4,4.921014189316409E-4,1.3524620020402783E-4
0.00110676483350229,2.5730912748328754E-4,9.33791505812576E-5,5.622984279644585E-5
0.004832230783928188,0.007206968469860792,0.0020440746988906987,6.08108850894918E-4
0.01344006835409628,0.00387184773675886,0.0013825168012984168,2.8762764848599964E-4
0.005705907469687906,0.002326272716162449,0.006581805004719588,0.0021459134885445136
3.343283631084882E-4,3.228572422633348E-5,0.0012063308050190415,4.321883707025707E-4
0.040627200000000085,0.0024565231140385446,0.005961104789818816,9.742009759913239E-4
0.0019191135173066965,2.9303051338165474E-4,2.398574840674274E-4,5.887609448287775E-5
0.004935861684638309,0.005155554178117948,4.590897335745879E-4,0.0021344494942431625
0.005486288329763278,0.0035088391863360435,7.235390141007159E-4,0.002982763669756583
0.004885355319538315,0.0026031341919661548,9.089299531646926E-4,0.002866869217252921
0.018191698117833412,0.0014689408827270466,0.0011232535748881916,0.0013806258347128374
0.031126286286128287,0.009372637652740965,4.8252435498878773E-4,6.950619480762132E-4
0.04665668121021349,0.007014002896142846,0.005922011053998033,0.0015407784034926486
0.013672733721213248,9.282565863357105E-4,0.004799342532024805,0.0010123907708562893
0.04229217884991887,0.010121169339731173,0.002285059336867734,3.6780937261249314E-4
0.007271157128969133,0.0010915256395570086,5.463886854070969E-4,8.412009175193802E-4
0.01008929309340049,0.0020153717020344134,0.001389810941899665,0.0023398022121045
0.0035210456553098624,0.004306118283202487,0.001893101090413074,0.001545933212861117
0.04787743999999994,0.0025108545628075296,0.005063106696683306,0.002047981002164301
0.006394241833165906,0.001128584923414104,0.00407026729395873,0.001484650430776748
0.01197529938248463,0.0016467592373229788,0.0019949949441902385,5.944971991924938E-4
0.030729019668792417,0.0017133351858527794,4.5920572637914994E-4,5.052668520810264E-4
0.0107103951787851,0.0013744958641803081,0.0062276587439348005,0.0023551762699675267
0.0019759999999999778,8.121800069569307E-4,0.0016898102708684526,0.001019805050886502
7.455994489735271E-4,0.0035613641773095243,7.173338865572581E-4,3.153245866756618E-4
0.0330587200000001,0.005650755809695318,0.0024217214590748215,4.0374175172941396E-4
0.009321077757964313,0.005659587863320992,0.007287362418786136,0.002342876990611198
0.006008959999999952,0.011729017381721274,1.936260202983764E-5,0.002100279242331471
0.026527999999999885,0.008758138646961733,0.002213245610407366,0.0019310749101363323
0.03037709971942479,0.0023600364310444673,0.0032751709321909186,4.5058187933697945E-4
0.011868152217921934,1.4084639062833553E-4,4.642755310032816E-4,0.001183851555787604
5.425778615676111E-4,1.7849342168848779E-4,1.2025171293089077E-5,6.766788559619E-5
2.2376780396898846E-4,3.362255677158994E-5,2.946394322177239E-5,3.942765746291574E-5
0.009166400000000019,0.0016693418970077367,0.005065597031754243,8.555097475781981E-5
0.004500089888661637,0.004691270151514461,0.0011794233846507446,1.6517520983454808E-4
0.004136947968000015,0.0018420020955275396,0.003913389244107335,3.1137487230270544E-5
0.03541028985856287,0.006509984351261711,0.006678422740826084,0.002898909346807921
0.03843807999999993,8.778374398672462E-4,0.003887042321076173,3.567745358152852E-4
0.019410002064595533,0.0030718744320994418,0.002795641217187228,8.399511613368382E-4
0.047234638198082025,0.0017518623565213472,0.0030668677640361057,9.886322735099583E-4
0.006465976499386766,0.013042682153718062,0.002511493995839058,6.757225348067012E-4
0.03843969664000002,0.010702832903718096,9.069464413247186E-4,6.582001404400462E-4
0.004896992482412185,0.00823601373106078,0.003971246652755886,3.665054139065915E-4
0.021317046137761544,0.0042557094052156855,0.004059865978042918,1.4261553781077407E-4
0.009675534664743135,0.0057357458697149255,0.001459546813160073,7.229208788355201E-4
0.005510331350546833,0.002581933477925347,0.0014097161566566877,5.487051396527695E-4
4.4999419574822584E-4,3.766617348053277E-4,4.0496474726196954E-4,3.682506833083346E-5
0.025231853935138555,0.002047380230627015,0.002574132740688863,4.338313443390448E-4
0.012912751801088085,0.0034414154608952696,0.006752981064588659,0.0010679739980368197
0.009204296814203745,4.895656588724659E-4,0.00230517739458515,0.0012230994308590124
0.0063718117760003246,0.004623273841843023,0.009847515399814988,5.395476436772517E-4
2.9002240000020052E-5,0.008274825114483297,0.002013998264278727,1.2550721381998642E-4
0.026690560000000252,0.007663835276266351,9.987769403121405E-4,0.001840305937928166
0.020300800000000008,0.009740553265638052,3.272029109397945E-4,3.838892123162463E-4
0.0015007257072428004,0.001870673051624805,6.185336503977679E-4,0.0019666547827699166
0.0018284842498875146,4.543334700402861E-4,5.088818921894947E-5,0.004627543281250123
2.0699741977329417E-4,5.103036914380151E-4,2.1528180812299287E-4,4.58389331701222E-4
0.0032988402214751745,0.008718797365017631,0.003361764017531144,0.0029888989180874384
0.01638655999999994,0.00397160642346106,0.0013025760096645467,1.7112255450357772E-4
0.007010522876319382,0.01107164253703521,0.0014131653843509446,0.0014354178193116292
0.015387142818440351,0.004608584875410366,0.002602327933131881,0.001974938664875303
0.06734271999999986,0.00758236417752145,0.0025242772579678885,7.385656241245542E-4
0.006868841418410001,0.004478343941736336,0.003230659071098589,0.004226795925208436
0.00574591999999996,0.002156878959976627,0.003932652800311853,2.2110051712997958E-4
0.003492882260518978,0.007417044811784608,0.00477638014624393,0.0029978331964149213
0.02052123463843869,0.004030515704123161,6.766051722313371E-4,0.00242801986566088
0.008212623615999726,0.005604556479349876,0.003925235187423715,3.426602044926952E-4
0.002799039999999864,0.0018802460173830138,4.568629468190144E-4,0.0010378321678035096
8.076799999997553E-4,0.005118372417122985,0.005022104629439306,0.0026694450475310827
0.009987835366230824,0.010259141831017393,0.004286314531041002,0.0019480255724656503
9.831716325075996E-4,0.0010842300546738404,0.0015550507574571789,7.221830844321257E-4
0.03977111552000001,0.00803692779591536,1.9159383319977685E-4,6.277461645398663E-5
0.024015919597989953,0.0075963431317295615,5.092755983404807E-4,0.0010732640480579693
0.00544238328566086,0.0025124815873992165,0.007683785221904288,5.400953458894936E-4
0.010663354366974298,0.0021589684646872165,0.0016897602652476973,3.292042437827991E-4
0.0020019329676614905,0.001606250391779862,0.0012389000734331912,0.0021949770074483066
0.010688892636740777,0.002866882110125424,0.003122356457013309,1.424522122834837E-4
0.049967766400000224,0.004447526640532828,0.0027012550378558986,0.001095410902731686
0.03961023999999991,0.0051611005674054855,8.272196834797629E-4,4.33968033057619E-4
0.008411651368663259,0.002039550252575963,0.006087539294369721,3.0214601976204757E-5
0.03298012778516646,0.0022516059304874547,0.0037178991861266386,6.668383065533412E-4
0.04209336634880001,0.012283629591572698,0.001905796315464503,0.0019248756862380034
0.020568012928000146,0.00821498061337722,0.0025080526936394065,4.909304632885192E-4
0.0049055590221811175,0.0011635903982561504,0.0023905539561156325,0.001971240993157153
0.008576004228710262,0.0023412517875954406,0.006347674470385201,0.002258790683403807
0.007831039999999678,0.009806758864074228,0.0028287631147005943,0.0013475270538623185
0.010566756003455247,0.005907060219616289,0.002637759743782997,7.635495682878357E-5
0.013296090008514762,0.0018922620910316126,0.003767262642442884,0.0020225916531145687
0.01129569834872246,0.006069782889672526,1.561060226350497E-4,0.0030242525920052277
0.0032250806270157084,0.008059371244654024,0.0014694629426854683,1.1119543794786915E-4
0.01591384438198489,0.0022501308099920204,0.0034820326391385775,0.0020519180633086515
1.4021227537378125E-4,3.400393041502329E-5,8.970696676952692E-4,7.440234438562743E-4
0.023689543622515002,0.0067780431595032995,0.0015088630390372574,2.4066166909459595E-4
0.0058446385499698154,8.31320253234728E-4,0.002361603288354698,1.1170852840848797E-4
0.008825220630515622,0.004224840925941662,2.5180324971297614E-4,5.425102568834036E-5
6.017863938861526E-4,0.0033510413459897385,2.2022547837714155E-5,8.25676528441809E-5
0.007208960000000042,0.0014561757546154297,7.51221491948062E-5,3.4835108583630703E-4
0.0017559673957352141,0.005059349024992127,0.004532589822404041,0.0020486471134181497
0.01522243740262419,0.009924782236581109,6.786105853391344E-4,3.844569933730835E-4
0.01939042943227752,0.0036029263722317127,0.0022729759760987296,0.004485461452612424
0.003791076241508195,0.0019636726007647787,6.649421130087922E-4,8.589017302840843E-4
0.01122033407276856,1.4741542690742564E-4,0.001866107904136775,0.0012529077449736558
0.009098437078834176,0.007051182820064339,0.0047366402394022344,6.923992374368027E-4
0.05153845472180596,0.010511388867130878,0.004478821993453286,0.0013434492508013207
0.010342325773332219,5.139415036067816E-4,0.0036491893403395852,0.003519393073885559
0.0106614399999998,0.002996171695144878,0.003278147312925528,4.5887785900045053E-4
0.0030485894453322615,0.005423852896825343,0.002792033169848107,7.951755539516991E-4
1.583183647025019E-4,0.003572269744885455,4.7788699352591915E-4,0.0017010202822337213
4.0319999999993694E-4,0.013229126664491275,0.004393824427932458,0.0023544712989879146
0.02516656455050248,0.006198266039819655,6.03900934313617E-4,7.413971215504134E-4
0.009384949120000097,0.01481428128475415,3.022377112698038E-4,1.715137532747324E-4
0.011359655996135927,2.855674785610664E-4,0.0026623250463384904,6.523467167773333E-4
0.040747441368064075,0.0018723061171210809,0.005370550519388395,0.00510174895327431
0.017127040000000093,0.0011305058845230143,0.00240979337058822,5.786613951637154E-4
0.006182743976737903,0.006456023060495086,0.003945790493624424,6.435015689194579E-4
0.011931616003030138,0.005111943582003676,1.9836853058019857E-4,7.951454526012205E-4
0.0025430070624229343,0.001664023318080661,0.003604348877275124,0.0021318959413141707
0.003584681107500717,0.0032313898742135955,5.996786927801827E-4,0.0012240345404527073
0.06292740665599972,0.010238263297194905,0.0032762036724031107,9.036614724511338E-5
0.019025959884432002,0.0011161789645594766,0.002063350972292322,0.0023128179859196055
4.6079999999992793E-4,0.011583943539970054,0.004831418278848698,7.829971098347599E-4
0.0276307758671316,1.5653294718021016E-4,2.1468939903673207E-5,1.0858789318765914E-4
0.04182660668840507,0.0035906676971830197,0.005828395863524613,3.983237915294924E-4
0.02143302833187282,0.0016225000787344313,0.0018015545441240116,0.0018015734565147048
0.00989879885548739,0.007843875275961643,0.002426726834643844,5.685235261418953E-4
0.0014898691863683526,0.0033541576609191297,0.0016013738083414972,4.263496814878902E-5
0.006238506371880447,0.0025485543990576894,0.00138979863942795,0.0014624095970638962
0.023016535114293135,0.00777347731028688,0.0031036144118323783,0.0030617606272664855
0.02104342732800002,0.0015554608822020421,8.579339669210206E-4,0.0012357808980004714
0.008270647114808183,0.00377749904691993,0.0016339618715415227,0.002104938693610059
0.013379485947402386,0.006828519697532363,0.0027242329222667045,2.567577739933871E-5
0.049011876351999994,0.0017062365353301967,0.0011856244224877077,0.0014107421170935774
0.014747200000000071,0.00809858983464573,0.0035771783396434387,1.7180914955305937E-4
9.45752342243146E-5,7.274507271383327E-5,2.3621252044385486E-4,3.6289059547550624E-4
0.0061178750448950435,0.0011636946913245497,0.002298767860261817,4.116144445979483E-5
0.030958582842367854,0.0026752403996364027,0.0017863190346241176,0.0010230252502958503
0.003835783174705652,9.199995864000914E-5,0.0032642932400178373,3.621777838394471E-4
0.013247880128000267,0.00987321718902412,8.732567855503914E-4,0.001435765920856702
0.0160230400000001,0.004001499338443293,0.0015447035835921552,1.4322321322257636E-4
0.0031309298615393466,6.24430421041345E-4,0.0028676372546090245,3.4663711546505517E-4
0.009253275576120738,0.005023061701799428,0.0022619218384360112,0.0023983673256109607
0.003444807679999995,0.011879257936466159,0.0022211753899463726,0.004110920898542925
4.165953088957064E-4,0.003270786019677674,0.004898437317955251,0.0022850011733370756
0.008109439999999912,0.0025512668419394036,0.0030134508082484412,0.0019433407908429068
0.031794434860871364,0.019748453951906046,0.00512945174879156,3.688720217690499E-4
0.0015153111230272742,0.0026686147806368097,0.0025410320153717394,0.0011000449631333176
0.0013053901869725898,0.004049768952449588,0.0035758496417803392,0.0030320835883126712
0.00848494862971827,0.007008489197764645,0.0012515275235895906,0.0015018139518383489
0.0033179587708217534,0.002825573382435994,0.0022274885544498664,1.2050065470807915E-4
0.04367165439999998,0.00582208170891807,0.004358497351403923,0.0015049051411686332
0.002020934767906863,4.0353146576661424E-4,0.001588279127591275,0.002195435129058112
0.01906037439999997,0.007252110938853917,0.003826362677505135,0.003578163091223052
0.017751415395717673,0.00324525376762419,0.0013134765207230004,0.001083924570767003
0.014363052543999943,0.01806354297787971,0.0030530065852651944,0.0011436112514969787
2.2820161403571047E-4,0.0045167550076739005,6.354646766677519E-4,2.0363273037953583E-4
0.0017563063237199044,0.001629556796379105,0.0011622461374932683,0.0022888163523803635
0.0024398044786747724,0.005860794534662388,0.001199703400307252,2.764080441055583E-4
6.573095134415619E-4,0.003518508222763117,9.252976762019749E-5,0.0028413800071144246
0.015135638570395198,6.456379779049945E-4,0.0033549840874622953,9.317454635508944E-4
0.004648966713973757,0.005619909189682705,0.0013872258617795162,5.883025854411515E-4
0.0011238400000003201,0.0085312867338867,0.0029732846086152342,0.0017648251192128317
0.047349221156556265,0.0049370819974312585,0.0023517321007350267,1.3522917244146448E-4
0.04029832033342884,0.002918377630094837,2.582920580438408E-4,0.004287339741058105
0.016620954005868372,0.015899101983743242,0.005379347934085799,0.0020304870161769067
0.018405215562604882,0.004538951766662969,0.0015291247164652688,8.869412420884348E-4
0.03501690255846703,0.010912955352488407,0.0011462621928348604,8.762462435201454E-4
0.02405572306918402,0.008663402310522095,0.0017426300615543955,3.8221093721757526E-4
0.0014308586580819523,3.260991175213493E-4,7.085745000690083E-5,8.318146452493584E-5
0.0207258686162195,0.0037128315353989194,0.0028742019653479334,9.313136356370322E-4
0.02317105752578552,0.007260800721799132,0.004578209113981213,0.0029120610410633407
0.009115710147863335,0.0012112745372176137,0.0015425501823120686,0.0010959829741840493
0.02008399999999999,0.005327888327244068,7.177547417647201E-4,7.717168792553686E-6
0.00964157800753462,9.820652259612177E-4,0.007855251812140817,0.0011806251555499514
0.013002674455252642,1.5079525727358463E-4,8.552151840417725E-6,0.0013655845283367448
0.004706001838738187,9.164577704317374E-5,2.740353559825031E-4,0.0019106626103686292
0.006650129984677354,0.005604303610657812,0.0022038281479791785,4.1157332117522973E-4
0.020396094056348346,0.0062830989775256585,0.0028884470999952505,7.247518338608927E-4
0.018367199999999917,0.009903587236505196,0.0023158746499769567,9.154132358162315E-4
0.049590544510667516,0.0044590968419506915,0.004231342671425452,0.0011405022609218861
0.017974944860917663,0.0028344870624523733,0.003930781331337396,0.0013692108753028398
0.019556800000000152,6.596379702460409E-4,0.0026539015385034226,0.002165339771784236
0.0019120058846384545,0.003017141495909037,0.002129747815905475,5.2851726850042515E-5
0.04117522889362684,0.012197573866388726,0.005507847654249206,7.705673188300531E-4
0.013175493965587669,0.00742871850968192,3.58368025348862E-5,0.001595591584753789
0.0014273301685418208,1.7426018859707104E-4,6.629018400712423E-4,1.1392262320755223E-4
0.030701837762239448,0.0023559446473652157,0.002385641338967348,0.0012040449045485069
0.026126345094532155,0.004711067772829258,0.0011064052489395682,0.0034467542272318408
0.033724132296908876,0.008314489517314238,0.002815972784242403,0.0026237982489508496
6.919999999999149E-4,0.0017354614738092078,0.0016345878612800124,5.761734135742991E-4
0.020631420560966063,0.001467615236248338,2.4783574955050306E-4,7.644122020377577E-4
0.012869301265932746,0.0037423872889161144,0.001972160849011554,0.0019323760132202476
0.010371084799999819,0.002345507200497643,0.004194991195729636,1.1451633196224442E-4
4.5931258679932085E-4,0.001321277905438123,4.038253235530975E-4,0.002677088072848166
0.0195754893872348,0.0025522090161779988,6.468690085067767E-4,2.757660068038208E-4
0.04368794028501399,0.002460674897162285,0.00362852742749209,2.1449928880012958E-4
0.015274456496801175,7.52635090520551E-5,0.002447773756218299,0.0027439860440226097
0.011631389589512597,0.0035997298943629685,0.001144878554123041,6.843848900842664E-4
0.006026506240000007,0.0034293992277123486,0.00341156195302017,0.0017084816382100243
0.0012870375397056517,2.856292605550665E-4,7.172368203145473E-4,8.521330060882539E-4
0.006804617629547098,0.0038036021539834724,2.4657413021312273E-4,0.0010118440775304688
0.004309380790585491,0.0037450467267383927,4.8054797767269666E-4,8.316024119160721E-4
0.016934848016882498,0.003528209446236441,0.0015826859271733662,0.003015586110535984
0.01787217632254534,1.9590873605812575E-4,4.280422244851145E-5,9.90801554382692E-4
0.020335404302883255,5.86815723138863E-4,0.0032742186580457435,0.0010378174674068167
0.0034472709052753496,0.005322232285004866,0.0024673716043414023,0.001284284983518303
7.40894389248671E-4,0.0030925867100112443,1.7498970171262078E-4,8.403674090680471E-4
0.03087312927375423,0.002352749744377686,0.0033591071785587564,4.7752244805467927E-4
0.002016055883753231,3.936743147893056E-4,0.0015794196700702368,0.0021703733014477086
0.01363508594903351,0.007150949713865698,0.003640732704592176,0.0017468168640830172
0.020547756399145235,0.0030416106638538384,0.0014255708228763254,3.65845367664594E-5
5.541647850153508E-4,4.8655164015442675E-4,0.0018335729954840547,0.004744118803347639
0.036509196799999866,0.014374468777572869,0.0018503826262976641,4.928320153072541E-4
0.019009937621492824,0.0052832967977280276,0.0018340694516631804,0.0029509256220243106
0.022879217387247894,0.00884057194437195,0.0035215495624444275,0.002613735864344108
2.737036107924862E-4,0.010480269883365478,0.004099005949264711,0.0030273023064910642
6.517192307062367E-4,1.824563949609029E-4,1.4646186550360655E-4,8.310884326072654E-5
6.091223086873551E-4,0.0031696245928918287,4.918475374579805E-4,0.001178852190359514
0.01791706207999988,0.004786607631499518,0.002068034385641515,0.0033795672930773124
0.011973257881227503,0.0030451953318953945,1.8932780005953443E-6,0.0010722485165387903
0.010397046156225533,0.0072880582766517805,3.8724324258801023E-4,4.134995768484557E-4
0.018071715211680786,0.005392671863358137,0.0010451890593963648,0.0010453192847027324
0.021409763365832394,0.006936368775047227,5.292429872688101E-4,0.0013536631770003906
0.013625340633515835,0.00689062705235602,0.0027170955915799197,6.795712248077446E-4
0.007442388038515372,9.583211970066797E-4,0.001451807439855877,8.351444960392015E-4
0.013869818106289473,4.266421737638905E-4,1.473903149532159E-4,0.0013410973932745695
0.039967999199980085,0.0028404932529708417,0.0035008036804778423,3.766831681489597E-4
0.0072970869751918955,0.0019507612659032231,0.0016179133877936961,6.770707369025048E-4
0.010280010498993285,0.002127771676323412,0.0016214427667457852,5.95326912730934E-4
4.2564769340934977E-4,2.2032301120575743E-4,1.6995007745935484E-5,7.637055599014742E-5
0.021864703102816282,0.004041361536292855,0.002196984981123687,0.0011030896794660989
0.02449116843859156,0.0012166316243393815,0.0043397377900198375,5.180069280360522E-4
0.011965942080622627,0.0014859662727890743,0.003106426171869625,0.002655028849664509
0.008241592895268157,0.0034535983974859352,0.0034753041652326733,4.646557544809582E-4
0.00458251617839589,2.705774051903198E-5,0.0028237105750759106,0.0026741178416423983
0.025058880000000006,0.009264211882015871,0.005865548052699343,0.0015150269425679985
0.046851002367999994,0.01089749832449416,0.0013653721380905148,0.001572910552315565
0.007175179379484529,0.002228550961890127,0.0018086631062948584,6.017613126950906E-4
0.034746880000000036,0.01004352972409539,5.817372839489465E-5,0.002369145840329767
1.7342129025215932E-4,1.2202457148714214E-4,5.622894231065411E-5,2.3365956253030702E-5
0.008675034853458614,0.002515567767600062,0.0089631326259345,2.7468091900655913E-4
0.026223299685443346,0.005110027134705097,1.668175470576072E-4,0.0012965748947066924
0.023598973132928733,0.0029209166171965603,0.001289587167623438,1.1638636778334199E-5
0.03530507736954025,0.0011666441337031541,0.001901769047469859,0.001882347427057507
0.0037730943273582103,0.0010475078088297701,5.980199196143184E-4,6.07721961379919E-4
0.006554850048543915,0.004987751210039343,5.827015388929203E-4,0.0025397395657003217
0.015514135040000099,7.623086574497506E-4,5.993009218769885E-4,3.0923419245443284E-4
0.04592575999999993,0.0021614597013988046,0.003984906784144426,0.0015052418701361203
0.016154866501954475,0.006555970313089203,8.766348394648103E-4,3.7974100573873973E-4
0.001727569920000116,1.779619042636682E-4,0.002585817188662798,0.001961382440077486
0.010799990897229718,0.0012315788935673764,9.386882727699912E-5,0.0037598099391082406
0.014631438938952097,0.008927279257286405,0.001124928479699705,8.435081528230955E-4
0.007091839807039979,0.0043167508599152304,0.001833445694297553,0.003289616259568362
0.0024416539437177587,0.0027274911053419837,0.003080685421010365,0.0025558037857700278
0.016697759999999895,0.0020505619597313007,0.0037107351056214766,9.702216324039004E-4
0.003944994114461439,0.0016617864288374993,0.0013268072736107035,5.542886357035149E-4
0.0024986656573677516,0.0033959720085703967,0.003782597776727218,0.0025700772340634557
0.028656989960749217,7.904529551440955E-4,0.003954526675489135,0.0013373736356117438
0.023195917997841882,0.003177585201032325,2.2404968815721346E-4,3.7904838270838635E-4
0.008042781878831689,0.0035501494480478157,0.0018563056819242973,4.3089224850095017E-4
0.003037739271789773,0.015968930379080933,0.008336868809964568,7.983521398891977E-4
0.01303628353304176,0.006616718299448876,9.472507971324262E-4,4.478976496231635E-4
0.01926575877398715,0.0019520583074979295,0.0019060260670012157,7.235009915279358E-4
0.025886574950375385,0.0039140573371083676,0.0023878395087122417,8.845955716800802E-4
0.0028583251645746643,0.004969730996577173,0.0011624884824160482,0.001470102146376038
9.538493519375157E-4,0.003446653543219124,0.0014334521384968735,2.005525929682564E-5
0.015408158480013645,0.012374472862011321,4.047518321259602E-4,0.0027897215471072156
0.048375507252668926,0.009910540322429218,2.7691781298289087E-4,0.0026001368714663187
9.737618121445278E-4,4.570809304928401E-4,0.0023567889412089266,5.953483490234644E-4
0.018257684111360417,0.01992776647535588,0.0025414925336681993,0.0031886559198976983
0.00958208000000016,0.003210511062403776,0.009114631227364445,4.819696849255317E-4
0.01873606111884807,0.007084641686683213,5.259168000734116E-4,0.0010398317170488003
0.003996160000000026,0.0037028953971444123,2.4305981257577436E-4,0.0013483266957985407
0.007032968315468651,0.0074629797842300245,0.004901467524960451,0.006557708075175105
0.019702913919999787,0.005425956449390146,0.005808558134839492,0.0012517399782585592
0.008384923190561056,0.0027475184695165966,0.0031738698581580405,0.0019727957628449255
0.012593938004023064,8.885863808347322E-5,7.166232943081231E-4,8.471268430852264E-4
0.012745713414734405,0.005831605863853673,5.806318199559346E-4,0.0010195519923498209
0.027981570199406725,0.008561764755184775,0.005739993066905202,0.0034569620774108634
0.028750328320000018,8.616396461167408E-4,0.0016524744094210675,8.568050513897418E-4
0.026873213440000043,0.008649708421912816,0.0016483834746225945,0.0021879908140978177
0.008585556873355271,0.001775393801007219,0.003774851739541285,0.00202385233264446
0.007764529841319907,0.0018306725041063693,0.004090508517910152,0.002993310307000182
0.009505792526863503,0.006108886091466958,0.0012839288361979576,8.237404208796524E-4
0.003141228666143558,3.092851404690931E-4,0.002302596013474008,0.0012392385007948847
0.011639164150733183,0.007265204804982162,0.0021810579791319284,0.0018105247019406523
0.01332561664319365,0.008979111078492252,0.0032598847422242727,1.3112717114072137E-4
0.05262654630422715,0.009383825496154,8.029009278768047E-4,0.0015372232271557238
0.01079236092062606,2.881270611724115E-4,0.0034702332045182566,0.0010914748108957286
0.00376862767848272,0.0056612910005799846,0.001336530725082019,6.117242994657874E-4
0.010845037537882938,2.978739451232174E-4,0.001071717540314216,6.694838724399813E-4
0.00314265018029071,0.005420178870798497,7.8548119366104E-4,0.0019310523690758729
0.016643731733857848,0.0036998796389622057,7.282287894350779E-4,5.877725473994637E-4
7.65353837906772E-4,0.004028799914148964,4.918095410801301E-4,4.728501122873702E-4
0.020756121392670135,0.012513883092558187,0.003882254640766414,1.023741960817226E-4
0.05244159497350642,0.00462976570067597,0.004624232600257683,0.002076173617927557
0.011730534588754473,3.0251392514798564E-4,0.0017159649234816641,0.001277699655155283
0.0028825600000000895,7.898100912837602E-4,0.003617294312464825,0.0010496925293239645
0.02062609343449462,0.001964983180547053,0.005847546547779414,0.00119021396190222
0.0038217599999998964,0.006011224269983684,0.0025717588490563603,4.350388785607784E-4
0.011868572129626744,8.6625495990335E-5,8.795862117447127E-4,2.067631813847472E-4
0.018448636799999973,0.007828411511737854,0.0030597037583415254,0.001134713079984695
0.0041878711805250915,6.052846683848211E-4,0.001360932383507921,0.0032533833229650964
9.798117016032969E-4,1.5694068881127768E-4,1.2547771325711006E-4,9.382669494810445E-5
0.002798080000000036,0.0013610435227779938,6.785123054513509E-4,0.0020428396237064383
0.011016652346146545,0.004073709595934076,0.0012264160548555712,5.815920984555255E-4
0.03911551999999996,0.0023233917015672567,0.0015285747416448059,0.002270997195587876
0.011509213866109574,0.0029717471212203877,0.0013722090755611666,0.001076258097208188
0.001975049376234355,0.002819261888896764,0.002142336945740456,7.597285241306327E-5
0.01140617189379703,0.001700365858952024,7.10853068010338E-4,0.0015046316595692284
0.011053979658170343,0.004306161787289486,0.004288683550351946,0.0033942466991653264
0.015911833409472546,0.0025526605952696972,0.0011102616488757099,3.174854001311049E-4
0.006336538413025082,1.7385212246618517E-4,0.0011352663320878889,0.001549108111747491
0.022977092663409922,5.18633436970387E-4,0.0027726074777153337,7.845207655331318E-4
0.05229051513600069,0.0013685869794997085,0.002742046607370874,2.8941301179408185E-4
0.006203758479381705,0.0019216175843791428,3.678721261002327E-5,0.0012223970607341261
0.025756000000000112,0.0015316444310637944,0.002655035655546256,0.001172613868175576
7.500375015606606E-5,6.274548961791926E-7,2.1586078945868956E-6,2.609693246830764E-7
0.018519288708632915,0.0024047868039040665,0.003107784425877145,5.775714464796807E-4
0.005486468502512214,0.002417942274481732,7.276566509249563E-4,6.113636852565042E-4
0.008686379189501214,0.003364860659021085,0.0018653440038363112,0.002710595889584888
0.02015285598200691,0.0014630783990517797,0.0017814943864040388,0.0016077861472186877
0.002002653266331648,0.0012966888256335392,9.570089266226801E-4,8.22823121738596E-4
0.012735261645366234,0.0021565778142117304,0.0018301556499376354,0.0017324120669281382
0.008433850846271176,2.8934507464645407E-5,0.001727311673945526,6.314596487653138E-4
0.0022815759931436464,1.7957064593768964E-4,0.0013175767643354075,0.0014581146668192777
8.10135694827574E-4,0.004302286218061946,0.0019550717237002413,0.00358600440820922
0.012704847669841892,0.0014594315818736397,0.004508728871716399,2.573944404020066E-4
0.012211574969804986,0.0037405501324673995,5.2927727920114E-4,0.0025151174716715294
0.0017769913298993421,0.003316991479993277,0.0023244452420559166,4.138823701723031E-4
0.003128993977175365,2.4218755844873652E-4,0.005486485870561442,1.1919325044806861E-4
0.01882139680827894,0.0015349322152622346,9.696944662616271E-4,0.0014606915027551976
0.029789602142942462,0.0036570831436226747,0.004644139580717743,0.006368977389451302
0.00591211120457269,0.0015248357510913024,0.0036692335374068907,0.003488334831309725
0.011299561567416738,0.009449374928786725,0.0013569984429957493,0.0017858700877904088
0.0014844967297778712,1.5584896563904286E-4,2.550172606137347E-4,8.038103186749406E-5
7.24416058505424E-4,4.876788389822829E-4,0.002257409698493928,1.7010333779087167E-4
0.031563519999999845,2.362698922619977E-6,0.004945124100501519,3.7014162066639766E-4
5.743595445687438E-4,2.4742915913576405E-5,0.0018291449835387795,8.283723885613145E-4
0.002694409682481469,0.002721476098491271,0.004308058826626215,0.002178601354971499
0.03228924739836413,0.002083829137576175,0.003287481887452777,4.1395260890791626E-4
0.019110357758943996,0.006922508751796979,0.004700339588299564,5.343526956422316E-4
0.03080832,0.0031961161342956013,0.004874919281569801,3.155662848742802E-4
0.025575639390984787,0.008439598930460859,5.419511515985209E-4,0.0012978607976970307
9.540739470396928E-4,0.003690167571595428,8.145945218973325E-4,3.359582364474721E-4
0.01821144573436828,0.002130197121549493,0.0026251639877105104,6.735915142670468E-4
0.023037427135678485,0.006121120761479067,8.571462407496646E-4,0.001464422838485821
0.05674733964800005,0.002270999850096711,8.997600786875282E-4,5.055610981838932E-4
0.01723107445079275,0.001972593380581311,0.003285648331589508,0.0029005929526015883
1.987391666858131E-4,4.930171645384257E-5,3.1088207605989235E-5,3.5276939757965245E-5
0.009328676661068404,0.0015367681638726138,0.0017959437732732334,0.002000513241241259
0.017965394802428956,0.005769080927853911,8.19879181019653E-4,0.002401742391242678
3.026477698846993E-4,8.591299330064647E-5,2.4880016873728026E-4,4.0881892054674395E-4
0.009669120000000087,0.011328450445939886,0.005509641996757519,0.0012529725675269887
0.015161976548941148,0.003615012967289783,0.0038059601413462157,5.24888506443154E-4
0.008306350053029031,9.432260763710202E-4,0.0030158423059105286,0.0011753115251466118
0.031179577889447235,0.0028071894725077364,0.0017391081393983167,0.0013208505602624431
0.021875694746449504,0.00832658107580281,9.21575385928656E-4,8.763578449354708E-4
0.016160010016668686,0.010261485302424767,0.0016700432773294946,0.002377498231305302
0.02076239999999996,0.008427347415605246,0.0013551124203057263,0.0010313445493530526
0.011376305928945044,0.0036210519928938896,7.536624953706733E-4,4.467254441253359E-4
0.026672918095395202,0.0063169742517914075,0.004171403349061187,0.0016803280632888828
0.002375059376484428,0.0011317221880534876,2.228202169163633E-4,4.016036590864214E-4
0.007324019752461679,0.010312423248059335,3.9439095567304704E-4,0.0020653646440274643
0.012879317613714239,2.4760691493305335E-4,0.0010545437181261569,4.2936480478455205E-4
3.4394156937424123E-4,1.4145011079294362E-5,1.0604300988729245E-5,3.5850208496813636E-5
0.037749121325013846,0.005745287356814899,4.067053192968739E-5,0.001778392604979695
4.6115586149697574E-4,0.002469964238331346,0.0011330475578533727,0.002350552844275655
0.024011497487437174,0.004906234357281598,0.0016924001803140512,1.63208633779469E-4
0.004650321919999922,0.0015387323797320107,0.0026307395304758785,0.0023813390255351674
0.03690773876736042,0.008170199672899336,0.006325546617514277,0.0015703604185963727
0.020764160000000143,0.006079750591553079,0.004070186318157587,0.002052358028394985
0.004958079999999976,9.392528313671988E-4,0.0036280078605660515,5.979315823907427E-4
0.008873080019165869,0.001139841311421197,0.0027057750196390895,0.002157919971479738
0.009004560637174601,0.009116654036560836,0.006046674692324096,0.001623695382086206
0.022899814005376107,2.7591371574220425E-4,0.0029684332997653717,3.599696355518489E-4
0.012025300632515765,0.00565108406123467,0.0033191313127648634,4.5255224921925656E-4
0.007957891981243031,0.0011843190390212013,0.00310664052457449,5.265727566808753E-4
0.009222668931098528,0.0014746836204136797,0.003913813404205577,0.002264276424405985
0.019241776767999763,0.0037018742517920256,0.0037444162013063886,0.0013627061423657771
0.00608327824818814,3.6634210036913534E-4,0.0011700034901397543,0.0015726630689534482
0.013194050251256268,0.001185602354115583,2.1637793856286492E-4,3.4187145775851343E-4
0.006518869444261558,0.005259462622061992,0.00416995632070893,8.772336333383808E-4
0.008927345032899797,0.005824800739129891,0.00562028555780374,0.0012266623383674134
2.420396493551146E-4,2.494342059555844E-4,7.655159098373643E-4,9.173880218721876E-4
0.004821279999999928,0.0031863211826235194,0.0019418866796507839,0.0012878888792875465
0.02060964375579255,1.9004021332147403E-5,0.0030880425983565996,0.003046040471099243
3.7881949602413373E-4,0.006462803660750389,0.002939223301710982,0.002225068294513958
0.009472876543999753,0.007452707465619879,5.9350269578484216E-5,8.137952560516304E-4
0.027908007315203938,0.007077070172125844,0.004882184920037262,0.0020443905244275215
0.0015313582839571016,0.007635625340928542,0.001852939099818093,4.34810017557147E-4
0.007897937270486377,6.493163412573111E-4,0.003840749743634908,0.0014418709629198112
0.019495810958793946,1.5496095488663422E-4,0.0013685004667657124,0.0017331833756258166
0.01735789916385249,0.006485118907915466,0.0013583883464445652,1.4114931952388044E-4
0.013414865866179517,0.004587375576287831,1.2676045400820867E-4,6.115701850995249E-4
0.014487362184054628,0.00679596451497076,2.857808658233198E-4,1.2174901711929992E-4
0.018034251957972727,0.002088697681976621,0.0034094290222132454,0.0013279923148904374
0.03557466402252877,0.007753368653635913,0.0013041913011285395,9.585383460176573E-4
0.0028000000000000247,5.042518997828704E-4,4.109147245190403E-4,0.002163234620384702
8.758686430742602E-4,5.953999502257081E-5,4.281713479720168E-4,1.4878661635782918E-4
0.01262473664000019,0.007694640064028313,0.0026852766736424893,2.748315317105954E-4
0.031647359424743546,0.0011203134257668187,0.0030973337868469408,2.2117860133123744E-5
0.009314266306699159,1.473590875395255E-4,6.704941580077482E-4,4.9985105039987054E-5
0.008745080778586564,0.003590367836978346,0.0015978968068610165,2.4240920950368224E-4
0.023283582089552324,0.004880110291161751,0.0025732589955729905,8.357986788706598E-4
0.001902325316113324,0.004697818511989973,0.004324924954485249,0.003081998855667222
0.019505600000000012,0.005248633613054832,0.002839797410021161,8.927829573992518E-4
0.0034379048822350197,0.01416903638159991,0.00359081631717404,1.8632445703857685E-4
0.007527564032000278,0.009427768655153379,0.0011181111172871017,0.0012812211369210846
6.548626034739158E-4,0.0031971708769622203,0.0015065451505494717,4.2165862646419735E-4
0.016756480000000074,3.5592621475988295E-4,0.0013084847734643468,0.0014247750180694796
0.018833600000000006,0.006783178981581317,0.0010856545551063412,0.0011052110926549341
0.04152831999999984,4.8360541804326473E-4,2.4933522242531758E-5,0.0013937894919168192
0.0031704944319500667,0.005220035695041089,0.004676850299631706,5.716768562048284E-4
0.013979870600788218,0.00323650570794133,1.2675685325792908E-4,2.5755550258839573E-4
0.023185474022350903,0.007251209450853166,3.3233632170068014E-5,9.934199639166836E-4
6.129118309602964E-4,2.7329777086996143E-5,3.601854546904017E-5,6.936254387524897E-5
0.006952851467541757,5.630881837617682E-4,0.002258612722974746,1.5559757155310494E-4
0.02731363785763219,0.006618448839645463,0.0016534285990921216,4.3147409609578524E-4
0.03226178048000006,0.010225529959476454,0.0034265734910753354,0.002245126723996904
0.01014730012921232,0.004662443172959693,0.0025759355677138344,3.4291946154913015E-4
0.001578248922137296,1.509670370912977E-4,5.867213784301106E-5,5.36404863728067E-5
0.03525675217688118,0.006600282980506522,0.0029774732099976386,8.677127519691741E-4
0.007979489741591128,0.0023200192508172623,0.001450639230219375,0.0020653432919015557
0.017121724764648807,0.004958384508324141,0.0060205750779974984,6.451234149383024E-4
0.04769288320000009,0.01006463789838552,0.0019658905212376343,4.916396807042034E-5
0.011693406148173222,0.003172596614400893,9.156541285859204E-5,0.002747806190164648
0.007658935852621562,2.1455690019722695E-4,0.006899639494580723,0.0016445179377276853
0.004004052444919645,0.0029671687497789707,0.0022993240084779576,7.613551349783442E-4
0.014814720000000059,0.0019783277518288234,0.0012689331410404847,0.00108530433821441
0.0024286449887095433,0.004935694484681162,4.936060417538495E-4,5.803323916905549E-4
0.023625590639766,0.002918635846135881,0.0012898356990753352,1.1508247253366975E-5
0.05745995532800041,0.006835309836341397,1.9162339068967693E-4,7.527681838324085E-4
0.026322050574210488,0.006844442952513405,0.0037548683232158766,0.0017513095968207408
0.01096384959999952,0.00308619477819827,0.0023322115834957247,2.1452863455762028E-4
0.0010089668669148637,1.2757527838728523E-4,1.5198902016952647E-4,1.744573310369505E-5
0.032115182181212835,0.0014528732651329583,3.5786057575372686E-4,0.003443077281407642
0.005408019723790736,0.002536441086040464,4.8569752504612116E-4,0.0011080326815080782
0.0020155199999999374,0.002325173165346639,4.860213733319796E-4,8.587687680394751E-5
0.004040053858063513,0.003629448838459852,0.00260746917914572,6.943159434693036E-4
0.0040251006275156325,0.0023800380002939117,0.0018660713997323856,0.0020565071536127783
0.0029421135528388,0.0067763473402689765,2.0391834177473382E-4,0.0020134141957021206
0.0029449304715636337,0.0067861030719236215,0.0034162411681164517,0.005359345983769304
0.01875698094203096,0.004392107000031244,0.0014860039504898082,0.001361781649365671
0.017112555819060214,0.010160180832848083,2.7411671849834315E-4,0.0013386163246253324
0.005393292390265029,0.0034407838291358977,0.0018465736400400548,0.0012386576184710205
0.009098663248812654,0.005813236725764032,0.002607022429040032,0.002179096154476157
0.03167546603928617,0.0037414599289153916,0.0010792575205753607,6.478458533635267E-4
0.010234552606755256,5.615117039633055E-4,0.004150095545566072,6.758162000378593E-4
0.01292757141661635,9.279437819306763E-4,5.821372140463202E-4,0.005623747828833382
0.033003986430197196,0.004795971053301318,0.0035314554450284197,0.0029905394405580488
0.048607388739316255,0.009569196189924757,0.001276099658769753,0.001221927043174467
0.02685742350057041,0.0012931253845338887,8.547320625287359E-4,6.941607846995357E-4
0.0062942507202894404,0.005521159671120435,0.0018270065215635345,6.062635919368287E-4
0.0031329909750119306,0.0016132477523057734,0.0023067758276311373,0.0028782476401715434
0.02169360000000009,6.952759936438291E-4,7.663227923913052E-4,6.420566808267303E-4
0.022583331456110158,5.218875520116227E-4,8.987103509092363E-4,1.63592482928808E-4
0.032775819395485,0.0059401202603292565,1.5140760492134478E-4,0.001634015072524318
2.0644782195437743E-4,9.101757087359093E-7,3.225100910286835E-6,4.436545218220414E-5
0.0075904947737015505,0.010887444020669879,0.0025216835735875076,0.0022224471067087137
0.023360863233292683,0.0028660616447694406,0.004040088105318703,6.617539556210091E-4
0.007666880000000154,0.010067352576367039,0.0017757061293612875,3.888932072344531E-4
0.02540437452800015,0.004276811456837226,7.843340581490388E-4,0.0012430996204497724
0.02357063968874129,0.0015970486357381774,7.23133810709933E-5,2.521855529966688E-4
2.003696701180039E-4,3.130867912379313E-4,3.780508711752038E-4,1.5590068777977312E-4
0.017590512562814128,0.0034576755947876613,7.261734402837709E-4,0.0023799328512690756
0.001312714471793596,0.0012198318256497686,0.001473654047557946,4.864141445182213E-6
0.04773478297599987,0.013007601703756921,0.0015107643522327407,5.109404654306537E-4
0.022917690554439894,0.007188321361836097,4.921797472311803E-4,0.004128769317359347
0.013698570531471863,8.749262765117243E-4,0.0017998678882441713,5.725395084229693E-5
0.005607680000000004,0.003015938491003123,0.0014532861640250694,6.393425503348205E-4
0.0015750393759843926,0.0020608152991937385,0.001080228559390148,0.0010274170102463592
0.043417787903484384,0.0020438307022055957,0.0020632105198030715,8.29080763094292E-4
0.013172166860578498,0.0015590946536422105,9.968807944118987E-5,0.00412468383701693
0.065635534336,0.0044948627055788615,0.0034482099669082,0.0033296601947481186
0.030640102911999922,0.004177326054388919,8.009717017957163E-4,0.0016703740568169145
0.037406720000000115,6.950685384872202E-4,0.0018899666858709363,0.0019580944081933893
0.026188769117179583,0.00850144953518505,0.004312175876499849,0.001049235107991716
0.025433673949696867,0.00265058145219077,0.004454249539800226,0.001283118619034962
0.020249740772634084,0.012624928942833291,0.0035576870024850438,0.0038678743520113024
0.005076799999999881,0.004479482760580966,0.0041877088481035996,0.001094002779046921
9.705938706596011E-4,3.675327222965955E-4,1.5851633455688131E-4,6.777547229878326E-5
0.037138399999999905,0.004043519883400126,0.0016975545955009164,0.001794998017490279
0.01207802211852065,9.565911313102077E-4,2.7683970464674573E-5,5.239017647356483E-5
0.007838792928023506,0.003835078486691782,0.0038672078043338687,2.444871672067401E-4
0.02048073604100403,7.64753566912492E-4,0.0014811194208381544,0.005719625154863175
0.007298126950679845,2.8974409806846257E-4,0.0029337086201511623,2.6468727657321707E-4
0.021405553599314543,0.0024271394379281937,0.0019796576249212676,1.404465576088227E-4
4.985738390523853E-4,0.0032548219023045277,0.002425460089896858,4.7228691755440977E-4
0.009970239999999908,0.008534943876602141,0.003098030127477891,5.861085468801264E-4
0.023196986285560738,0.010631463435435898,0.005975024322678317,1.2167819762931855E-4
0.005997161105445901,0.005862157087976865,0.004182105269035681,1.2112633526805348E-4
0.006939461060730179,0.004552238617935522,3.6340642587195937E-4,0.0017269403511541714
0.008427027904000073,0.007694943116548503,0.003265029981635692,4.979159717350967E-4
4.442064962546072E-4,0.0023674208969804915,0.0018306167344735449,6.427831060574273E-5
0.028425833732771303,5.372281214609804E-4,4.6486261683047057E-4,8.732030955149515E-4
0.0012566811085650866,0.002200216007980687,1.2654782356687528E-4,6.213154209691268E-5
0.006825362978968075,0.0016032817381639308,5.110632905113155E-4,0.002346058043089072
0.02497023999999992,0.0017587383380868182,0.003796431420501789,1.7241547932855816E-4
0.011479502903248113,0.0032195330186554423,0.0015358874730396458,4.8724895210077145E-4
0.011037065608029735,0.006039184717987088,6.093623256772693E-4,0.0016572240643535263
0.014388139842660127,0.004543692328681998,0.00415671058492585,5.066066584920306E-4
0.030308159999999917,0.012635229892203448,0.001366684065061019,7.432773357076705E-4
0.012908047449268552,0.002719680541379525,0.0025514247199092646,8.560858878627629E-4
0.023632485146372506,0.006095742759568701,0.0018869218526433862,4.5592854090970025E-4
0.030059298789346434,0.0010404830026684575,0.0020187972514063013,0.003418707451423808
1.4096051008339152E-4,0.0010761098847380296,0.001900091986537525,2.8060541479502934E-4
0.05132415999999995,0.0021813360633653467,0.005436126263475005,3.4144103336009035E-4
0.03138399999999997,0.003234143090895092,0.004012155567612696,4.3747762091750353E-4
0.012960148619330703,5.143812818605907E-4,0.003018145498581783,4.466931356044463E-5
0.003861313295144802,0.002836261193916386,0.0052617873036355295,0.0037777225508976234
8.076799999999773E-4,0.013318787617280226,0.006463551067435125,0.002008706317983666
0.0449017599999999,0.006987563714241807,0.0011786598755705313,0.001197845941468767
0.03417220887272735,0.008014430681987842,9.293599812195987E-5,0.0013977458843401017
0.011318875241549838,0.006471740039689962,0.0019708706189772956,2.7595392743603715E-4
0.06026668595628936,0.019503474120048322,0.004109036578454256,0.002751795565084038
0.007175179379484529,0.0022752869051749685,4.536797807058253E-4,1.3911519448416308E-4
0.025341119999999995,0.011512261197289764,9.752022918707581E-5,0.001186019205726696
0.05204998348800016,0.0018390076437502234,1.3476705076209683E-4,5.408473569226135E-4
0.04041519423999995,0.02991768249470672,0.0065317927215394755,3.2397065858269514E-4
0.018105289428605533,0.002713502967743864,3.3370598046416386E-4,0.00224246317572049
0.0018147483542136314,3.047188265197089E-4,0.0014459544552559338,8.887387826072881E-4
0.0042974525671828035,0.011789269804610163,0.0025349613571375835,8.56124519705911E-4
0.0268232701190619,0.0012640141768146635,0.0011569761755840877,3.8748256080425197E-4
0.026035883553481964,0.004575702825030281,0.0015204157113341,3.232114992373081E-4
0.0042550418453308515,0.008114850153249132,7.148409101309594E-4,0.002521836099082204
0.040594475995979866,0.009567278086487222,0.005363372585011747,6.953071228304879E-4
0.025034441209856206,0.004455134391169402,3.5921577375952474E-4,0.0031582813770060225
0.032203348806207344,0.0064792460033445964,0.0039693634714517145,8.877440197999631E-4
0.013878074886921943,3.3167003647771587E-4,0.002489532261591876,7.029488845490262E-4
3.980799999998563E-4,0.0013439878019574358,9.163177991318161E-4,5.332235301589439E-4
2.4507987294360416E-4,0.0044654380173733,0.0028553411549075507,8.879075212589809E-4
0.001975049376234466,0.004779834394103544,0.0025835558117359215,0.001330981143953602
0.011824361475927882,0.0014846123421990193,6.048959547119941E-4,2.2207952364018877E-4
0.020699679999999776,7.570058054477968E-4,1.254231341614176E-4,0.0018412534496008437
0.001084651871999647,0.0033734168561978953,0.0023524336963064436,4.3780933218985304E-4
0.009487825556265655,0.0019944213958899555,0.003349497535313457,1.6092305658105683E-4
0.00839938013672522,0.003606993153899584,0.0010488408450048876,0.0014737901127550724
0.009838144649008795,0.011480863732131762,0.0030904136845028075,7.48015457845143E-5
0.015936640000000057,0.014903089285583482,0.003897424889767187,0.0025011710090862005
0.004484145156231618,0.007817456207599148,8.291863078850745E-4,0.0015627615361658925
0.00906858360513916,0.0012502549283032456,1.3922287127398177E-4,0.0012458294103846195
0.01021014510413206,6.916978396660199E-4,1.4764853224312976E-4,0.0013066979611375427
0.014537712515078294,0.0022193176115004043,0.0017414378751265946,7.570879527192265E-4
0.028265428161740602,0.012079564127889908,0.007081718818527816,9.95089127056925E-4
4.409321923293302E-4,2.6773355620934397E-4,5.8881624614154724E-5,9.16962869478476E-5
0.020663473679499694,0.0019589362745975557,0.005848209036851067,3.377175605186001E-4
0.0013969736399186826,0.006066822530583087,0.0012906327807157409,0.004588137050621866
0.025722313545834652,0.0054287282834499795,0.005260856869661157,7.76519220325067E-4
0.0011181046558241755,1.1589175557001312E-4,1.9479731023121124E-5,5.443159508907096E-5
0.016759375224206115,0.006802889228840703,9.440175844322778E-4,5.544209541106672E-4
0.017599861855494968,0.005880949567207413,7.31725180358298E-4,1.0118566547581882E-4
0.012030334787862172,5.337212890951053E-4,5.624967126619027E-4,7.845851784322394E-4
0.00433915479140555,0.019523244326680487,0.0018056634723944203,6.534578298493754E-4
0.013895822989087536,0.0023841115571129334,0.005259683862364084,2.645229684110628E-4
0.01804256000000004,0.0038819193120638307,2.182992449619725E-4,7.581091269094342E-4
0.0049442714104166625,0.0015299546896276712,1.5449772643067334E-4,9.536194310592477E-4
0.015221092900682328,0.0030283511965627373,0.0025146146210767886,9.989709977687462E-4
0.003453527350090635,0.007226379172019293,0.0037468652849099726,0.0012998301110878074
0.012121975161842102,0.0013033576407266434,6.852638555778778E-4,7.267134028621225E-4
0.008105338112000078,0.004593851179843281,0.0027553255837411733,3.2856191999882815E-4
0.01326879999999997,0.00832193749645338,0.0012864286035466632,0.0016616767169349567
4.641965591598875E-4,1.7943887535110842E-5,8.589414339814794E-5,3.234511950227691E-5
0.0019311369882953591,0.004916502587515297,0.0021225152306134074,0.004112739100983093
0.006915146623999835,0.005596363097667756,0.0021772805311720544,7.330212138936254E-4
0.023306817448762552,0.007830188558527601,0.0028310230124972244,5.438652727341177E-4
0.006111969204024126,0.006385495027767529,0.004574492565886157,0.003679873917367793
0.036569246231155705,0.004358439782198772,1.0650323710876462E-4,0.002163728815950221
0.006985529192983968,0.002329212723324197,6.505610756664297E-4,2.9106665029446165E-4
0.034487542188554814,4.030600643654996E-4,9.820649383751074E-4,5.034310101020261E-4
0.0022840314862542233,0.004502016152780675,0.0050954335577209076,8.655186918731239E-4
0.016818720000000065,0.008474350960768984,0.002528643403783004,0.0027115389969818438
0.02587016780800011,0.01579167727920372,0.008931883088975301,0.0025242712028121783
0.009128009066376674,0.002539509879381452,0.002937160114375059,0.003132192273246792
0.0023334033566677626,0.0062103272337979964,0.002961437724404936,0.0010151992820175426
0.02293456000000016,0.005521128313174417,0.0026167439477730037,1.711422035510779E-5
0.020707436181259586,0.007957929573506162,0.0022510489977152215,9.422513527396204E-4
0.004775119377984423,0.0024136359194941036,4.0274649745350915E-4,1.5475771878406346E-4
2.2749772471792283E-4,1.307851532001818E-5,2.0427201677897513E-5,3.0562607529459604E-5
0.005715817757275271,0.003881376215812062,0.005212666561046319,5.118104424821567E-4
0.006247580461048056,0.0030451061197938134,5.891743023711705E-4,5.115152468519086E-4
0.017124667475474798,0.002072743672651074,0.003527630446051241,0.0013623627811557085
0.024504326499306527,0.001741415350829597,9.852361745493117E-5,3.2426865951881576E-4
0.002373962558959744,0.0028128056079475194,8.067903799050607E-4,0.0010152544001793928
0.017575439385984656,0.0013645786693180875,0.0018113221176999333,0.0013622356365400607
0.0033867962518517748,0.003788749835735341,0.005724862984935606,0.0012830219263734704
0.01694172526565515,0.008389848828056356,0.0018454530387237032,7.75211797649881E-4
0.003577366756062572,0.006511639433539385,1.8696753341984618E-4,4.002422840498898E-4
0.013697112741045014,0.0019034261902495242,0.005116983038690126,0.002449770327760614
0.04090382394026045,0.011015781879669747,0.004370880747367541,0.001079828523910198
0.010547202939448906,0.0012097465612602527,0.001762608232709901,6.859669797098882E-4
0.068608,0.02103673811155804,0.007456165145203086,0.002303362512980023
5.528616905006726E-4,1.5011824973746836E-4,4.103155548098817E-5,3.803908369331129E-5
0.016724447774329194,0.004342027499700458,2.760928707186139E-4,0.001477128378907138
0.032496982727516555,0.001072794975342628,0.0013427998383586104,6.282036930449486E-4
0.03497237410030252,0.007479629739850946,0.001684407982870617,2.560918538319079E-4
0.04550045337599984,0.017014939755775282,0.006124902547091304,4.628330578808626E-4
0.012823026992477374,0.0012674529321306564,2.70246377634858E-4,3.001634399829115E-4
0.001030050876899988,0.0010571556469526706,0.001164806309929369,9.257033580882837E-4
0.003996159999999804,0.026208007425801427,0.0055139260926172495,2.101307377948558E-4
0.014854399999999934,0.003075831160325393,0.003165158500443077,4.251188328898703E-4
0.012153915135999949,0.0011523482929474138,0.0038834098550641905,7.904648737264708E-4
0.040193543437567536,0.0028334435019118365,0.0014315134802578289,5.93165573846699E-5
6.511379388115568E-4,0.0011830670281553755,0.002026592654978349,0.001560410040523663
0.048739477760000094,0.014802287293244065,0.0015514309427245854,0.001409617080882386
0.009433703456388122,6.537400140114805E-5,0.0012041266041042478,0.0022758503142498963
0.005760391196642073,4.337029379038751E-4,2.0647885680862328E-4,8.728647966030878E-5
0.01243969453049525,0.005003490863844396,4.1881374872163637E-4,5.358019557000606E-4
0.0029625409641323985,0.008925165165836968,0.002701300735376555,3.9635022886486126E-4
0.02338546744201686,0.005973087880378758,0.006618951364574022,0.0024029417262558805
0.002472710249614478,0.001020761956170876,0.001067754535159652,0.0012461670458984362
0.025009183003015044,0.0036307380644394643,0.0018012171385847695,2.064525867063297E-4
0.014612615335793167,0.004533800109370323,0.0041690953408775044,2.914515959919761E-4
0.028211575039999826,0.010044689299212983,0.003207721956057452,3.4797772600680954E-4
0.05064551295608404,0.013989716414402732,5.169084395760138E-4,1.1586435312241602E-5
0.002313374921099768,0.005648681090374469,0.0016867456509887654,0.0025915359711580484
0.004352706475176937,0.003849516994861024,2.4742412480205367E-4,2.058634494506162E-5
0.008151268766719788,0.0029897127802358536,0.006054421591957793,6.170499175921496E-4
0.009239353885720699,0.0012814099916221603,2.79700444672964E-4,5.668040035208807E-4
0.012797034178759558,0.0013676680038287143,0.0012902106579504022,0.001853110226657407
0.0011750293757345415,0.002396408505558293,3.388843576383292E-5,1.2464650242506245E-4
0.012613556542607013,0.008154678415799725,0.002813075089338946,0.00203811564607861
0.017124843429718158,0.002072385616828673,0.0035342497192344152,0.001344638975293778
0.0031302792057453788,0.0017205645091793453,0.002973989617548911,0.0024593635960524773
9.872567107207185E-4,1.7621787614726598E-4,1.1607589715088843E-4,5.1423431307451545E-5
0.010565364179452995,0.004419802602612184,0.00623876858615196,0.0021600577636238854
0.00453422958864147,0.008298560128733534,0.0017303931622988378,0.0010025158871607154
0.016060918383323464,0.006755385251242307,0.0016521404506870674,0.0022429215687038706
0.0032250806270157084,0.00405818187441885,0.002283938518250926,8.940340064530389E-4
0.02479238680378615,0.010837153023788737,0.004588547660283382,0.001778039822194044
0.005457447225581528,0.008677264996761368,0.0024049599978730038,0.0012132245950979836
7.744000000009521E-5,0.005798396814635676,0.005267689108708007,0.0017445719576050234
6.561599999999057E-4,0.003568018905370174,0.0023066041910261292,6.620340929949231E-4
0.06566469343391018,0.009322833315041421,0.005674874906403898,0.003070154122628387
0.050112843776000116,0.012180111035191343,0.004568016877838366,0.0015832761908767257
0.0012713391981808034,3.433508889564761E-4,0.0027516618597680825,0.002731534426904325
0.010443329192431516,0.003642922574382368,0.001011522829410083,0.003969632472036633
0.0031251200000002033,0.0011147146312342482,0.0010551531991402907,7.809601238344399E-4
0.0165824576805306,0.01672144269399341,0.007450940473353322,0.0024202853629070806
0.03988191796742844,0.005303314438049028,0.006945255685546144,0.0016785725058195517
0.003066345069256166,9.444875553032972E-4,7.99703303639987E-5,5.551581876862396E-4
0.013613740343508474,0.0016246183570164789,0.0019681252276675496,0.0026599089147587426
0.002140927782538736,4.419516375744791E-4,0.005454292735719233,4.4402465081017566E-4
9.442861023184842E-5,9.811306930440895E-4,0.0034734279752578778,0.0028794017600945834
0.003007469747599118,0.005543128579027469,4.31483315544006E-4,0.0011149391630254715
0.01323381480504496,0.0014718800410137337,0.0015763551748690036,0.0010317682770920654
0.0030886066551247815,0.0034822086772592353,0.001729853236412171,0.0020668627127162775
0.01875041715203515,0.002581406977320455,6.915388122635337E-4,4.8313617028902404E-4
0.003829610642285708,0.017240555760939,0.0011316544445459137,0.0015826899654726642
0.014284515264166261,0.004344925143575718,0.0033918080306822784,6.766659463974253E-4
0.001956771292515672,0.0014362493793236965,0.0073919690547773545,0.001390604978555678
0.003450381494831123,0.0043304990124619636,0.0021664732646307083,0.00251096245879201
0.008589692226206536,0.0013454038758423659,0.002689976023362406,4.515502099550206E-4
0.008227359999999684,2.5121322614862773E-4,0.007181334796046324,0.0014364493336740392
0.023968104887261754,0.007542062595762955,0.003007091682721841,0.0013599860795738827
0.002375059376484428,0.0041788254253404735,0.002636908964139752,0.002115795943347887
0.012943999999999956,0.009807267686738785,0.005369332626970036,4.869555802574643E-4
0.008428410710267975,0.009714605972931499,0.0044200689172569285,7.753951822634048E-4
0.015251999999999821,7.11834051374205E-4,3.086975345645282E-5,4.903901288165757E-4
0.015005695181888434,8.332959181782673E-4,0.002842367163978343,0.0011717043629233537
0.004795339897675312,0.00109965387638804,6.560627374634362E-4,0.0013293048580440743
0.012664706630564737,0.0017226069731529625,0.0013071878695737338,0.002220967001389962
0.001509519243380431,6.680197332716331E-4,3.794925400174743E-4,2.3200355373044246E-4
0.02933112837338178,0.0015566490822168698,3.56662545323405E-4,4.202841047317518E-4
0.004627971996505208,0.002013615621107209,9.053917827021332E-4,1.8612861811842656E-4
0.008402929299765351,0.003915283079890857,8.73421369924048E-5,5.109771989115919E-5
0.010310400000000053,1.745251599776232E-4,0.002080360586708574,0.0011462284255915334
0.01894938881114558,0.001921300498163744,0.0010963119024766943,9.458640721217723E-4
0.0037727111924204288,0.0016543631507376841,8.293645438685207E-4,5.8110300688061856E-5
3.380425451862525E-4,0.011922455055781331,0.0027759299169318754,4.850245028099838E-4
0.00580774441410048,5.042585745421713E-4,0.0019320888275518033,0.0021779879522052514
0.011325561936144403,0.0078594099542899,0.0023654673695698313,4.5974187831126974E-4
0.022455207425316644,0.001175992790019588,9.194126224348831E-4,0.003602374616681798
0.018367751100967965,0.0018696518016787364,0.0028687310112065103,3.717980756619832E-4
0.006190610890727897,0.004152756875552274,6.904794211403717E-4,0.0016043865132157908
0.014000000000000012,0.015138991339568086,0.0017817970675854111,8.213765846845078E-4
0.004258993489741317,0.01814300534982332,0.003915754928724622,2.9429416418498365E-4
0.03196661748613277,0.006579163517783648,0.0013226376992726446,0.0013081493706976967
0.034826382390153454,0.0020713887403802644,0.00403233058669672,0.0037639209118898176
0.0021450306560000243,0.0015284078879549412,1.2632794073930143E-4,5.143676158850807E-4
0.007398914572864343,0.003068367595811006,0.0014426521865458823,4.5762661570967746E-4
0.06160883135999984,0.012020069365695996,0.0015383818653335046,8.703286736522209E-6
0.00682517062926559,0.002400369023827238,0.0014186853602363696,0.0014873644731208497
0.018361401827386655,0.002301479390706396,4.3288728611297225E-4,0.001409996941536195
0.03198478662306551,0.011653171576311886,0.001020103187350685,0.0011978044135458887
4.5953167467138734E-4,0.0016427932010691926,0.0022827786858277133,0.002381164077453257
0.031651581934314374,0.00936159119770584,4.021662865302056E-4,7.292867998496804E-4
0.03462462742657402,0.0012795054911023396,0.004960606392413802,0.0023526400993988394
0.019739128320000132,0.0033558110930385077,0.0033157285764288114,2.9940843999864963E-4
0.07373409940079796,0.008170016494599076,0.0064743450556367325,0.006252894890133476
0.0011499138785684426,0.0037038688205910386,0.00665734503473514,0.0011094921400895963
0.010232685323878776,0.004324770577811998,0.0030638943630744153,0.003480126188752264
0.024514916184364993,0.010065849489935766,7.058500899445639E-4,5.409291107446406E-4
1.8841481371145719E-4,0.0037036857525593048,6.061710474636328E-5,0.0018495650344468872
0.017792818572878528,6.191059656059357E-4,0.0035713316769476477,0.0016230884714094303
0.014329879268710018,0.0022743747036065446,9.117697023051643E-4,2.850108269908754E-4
2.440219307124655E-4,0.007472519940211942,9.059330187873944E-4,0.0012157601948235683
0.008300684590173552,0.009366778574008881,0.002545390853830234,0.0010750184991802632
0.005999789994749952,0.0017007961035807502,4.922011570173541E-4,0.0015164931375686822
0.009897925173075202,0.0013551898320732932,0.004893273157096905,0.002412964585215598
0.003431555402410866,0.007446640089396726,0.0020203216938491785,4.058709322444188E-4
0.006025150628765666,0.0021008985798602964,8.445447782387459E-4,2.496946466183784E-4
0.005455924738811164,0.0056726774170951745,0.00712716517175936,0.00351017012003853
0.03453567999999996,0.0013267657902262808,0.001209528381646674,6.53742425249515E-5
0.01881144969152197,0.002087548464902503,5.227933194194335E-4,0.0011559925776597384
0.017156386301424464,0.004672322000449425,6.128019382976024E-4,0.0017650282144388019
0.0036999037373745165,2.6267862065216776E-4,6.0850106033411504E-5,3.47945886124515E-4
0.018700692167805677,0.005777372053710206,0.004498063268816632,0.0016159984354637835
0.012609931114496473,0.0025449897134246576,0.00199081332960732,3.5689157752151165E-4
0.014019840000000006,0.0015213499383638363,0.003478829778887693,4.20633206911214E-4
0.03144191999999979,0.012324740284216817,0.003509054315535609,4.6823335272305755E-4
0.009003855972459007,0.011132212206875769,0.001558650957614316,0.005169696811236912
0.02071035489724409,0.004076833034656145,0.0034909697415191534,0.0017142479657745546
0.015967359999999875,0.014397279705449018,0.0026174635687541414,2.6572708243799426E-4
4.7965800141412456E-4,0.0033842997755385695,0.003196614641633646,7.731383564725925E-4
0.010000000000000009,0.002730234631046491,0.00215695500834312,0.0010563906400213874
0.01716991999999995,0.0024489078006588727,0.0014481623540407718,7.796942135465113E-4
0.01582438787656645,0.002358383290096718,0.0023612708173803287,0.0021983112034297376
0.0036032964824120844,0.0049121310260134545,0.0014078309037141776,0.001272801078283508
0.0021045363200004052,0.008578214701167708,0.0042547514420434585,2.644141186423088E-4
0.013148555350691371,0.007975499902402317,0.0034506944760953617,6.729902639606156E-4
0.02345287981914799,0.0031607396769190864,4.6418164186828897E-4,0.0020589275766804927
0.01559731787339437,0.0015769507791164661,0.001704877281439806,6.980668302432966E-4
0.00750546005029071,0.0065761249890346025,0.0067420338362135495,2.3470775034594517E-4
0.039450879999999855,0.007416727923531652,0.003762551275346082,8.220492416853853E-4
0.010270423549938278,5.983883586715824E-4,0.0046627804971677905,9.6604254293853E-4
0.022189494603578996,0.0028590417723068917,0.0014803159234373364,0.0030002162316762337
0.009156550860140047,0.003861238937131211,0.004374388265373825,0.0023739378545062045
0.017636479999999954,0.003047366343270852,0.0024643357991698256,5.379362680691946E-4
0.011743916774288508,0.004085132493347211,0.002349824943166006,4.3090398321352037E-4
0.004505257564873912,0.0018664640437249902,6.155934003769155E-4,2.3564319067651397E-4
0.011978239999999918,0.0048127117975375056,2.2111417295334057E-4,0.001831872574797444
5.882895700464654E-4,4.950955596483172E-4,0.0018335961928514547,4.6994238571736565E-4
7.001599999998387E-4,0.008589849663854787,6.751156791671153E-4,9.563747900834807E-4
9.344000000000019E-4,0.009490072028481178,0.0037886010280318017,7.609229292040443E-4
0.001985099878753328,2.0073258577547835E-4,0.0038743079587834025,0.0011100737483587715
0.0744661913688434,0.0053923623542978276,0.002151695242188069,5.458453192917441E-4
0.008394524002502788,6.389345262103004E-4,0.0027794082861542046,2.9981653495034276E-4
0.003996640000000107,0.005698813460813135,0.002423172169244703,7.648517022187384E-4
0.029151979519999927,0.026821995694180867,0.009702330652836322,0.0016828561167143707
0.009302187519999894,0.007308004537172508,0.0033443263863807138,0.004733918523436076
0.012394254529897487,0.0014428168284648527,3.4750626113350087E-4,1.601471827384965E-4
0.007146403324624462,0.0020586241619133805,0.003246558534247379,1.969984043493911E-4
0.0018142206895232643,4.320279252588095E-4,3.452573417931616E-5,6.762021023589006E-4
0.010806719274523972,0.004311985428151198,9.648464259743727E-4,7.864020182866351E-4
4.270207257692801E-4,8.190543402677592E-4,1.7143808529275698E-4,8.6225020627258E-4
0.0022269214720000985,0.011676595094199826,0.004528774438930183,7.385969407756043E-4
0.026629938155541377,0.0019910153262622243,8.276777151647874E-4,0.002490643990320063
0.018679258636712357,0.012472542632288176,0.001416122221617631,9.38546192611271E-4
0.03421457536438422,0.00313531069308764,0.0011774632691857764,0.0020072539306437934
0.018041932208793687,0.007161040191769885,0.003685257326229374,0.002411882669056231
0.006335365957068082,7.886947500084754E-4,8.965750868797711E-4,3.5607039409654244E-5
7.147801600001502E-4,0.0036928824536121008,0.003972683989143522,0.002363488515738199
0.01563168000000026,0.002137802382841447,0.0017980980001874869,3.6294705213102407E-4
0.029314167836492322,0.008538159477602836,4.472121159564413E-4,0.001059568845104164
0.02205922918400005,0.013596461341640276,0.0021153788544026053,3.726418571732282E-4
0.0044560000000000155,0.017264798517091284,0.010796800204686985,0.0013761828833354084
0.013034824059324102,3.048464838302234E-4,9.90131933016558E-4,8.46413005081148E-4
0.00848928785923797,0.0017801224885194422,5.481774223268232E-4,9.127132818683714E-4
0.008748251529705708,0.005385138913179821,0.001971023846117026,0.0019758343200424466
0.004291421952000052,0.002667294789272745,0.0013287496038616453,5.225735917917529E-4
0.018671108965649927,0.005474605384016985,6.410886857235917E-4,6.41014729395267E-4
0.014470805194263029,0.0013408446516282781,0.0049832285791805,0.0019476219042893338
0.0010163278682624455,0.0024575139012197322,2.367469114642473E-4,0.0011454050297288187
0.019847680000000256,0.0010372997611326484,0.0030898496887523663,0.0016437054388094285
0.03416192000000007,5.2413140750884324E-5,0.0016739415992632622,0.0020658289896247073
0.001638565269696889,0.0037464611791613637,0.0022015678713385067,0.001277307548160392
0.015502956653067779,0.007955353600289872,5.113331332613491E-4,7.523029615856824E-4
8.771191442624726E-5,0.005323298506979768,1.2364779563056594E-4,0.0026551218199346582
0.03865529112608583,0.010329929812283494,0.0016697791348989877,0.0024496440076483945
0.014571452824433092,0.002440687564094413,0.002006651109912449,0.0016170151755993175
0.014307396858676711,0.009936804532632215,0.0029082299947169907,0.0037193833531824075
5.17110399997911E-5,0.002769449469744667,0.0031123153376247936,0.0019967769254751744
0.009396228248501384,0.005288259198239467,0.006027640229502259,1.6641931238355466E-4
0.024042584894035768,0.0038728529152012303,2.0277348227937253E-4,0.0021888431593645175
0.022042392218963425,0.0027873947579907243,0.005036608133574649,0.0013782804369706358
6.314802300078578E-4,9.776374991131664E-5,3.796269704892689E-5,4.398434187961154E-5
0.017617527638190963,0.005561338911530489,7.323369872787234E-4,0.001066498435364771
0.0014092895396419383,7.290211118357196E-4,0.0036052190763951686,6.305113595774157E-5
0.0092169992736025,0.003999139491446978,1.581550965700107E-4,8.268504686803251E-6
0.0036897382400002954,0.0064025818073476515,0.0012844253210837486,5.186224388824545E-4
0.012769418792454966,3.6588074478518954E-4,0.0019642540267936124,6.168148660296147E-4
0.0073668339430372765,0.0023821567581954195,7.018106020475479E-4,6.664394578014265E-4
0.021392850241366976,8.325845725567811E-4,0.0022506710456512585,7.233110409364331E-5
6.314802300078578E-4,9.776374991131664E-5,3.698388582136276E-5,4.3972586281342313E-5
3.561621373536913E-4,2.687154755665267E-4,1.788701159310322E-4,2.4865646067638956E-5
0.02835041985147968,0.00551828684107003,9.544584346738993E-4,0.0016379825839654139
0.00842776764537101,0.005189666416232974,0.0010244458158283898,6.120669309059856E-4
0.02570119888357225,0.009454531278048628,0.0010541140709634522,9.269193742826864E-4
0.018583438531317813,0.0022652767178491305,0.0029973757532121108,6.569790825746596E-4
0.006432894726402697,0.006290567028068869,5.107788695038272E-4,0.004931134658026572
0.0030341273133043245,0.002361676045853134,0.00579126745280556,9.107962698987615E-4
0.009338671324636616,0.0016768370879873817,0.0015759886456309102,6.499029772899512E-5
0.026139909998196598,0.0039573187748852545,0.002429841492160967,1.1007345749303177E-4
9.681613656602784E-4,0.0015860200486149663,0.002885807317844165,9.086086001086228E-4
0.015518430580362839,0.0036827361387545684,0.002481421427252014,0.0016484456490004685
0.03568895999999988,0.007809895636085473,1.3582062974715203E-4,2.1200482915473273E-4
9.325173929974895E-4,0.005662854458796773,8.349730670325073E-4,0.0014972829891943817
0.0014286628445364033,4.807654447047367E-5,5.792179941370512E-5,8.252939814710851E-5
0.006421119999999836,0.007633369936581147,1.3502104245977087E-4,8.889572417938307E-4
0.002601382659604794,0.0015199926233045115,2.460139688026693E-4,6.215995143041763E-4
0.009438233814937691,0.00527308611410604,0.004844780975715057,6.281270684824758E-4
0.007169273390550401,6.230797434354507E-4,0.0057522124300404265,0.0021555293637016693
0.008534506360477964,0.0015887314942394685,0.0028400423230258262,2.6147553108225364E-4
0.023082613042310185,0.0013121647457423613,0.005950917181964499,0.0030654436989363543
0.006129342317309841,0.011740010557716516,0.0043990040822304115,9.30686215481247E-4
0.03727071895359768,0.001196555145047018,7.594019645873473E-4,0.0024882150113911816
0.002907908480000332,0.0049478937459648265,0.0010275093303520055,7.273609626359256E-4
0.00983975526400005,0.00249885836517727,0.00517761944856554,0.0014371897464815486
0.016704992854183955,5.159961067059243E-4,7.650345285896497E-4,9.464124662477504E-4
0.017869626028199637,2.1519851835893888E-4,9.143229673562736E-4,0.0033053663191767724
0.012998577833730292,6.727935514053437E-4,0.002531717191841936,9.82668519178518E-4
0.0420268800000001,0.0018391045277879048,3.8692908706328133E-4,8.147059522345401E-5
5.0001875062333695E-5,1.1490910804154262E-6,1.8407683186604009E-7,4.990020971714365E-7
0.003297440000000096,0.006855085436568098,0.003504285983151001,0.0025742573346037023
0.009369802520208968,0.003465227111099201,0.0018874459104588899,0.0023242653722429993
0.02403500332032027,2.071764096504003E-4,0.0033772155361407874,0.0023054160505824317
0.014452058307953639,0.008860634605067863,6.323516602212861E-4,9.571847499490976E-4
0.005114489565453795,0.0036407699004381566,0.002249232456273509,0.004504611270398362
0.01288132646816639,0.0038618448020578794,0.0028935594571501922,8.36739076759519E-4
0.02716573585285731,6.10202297638196E-4,0.0013635058526759725,0.003894337906353962
0.014025350633765797,0.002459309681580399,0.005106502857825144,1.9676397057946427E-4
0.03375455999999999,0.01123710734202732,0.0018030675917124483,0.0026289859784510705
0.015339868159999992,0.0034072350527347695,0.0021678612148279264,7.337372310908252E-4
0.006173784063999932,0.009224075641008467,0.0029866406721941186,2.6005392025885143E-4
0.01687868096549372,0.009825935637663541,7.182566863942474E-4,7.865435753724448E-4
0.017768196645267742,0.0047913553748500926,0.004180106022642849,3.490997423696296E-4
0.009916311261090728,0.006427069369091333,9.939554080833288E-4,1.3200904997917224E-4
0.0031750793769844635,0.002338505942101107,9.006167075571922E-4,9.711652625316837E-4
0.013986400000000065,6.439552674186722E-4,0.006981765815820107,7.586569469787419E-4
0.0076088858064896625,0.0012407288131017769,1.988748249368566E-4,7.938620860986623E-4
0.005001599999999939,2.4025891892309748E-4,0.001967044742116064,5.454801589341862E-4
0.01637120000000014,0.0026402919093326815,0.0019739165152949933,6.821055131946974E-4
0.0010402988473773276,1.449694544403023E-4,1.364460451345844E-4,6.033104914700253E-5
0.003003849193436032,2.5010026327263444E-4,0.0015029388388032527,6.810217397137453E-4
0.016804592384645052,0.0045773836079079965,8.984072719176729E-4,8.557761609289087E-4
0.030655385426609616,0.005529280957525362,0.004883077090088617,0.0010923805436416911
0.02163922649600014,0.00901966788727826,0.0023944021940600635,5.581306074848857E-4
0.02867688553161707,0.0026698800880082807,0.007723736102891232,0.002209651104440491
0.0165465600000001,0.0010892004139579914,0.0016663456948396993,5.334084342705214E-4
0.01268835581347938,0.001837749758643037,2.413339166780215E-4,0.0018956532854728092
0.0019868749424697147,0.010989329152096666,0.005776070814797549,0.0013504981281021679
0.02644177821517313,0.00425035106429883,0.005929002199396849,0.0015156430962354195
0.025430239999999937,0.001026231832029989,5.724262643858058E-4,0.0016001640645566528
0.01677541938548473,0.004521546141318373,0.001419955879801877,0.0018887270628289228
0.0015059992765746877,0.0076962629780700925,0.0013002883083939134,9.843529074674636E-4
2.322645919695057E-4,2.440422536801412E-4,4.5724720913689957E-4,3.103683414228647E-5
0.017099887649651143,0.004765903950973413,0.0049386361960915125,5.293391043068686E-4
0.04190080000000007,0.008424171789349066,0.005990539245663062,0.001554166507900856
0.037587750999029224,0.010748341792042204,0.0021884497628130717,0.00429774849149156
0.011905724038662855,0.0023360823607918232,0.004038930654873221,5.269646992114364E-4
0.020432088831999984,0.00550437578946561,0.0010971820154414003,9.78446356779461E-4
0.01526714167854223,4.590914973078075E-4,3.651829623731632E-4,0.0014598247532198994
0.02236810404057448,0.002902367623252786,1.6600129221449706E-5,6.448206501530728E-4
0.022921058635795837,0.008813341970236723,0.003231829122034315,0.0031928361184988064
0.01646271999999982,0.001137809828313685,0.0010796650590613188,0.002470938774053577
0.016222815938229954,2.2527228744026226E-4,5.334986868481462E-4,2.6486921626821253E-4
0.009942135209380165,0.0053409293896823865,0.001700500176578643,0.0018880294163050354
0.011801067851407412,0.012977147525481169,0.0024893218726790315,0.002052709347031379
0.00880099436365898,0.0069191109736051045,9.227395663631689E-4,8.978233371352094E-4
0.019044320381347735,4.965846948036257E-4,0.002778536296266898,2.932212119377553E-4
0.006137065471999881,0.010112273320398879,0.0030705773878560993,4.558655277568935E-4
0.008736485049066326,0.003242812425181295,0.0020812406373077992,3.5249136696816524E-4
0.029985914619229503,0.0102713475711661,0.00433231409327639,3.4482111154021666E-4
0.014905163216695438,0.0014722370606237156,0.004619579153892106,5.255082409330036E-4
0.015096993892906863,0.004584754139302816,0.0023016971568753375,0.003546716069467881
0.0058896190211235044,0.01693194845069268,0.004300267383845036,6.622275023902002E-4
0.007639883513567655,0.0042606546574994394,0.003666618471009406,5.233767736883636E-4
1.109838325507424E-4,0.0041088448898062,0.0025699083193307343,0.0038537593428108487
0.0016583674266569656,0.003334756088566414,5.275057060987432E-4,0.0019285336652658668
0.035467573116928164,7.039052305297666E-4,4.7301697950663524E-4,7.22346718409872E-4
0.019508800000000104,0.005917907290440727,0.004749433745170117,0.003002473367665015
0.0036054216120014375,0.0021291387966380702,8.114430772182556E-4,8.891385654375526E-4
0.017308800000000124,0.0015859345486120002,0.007445835239894949,0.00188888403640175
0.007135910959923164,0.010373981136873933,0.005500752034351519,0.0027133078786016895
0.016960480000000056,0.019114401676681325,0.004383339663426744,0.0030981147581126134
0.0012250306257656756,0.0027760330375232365,4.033270455610754E-4,2.8875841605099884E-4
0.05340159999999994,0.014715478671079585,0.0025548491801037354,0.002372113839108958
0.04116312016690725,0.006305864341159757,1.8736933935849584E-4,0.0013120829650124055
0.007228524045797627,1.4623876722233024E-4,0.0016389608001353912,0.001401599275240891
0.031365419337335165,0.009872419001989874,0.0016604827750680284,8.820963180536934E-4
0.03708652001727583,0.01201554293887025,0.0013544128690587953,0.0017693878259712672
0.013380788278169305,3.2894881741789186E-4,0.00187064800333219,7.30719624203697E-4
0.00105860955955428,6.880862613298788E-4,0.0022007287445726664,2.021682947547232E-4
0.02467328000000002,0.006973621081719283,0.0017710217910019699,8.574007618509238E-4
0.0473475200000002,0.006246361544831602,0.002701440133979882,0.001353377551478796
0.0060204798387147205,0.002232497479171901,9.498465133128E-4,0.0035435502986830027
0.0010009860811890153,0.002944995459788935,9.31007285404333E-4,2.1760912367659103E-4
0.01404622622124097,0.0043026744631639675,6.854752303818469E-4,4.156667713142383E-5
0.01635711999999967,0.0011165438352473966,0.004392340790658755,0.0021091706162950086
0.011799819075848594,0.005077736153038526,0.0019952685320649977,5.232280975507875E-4
0.022138920204535742,0.0013648406683170777,0.0032963086092931077,2.575757971344571E-4
0.0010290748471239208,0.0019269957428946264,5.274257085120185E-4,9.96862119457611E-5
0.0022219731688227075,0.003830792280843309,7.35091385035613E-4,1.5424691765104223E-4
4.6280867333516984E-4,6.726149404759399E-4,2.2568284892711236E-4,9.17103064162396E-4
0.004612446700798745,0.005762892211010007,0.004669575352837629,3.5681755193939235E-4
0.017262400000000122,0.005967168164178194,0.00245369311732202,7.76630047799598E-4
8.805090105262614E-4,3.807824554885379E-5,1.7936979920500125E-4,7.035816544606355E-4
0.03875264000000023,0.008665100735218312,0.0020300518510611987,0.0016986775265211973
0.0013365886693326168,0.0014752942682352277,0.0012190313243114481,1.5761149372650607E-4
0.00549455617725397,0.001928369149137843,0.005469430639780386,0.003127956974671343
0.01283666807955941,0.006019734929044396,0.00873921084140239,0.0025187698829878258
0.015142239999999862,0.004994777040582821,9.88189974087006E-4,0.0015653192515998615
0.01713288185883938,0.007257794298603652,0.005837468043103933,0.002339902055666792
0.01265872478934212,0.0015180406327794033,8.657015069049157E-4,8.752756013106312E-4
0.02254699003219851,0.0020696987347870177,0.0015630014414087512,4.890935121861784E-4
0.015253759999999783,0.0016695106282066385,9.886472474580632E-4,6.931958688674023E-4
0.004075194936626721,0.0023862313083207955,8.692358006926285E-5,4.12301522159471E-4
0.007096320000000267,0.002599903559890926,8.371956157958715E-4,8.451577787171871E-6
0.0025323612160000897,0.012013870298334117,0.001388959465719708,0.0023836681981611596
0.014379586423250991,0.004814690339130555,0.0034584697266157394,0.002793647308752098
0.020520231310204053,0.007334803212262199,0.003325527289908387,5.770478579163289E-4
0.002239698818966484,0.0038995852584152706,0.001010305260442835,2.2590626025219824E-4
