5K,50K,500K,5M
0.0183178579464487,0.001557672798073245,0.0015538929798623318,2.921386255354824E-4
0.012015839999999889,0.005397177600000136,0.002349753924687392,2.7709284572952075E-4
0.003176582971025743,0.004715043839180755,0.0018870965245529892,2.4626836167085386E-4
0.00290665115043498,0.001423791337594292,0.001284016369884482,3.0554238308881513E-4
0.003433128402619838,0.007526104938986166,0.0018737922527115385,2.098039910312423E-5
0.015729548220568018,0.012490803628753645,0.001004332224940896,0.0014888550076301431
0.01193767765490282,0.0032841306961913885,4.1165592435849364E-4,0.0014318157404601664
0.016346549428223778,0.008343161801412924,6.165623533416209E-4,0.001126301707899735
0.004247029983421903,0.0023017860896274605,1.5308047301036454E-4,1.464005920878181E-4
4.8800636928003627E-4,8.873636796291606E-5,0.002326708607998773,2.871730092057767E-4
0.008897366003205582,0.006097753880010116,9.589682315949937E-4,2.1949923913162784E-4
0.001068743281459378,0.0051212238409540384,1.5356747314792553E-4,2.7897091302949356E-4
0.013575339383484701,0.006975174379359437,0.0019374490802964498,2.2066088200803904E-5
0.007003913575110769,0.0052718639626588605,3.94525041919923E-4,2.5083235795343614E-4
0.01794815999999988,0.0035615808000000193,0.0014075648857767575,3.453591658508781E-4
0.040785588553968743,0.010244703352748186,1.7374990938578971E-4,1.8991677385638006E-4
0.010561367697886877,0.007454149162994836,0.00120122210712686,1.9209450066896302E-4
0.008622460417430993,8.514151228688487E-4,0.0020885937398286616,7.775834073166146E-4
0.004417554637403892,0.005356987859654263,0.0015785551283643998,2.2003178176372072E-4
0.0067686863701699185,0.005343682401756977,5.851514954411385E-4,2.3086991473197926E-4
0.0034640000000001336,0.007365702399999563,0.0027561353481437845,0.0010808265862656263
0.017372994617128473,0.004786193421388645,0.0011240298407520068,2.5031968703720776E-4
0.003903620203568351,0.001304990234572423,3.7797282984047245E-4,1.931052910356563E-4
0.0032996004430711117,0.0031915112260797076,2.5663981658082804E-4,2.4218951541192171E-4
0.004549793228388536,0.014567454705643437,0.0023827023018062046,5.920319347828322E-4
0.01837545938648469,0.0051590308245879025,0.0010281499664304456,2.6459269802856644E-4
0.030199175375678844,0.009142594547093652,0.006453390264024139,7.727032943551926E-4
0.030471494486340497,0.005830030371147915,9.18549782419074E-4,1.3240485402189913E-4
0.014404519269904027,9.208496177688121E-4,0.0010277135689667274,1.1200293710259434E-4
0.01975540431338796,0.004290305259245564,3.3351708909701294E-4,5.790484299850185E-5
0.013784066061900776,7.478005635784595E-4,3.215842160361288E-4,3.8870977432693864E-5
0.030182493448387606,0.002277081736723028,0.0023137999973386328,1.5285276384724992E-4
0.007576000000000027,9.600368000000081E-4,7.929938946420467E-4,6.260770696204787E-4
0.01143232209777391,1.627830128668622E-4,0.0011181162867061798,8.071574555290059E-5
0.04650784000000008,0.005763095999999912,6.945763683985362E-4,3.509794794672727E-4
0.02521237759999928,0.0011267759226878393,9.622540151535963E-4,7.780242017602079E-4
0.0131889761257229,9.469467355395396E-4,7.107441515880583E-4,4.6269242702784404E-5
0.0015992000000002449,0.004605270400000139,0.003764430376195227,0.0016046829624956072
0.05536255619406468,0.0019426775738178828,0.0014885936695566945,5.289847534344941E-5
0.004990638498747146,0.0068302212945741125,0.001232299815135618,1.2625133132959654E-4
0.026769192909590234,0.00943726022348057,0.0021764647885601507,5.763070382134305E-4
0.0049594852870296965,0.003139106995222631,7.562470056748368E-4,3.3834253522687074E-4
0.02256895999999986,0.0030192704000000514,0.0031920740035216166,1.6867635880002396E-4
0.0010254559545421179,0.002379498704699251,0.0013270793025672615,7.519423180237745E-4
8.797320138852621E-4,5.861893838434699E-4,1.545909555512791E-4,8.269104498246758E-5
0.03593443010789121,1.7512773738737053E-5,0.0012005523509028837,7.847096344510973E-4
0.016304400439214106,3.7825421683335136E-4,3.415700213431627E-4,3.684887549946225E-4
0.009350522351875083,0.0048528545748309695,9.070645061963834E-4,1.4796836195838203E-4
0.0012665151999995405,0.002113810432000429,7.851618180148012E-4,7.519736551375722E-5
0.018415288274005404,1.1867452227298791E-4,0.0011966434474234289,7.505898310824488E-4
0.02442783999999998,0.002557476800000069,2.6184509167803682E-5,7.19997620821422E-4
0.049576239405985184,0.017919892369678937,0.003224029509318753,4.058488884152313E-4
0.00784001148138036,9.36222494275718E-4,0.001748014647741769,7.115209389052524E-5
0.038047359999999975,0.0067347007999998265,0.0022012757504668024,9.330485763633378E-4
0.008212251029280582,7.054442255736149E-4,0.0012139606717904705,3.039478879094393E-4
0.017494149039511964,0.007974851935368399,0.0029490477458435915,6.174593346166546E-4
0.004213864248474562,7.429889906650314E-4,0.0011073346578758783,3.895465140169124E-6
0.026311432223029563,0.006623938376278282,1.5662142813388513E-4,6.924953628407726E-4
0.017448157950143095,8.633241379119028E-6,2.076985223514738E-4,6.409279727221939E-4
0.009142085751303977,0.0038543085801512333,6.42314478339147E-4,2.4605362522971727E-4
0.027749120165288358,0.0038427840360720994,0.003248240959106409,7.110635736006282E-4
0.002246314109047703,0.0013439425847998755,0.001254320653107865,3.022468605189477E-4
0.030859961691752424,0.006512136186993216,4.709510268945394E-4,8.313156748889533E-6
0.02169360000000009,1.2316479999974206E-4,0.0017662095072648043,1.9223166286186366E-4
0.05935931593405508,0.0010039199527447362,2.587926015535924E-4,0.001532780599527106
0.011664860679425817,0.01535581088165104,0.002453503867471848,1.6905179408117327E-4
0.009907030211571294,0.004019815315603899,7.820024146542216E-5,1.9349773626238756E-4
0.0026131955017146984,0.0036545604702442297,6.56639110847885E-5,3.850693437744214E-4
0.010876732160531307,0.00791924880835203,5.638224270805539E-4,1.0563508322186871E-4
0.0015313582839571016,0.007611734293357304,0.00122326028603408,2.0441319759712266E-4
0.0037206420625505165,0.0018454635893991878,2.5039484903732756E-5,3.998783161160979E-4
0.026081996601007518,0.0017017292193538536,8.419875895395723E-4,1.5973981435013496E-4
0.0039591860099167375,0.0014519446878045184,0.0021268151020514825,8.925006905502464E-5
1.3066086399970978E-4,8.139752320002192E-4,0.001436145717663262,5.403975448642351E-4
0.02204000000000006,0.009982303999999997,0.003982660303465613,2.4196540970322644E-4
0.013660802537330152,1.7961493582197008E-4,0.0011851493672345725,1.2086561920710004E-4
0.029621766655999693,0.010934402879999916,9.228250064921006E-4,3.8641846665710133E-4
0.007995788117812097,0.0031430969282781884,0.0016730802269274703,1.505026181118918E-4
0.009262228610095846,0.003598784019319647,0.0013295481168981635,3.226415215432813E-4
0.0020700917522940244,0.013511624796330045,0.0019205169966500261,0.0022070471685247434
9.369815093376652E-4,0.0014469582198529697,3.8940829104092877E-4,1.5622546553887437E-4
0.019755047941782573,9.162347510358922E-4,0.0011405546523309035,4.906939007945762E-4
0.007935303781625882,0.005526019136863481,2.7508692564641245E-4,1.5996446977335912E-4
0.007983792447784022,0.0034268540813912063,9.313600797806743E-4,1.835760138990672E-5
0.019732029869217405,0.009940171910333584,5.696542228372792E-5,0.0012070353401124612
0.023199560960000087,0.00174545580671992,0.003263934227377918,0.0013580344509616094
0.02347852925695641,5.463382221132824E-4,0.0022464914273203304,6.02058710214322E-4
2.46794896570463E-4,5.37347075378145E-4,8.130765377778046E-5,2.717776661839089E-5
0.00110676483350229,2.7264167686771586E-4,7.287186969146049E-5,1.7709757007258327E-5
0.004832230783928188,0.007337410357833125,0.0019736474579635896,1.1826901263462574E-4
0.01344006835409628,0.002911572177914601,0.0015591313433275245,6.773623795308659E-5
0.005705907469687906,0.002167037263497412,0.0019961994163487937,9.676592231520166E-5
3.343283631084882E-4,3.25422608849162E-5,3.9947945997430546E-5,3.728659580211658E-5
0.040627200000000085,0.0014002496000000697,0.00428363985387703,6.4743342267648E-4
0.0019191135173066965,3.0215994201876126E-4,2.284719221095454E-4,1.4906615437356563E-5
0.004935861684638309,0.005150531645850657,6.62545726680022E-4,0.0010205265881891993
0.005486288329763278,0.003532847778321413,5.147897686780256E-4,1.236918187013103E-4
0.004885355319538315,0.001745224112417578,0.0014094746810160565,5.160863639032851E-4
0.018191698117833412,0.001493049615931807,0.0021386717081313122,2.889638637814724E-4
0.031126286286128287,0.00866559282016109,4.4689524872909146E-4,4.958505581391676E-4
0.04665668121021349,0.006602530136558538,0.0036366030277301675,7.461749071422386E-4
0.013672733721213248,0.0015071908006700138,2.3191723304335658E-4,3.625454942624324E-4
0.04229217884991887,0.00970100636174398,0.0011552306903568343,3.214868650959213E-4
0.007271157128969133,0.0015719771931169849,4.77042540853821E-4,2.2113452106063493E-4
0.01008929309340049,0.0023008196577822136,0.0015817702392418183,4.1514689016984606E-4
0.0035210456553098624,0.004690966493067217,0.001874513276192591,3.8723581529243045E-4
0.04787743999999994,0.002489484799999886,0.0019243969891855617,0.0011589415625932187
0.006394241833165906,0.0024510431999998786,0.0025954534549125236,8.517052682217507E-6
0.01197529938248463,4.950123753095169E-4,0.0018734733229216426,7.444792953926599E-4
0.030729019668792417,0.0019035327618557095,1.4261303060870427E-5,3.3650190722990255E-5
0.0107103951787851,0.001356931569742659,3.905467891502789E-4,5.556120358968549E-4
0.0019759999999999778,8.749952000000061E-4,0.00168746022320021,4.065285021392917E-5
7.455994489735271E-4,0.0024618589884695227,0.0013941136504696718,7.083531981139898E-4
0.0330587200000001,0.004956672000000051,0.006668128365934223,0.0013161546079468733
0.009321077757964313,0.0071496839215934305,0.0066346112043906835,0.0014957591069080234
0.006008959999999952,0.01158204159999987,0.0011591431108961547,2.995093647724101E-4
0.026527999999999885,0.007895232000000085,0.0017896806993613623,0.0013990109130677109
0.03037709971942479,0.0015174346043969602,0.002621741932577133,4.991959209994685E-5
0.011868152217921934,1.4675866733317454E-4,3.339008735333811E-4,2.1428018640071394E-4
5.425778615676111E-4,1.8983518896580897E-4,1.3455335865107437E-5,4.1034138369746075E-5
2.2376780396898846E-4,3.0618490969868735E-5,4.3308461131164184E-5,5.438568568301309E-6
0.009166400000000019,0.0021209472000001117,0.003956821245732378,3.688728363173688E-4
0.004500089888661637,0.0042200115955383566,8.133121967912922E-4,7.130551162834056E-4
0.004136947968000015,0.0020591435212798936,0.00429544232645529,1.1889814017096434E-4
0.03541028985856287,0.0064670011152129225,0.0029027327586530483,1.36205270812928E-4
0.03843807999999993,0.0012408255999999396,0.0038347903367512703,2.355014730669458E-4
0.019410002064595533,0.0030951748985137417,0.002220013502226781,1.4517961182902717E-5
0.047234638198082025,0.0010329384985656583,0.004833438748490186,0.0011515453959033434
0.006465976499386766,0.013045659664926507,0.0027660360827003656,1.3172768953942273E-4
0.03843969664000002,0.010940393113600066,0.0022592613053905586,6.523321330895726E-4
0.004896992482412185,0.008948526366938837,0.002778997050237557,9.295015599353921E-4
0.021317046137761544,0.004297399756252021,7.695411474676766E-4,5.765331747908429E-4
0.009675534664743135,0.005278523718421413,8.200010231240729E-4,4.967482074911267E-4
0.005510331350546833,0.0014071382717134435,3.554386494513094E-4,4.359182861618076E-4
4.4999419574822584E-4,3.783564043440777E-4,8.428645517418954E-5,7.86155441895504E-6
0.025231853935138555,0.0012575166892818096,0.002964450855848607,4.417253310139395E-4
0.012912751801088085,0.002864836227005174,0.006026955875625628,0.0010150140266094176
0.009204296814203745,4.900618772228123E-4,0.0013140328103523455,1.6969930287391577E-4
0.0063718117760003246,0.004012175958271635,0.00535874078181009,6.560816530840619E-4
2.9002240000020052E-5,0.008779761165312094,0.0022785815009130905,8.679410641182495E-4
0.026690560000000252,0.007070224000000014,8.589507676084462E-4,1.2354519388813046E-4
0.020300800000000008,0.008332811200000068,0.0014978671026724122,4.8514818491607326E-4
0.0015007257072428004,0.0016444763344896085,0.00141968200014142,9.801048440727378E-6
0.0018284842498875146,4.480419942481298E-4,5.419254108835121E-4,1.4436678113485658E-4
2.0699741977329417E-4,2.212268587050436E-4,2.0872239182389096E-4,1.212923154234657E-4
0.0032988402214751745,0.008743114205504554,0.0011164241361592295,4.2623414543676577E-4
0.01638655999999994,0.00496984960000002,8.85623950557024E-4,4.1449902461854204E-4
0.007010522876319382,0.011294379594890755,0.0010721882876575015,6.176063860394797E-4
0.015387142818440351,0.004708744078636228,9.658985630318639E-4,2.3438407909802197E-4
0.06734271999999986,0.00666928,0.0027805960017304177,8.369045496816607E-4
0.006868841418410001,0.003899568286354967,0.0016826030282891047,1.0079755136446635E-4
0.00574591999999996,0.003854291199999915,0.004536769912374727,0.0010202821557256936
0.003492882260518978,0.007836596300156604,0.0013198072651471801,7.325204769469248E-4
0.02052123463843869,0.0025509663835585616,9.848830385605911E-5,0.0012932984964864058
0.008212623615999726,0.00368609242854423,0.003161698950680414,4.931619340970972E-4
0.002799039999999864,3.950224000000002E-4,0.0018079805387369863,7.699183056735226E-4
8.076799999997553E-4,0.00519999999999976,0.0037620515243790287,0.001293783110426605
0.009987835366230824,0.01044178546476937,0.004019324789576784,3.7844006021248155E-4
9.831716325075996E-4,1.3980894587849958E-4,9.936390046545687E-5,1.8192750513885327E-5
0.03977111552000001,0.008328374169472186,0.0012854588222721564,6.391648423218488E-4
0.024015919597989953,0.00808025407035195,4.1719568291834945E-4,8.436483297657614E-4
0.00544238328566086,0.0032356641601608144,0.002572652977085383,1.9707317931580773E-4
0.010663354366974298,0.002158895407271322,4.0778908178107365E-4,2.3663409829177695E-5
0.0020019329676614905,0.003051885112122288,2.3058137640863396E-4,2.0031207537063445E-4
0.010688892636740777,0.0015565238997652386,0.0026653544916341865,5.897648146930834E-4
0.049967766400000224,0.003964046786560038,0.005976322695499414,0.0011582377116783338
0.03961023999999991,0.0061631871999999754,0.0016035064198676174,2.102576678086887E-4
0.008411651368663259,0.0020383847141286276,0.004684219372661525,3.220663042859441E-4
0.03298012778516646,0.00225214824458031,0.002471459923841013,9.968513974145665E-5
0.04209336634880001,0.012302390392638474,3.2235025751825575E-4,1.8863101425214968E-4
0.020568012928000146,0.007936678777599737,0.0025759592887327765,7.624322549660834E-4
0.0049055590221811175,0.0015113793014810892,9.568113350342244E-4,3.150293288216588E-4
0.008576004228710262,0.0024688542648834875,0.0033084339010258645,7.110546735903019E-4
0.007831039999999678,0.009780716799999922,0.0031226925398590843,1.6712403245366936E-4
0.010566756003455247,0.00534316778767252,0.0013570980857582349,0.00112218905234851
0.013296090008514762,0.0024208438407084384,7.974478958573735E-4,1.5811895477000617E-4
0.01129569834872246,0.00453814576751066,6.80380029569938E-4,8.548699583601493E-4
0.0032250806270157084,0.007480183696600687,0.0019151344835592137,1.3693891914115639E-5
0.01591384438198489,0.001997950970644518,0.0028708579858640355,0.001251753364785153
1.4021227537378125E-4,1.1219570587871257E-4,6.415386604949322E-4,2.0155361440681052E-4
0.023689543622515002,0.007233262825689868,0.0023425695348985964,4.200294393840115E-4
0.0058446385499698154,3.762792705498793E-4,0.0023085044492234873,3.718313755065327E-5
0.008825220630515622,0.004996788743718362,8.701132214624648E-4,1.5741009951867078E-4
6.017863938861526E-4,0.002700296819320359,7.525505421159271E-4,2.9603122347647693E-5
0.007208960000000042,0.00144101920000006,0.0018137881115078969,7.768065643938282E-4
0.0017559673957352141,0.004714620055412314,0.0023770320818911213,1.7336546419319707E-4
0.01522243740262419,0.008936840243720878,1.6414456647240172E-4,3.359333590774449E-4
0.01939042943227752,0.004121733980660232,0.00184682660724064,1.6098440389958018E-4
0.003791076241508195,0.0013596489596140154,4.746190933100068E-4,3.3827285008602656E-4
0.01122033407276856,1.4009443690515014E-4,2.3915699759865331E-4,2.497301471443809E-4
0.009098437078834176,0.007212630057070957,6.406264413948426E-4,4.5478175312529956E-4
0.05153845472180596,0.010691468370345847,0.0027813728248484715,0.0011702367065848929
0.010342325773332219,5.236859584711007E-4,0.0010321579417184173,7.8170576405185E-5
0.0106614399999998,0.004566635199999891,8.815039764176191E-4,9.500819339993694E-4
0.0030485894453322615,0.0043449794397514285,6.59021683272254E-4,3.6305606212039265E-5
1.583183647025019E-4,0.003561909602696495,1.4953182468447726E-4,3.750920399294203E-4
4.0319999999993694E-4,0.013515520000000003,0.0019673949480767394,8.718915998389143E-4
0.02516656455050248,0.0061962364299092965,7.391300316932359E-4,6.915002683308691E-4
0.009384949120000097,0.01469798577625614,0.0021169797809887925,7.043930282371047E-4
0.011359655996135927,2.846173823823752E-4,0.001067317257214661,1.6970476825268235E-4
0.040747441368064075,0.002069229736821998,0.005241704336595321,0.0018143656265754426
0.017127040000000093,0.001185305600000186,6.690494058267937E-4,3.7531976026172753E-4
0.006182743976737903,0.006505554920630763,0.0023895248164249594,4.305514200687588E-4
0.011931616003030138,0.004676297146291265,6.973301447910476E-4,6.574972322347266E-4
0.0025430070624229343,0.0016641756511666243,6.077549158018521E-4,1.2823101573108766E-5
0.003584681107500717,0.0033857276982900736,2.955829416439063E-4,4.564579519668044E-4
0.06292740665599972,0.00763875669427172,7.149983279106653E-4,3.2203075541525905E-5
0.019025959884432002,0.0011057086949286096,0.001320779680161548,9.042007645725347E-5
4.6079999999992793E-4,0.012116424000000015,0.005982605441006594,5.801226070757393E-4
0.0276307758671316,2.312495750346323E-4,0.0032726719014488895,8.10111807975152E-4
0.04182660668840507,0.004128699655073915,0.004697512103822792,2.6460987469944516E-4
0.02143302833187282,0.00162153263266143,0.002114530057785621,1.8392300902526755E-4
0.00989879885548739,0.007654996924560398,0.0033195650447666036,3.600189814245702E-5
0.0014898691863683526,0.003357543127077909,1.9183989152547925E-4,3.881906967031735E-4
0.006238506371880447,0.002228234434801207,6.48623406421203E-4,3.796857004001899E-4
0.023016535114293135,0.0062846546096435585,0.0017294339251597846,8.487266084262757E-4
0.02104342732800002,0.0015203675422720275,0.0011735761936790823,7.56630667379965E-4
0.008270647114808183,0.0036945019579373017,4.7853426868615934E-4,2.3631445381822047E-4
0.013379485947402386,0.006938389727708902,0.0020192610486098822,4.6209532243947054E-5
0.049011876351999994,0.0015499760729602574,0.0023508748599838647,7.498744874830932E-4
0.014747200000000071,0.008158099200000102,0.004173637222493531,9.157503837409209E-5
9.45752342243146E-5,8.218245083788713E-5,8.067333619726385E-5,6.183956769033516E-5
0.0061178750448950435,0.0026114393407478966,3.8964718075677366E-4,4.259540182079616E-4
0.030958582842367854,0.0010037721226205942,0.0013894270172782885,6.901402676403601E-4
0.003835783174705652,7.425153618812857E-5,0.0026712205738145876,2.7236899644678684E-4
0.013247880128000267,0.008702203993280255,1.474091735805816E-4,4.048418141625598E-4
0.0160230400000001,0.004836393600000211,0.0011551540329152177,5.751909282829537E-4
0.0031309298615393466,6.216077545229573E-4,0.0011190018224331152,6.784612592339549E-6
0.009253275576120738,0.004912738302463687,0.00226104914172547,4.990700778224756E-4
0.003444807679999995,0.0120650182353923,0.0021662811478529997,0.0010847941950935525
4.165953088957064E-4,0.0032303094245760278,5.2204102305442035E-6,6.946661677855737E-4
0.008109439999999912,0.0019601503999999714,0.0032087737183972287,4.3087050221357615E-4
0.031794434860871364,0.019811071007789272,0.003153094569682763,4.189038832510123E-4
0.0015153111230272742,0.0029897349690413875,0.00264969330925909,0.0012197697355378345
0.0013053901869725898,0.004051690001737107,7.831118410171558E-5,1.4191659482382896E-4
0.00848494862971827,0.007148874753105883,7.306232974396698E-4,5.553289799564709E-6
0.0033179587708217534,0.0022200122664159817,0.0013682346405144723,2.5993066974974957E-5
0.04367165439999998,0.00537866880563187,0.006758452837139384,3.728941887015669E-4
0.002020934767906863,3.97434585322222E-4,4.7897051864954806E-4,2.465868814657084E-4
0.01906037439999997,0.006003204477440294,0.0013267348421425185,3.9513549844527596E-4
0.017751415395717673,0.004587558889182053,0.0011738823691076483,8.907371627144833E-4
0.014363052543999943,0.018585399147008186,6.962369326830586E-4,7.592499170090417E-4
2.2820161403571047E-4,0.00558153391664045,0.0022672348012289234,4.7647340324592183E-4
0.0017563063237199044,0.001637948754387972,5.771520290275443E-4,1.343551038415371E-5
0.0024398044786747724,0.005440789111081986,2.0489413967693184E-4,5.647551524793824E-4
6.573095134415619E-4,0.0029381364863982906,7.401968012006321E-4,2.3736528009798974E-6
0.015135638570395198,6.543284613191612E-4,0.0013815209000619312,3.4286807008911704E-4
0.004648966713973757,0.005848711416813378,0.002955505970184362,4.800801701214295E-4
0.0011238400000003201,0.008733811199999941,0.00422215880275445,3.1129714894007066E-4
0.047349221156556265,0.003731242854220884,0.0012613306807890412,1.2624549726958367E-4
0.04029832033342884,0.002919727007756223,0.0010232338110499617,1.1286805742383166E-4
0.016620954005868372,0.015861393051850234,0.0024006589957972693,0.0016806547142491986
0.018405215562604882,0.003736111661236552,0.0025939636049243653,5.527302548629098E-4
0.03501690255846703,0.011262269898259479,0.0014137783008108798,1.6398569745349167E-4
0.02405572306918402,0.009397791945465195,9.051182062120855E-4,4.2481470334254645E-4
0.0014308586580819523,3.1919306239973496E-4,7.275848866467685E-5,4.3398847174397494E-5
0.0207258686162195,0.0034278830276357475,8.192198929224404E-6,4.396576566163546E-4
0.02317105752578552,0.0072629376356128095,0.0016429494722076665,4.30540376755828E-4
0.009115710147863335,0.0012509562221478467,2.726157412579456E-5,3.819129950726709E-4
0.02008399999999999,0.005911368000000028,1.4725690512895628E-4,1.90501136885457E-4
0.00964157800753462,6.25980960012488E-4,0.004272919111163811,0.0010781601158515951
0.013002674455252642,6.606990011767453E-4,9.9115729945359E-4,7.57631618735391E-4
0.004706001838738187,0.0021437362104593876,0.0013709238899107796,3.5544672654870036E-4
0.006650129984677354,0.005788660197701794,0.001756869428987592,8.066586035865604E-5
0.020396094056348346,0.007479850572016389,5.94784604423193E-4,5.773781725282312E-5
0.018367199999999917,0.00989575840000001,0.0020475973387160673,2.586565215115799E-4
0.049590544510667516,0.005231386652011427,0.002562465427005458,9.650841941507097E-4
0.017974944860917663,0.0024362563645041746,8.275372135060355E-4,3.5383939015809496E-4
0.019556800000000152,0.002137023999999932,0.0014781442572551207,7.928699237440551E-4
0.0019120058846384545,0.002352515149291169,0.0023815310911408463,8.693343107956772E-4
0.04117522889362684,0.012635633105583305,8.251889726974649E-4,5.732411857297267E-4
0.013175493965587669,0.007007770312506034,4.522628382883086E-4,5.437089901514671E-4
0.0014273301685418208,1.8230022323610526E-4,1.5892528788544975E-4,1.721267674811792E-6
0.030701837762239448,0.0034136735723234723,2.2188520320454153E-4,1.6277560229438492E-4
0.026126345094532155,0.0047888744216613155,8.036330705254446E-4,0.0022205358891771443
0.033724132296908876,0.008072376244846292,0.0020100739299267023,4.2846113784056735E-4
6.919999999999149E-4,8.014784000002217E-4,9.248896300706466E-4,4.7987682089156714E-4
0.020631420560966063,0.00146595889197809,5.135464138742339E-4,5.666639622448577E-5
0.012869301265932746,0.003684594346037435,0.0025481083529167396,5.503502174422037E-4
0.010371084799999819,0.002561561288703773,0.004029052744319972,9.076706400490409E-5
4.5931258679932085E-4,0.0019401981100697352,1.2105350962676731E-4,2.1999521359505891E-4
0.0195754893872348,0.0027585879622959945,0.0014029915344416317,6.312162249577397E-4
0.04368794028501399,0.0031655938776208314,1.2741098098167924E-4,5.577373544995989E-4
0.015274456496801175,0.001198183138878944,0.0010545100660082794,1.9359841699471205E-4
0.011631389589512597,0.0037073490506182027,0.0017770658265179318,3.8438712163368915E-4
0.006026506240000007,0.002249421506816174,0.0016741015436727569,0.0014814015113767676
0.0012870375397056517,3.433321026649625E-4,2.541256487128159E-4,1.8300322099831247E-4
0.006804617629547098,0.003679153056589694,5.877515310427139E-4,4.6083718018748426E-4
0.004309380790585491,0.0034466271815842475,0.0017579848522299164,1.314195583543106E-4
0.016934848016882498,0.0034288176741829046,8.49821451796795E-4,2.955735381267033E-4
0.01787217632254534,3.4486587425996973E-4,0.0015064007389367084,5.244144579130694E-4
0.020335404302883255,3.4971424548544463E-4,0.0027448985178848647,2.623766450566962E-4
0.0034472709052753496,0.005216898762287556,0.0013917212214965954,3.9544205679188876E-4
7.40894389248671E-4,0.0029364675901704966,2.3751839722947063E-4,9.149829671282296E-5
0.03087312927375423,0.0015017296906753427,0.0027135869341832486,6.0079567269798286E-5
0.002016055883753231,3.850807833512083E-4,4.790660220334204E-4,2.4668649646470504E-4
0.01363508594903351,0.0076272023446387225,0.0018854714367965045,3.9923281394302254E-4
0.020547756399145235,0.0028282041513098223,1.1521656517304462E-5,2.0414797386596935E-4
5.541647850153508E-4,4.911522678413911E-4,1.5092325553343268E-4,3.596997323405506E-4
0.036509196799999866,0.013328799257599888,0.0014289857445723975,6.243964606251762E-4
0.019009937621492824,0.00478434631521743,3.496063932708191E-4,6.945843976248429E-4
0.022879217387247894,0.00865466982502862,0.004582915658813081,2.6433881723564534E-4
2.737036107924862E-4,0.00983579136906898,3.2356891091134266E-4,3.1456751960878826E-4
6.517192307062367E-4,0.0010166662332195962,4.7102724054191684E-4,2.242465408889132E-4
6.091223086873551E-4,0.0030177436213264996,3.193485129172454E-4,1.404181393840988E-4
0.01791706207999988,0.0037028952332798237,0.0016875103541985625,0.0014254348293522012
0.011973257881227503,0.003346092771632415,6.889133260271479E-4,4.168311529867045E-4
0.010397046156225533,0.0072775289012500495,6.508225754131736E-4,6.878658638958225E-4
0.018071715211680786,0.00567934715800587,4.4437066244906894E-4,8.841053872316124E-5
0.021409763365832394,0.007181553691420174,4.81549929266305E-4,7.599603137091035E-4
0.013625340633515835,0.007000468618537324,0.0019372181186178956,2.198916546812484E-5
0.007442388038515372,0.0011960164473545914,3.323412020404826E-4,9.1108320606844E-6
0.013869818106289473,3.8291001729387134E-4,0.0011431885585196978,7.203420298022893E-4
0.039967999199980085,0.003080242057715417,9.008636866626649E-4,3.266079722824681E-4
0.0072970869751918955,0.0019467434745970918,7.86609513243753E-4,3.8604556473363074E-4
0.010280010498993285,0.0031303593567444978,1.6917921426953288E-4,6.622596719542572E-5
4.2564769340934977E-4,2.1556084451476113E-4,2.6509372609516758E-6,2.597417780848723E-5
0.021864703102816282,0.0040447336687043514,0.002534645734394711,3.922970706076268E-4
0.02449116843859156,0.0011335382505032188,0.0015975620291713843,1.159392806745485E-4
0.011965942080622627,0.0011358110314780845,2.47546822906175E-4,4.0261389183493534E-4
0.008241592895268157,0.0035317656914096718,1.4672463466636199E-4,1.1980793212651442E-4
0.00458251617839589,1.1450872289486824E-4,5.644565310269911E-5,2.3997949583409728E-5
0.025058880000000006,0.008612633599999864,0.003413485948228101,6.746198334819375E-4
0.046851002367999994,0.010542854452224026,0.001303802366350082,0.0018916288998790387
0.007175179379484529,0.0018781346667107463,0.0013395951965062148,4.121113658599114E-4
0.034746880000000036,0.008237163200000008,3.087638407857085E-4,6.073147614978902E-4
1.7342129025215932E-4,1.2890164176729293E-4,6.787541398097303E-5,1.2679050360371994E-5
0.008675034853458614,0.0025183096891218983,0.004656666416927217,3.445446515329871E-4
0.026223299685443346,0.004530590866874018,1.2866243586495685E-4,7.942601899002533E-4
0.023598973132928733,0.002681888621677715,1.8001297107644564E-4,1.7080125154729687E-4
0.03530507736954025,6.964995804856766E-4,8.916838393322468E-4,0.0010378340129705288
0.0037730943273582103,0.0018872340598317583,0.0018349312143027428,6.639817843403313E-4
0.006554850048543915,0.004982576707262925,7.185226767847797E-4,0.0010135550718879558
0.015514135040000099,8.868431042562408E-4,5.306252754633256E-5,2.0437421060837124E-5
0.04592575999999993,0.0036916687999999365,0.0015640398603107286,6.031827239022514E-4
0.016154866501954475,0.005940149641527067,8.819671775321629E-4,8.284300161712618E-5
0.001727569920000116,6.673612234240345E-4,8.099855616594542E-5,3.291708116548442E-4
0.010799990897229718,0.0018372964342585946,0.0015239140638685178,5.336619247369023E-5
0.014631438938952097,0.00911020101137483,0.0037142698804004076,2.2905251357593795E-4
0.007091839807039979,0.004361830821210777,0.0011705847051811658,5.061688946152998E-4
0.0024416539437177587,0.0033876203391611792,0.001195699865325972,1.0935899657615877E-4
0.016697759999999895,0.001887759999999905,0.001614178076302375,8.878649965461394E-4
0.003944994114461439,0.0016469129199699767,3.864146256607317E-4,6.407942031739057E-4
0.0024986656573677516,0.0033894637741511183,2.5415153771316375E-4,2.4478710115472343E-4
0.028656989960749217,7.91879195561507E-4,0.0018788405729913936,3.5596237131231723E-6
0.023195917997841882,0.0033197689098928593,4.963059713688917E-4,2.3841110934776487E-4
0.008042781878831689,0.00355094482568395,8.780899723086171E-4,5.3921324874853637E-5
0.003037739271789773,0.01605648715199453,0.00230744445291986,6.189818462211909E-4
0.01303628353304176,0.006936290147992685,9.214689686805055E-4,2.902015281652792E-4
0.01926575877398715,0.0019138792655822151,0.0011529795649319829,1.1624384930184694E-4
0.025886574950375385,0.0040548617990696645,0.00125977562120827,3.3051449369048136E-5
0.0028583251645746643,0.004939672564843748,8.368382008282402E-4,4.1920317743528076E-4
9.538493519375157E-4,0.003471000854351871,3.323637652228003E-5,3.818786193124192E-4
0.015408158480013645,0.011650822056414434,0.0011394544426386322,2.476013719313608E-4
0.048375507252668926,0.009931236212888939,6.174496069601965E-4,8.646774918386058E-5
9.737618121445278E-4,4.5651191291070807E-4,8.821356395039004E-4,5.860411611686394E-5
0.018257684111360417,0.020582130051716163,8.740056358667037E-4,0.0012292512160920754
0.00958208000000016,0.0024139263999999327,0.0053479705483387985,6.788187359970665E-4
0.01873606111884807,0.006552508111394628,0.002053407535043239,0.0011839122972645555
0.003996160000000026,0.0042399999999997995,6.424464385301754E-4,3.965350067418605E-4
0.007032968315468651,0.00796686613450767,0.004023545912655596,6.267493434288202E-4
0.019702913919999787,0.004949196003519951,0.0034818407102663596,4.715949162559241E-4
0.008384923190561056,0.002746473981843134,0.0023400050608286538,0.001109600806550537
0.012593938004023064,3.3962182692347855E-4,1.8009014006811115E-4,5.418561798036873E-4
0.012745713414734405,0.006205655771489793,8.77259230402938E-6,1.6440602381706526E-5
0.027981570199406725,0.007958933254267109,0.004367078528972779,8.477076852028143E-4
0.028750328320000018,0.0019227554078600217,7.813693958835799E-5,0.0011136476761532954
0.026873213440000043,0.009427947839488193,5.040244224864265E-4,9.296254703139439E-4
0.008585556873355271,0.0011958560061682277,7.032733314868977E-4,1.6140883302118159E-4
0.007764529841319907,0.0019358926602929419,8.271023804644934E-6,4.427812584964893E-5
0.009505792526863503,0.0061023789371982716,9.685369428192596E-4,2.2276208141185216E-4
0.003141228666143558,2.974391934417728E-4,9.701847079786421E-4,7.620018903826496E-5
0.011639164150733183,0.005937840438265063,5.22343382060253E-4,2.460322535033921E-4
0.01332561664319365,0.010232197077455263,0.0010835518306249181,1.6641044532228477E-4
0.05262654630422715,0.009150559622628307,0.0012627401192713307,3.676434773168287E-4
0.01079236092062606,2.887988037769367E-4,0.0016050277454790723,1.8356146857951522E-4
0.00376862767848272,0.005873863538564439,0.002934979756708434,4.6599783741086245E-4
0.010845037537882938,3.1393729901548075E-4,0.0011592374334267349,1.7976365944749885E-4
0.00314265018029071,0.004397490323580882,1.1570140372820402E-4,3.4285830429142434E-4
0.016643731733857848,0.004445511876843485,6.64555399796963E-5,2.3906264199433734E-4
7.65353837906772E-4,0.004055481578000498,4.034178655598742E-4,9.92233221734549E-5
0.020756121392670135,0.011323315540867629,0.003656899862970464,6.762587637106909E-4
0.05244159497350642,0.004288282617141759,0.0014685224260380103,6.00469092042033E-4
0.011730534588754473,3.059324483396999E-4,0.0011290745334808314,9.264612176524889E-5
0.0028825600000000895,4.7057119999993624E-4,0.0022726631482836712,8.90449460371423E-4
0.02062609343449462,0.0019649432304280623,0.001344971730776745,3.934047378937322E-4
0.0038217599999998964,0.0065953664000000245,0.0028821470173683306,1.252312391483157E-4
0.011868572129626744,7.479530983288843E-4,9.261411833816981E-4,6.322611426341496E-4
0.018448636799999973,0.008945120690175834,0.0025153316665318393,9.956639642186849E-4
0.0041878711805250915,6.065955018903257E-4,0.0010562069469955027,1.005110858417965E-6
9.798117016032969E-4,1.663724251921516E-4,1.2908177453847377E-4,2.0049479671155186E-5
0.002798080000000036,2.942191999999455E-4,0.002100542791834137,7.616913594106212E-4
0.011016652346146545,0.003630499909621878,0.001908942695913337,5.958565800322496E-4
0.03911551999999996,0.002259251199999923,6.50208889922621E-4,1.9418375978863534E-4
0.011509213866109574,0.0032151392040983672,0.002381287466491211,9.9235326341623E-4
0.001975049376234355,0.0021591750852208392,0.0023798915705460235,8.703425332330835E-4
0.01140617189379703,0.0026059770303961424,8.165331383163746E-4,0.0017910522551847787
0.011053979658170343,0.004069672828063808,7.117311611992694E-4,4.189611437913632E-4
0.015911833409472546,0.0037493665286526807,7.89980978871665E-4,1.6809811148626024E-4
0.006336538413025082,2.1659381625614084E-4,0.0017155398266447592,1.5888037745872508E-4
0.022977092663409922,1.7881857297665147E-4,0.0020438705913895356,2.1348804148324518E-4
0.05229051513600069,3.746313467245521E-5,0.0032024403241402988,2.456188417832017E-5
0.006203758479381705,0.0019210096990422976,4.091217926311952E-4,3.929440956396135E-6
0.025756000000000112,8.384863999999492E-4,0.0027538797449209174,7.652591418614296E-4
7.500375015606606E-5,7.013157947698107E-7,1.8431825427382495E-6,1.0878282678068003E-7
0.018519288708632915,9.956503068909777E-4,0.0024486981706103345,3.8084551587210506E-4
0.005486468502512214,0.0032696752829749804,5.633292315792317E-4,3.695200322040739E-4
0.008686379189501214,0.00404980396337673,7.167690927911696E-4,5.615731458376017E-4
0.02015285598200691,0.0014756606034670432,0.0021447156926688517,2.505498511920682E-4
0.002002653266331648,0.002543537688442256,0.0013841554153322256,9.98855193701075E-4
0.012735261645366234,0.002796154436980685,4.531075157144317E-4,1.9432769416104025E-4
0.008433850846271176,4.488176805742482E-4,0.0016174887890622474,5.092404129976814E-4
0.0022815759931436464,4.1721597900755853E-4,0.0014378965419631156,8.202433808904077E-4
8.10135694827574E-4,0.005975380330297653,0.0017917925526166334,4.140200048912135E-4
0.012704847669841892,0.0014591879337360375,8.643689537746825E-4,1.8522087274318113E-4
0.012211574969804986,0.0038578058662914597,0.0022582651949547014,6.621879532886079E-4
0.0017769913298993421,0.0033197426362919767,1.607714564417291E-4,3.62197780563953E-4
0.003128993977175365,8.01952637074832E-4,4.7929709770966333E-4,2.207008244138331E-4
0.01882139680827894,0.001548469209630015,3.884200721016922E-4,1.1682896160330215E-4
0.029789602142942462,0.00432860455235673,0.0011421520782055605,2.6711432765547105E-4
0.00591211120457269,0.0018462078151986194,0.0050671618662383455,0.0011039954038101207
0.011299561567416738,0.0079414065537311,2.7027421805247975E-4,1.945109671006584E-4
0.0014844967297778712,1.729664253067724E-4,2.2012137117362798E-4,2.9512187878273846E-5
7.24416058505424E-4,4.65292993565837E-4,9.255466214629745E-4,3.4749544622172067E-4
0.031563519999999845,8.368479999987244E-5,0.0016068656446402985,3.697711035599571E-4
5.743595445687438E-4,2.027957772910318E-5,3.630071461864204E-4,3.2035999920425687E-4
0.002694409682481469,0.002721331512049563,0.0016170883287240922,2.7818574534776985E-4
0.03228924739836413,0.0012541810653076372,0.0026335957524873757,6.264615374387396E-5
0.019110357758943996,0.005949484737118621,0.004660485026263414,7.068405092410469E-4
0.03080832,0.002529302399999933,0.003383677237075444,2.8900724501901287E-5
0.025575639390984787,0.008558627812735243,0.0023782045463355754,5.122566252785772E-4
9.540739470396928E-4,0.0025866255279517808,0.0013448512134628609,7.246816386167605E-4
0.01821144573436828,0.0021801087186603674,3.90096168207954E-5,5.966849208128844E-4
0.023037427135678485,0.006719807035175962,8.039917827509303E-4,1.9096848223680986E-4
0.05674733964800005,0.0019585874636800504,0.0021365104982278282,7.148011413725675E-4
0.01723107445079275,0.0014477607695497774,0.0034207686963776407,0.0010222638534040929
1.987391666858131E-4,4.27449367119112E-5,4.2993550705624704E-5,5.121946822340132E-6
0.009328676661068404,0.0015477670770435224,1.3506332853805076E-4,2.905586227084268E-4
0.017965394802428956,0.0056422062204112555,8.836010839419297E-4,0.0012215236546969145
3.026477698846993E-4,9.58210566568702E-5,1.8866671803356236E-4,3.397786718822916E-5
0.009669120000000087,0.011209225599999928,0.0026232952093206974,7.858280202654999E-4
0.015161976548941148,0.003607287096707681,0.002869157946598872,7.232390136913125E-4
0.008306350053029031,0.002287313953103863,6.381347675043192E-4,1.5423286949557138E-4
0.031179577889447235,0.0012590906532662098,0.002569208635125317,1.020336849573736E-4
0.021875694746449504,0.00783446535309387,5.585081024379713E-4,3.656168660369865E-5
0.016160010016668686,0.011671260900707279,0.0029783124845737924,8.363296350924239E-4
0.02076239999999996,0.008264252799999983,0.0014201079261081384,2.1512185639505077E-4
0.011376305928945044,0.003512628063072398,3.6382601588840857E-4,1.0355792851801155E-4
0.026672918095395202,0.005682209335106414,0.004996634279284429,1.3758813203974541E-4
0.002375059376484428,9.99576238305124E-4,2.118229604714297E-4,3.734027222019907E-4
0.007324019752461679,0.009484271768814547,8.40460835350879E-4,0.0010025921105723614
0.012879317613714239,6.282321599636122E-4,9.104704221708662E-4,7.342119914634435E-5
3.4394156937424123E-4,2.43380122186343E-5,5.39395833619838E-7,2.5281352324854022E-5
0.037749121325013846,0.005715651850930925,0.0018698909461341007,2.0687342722969237E-4
4.6115586149697574E-4,0.002706823667301461,0.0028134161136325053,1.3152819422845852E-4
0.024011497487437174,0.005985266331658267,0.002048086207523085,0.0012818855031326178
0.004650321919999922,0.0038358169784319385,8.49697737021593E-4,4.662019000304385E-4
0.03690773876736042,0.008259966645986716,0.005465411843842971,6.131036315730753E-4
0.020764160000000143,0.005404681599999961,0.00236401698041655,0.0016191116963315544
0.004958079999999976,0.002502668800000163,0.003259997756284605,6.858182099045429E-4
0.008873080019165869,5.230768823851761E-4,0.0032314982579970675,4.562233732996468E-5
0.009004560637174601,0.00924924749502783,0.002668625551097385,9.888923709923231E-4
0.022899814005376107,6.050593388413628E-4,7.399076315484088E-5,9.70642727344373E-4
0.012025300632515765,0.006560771600689775,0.0027990916051927055,1.8213270424138312E-4
0.007957891981243031,9.40489466029951E-4,0.001496550307819512,4.0934316934710036E-4
0.009222668931098528,0.0014657449418769644,1.0136805168358071E-4,2.6107667409945795E-4
0.019241776767999763,0.005608008542848042,0.004628533996191564,0.0012290519890650886
0.00608327824818814,3.7925786246180176E-5,0.0017146769402243745,1.3496488259630992E-4
0.013194050251256268,0.0013200000000000202,4.1288442508944354E-4,9.512224253509025E-5
0.006518869444261558,0.005501942479497846,0.004887632508266797,6.0583757998942936E-5
0.008927345032899797,0.003610560729448813,0.0023718498634169452,6.29475675211791E-4
2.420396493551146E-4,2.2383245182795258E-4,9.655512577373215E-4,3.6160261103064935E-4
0.004821279999999928,0.0038765280000001567,0.0010920048238362012,1.9221688465353992E-4
0.02060964375579255,3.313685342263284E-4,0.0016399844439634048,2.3333517562607042E-4
3.7881949602413373E-4,0.006449121093539596,0.0021428813858113053,4.347828127489694E-4
0.009472876543999753,0.006962150569983727,0.0010830189665300693,8.185764348240809E-4
0.027908007315203938,0.007066497620902402,0.002627135464719669,2.686607841496496E-4
0.0015313582839571016,0.007635577237242621,0.0012237338056888052,2.0416497064338184E-4
0.007897937270486377,8.041862820533652E-4,0.0032269727027571804,0.0011577767412761508
0.019495810958793946,0.0011153037727517855,0.0034394119005235163,4.3110576084325443E-4
0.01735789916385249,0.006560532134152756,1.0939283398894729E-4,0.0015866846064962578
0.013414865866179517,0.004252896418769599,6.668039930253423E-4,6.647213034964091E-4
0.014487362184054628,0.006233471944197128,8.465706560876823E-4,5.875951018241655E-4
0.018034251957972727,0.0020759832703973503,8.862563943844757E-4,1.13940500604372E-4
0.03557466402252877,0.007392342966439137,0.0015298881563877791,2.370636551181318E-4
0.0028000000000000247,6.935040000000114E-4,0.001794654570279608,8.719970437617297E-4
8.758686430742602E-4,6.742437146208616E-5,2.3785650162885696E-4,2.1624773691328237E-5
0.01262473664000019,0.007128810253887785,7.717237707185465E-4,4.871707835072403E-4
0.031647359424743546,4.2161087401483116E-4,0.0021228053075765608,2.336333594414004E-4
0.009314266306699159,1.4715321166382586E-4,0.0013503867251852266,1.8166743590089922E-4
0.008745080778586564,0.0035799523540480604,7.432342369439456E-4,1.4543012194054839E-5
0.023283582089552324,0.005373134328358114,0.00222307609488035,0.0013359282164937037
0.001902325316113324,0.004986318615028063,3.274996432864539E-4,1.8321537505464018E-4
0.019505600000000012,0.003803001600000133,7.560839437690259E-4,2.95088623224693E-4
0.0034379048822350197,0.012793136123914932,0.004371424148507214,2.189221276511922E-4
0.007527564032000278,0.008848813910975917,4.839343547069497E-5,6.213840806368331E-5
6.548626034739158E-4,0.0030237625380715727,5.784530296028782E-4,1.474427360608845E-4
0.016756480000000074,9.024639999999362E-4,4.357930179937908E-4,9.788256083032021E-5
0.018833600000000006,0.006398406400000001,0.0013863426882050334,7.344780032214615E-5
0.04152831999999984,0.00200535040000005,0.0024831747633533574,5.379272915687627E-4
0.0031704944319500667,0.004999721754851868,0.0020249582354383133,4.761513280914951E-4
0.013979870600788218,0.0033227267078611614,2.58373843086671E-4,1.954572075447003E-4
0.023185474022350903,0.007250657593416143,3.5331215744763457E-4,4.530755738279683E-5
6.129118309602964E-4,2.8004877308841996E-5,1.932361996503013E-5,3.7296519794216055E-5
0.006952851467541757,1.0298607013818181E-4,0.0022354395998140392,1.9891828228622427E-5
0.02731363785763219,0.0062491025258522015,8.394883792350871E-4,1.327844204334072E-4
0.03226178048000006,0.010001590896640211,0.0027874945534821505,8.517062221666816E-4
0.01014730012921232,0.004616884201716312,8.988089922185391E-4,8.816037259372851E-4
0.001578248922137296,1.5631541887874755E-4,6.914400386810496E-5,2.576619245655382E-5
0.03525675217688118,0.005456313355995279,9.820039464825125E-4,5.733551498223743E-4
0.007979489741591128,0.0032231101717030697,0.0015768656028581907,6.620571505089323E-5
0.017121724764648807,0.005051053064490795,0.0012934481412753783,4.5448504611113226E-5
0.04769288320000009,0.010064766902272093,4.7203244859728155E-4,9.563770792808679E-5
0.011693406148173222,0.0026761252319808942,3.3125506748609416E-5,1.734680150496267E-4
0.007658935852621562,8.758328382407754E-5,0.0034570202630632707,6.113532455147563E-4
0.004004052444919645,0.0027216037998310633,0.0017207309325688387,8.370886633109836E-5
0.014814720000000059,0.0029187519999999134,1.4121343669193376E-4,9.607890962030075E-4
0.0024286449887095433,0.005323710452778537,9.85609420483368E-4,9.004900606464623E-5
0.023625590639766,0.002679575527096663,1.7955611618002365E-4,1.7084220608518477E-4
0.05745995532800041,0.006128313731072144,7.239206890019556E-5,8.493423374759113E-4
0.026322050574210488,0.006711820241483561,0.0013642736209921531,7.525866169312005E-4
0.01096384959999952,0.0030613010195199575,0.0013337503120679495,2.867083167898965E-4
0.0010089668669148637,1.5547107899673948E-4,1.2953985584503869E-4,1.960986781631747E-5
0.032115182181212835,0.0025351730134276413,7.395915281887625E-4,8.561450114224124E-5
0.005408019723790736,0.0017595577009465637,5.529232094408736E-4,4.082458001909347E-4
0.0020155199999999374,0.002452377599999833,0.0033344194655272608,6.576470980182991E-4
0.004040053858063513,0.002696680970301186,6.687073682176449E-4,5.95967730444643E-4
0.0040251006275156325,0.002720630296717377,7.00494615599122E-4,2.6221705419364504E-4
0.0029421135528388,0.007872624805750248,3.0657490745244467E-4,8.472967946731511E-4
0.0029449304715636337,0.0059234786699728925,0.0018584450678829079,6.786181800098046E-4
0.01875698094203096,0.002920266121651965,0.002472292069869782,2.552668814219136E-4
0.017112555819060214,0.010483124844619803,6.172172684361636E-4,0.0020264967523640934
0.005393292390265029,0.003442169231137144,1.342468254289995E-4,1.599277216426387E-4
0.009098663248812654,0.005388014056060717,0.002207277265642568,9.375617364777891E-5
0.03167546603928617,0.0032183696286023356,0.004667800646306786,4.153505356725429E-4
0.010234552606755256,3.132574527646101E-4,0.001375879705289245,2.8645019218888075E-4
0.01292757141661635,9.285110641851372E-4,6.818111965715734E-4,2.183328781128397E-5
0.033003986430197196,0.0044915269826592,0.002002302922599286,1.2426923981156968E-4
0.048607388739316255,0.009582097957781489,7.410693396924837E-4,7.563082318599121E-5
0.02685742350057041,0.0016856434759886987,0.002257041742710275,2.1469909740687675E-4
0.0062942507202894404,0.005840556949813003,9.96063448055251E-4,2.014557266869499E-4
0.0031329909750119306,0.001612958355284125,0.0012520417293331626,3.222621764327828E-4
0.02169360000000009,6.450960000000672E-4,3.796475063588822E-4,3.2355512602344483E-4
0.022583331456110158,4.978386576834178E-4,5.761927079412676E-4,2.5386933570200425E-5
0.032775819395485,0.00607923788323542,3.286437334358596E-4,8.520318455901416E-4
2.0644782195437743E-4,5.322508089951827E-6,3.005557507433006E-5,2.4509240888122375E-5
0.0075904947737015505,0.009703878715134229,5.057991023469377E-4,0.0010349609179262087
0.023360863233292683,0.002168208668099541,0.0024794204713760415,2.689653785231588E-5
0.007666880000000154,0.009124147200000099,0.0017437641721012032,8.698455979211372E-4
0.02540437452800015,0.0033570910044158353,8.092911557939786E-4,0.0017271082665055726
0.02357063968874129,4.772154802689272E-4,8.58331369373601E-4,0.001068680389327005
2.003696701180039E-4,3.268023520559739E-4,1.0093218179849518E-4,4.165772302597691E-5
0.017590512562814128,0.004320000000000036,5.689462029598233E-4,7.913570026376559E-5
0.001312714471793596,2.787048205435523E-4,3.4290339799690296E-5,5.117764755440282E-5
0.04773478297599987,0.012138751166463901,0.0011861878038508245,7.656802518473116E-4
0.022917690554439894,0.007416823467138988,0.0034896844499749365,4.346915694093546E-4
0.013698570531471863,3.0306378681796025E-5,0.0022290148900020617,4.329535645617761E-4
0.005607680000000004,0.002878240000000032,8.278249812526672E-4,0.0010273409210580509
0.0015750393759843926,0.0027211924644357445,7.53742670469403E-4,3.9579804547990114E-4
0.043417787903484384,0.0017036432119891254,0.0016103345047093764,2.455158784845368E-4
0.013172166860578498,0.0015680287810981406,8.792237147647763E-4,1.4946264610784198E-4
0.065635534336,0.0038782775918079215,0.0013373543723246284,8.601081812042999E-4
0.030640102911999922,0.0032347266805758945,2.353962517820385E-4,9.855315191844571E-4
0.037406720000000115,1.9608960000017106E-4,5.969840214616884E-4,3.969651460409285E-4
0.026188769117179583,0.009415806653129768,0.0014127762272379582,4.300302906193686E-4
0.025433673949696867,0.002749661687217797,0.0028354869498371515,9.178364602363542E-4
0.020249740772634084,0.013002452387147811,0.0025511826934777604,4.442397763273487E-4
0.005076799999999881,0.0033806031999998876,9.704821947604803E-4,3.814360804152983E-4
9.705938706596011E-4,3.923027077902155E-4,1.7265752058699723E-4,3.461634642133856E-5
0.037138399999999905,0.003242508799999877,8.515666194210958E-4,7.762888815410207E-5
0.01207802211852065,7.507264952963653E-4,6.488569995725019E-4,1.108347731600995E-4
0.007838792928023506,0.0031988875614848817,6.687292963850463E-4,7.478012948170283E-4
0.02048073604100403,0.0012288521152349608,3.725269477257205E-5,7.247410918839307E-4
0.007298126950679845,1.610745918338944E-4,0.0023182685779609457,5.589749922947453E-4
0.021405553599314543,0.0025226389292689008,4.849584070056655E-4,6.628482008965273E-4
4.985738390523853E-4,0.0032494833485594565,0.0014358534620512176,2.7881084418390767E-4
0.009970239999999908,0.0080263359999998,4.924086058455401E-4,1.8714664244035006E-4
0.023196986285560738,0.010431085194093179,0.005039502647410276,3.719917775075386E-5
0.005997161105445901,0.00435675388229884,0.003409871676179733,8.429514703316858E-4
0.006939461060730179,0.004787880714820059,8.730239433030196E-4,1.9624004681129126E-4
0.008427027904000073,0.004602744251199997,0.001834425075487589,7.263287002008401E-4
4.442064962546072E-4,0.0023821407911198316,1.9659791247012877E-4,5.288488614800987E-4
0.028425833732771303,5.101109475392277E-4,7.641786539223641E-4,1.49532356433238E-4
0.0012566811085650866,0.002198980110727274,4.532634313474745E-4,0.001015151391567192
0.006825362978968075,0.0021864654651966298,3.06933919657304E-4,2.322970793342538E-4
0.02497023999999992,0.0010007904000001178,0.002743101010393434,1.1148834997931623E-4
0.011479502903248113,0.0036384902611794113,6.503828411368082E-5,5.966528290060844E-4
0.011037065608029735,0.006573090258635688,3.472979467896134E-4,5.378204906501921E-4
0.014388139842660127,0.0038619616371222422,1.9333311173473256E-4,1.8325006141895186E-4
0.030308159999999917,0.012357632000000063,0.002367567044097907,6.324901479062284E-4
0.012908047449268552,0.0033770465587183514,0.0012757873523651271,2.857072489217193E-4
0.023632485146372506,0.005754985837697957,8.51546953325677E-4,3.642070374941797E-4
0.030059298789346434,6.21003252754937E-4,8.824749296230117E-4,6.86838308797677E-5
1.4096051008339152E-4,0.0010762273613308584,0.0033782497980908255,2.2001992037030344E-4
0.05132415999999995,0.0027024895999998577,0.0051277208221351955,4.838468408407959E-5
0.03138399999999997,0.0030263103999998986,0.0017509133356101714,2.8838145791554304E-4
0.012960148619330703,5.153623126808528E-4,0.0010682152741033743,9.861328233259517E-5
0.003861313295144802,0.0036395811400026234,9.661018836928391E-4,3.036835255456459E-4
8.076799999999773E-4,0.012548172799999868,0.003940280494023174,3.982127214534614E-4
0.0449017599999999,0.007208960000000042,0.0016618162086647903,5.550893109749211E-4
0.03417220887272735,0.009725094595491026,0.0021857499883350747,0.0022464252940082837
0.011318875241549838,0.006633614828707598,0.001749775361328879,4.508907560139767E-4
0.06026668595628936,0.019808268256602608,0.00372854215293243,9.884340168799011E-5
0.007175179379484529,0.002375059376484428,0.0018683950754636892,7.280741576047016E-4
0.025341119999999995,0.011955059199999951,0.001054788727644751,3.472090352863999E-4
0.05204998348800016,0.0014618356986879633,0.0017344851490992408,0.0017630062535431978
0.04041519423999995,0.028650648028671788,0.006385589071407405,9.323077657630296E-4
0.018105289428605533,0.003307681358696714,0.0016638705064528278,3.33819584093144E-4
0.0018147483542136314,4.2845496090812937E-4,7.65716213857854E-5,6.921080050031101E-5
0.0042974525671828035,0.011949259484927564,7.567604352211836E-4,0.0011648548727929103
0.0268232701190619,0.0012527732890814484,0.001989472312611656,3.7966020609075057E-5
0.026035883553481964,0.004711519145625176,4.685476965953228E-4,2.1453893167988625E-4
0.0042550418453308515,0.00796142842935798,7.432832182381199E-4,5.588727482853946E-4
0.040594475995979866,0.008274742760844306,0.004187567088483427,1.7324844810030163E-4
0.025034441209856206,0.004272101368299586,6.118929073650747E-6,5.096857710948921E-4
0.032203348806207344,0.006660542017274729,0.0011738483290237856,5.787944724409133E-4
0.013878074886921943,8.328518135447549E-5,5.989734931106661E-4,1.8594738696386948E-4
3.980799999998563E-4,0.0012014895999998831,0.001171033012280609,3.569778371663723E-4
2.4507987294360416E-4,0.0038171820507174785,0.0015713273128594395,1.3857473588317507E-4
0.001975049376234466,0.005319718776685913,5.964385106818873E-6,2.3813965274272682E-4
0.011824361475927882,0.0012578443020428512,8.22177604425838E-4,9.38381640310634E-5
0.020699679999999776,1.3455999999800738E-6,6.947170309485884E-4,1.3020915252270893E-4
0.001084651871999647,0.0033900453082116658,1.791588234515825E-4,3.767966813541981E-4
0.009487825556265655,0.0016922821232740837,2.5814399307156346E-6,4.265825284362013E-4
0.00839938013672522,0.0036092195331577626,6.507363435102839E-4,2.4729764821371982E-5
0.009838144649008795,0.011679777547629604,0.002336754052238029,1.3360191650958482E-4
0.015936640000000057,0.014371199999999917,0.002349728318004507,2.247250909789278E-4
0.004484145156231618,0.008178498151087451,0.003919595136947629,8.366379825287418E-4
0.00906858360513916,0.0012506050866592693,5.863758708888713E-4,1.0724870842002286E-5
0.01021014510413206,6.926995795122025E-4,8.517204548094165E-4,1.9347059356900566E-4
0.014537712515078294,0.002133559604720725,5.795895734039824E-5,2.336738095534141E-4
0.028265428161740602,0.011472988958978081,0.0044575511500649645,4.4372611003629103E-4
4.409321923293302E-4,2.9832337440232243E-4,7.603159687484628E-5,1.4381212626536603E-5
0.020663473679499694,0.0019504226517023345,0.001443833421467261,4.039633166365862E-4
0.0013969736399186826,0.0060907874316683845,0.0041603099484966094,0.0016989498079722325
0.025722313545834652,0.004949726172567281,8.006413196007811E-4,3.4754535218062266E-4
0.0011181046558241755,1.2503947781598415E-4,2.2810150059705676E-5,1.56103042784017E-5
0.016759375224206115,0.006913868902008819,0.0018616593964249418,7.04100008128192E-4
0.017599861855494968,0.006200628570220514,1.7044889023919743E-4,2.994287850975052E-4
0.012030334787862172,5.29199260604756E-4,9.926520972622936E-4,8.485572778229711E-5
0.00433915479140555,0.019169074283415778,0.002746947569315173,2.7903525505709747E-4
0.013895822989087536,0.002385820696251484,0.003027515278387294,4.269869748375621E-4
0.01804256000000004,0.0041159327999998885,2.2957961376879332E-4,3.7661178260484096E-4
0.0049442714104166625,0.0015326083393491037,6.894512762205369E-4,3.5392056688857783E-4
0.015221092900682328,0.003909278224284565,8.871293350128085E-4,5.832457999076734E-4
0.003453527350090635,0.0066096177735454065,7.77068685534843E-4,5.494784295871913E-4
0.012121975161842102,0.001051745471666976,4.533805634614474E-4,4.731087979656934E-4
0.008105338112000078,0.004769330925567797,0.002468988647062988,4.7393524913503474E-4
0.01326879999999997,0.008384550399999857,0.0013056741809126526,5.491598386453411E-5
4.641965591598875E-4,3.154518306346559E-5,9.336018156757173E-5,9.903270441688109E-6
0.0019311369882953591,0.004342068261453869,3.3730298411793877E-4,6.568283668398364E-4
0.006915146623999835,0.005577848311808187,0.0027115916905956494,6.558496285690163E-4
0.023306817448762552,0.007668133226696882,4.2736498871501563E-4,4.813872069127904E-5
0.006111969204024126,0.00636665686182214,0.0024813840898298967,7.419913127082456E-4
0.036569246231155705,0.004100247638190816,2.5192150871497553E-4,4.641178987572203E-4
0.006985529192983968,0.002029724441180262,2.9012096155291147E-5,1.0119594378058515E-5
0.034487542188554814,4.0536238904078774E-4,5.423292474307875E-4,4.65197362868153E-5
0.0022840314862542233,0.004678278040887163,0.0038548703393161965,6.965072362352664E-4
0.016818720000000065,0.006648462400000277,4.0958523080103504E-4,7.494609105295202E-4
0.02587016780800011,0.015588851056639985,0.006378341130151233,9.741696725358295E-4
0.009128009066376674,0.0031989152808222787,8.832363520678843E-4,2.639828368045105E-4
0.0023334033566677626,0.005863820393223196,0.0027708158488470858,4.3120347816727467E-4
0.02293456000000016,0.005372006399999796,0.0019892167190840304,0.0013453072198827964
0.020707436181259586,0.007752916258651155,4.070965056213183E-5,2.7016121327161358E-5
0.004775119377984423,0.0022008503719010684,0.0010380405030317045,2.1104356484191722E-4
2.2749772471792283E-4,5.757145961749553E-6,2.9763582327629764E-5,2.442112939463323E-5
0.005715817757275271,0.0052168219767425375,6.411483039430782E-6,4.99535417969153E-4
0.006247580461048056,0.00304408189424109,0.0012334723131310775,3.7319301381595203E-4
0.017124667475474798,0.0020631394771403887,7.546722364530654E-4,9.486809059461449E-5
0.024504326499306527,0.001984142491449873,0.0012481213207496673,9.115212663615921E-4
0.002373962558959744,0.004779633070452546,0.0023207593286654828,5.443838743935561E-4
0.017575439385984656,0.0017050426260654971,5.015745592951056E-4,3.8567035678835414E-4
0.0033867962518517748,0.005523131698338171,0.005429687270990193,6.233797492978623E-4
0.01694172526565515,0.007791773726287785,8.728513381959131E-4,1.0852233838589532E-4
0.003577366756062572,0.006502963081609914,8.564830080879382E-4,2.5857971688214576E-4
0.013697112741045014,0.0013435266888133235,0.0027487463093300857,4.58983429495019E-4
0.04090382394026045,0.010229077332817749,4.179319616053334E-4,6.879839185849335E-4
0.010547202939448906,0.0011090717227475878,0.0018513308531940783,4.988946700326545E-4
0.068608,0.020940159999999874,0.005865627891255776,0.0012600431457934214
5.528616905006726E-4,1.4870167663052437E-4,3.744926453381362E-5,8.613383281625387E-6
0.016724447774329194,0.0041233137183303015,8.714799364052236E-4,2.7413061099615784E-4
0.032496982727516555,0.0010348848676255962,5.453706000801972E-4,1.9683668745940075E-5
0.03497237410030252,0.007983465928838918,0.0022710043499085675,2.818632197006954E-4
0.04550045337599984,0.016135761545727934,0.002534072686860789,6.31330247731654E-4
0.012823026992477374,0.0011549109432072706,2.8819260983622345E-4,3.407105141508225E-4
0.001030050876899988,3.1671646062516657E-4,2.0412674845102002E-4,2.850560965276124E-5
0.003996159999999804,0.026967936000000026,0.003006942019389003,7.511133329622943E-4
0.014854399999999934,0.0021678336000000575,0.0038805098160858975,0.0010047323428890031
0.012153915135999949,0.001572294963200327,0.0018030392648571425,5.497339848563598E-4
0.040193543437567536,0.002494364088724388,0.0013653992953019944,2.833593179967231E-4
6.511379388115568E-4,0.0012025619861055403,2.474864062140544E-4,3.145431224913977E-4
0.048739477760000094,0.014166713922175944,0.0015767750374441336,0.0012203102108807595
0.009433703456388122,6.755335439428021E-4,0.0019599659768763083,4.795936628111914E-4
0.005760391196642073,4.2775793083289597E-4,2.144184110402013E-4,9.961466631842069E-5
0.01243969453049525,0.004877017255495418,3.7546224590696375E-4,8.154410639725209E-4
0.0029625409641323985,0.010871002205936398,0.003288173386997495,3.138096671926327E-4
0.02338546744201686,0.0067113977237638345,0.001840650824235679,4.13281255750908E-4
0.002472710249614478,8.349244545972223E-4,6.002487550972867E-4,4.585533763113696E-4
0.025009183003015044,0.004494516409085233,9.626962515353171E-4,2.4343401754088492E-4
0.014612615335793167,0.004547551441355435,0.00154026273781116,8.950614742686547E-5
0.028211575039999826,0.009662258474943952,0.0025701032451662664,0.00207210023559512
0.05064551295608404,0.014375503127503336,0.0019199960742775281,9.75353576658413E-4
0.002313374921099768,0.0048248961370906986,8.405315415391455E-4,5.076846381922678E-4
0.004352706475176937,0.0036984954066565656,0.001330067985799932,1.2615838607521468E-4
0.008151268766719788,0.0020029142246726916,0.00663825040409427,3.745598092774749E-5
0.009239353885720699,0.0012958999488666136,5.776617555561457E-4,3.8356513249100254E-5
0.012797034178759558,2.09406602548653E-4,2.1332233232860813E-4,7.823358273958843E-5
0.0011750293757345415,0.0025192352201598364,2.9996977976247874E-4,1.167692651763371E-4
0.012613556542607013,0.008263432832185467,0.0015775136294748574,3.6413308902829596E-4
0.017124843429718158,0.0020635323024784757,7.547581435050568E-4,9.406584960305398E-5
0.0031302792057453788,0.0016184725092607266,9.020932686678584E-4,2.5752803594469853E-4
9.872567107207185E-4,1.7954605011829148E-4,1.2940852220601264E-4,1.9847890693187118E-5
0.010565364179452995,0.004423782966089192,2.554272605854646E-4,2.788521559930164E-4
0.00453422958864147,0.00768241990942542,2.0321717748683632E-4,1.7621434685899384E-4
0.016060918383323464,0.005348944895061436,3.597751408568328E-5,8.737325964016662E-4
0.0032250806270157084,0.003599751100977527,8.761931279479803E-4,1.1649657198641409E-4
0.02479238680378615,0.01111714418041454,5.213341726719722E-4,0.0011588750455826524
0.005457447225581528,0.008679657927074454,0.002697277407886693,9.573707203215326E-4
7.744000000009521E-5,0.0055582399999999366,0.005343170034092459,6.871201599113475E-4
6.561599999999057E-4,0.002721439999999742,0.001982401461315564,2.229256464938434E-4
0.06566469343391018,0.011224469854943358,0.002252423686215388,0.0016396250161403638
0.050112843776000116,0.010747532478463828,0.003890743151740872,7.498240161272207E-4
0.0012713391981808034,3.4402843889352094E-4,4.898624602641835E-4,1.383347056652186E-4
0.010443329192431516,0.003000277012608521,3.170699353376438E-4,7.014919869474667E-4
0.0031251200000002033,6.443552000001684E-4,8.312750364012356E-4,1.5570806609088716E-4
0.0165824576805306,0.018473510368551976,0.0017658337535783205,4.707345296976325E-4
0.03988191796742844,0.005302769602912914,2.829276124318154E-4,1.0795565698294185E-4
0.003066345069256166,0.0010699152816585464,9.729910189848161E-4,4.5619423842310373E-4
0.013613740343508474,2.799511500111977E-4,7.318029061771123E-4,7.562715993117578E-4
0.002140927782538736,9.963560672659669E-5,0.0025567069211206695,2.9466771247174258E-5
9.442861023184842E-5,0.0011384124729530984,4.999968132319693E-4,2.74449803304944E-4
0.003007469747599118,0.005692538650668639,3.0153637869315527E-4,1.5621541871053374E-4
0.01323381480504496,9.439489761307467E-4,3.79555832720594E-4,1.2341242606686445E-4
0.0030886066551247815,0.0028255848772686942,0.001699073962672104,1.154008052044464E-4
0.01875041715203515,0.0020339503177445755,0.002281980596026578,6.118787753334029E-4
0.003829610642285708,0.016101246338486926,0.002604156732768053,4.778158208841786E-4
0.014284515264166261,0.004851432943762269,0.0024319605199587158,7.709354541467729E-4
0.001956771292515672,0.0014074553937167156,1.087720922465415E-4,2.1902644564280528E-4
0.003450381494831123,0.0038161590610650276,9.197143145021069E-4,2.4366147142851347E-4
0.008589692226206536,0.0016879261366313791,0.0021151136467552067,7.173579206267711E-4
0.008227359999999684,4.5913600000002663E-4,0.004362210721379434,0.001506587073211163
0.023968104887261754,0.0068275840700773305,2.1115805201610272E-4,7.023298463497696E-4
0.002375059376484428,0.004041147114407054,9.572556085235653E-4,8.495170586674752E-4
0.012943999999999956,0.008781639999999924,0.004960563021563447,2.530189689162743E-4
0.008428410710267975,0.008827090284977735,0.002763682020686656,1.8017673390597721E-4
0.015251999999999821,0.0017991904000003167,2.1329626323907114E-4,5.039968156016483E-4
0.015005695181888434,0.001606739775337207,4.4691701039611953E-4,1.0322855824362875E-5
0.004795339897675312,0.001560849581292171,0.0010557283690815742,2.0737506234610185E-4
0.012664706630564737,0.002382850464129338,4.1898079675894984E-4,4.938992402681031E-4
0.001509519243380431,6.77641254328993E-4,9.663176710957904E-5,7.586979288351754E-7
0.02933112837338178,0.0017257638867656496,1.1295029910843567E-4,1.1337670409306052E-5
0.004627971996505208,0.002486122284865395,3.6800600385887685E-4,3.5719967576464974E-4
0.008402929299765351,0.0047000619095476275,0.0011783999402471793,1.3473907925702093E-4
0.010310400000000053,1.196671999998955E-4,0.002326399492799336,7.171896587336857E-4
0.01894938881114558,0.002228205342903026,0.0017781540872057714,5.159904211450245E-4
0.0037727111924204288,0.002181325849852454,0.0020776353575425893,0.001118945671129547
3.380425451862525E-4,0.01135945805609591,0.0020328095362420026,5.7219870876766604E-5
0.00580774441410048,0.001123791033349364,0.0021968122868396556,3.1779911702845E-4
0.011325561936144403,0.008390398481447332,0.003083096515969572,3.620818437089002E-4
0.022455207425316644,0.0011623818674574484,5.420798975462715E-4,9.740279821618134E-5
0.018367751100967965,0.0018732485408654053,3.511285040682659E-4,4.1870592086917346E-4
0.006190610890727897,0.004453672258110728,5.480245989728784E-4,7.977960330831769E-4
0.014000000000000012,0.016342528000000023,0.002889772965523729,4.4765312253647327E-4
0.004258993489741317,0.017039224414968898,0.0034855949250633734,4.6123619629753797E-4
0.03196661748613277,0.006978959762708757,0.001972772812063423,6.132150329013179E-4
0.034826382390153454,0.002160791592136224,0.0017943229913595093,7.660062770526999E-4
0.0021450306560000243,4.267671493758396E-4,0.0011164777596075481,9.77739113122933E-4
0.007398914572864343,0.0037400795979898797,5.900765827643959E-4,5.422510239145225E-4
0.06160883135999984,0.011297813200896067,5.019181805421269E-5,5.572499753361271E-4
0.00682517062926559,0.0020812248746260855,6.123248804226394E-4,3.8834048615703914E-4
0.018361401827386655,0.0020625827230786207,0.001412115721743495,1.998919162273511E-4
0.03198478662306551,0.013071708914119462,5.855620893925698E-4,1.0036386789202822E-5
4.5953167467138734E-4,0.0023053304382160134,9.36048936090117E-4,1.7027109640954663E-4
0.031651581934314374,0.008641470304544006,3.544362750757353E-4,4.858359368629559E-4
0.03462462742657402,0.0012794498670110066,0.002088700907706631,1.3214445405806963E-4
0.019739128320000132,0.003897476330752103,0.0014250974540480632,3.6486449566175416E-4
0.07373409940079796,0.008268918916375689,0.004928922732058005,1.2872405525108377E-4
0.0011499138785684426,0.005021783743070496,0.0011046780115635535,3.27411423591939E-4
0.010232685323878776,0.0063850453657849915,1.21379287933987E-5,3.63352010628315E-4
0.024514916184364993,0.011956075777763753,4.95939187986867E-4,8.81331079435483E-4
1.8841481371145719E-4,0.00304796240364702,1.493262538990736E-4,3.2070952822893517E-4
0.017792818572878528,6.179025365304408E-4,4.842031281708814E-4,5.247693902246901E-5
0.014329879268710018,0.002629538466834215,0.0011416589749500764,5.490237812525071E-4
2.440219307124655E-4,0.005706446099293102,5.8352850046292295E-6,6.958590215282628E-5
0.008300684590173552,0.010498511656128234,0.00206295561772325,0.0019513534353287228
0.005999789994749952,0.002771494443926353,3.242059471425681E-4,5.697705934459414E-4
0.009897925173075202,1.2393791639461245E-4,0.002498796531860524,5.411402525186104E-4
0.003431555402410866,0.0075490336396733335,6.954512121869486E-4,6.764173255565404E-4
0.006025150628765666,0.002599890690695027,4.059841167027661E-4,3.8572747906823743E-4
0.005455924738811164,0.005236792998415015,0.004119207482183006,5.37531423180201E-4
0.03453567999999996,0.0019475648000000234,0.0020446712672768097,0.0012574437003146643
0.01881144969152197,0.001642062477840736,0.002393307651847245,4.6650643925370984E-4
0.017156386301424464,0.003791719606805355,0.002205533911576074,5.274751058785832E-4
0.0036999037373745165,2.2650250759849336E-4,1.4161573043520954E-4,4.036265876565445E-5
0.018700692167805677,0.005776877237627542,3.5446068179267876E-4,1.2214076495875581E-5
0.012609931114496473,0.003012559761747334,0.0015000120602170254,5.499355274819878E-4
0.014019840000000006,0.0020808784000000413,1.5020101319374035E-4,0.0014226804428316697
0.03144191999999979,0.011350447999999957,0.004909909818726854,2.3392338306527094E-4
0.009003855972459007,0.009620078840891555,8.790940418805793E-4,2.2599761706976196E-4
0.02071035489724409,0.0035127379855378824,0.0019643465558253823,8.190745366448956E-4
0.015967359999999875,0.0144302719999998,0.0031662503378021567,6.656438547437693E-4
4.7965800141412456E-4,0.003728097676927589,0.0010160539729313573,5.090414738303042E-4
0.010000000000000009,0.00468515199999997,8.57944196971161E-4,5.561563611500286E-4
0.01716991999999995,0.002288310400000104,0.0011619138501879345,4.277458855211913E-4
0.01582438787656645,0.0019135862044485873,0.0021342416031530963,2.7339552477969887E-4
0.0036032964824120844,0.0033996607035174345,5.881994759201185E-4,4.0623229376214663E-4
0.0021045363200004052,0.0072118938879996985,3.258835620318923E-4,1.906355665874937E-4
0.013148555350691371,0.007355357685267405,5.616425655687873E-4,4.002053999834221E-4
0.02345287981914799,0.00301773706718821,1.876058563674889E-4,5.664245860528059E-4
0.01559731787339437,0.0017198880040093175,0.0017325232763920726,1.4911276268837745E-4
0.00750546005029071,0.0065107855190017095,0.005362419906989922,6.082829747429032E-5
0.039450879999999855,0.0068724927999999075,0.003186468187532432,8.196458699449849E-5
0.010270423549938278,3.4336025913494383E-4,0.0016772659382115259,4.3753519811048566E-4
0.022189494603578996,0.0037625404542176444,2.6637035148668886E-4,1.4115943947601295E-4
0.009156550860140047,0.0031003937495264517,0.004559880568639889,0.00106929695111064
0.017636479999999954,0.001799737599999851,6.945531554964912E-4,3.1670600778466174E-5
0.011743916774288508,0.0032837235011330406,5.091840595263665E-4,5.952100894753294E-5
0.004505257564873912,0.0016392973295874672,0.0012274563937040145,1.2778717281527392E-4
0.011978239999999918,0.005353227199999977,3.9580736958222396E-4,5.506658488381166E-4
5.882895700464654E-4,4.960572801077192E-4,8.409531456708612E-4,3.372465477706025E-4
7.001599999998387E-4,0.009542540799999943,0.0031702305912543194,0.0013960100747472115
9.344000000000019E-4,0.010811923199999796,0.002442185657980267,2.7012529620062953E-4
0.001985099878753328,2.0037288228681572E-4,1.1309167498636898E-5,8.115445218174106E-5
0.0744661913688434,0.0039547591293897085,0.0011326305088731677,1.7996663304243937E-4
0.008394524002502788,5.192337054504969E-4,0.002192579924870278,5.387329423857033E-4
0.003996640000000107,0.005643708800000091,0.0024507941736466865,3.79319733984973E-4
0.029151979519999927,0.02646534393856015,0.006917738754727232,0.0013447352717439465
0.009302187519999894,0.008133789212672049,6.391717893716731E-5,2.3145229125787203E-4
0.012394254529897487,7.572547862432774E-4,0.002106981404453393,5.866087195298541E-4
0.007146403324624462,0.00181939170873191,0.0010281131609344296,8.449181790377569E-4
0.0018142206895232643,4.318049121509144E-4,4.758167518616579E-5,1.4853545078971693E-5
0.010806719274523972,0.004569967931658215,3.5848614584459783E-4,7.749057383613996E-4
4.270207257692801E-4,5.033618088236241E-4,2.7902168045128663E-5,6.0610653895327944E-5
0.0022269214720000985,0.012324948582399964,0.002056775371203523,0.001643979627412806
0.026629938155541377,0.001990358788074076,6.028443617429602E-4,2.809195532317288E-4
0.018679258636712357,0.012471871829789979,3.611720630952241E-4,3.9755774791870725E-5
0.03421457536438422,0.0038758807820172022,0.0019931684915044136,2.9979940404370094E-5
0.018041932208793687,0.007114753101935989,0.001918626584313854,4.928321036477001E-4
0.006335365957068082,0.0010453424961476556,0.0012134641755786194,1.2820505990631794E-4
7.147801600001502E-4,0.005165927735295783,0.0027111241764863347,4.2993467002361285E-4
0.01563168000000026,0.0013208639999999772,0.002523640574568997,6.821833269250455E-4
0.029314167836492322,0.007993070202955588,7.932480384790219E-4,9.817697894431987E-4
0.02205922918400005,0.013513690267648037,3.913289895022265E-4,0.0010449261297130752
0.0044560000000000155,0.017666681599999956,0.005040825335192345,2.071174567341849E-4
0.013034824059324102,3.4450967257448895E-4,4.211290349032115E-4,2.5128186394773877E-5
0.00848928785923797,0.0017797906479823933,0.0032946872981856057,3.629444037984708E-4
0.008748251529705708,0.004781181103970855,2.984871831832603E-4,3.472237899264652E-4
0.004291421952000052,0.002816264646143818,0.0016957838579170215,7.098524298907449E-4
0.018671108965649927,0.005597435501095531,9.839111311869425E-4,3.089369238210885E-4
0.014470805194263029,0.0013411515204496001,1.1195650591221576E-4,3.276725803484412E-4
0.0010163278682624455,0.0018171497719247087,4.495635886101468E-4,5.222726704180447E-4
0.019847680000000256,7.688704000000657E-4,0.0038973761554250697,3.857063238354996E-5
0.03416192000000007,2.7640960000008263E-4,0.0011038384329620232,1.4747862280584112E-4
0.001638565269696889,0.0037511553292179645,5.895420019050846E-4,3.74006714910396E-5
0.015502956653067779,0.008812602801346547,8.695903585815845E-4,4.257775931488794E-4
8.771191442624726E-5,0.004765072900080325,0.001213575874307371,5.286941204198925E-4
0.03865529112608583,0.010238058045938008,3.008993793995215E-4,2.9689423854069064E-4
0.014571452824433092,0.003219346086508777,0.002159694865044966,7.312883181213016E-4
0.014307396858676711,0.009958665078551206,4.3843595569756616E-4,2.1152515638497553E-4
5.17110399997911E-5,0.003344828831743918,0.0022786327465195155,0.001148270096607451
0.009396228248501384,0.0055501244138310805,0.0022414470461579283,3.3660553884351134E-4
0.024042584894035768,0.003132718838622095,5.05754348211096E-4,2.385386850601856E-4
0.022042392218963425,0.0019848416674195235,0.0034727603260660267,5.059993068834423E-4
6.314802300078578E-4,1.0675816703596664E-4,1.892315214167112E-5,1.4652392635595782E-5
0.017617527638190963,0.00448075577889436,3.216166654975605E-4,3.917834718842749E-4
0.0014092895396419383,1.4243831000028604E-4,0.0027412240249544695,2.1774774152533943E-5
0.0092169992736025,0.00474531554485472,0.0010062217652082076,1.310708716235205E-4
0.0036897382400002954,0.005799711191295964,6.767184198834819E-4,9.9587638175902E-4
0.012769418792454966,5.403288353648172E-4,0.001422032966609218,4.3823908075543683E-4
0.0073668339430372765,0.0031490605788484505,0.0010757820714262234,8.113228771133851E-5
0.021392850241366976,6.122266436306185E-4,0.0021956350683519483,4.0032489305057747E-4
6.314802300078578E-4,1.0675816703596664E-4,1.7950104680834475E-5,1.4844252134392487E-5
3.561621373536913E-4,2.697077827680702E-4,1.4838819954410512E-4,1.7981752183774874E-5
0.02835041985147968,0.005972261884982122,3.35425142556911E-5,9.092931574072871E-5
0.00842776764537101,0.004909778147368593,3.4085045580334317E-4,5.61948940076773E-4
0.02570119888357225,0.009775397726099366,8.204655351765622E-4,2.7467641767420226E-4
0.018583438531317813,0.002154974803693644,0.00126163933852232,5.502989316312283E-4
0.006432894726402697,0.005589275596427819,0.0014847439112907514,1.963927483714011E-4
0.0030341273133043245,0.002236168136191985,0.0017271753779206644,9.871850711984376E-5
0.009338671324636616,0.0016760184649254883,8.078138960282422E-4,4.8095017427995934E-4
0.026139909998196598,0.003954282976855628,0.0024692368151337796,9.326135113507661E-5
9.681613656602784E-4,0.0015858597378325642,3.32084488063748E-4,1.664592274480387E-4
0.015518430580362839,0.0040824041535110584,0.0012087824356662926,1.9081188259942696E-4
0.03568895999999988,0.006116831999999794,5.675710328150174E-4,5.685814994120797E-4
9.325173929974895E-4,0.00581226938826751,7.790016511337594E-4,4.1292677221527185E-5
0.0014286628445364033,7.731322344801649E-5,9.368078179636341E-6,4.5793894423682525E-5
0.006421119999999836,0.006927392000000143,2.8213058150283743E-4,8.99266106750396E-4
0.002601382659604794,0.001900346898131678,3.5800558743321974E-4,2.3374312257376365E-5
0.009438233814937691,0.0061272580875597615,0.0037111423039088987,2.700533373843905E-4
0.007169273390550401,4.3896968251999624E-4,0.003230635406879845,7.1066397875863E-4
0.008534506360477964,0.0015993042579765786,1.5979951252885342E-4,3.771374175795374E-5
0.023082613042310185,0.00229033907610654,9.720446463648003E-4,3.50647413994043E-4
0.006129342317309841,0.01163027307352275,0.0029302905787136147,2.7948711349823964E-4
0.03727071895359768,0.0018778476402800948,8.895598189273546E-4,4.0729389265814486E-4
0.002907908480000332,0.005293350474752101,7.890349265895491E-4,8.254311284846549E-4
0.00983975526400005,0.0017909057392639927,0.004031371175313492,8.631409009465241E-4
0.016704992854183955,2.004737900949897E-4,0.002243407669469246,4.7650247021134286E-4
0.017869626028199637,2.160754935727205E-4,0.0011178905847535336,4.3478069624236504E-5
0.012998577833730292,3.442056711530367E-4,0.0025512820975798606,0.0012135115977224594
0.0420268800000001,5.944256000001147E-4,0.0017129220813547619,1.567948119560736E-4
5.0001875062333695E-5,1.0887720352186177E-6,1.0433465697677626E-7,3.763924356597222E-7
0.003297440000000096,0.0061965056000001795,0.0023715692250496634,1.450596511404223E-4
0.009369802520208968,0.003258670096703818,5.790401930939052E-4,2.0938132969571918E-4
0.02403500332032027,0.0022289811750815236,0.004887996312354481,4.87810263106625E-4
0.014452058307953639,0.00886537115052656,3.6762024397706143E-5,7.624651754657548E-5
0.005114489565453795,0.0029746741635765517,2.6677016819365296E-4,4.8216621739172183E-4
0.01288132646816639,0.0038689654004641525,3.78024356352375E-4,5.038596442494702E-4
0.02716573585285731,4.09820127541316E-4,4.2416243489329375E-4,6.069159936654689E-4
0.014025350633765797,0.0031608293234193403,0.002106836373935209,6.46662248847368E-4
0.03375455999999999,0.010651503999999923,0.0012551806256702047,0.0020136875884015915
0.015339868159999992,0.003884209366016078,0.001762328725459783,5.724738297232523E-4
0.006173784063999932,0.008699147076608016,0.0051424569933631314,5.926534455518162E-4
0.01687868096549372,0.010957411352544355,3.47357486121469E-4,7.747798452351073E-4
0.017768196645267742,0.004541683977070998,9.9098911872042E-4,2.737945046531465E-4
0.009916311261090728,0.00658196296147482,6.839466900186947E-4,8.351901404958109E-5
0.0031750793769844635,0.0020006323894168534,3.1621128826220246E-4,2.2304987271361897E-4
0.013986400000000065,0.0022772192000000135,0.003373529690978039,2.2445554490579944E-4
0.0076088858064896625,6.164594048319039E-4,0.0023498481608208444,5.328002687998712E-5
0.005001599999999939,1.2355839999989016E-4,0.002304411445188448,7.830965509048049E-6
0.01637120000000014,0.004403201599999962,0.0011633836820250654,6.313409109703905E-5
0.0010402988473773276,1.5452570278549113E-4,1.2829142073720397E-4,1.9429054510235637E-5
0.003003849193436032,8.948357535200186E-5,0.0017503390786223825,2.0585808099779265E-4
0.016804592384645052,0.00439915592975596,7.901322782458357E-4,2.0877671596542094E-4
0.030655385426609616,0.005136677442354576,0.0022422657652645395,2.573559320185881E-4
0.02163922649600014,0.009970887206655954,0.0010688526144598809,0.0010401341311926382
0.02867688553161707,0.0022090248605859397,0.0021359071993605205,1.1176510658117422E-4
0.0165465600000001,8.437440000000906E-4,0.001432414963733586,9.423286616438986E-5
0.01268835581347938,0.002179030570224949,0.0011895948213809238,7.657616441181236E-5
0.0019868749424697147,0.01184662095473944,2.9329110994012807E-4,3.795122955671104E-4
0.02644177821517313,0.004747458873528121,0.004372395207970836,0.0010849490843508613
0.025430239999999937,7.558704000001359E-4,0.0017798346640172102,1.1187599275319648E-4
0.01677541938548473,0.003920978021169058,7.019355193064357E-4,3.037812795656372E-4
0.0015059992765746877,0.00747626663250662,9.075226567038302E-4,4.8428151966658297E-4
2.322645919695057E-4,2.481441545693183E-4,4.769242418273165E-5,8.380845202735414E-6
0.017099887649651143,0.00478453040812574,6.279647355292086E-4,2.4651082821658285E-4
0.04190080000000007,0.008385894399999927,0.003976768112352369,0.0011516169747902705
0.037587750999029224,0.010185282680017504,5.278654332790955E-4,8.848083860819589E-4
0.011905724038662855,0.002283673801286032,0.0013977817765082087,8.041875219644893E-4
0.020432088831999984,0.006075928045312096,0.0014863409560956775,2.741275405568899E-4
0.01526714167854223,5.728828793811875E-4,0.0012387964637425447,7.210714565110291E-4
0.02236810404057448,0.002650930371190407,1.238204116338452E-4,6.062757882884617E-5
0.022921058635795837,0.008931965055902198,0.0022378600018473044,0.0010055263025837544
0.01646271999999982,0.0014331199999999544,2.90290855990083E-4,7.67185541803661E-4
0.016222815938229954,1.9859605416554203E-4,0.0011354568827969922,2.4624842518182692E-5
0.009942135209380165,0.005338949664134162,2.2833166704977836E-4,1.6281616260399164E-4
0.011801067851407412,0.012089261417331553,0.001226836776074127,2.7911737229364053E-4
0.00880099436365898,0.006518128707200348,0.00113813254267145,2.6515899338954606E-4
0.019044320381347735,0.0010935096390629617,0.00171452169967512,5.661281021909215E-4
0.006137065471999881,0.009629438019200132,0.0019193299123463348,0.001495910607972828
0.008736485049066326,0.0032565884393371803,0.0015238449499589473,2.6275840419623565E-4
0.029985914619229503,0.011836259320171405,0.0057565749429568935,0.0012063587564061784
0.014905163216695438,0.0014727800216967069,1.5254927586705325E-4,4.896797966691402E-5
0.015096993892906863,0.003901482149832436,0.0012345713943785475,3.11606750379112E-4
0.0058896190211235044,0.01746211100692352,0.0016360269586886966,0.0011509178414652599
0.007639883513567655,0.002643959914259075,0.003992596411147112,2.8721925939700243E-4
1.109838325507424E-4,0.004347560363603916,0.003579534817793115,5.06618424209218E-4
0.0016583674266569656,0.0033461693704006142,1.6077892632759605E-4,3.8697394343808464E-4
0.035467573116928164,7.265906263278499E-4,0.0020678107203555562,0.0010632340799456852
0.019508800000000104,0.004766032000000142,0.004010580412236786,5.352259193016629E-4
0.0036054216120014375,0.0015207679763154594,6.294274456824501E-4,3.493866003321414E-4
0.017308800000000124,0.0014054720000000742,0.00816796206802839,2.0648945102330618E-4
0.007135910959923164,0.010267832488073836,0.004784261254969779,3.128802180238921E-4
0.016960480000000056,0.017993521600000006,0.0024767661153035636,6.433526228575293E-4
0.0012250306257656756,0.001956798457369421,0.001447333633847048,6.775500955735644E-4
0.05340159999999994,0.015087986329599623,4.686466450987137E-4,4.5718045555531717E-4
0.04116312016690725,0.006317492639914697,0.001112245391805745,6.538471267340157E-5
0.007228524045797627,0.0012114535776929702,0.0015483696022089391,3.393867286360935E-4
0.031365419337335165,0.010177523781683018,7.961690124921317E-4,3.114277270628296E-4
0.03708652001727583,0.01342241648281798,0.0010447414944014632,1.6193500630139155E-4
0.013380788278169305,5.166135464989417E-4,0.0012945091988634584,4.6649070691248863E-4
0.00105860955955428,6.188748938882327E-4,1.5346213871003656E-4,6.682603318503011E-4
0.02467328000000002,0.007750327999999973,9.224557828921842E-4,0.0011551811655272637
0.0473475200000002,0.005527611200000004,3.42089232021614E-4,8.520504675169072E-5
0.0060204798387147205,0.0030828075316479313,0.0013410658951908193,2.31617839073098E-4
0.0010009860811890153,0.002875086162834092,4.385963869132523E-5,2.4907068777684014E-4
0.01404622622124097,0.004315620554383374,1.0945714556527454E-5,2.6132675033102393E-5
0.01635711999999967,0.0016735477196798687,0.0026740036366263986,9.786640981852557E-4
0.011799819075848594,0.0033985985277300568,8.281550827216044E-4,1.729340660765466E-4
0.022138920204535742,0.0013398526288182259,4.877524450653048E-4,1.1406293635955656E-4
0.0010290748471239208,1.009196400606909E-5,1.0999775995497397E-4,9.152384268220536E-5
0.0022219731688227075,0.0038324336461448283,5.975012991013955E-4,5.010359608541593E-4
4.6280867333516984E-4,6.740023560665261E-4,6.364333307822532E-5,2.5146076895598053E-5
0.004612446700798745,0.005938225959025933,0.0028611346676921112,8.942497070965061E-4
0.017262400000000122,0.005355507199999998,0.0034382538474864166,0.0010304074730695945
8.805090105262614E-4,3.7982779661102474E-5,7.057093281344316E-5,5.400423384651948E-5
0.03875264000000023,0.007150947199999869,0.003954578212543858,0.0015601184394963274
0.0013365886693326168,6.901430875945191E-4,4.7816228990194E-5,0.0012337377708248054
0.00549455617725397,0.0026071982609115166,0.0012354365644258046,3.901842983228628E-4
0.01283666807955941,0.007272655286106655,0.00517641083496112,4.994754474347829E-4
0.015142239999999862,0.004675407999999992,0.0010506930357239153,6.563160276333857E-4
0.01713288185883938,0.006743569129889847,0.003969592671122379,5.028713876613488E-4
0.01265872478934212,0.0015067961014632852,0.00208014363138786,5.081750089457628E-4
0.02254699003219851,0.002070051459286848,0.002044960978338173,2.924700502182631E-5
0.015253759999999783,0.0021996735999999517,3.1569521838936687E-4,0.0010253559159105752
0.004075194936626721,0.002173500948653109,9.860317420372332E-4,2.2391812083626624E-4
0.007096320000000267,0.002855791999999635,0.0011573167425136255,2.533624193434836E-4
0.0025323612160000897,0.012275431410688098,0.0012654064270898324,1.1957382644989245E-4
0.014379586423250991,0.004826327552540805,0.0013684337717039614,1.0454942651617458E-4
0.020520231310204053,0.006595866863746648,0.001223306046415652,7.713821200580788E-5
0.002239698818966484,0.004074388129823789,0.0013335411231750912,3.091723867556361E-4
