5K,50K,500K,5M
0.0025612249532387435,1.8791200852341343E-4,7.915404122085071E-4,1.389663754870508E-4
0.08323952298069806,0.016635385569814705,0.0014933766465703763,0.0024874325028075355
0.04305820792021569,0.0024067608566997927,0.002034205139993312,0.007617033908830095
0.034810880665271375,0.004680606430494988,0.021363397799608212,0.003403620049016519
0.028287003052986964,0.009232703846991165,0.011940203904669872,6.992841783126718E-4
0.00853527400039806,1.8649218350132592E-5,9.404141172667738E-4,3.51754265803327E-5
0.08092721125676362,0.014067928777961298,0.00839370146180032,0.010737722921709245
0.014383249155720442,0.034656485844075685,0.005089208707678726,7.607319414975761E-4
0.0010854169113085092,0.00732160755628873,0.005962722310459028,1.295784595460491E-4
0.049029346772338625,0.08131396293218776,0.03196299586831407,0.004312541426723001
0.014821669943616575,0.00841224161245423,8.338566011090518E-4,0.0055003644877786055
0.08180304447872296,0.0027605002729257453,0.0027096311179001277,0.00499991842152725
0.02123168890868149,0.0010808125200795638,0.004105628278688489,9.903564774569927E-4
0.009205598544907986,0.0029640522779134032,7.4265338450306E-4,0.0018006396456444636
0.11627553830380942,0.026432382342497472,8.310829587221379E-4,5.29603188197706E-4
0.004095205626693071,0.003142568300823442,0.0013939888467071502,1.303243196808012E-4
0.0802502946819529,0.009512921552137166,0.004724245913429558,5.575183474509084E-4
0.040084398312728343,0.0010853933291866318,0.0021356687967595506,0.005200496441775633
0.023963775258246146,0.009513865511259764,1.0947829747857865E-4,6.897361177312327E-4
0.015263545002739739,0.0024670200383779583,2.8788562125089936E-6,1.1821582235057455E-4
0.001801140456396487,8.23690891606943E-4,4.677980812504062E-4,6.069236809840804E-4
0.0013333333333333717,1.398776454876923E-4,0.004480757081965492,1.9883263071895918E-4
0.005465047119519061,0.006806179936268183,0.001741641190806938,8.652899569077052E-4
0.0060845831056434395,0.0034027616127444036,0.001153976019148535,8.038569491813948E-4
0.028331288460580802,0.002946241157080849,0.0026811467414900856,0.0025732078558457993
0.036003354422822605,0.03150281148194631,0.0025824359177118866,0.001138481499597076
0.022427958767292682,0.0025144462478979995,0.009517333278008381,0.001379026394014907
0.11871378112952179,0.04051423992739961,0.004828281912481132,0.007877101841767693
0.0643361299509877,0.015823375684433746,0.003799897474412468,0.0021230655807128493
0.0043803008128525415,3.2934199510323476E-4,7.038660323771171E-4,1.496876462040352E-4
0.005145820854567776,0.006107552466622897,0.01769790229272927,0.0010276602677588287
0.008429749890430209,0.0014023172874831663,2.3829332845328206E-4,6.440210425920958E-4
0.0018181440872059372,0.0012743829057784036,0.0013482203846590447,3.7022089079045734E-4
0.0017777777777777052,0.0014483674765973663,0.001418214904952543,0.0018817946354888883
0.06680976245602191,0.013578366225869923,0.003464906082385832,0.00496461123656183
0.0324839978739649,0.006792999216527374,3.807989048611533E-4,0.0025811439573684256
0.052178020103420916,0.002334351733195834,0.002778754806182869,0.0012090520632261632
0.0337012475512076,0.013178085916580054,0.012192960126692317,8.059504061172573E-4
0.05600000000000008,0.024517057953045707,0.00520763466070287,0.0021846247834965415
0.07114817612887864,0.0020761745460735155,2.15093065305417E-4,0.0012993260839579592
0.010258858914510388,8.91950305403597E-4,1.785416559650547E-4,2.0838462484896165E-4
0.061142493769775014,0.025330768715219207,0.010326830144230525,0.001262885318018955
0.001426434509342815,0.0017216119838941986,0.00884251679523076,3.246722229781196E-4
0.004074501122073791,6.08275904617528E-4,4.747860083274035E-4,5.753018898134958E-4
0.0919009540628942,0.02107395106642155,0.0014043065165989512,0.004259732623916329
0.009190791876484252,0.01295010429574876,0.007690576908685505,3.1047777127281393E-4
0.1666321198779895,0.002085277289026409,0.0010608737431585683,0.0026818646925959857
0.03657697738858689,0.002566270629633225,0.0049248709127316034,4.722581862875826E-4
0.0028324642562336986,3.080902627627735E-4,6.915376776632009E-5,0.0013859427615045973
0.019685062139663045,0.005965726298579429,0.013445356491114677,0.003233404718175573
7.977239269370191E-4,1.8417905135191954E-4,8.9349230269938E-4,0.001715337545255029
0.041889336577522245,0.011774493278159744,0.013458846746545997,0.004729969809713803
0.12428842234064297,0.03683371390607691,0.0036478607694746873,0.006836257615265979
0.06269186361386736,0.022528417177302182,0.008423507081080223,0.00110010070573275
0.014969269759118404,0.0036511503699942333,4.369248475253518E-4,0.0013437705035162168
0.0039354876381430415,0.015525065070707306,0.015623726924399934,0.0038032905023424757
0.06263300367875362,0.02796795595370871,0.013720711886246281,0.025471985746706213
0.018794946357417554,0.022035939955902913,0.007036936702223465,0.002317867032406048
0.0,0.0025261488069906746,0.001515281399369628,0.001527032311202936
0.010889110946505774,0.0023601560305181743,0.0011662756434077475,9.810685768367294E-5
0.02774374592803961,0.0199091423284445,0.0025271499569710703,0.004782757621932141
0.0019403590014283106,0.004866090224810353,0.0026787077131418323,1.1670380981125813E-4
0.0060727911036956295,0.0013462464181800385,2.0531875659318775E-4,1.7267167277848643E-4
0.222564781327067,0.023264020576603307,0.023933905766465025,0.005553175348519726
0.039161920912962875,0.019546682380273322,0.00153657993268874,0.0050684348654328505
0.07561432176135367,0.018701529794551718,0.00457339724290686,4.6309064864124655E-4
0.020723640635545566,0.0016479187774441685,5.357010139655791E-4,7.710679201905915E-4
0.0030230992405232662,0.0015084103111810774,8.463910975147859E-4,0.0015852182577029991
0.0012328475534651656,0.005839519842811896,0.002927619564232175,9.52625413272197E-4
0.003774150425336149,0.0011544839551219973,7.309291719066853E-4,5.606085794866119E-4
0.005069689742699633,0.002376945413940873,0.0012524326596350954,4.538702420915896E-4
0.013953680914891036,0.008336387009008933,5.753545287557902E-4,3.6209107676568017E-4
0.0036014289698399855,0.0013238233455890318,0.002427172063841724,7.326331791899935E-5
0.00329414727057865,0.0024188022630676387,1.949331370479176E-4,4.97516539080567E-4
0.0028565206864078923,2.62901991105254E-5,8.053995738976458E-4,1.584463684379427E-4
0.017177752654180777,5.373152628956163E-4,0.002527753275251779,5.956293562609224E-4
0.10508553260885384,0.011645665898783073,0.0013310662083286266,0.003085545381370739
0.06661130017991805,0.0068129367689189185,0.0065332858115008515,0.0010716550133926814
0.017367358230232645,0.0015479955496513172,0.016376352884414577,0.004942844112005709
0.09143783025406875,0.00753475620391758,2.2229607300895473E-4,0.0038774459635049843
0.006708695777554353,7.901718480142456E-5,8.743789532099996E-4,0.0011248237849157657
0.16698659193534762,0.07557970176506935,0.023674518465736493,0.00554039631705332
0.061440334534558126,4.1582509057610454E-4,0.019669359639504364,0.005025955764197385
0.05478044692704739,0.007929051365154767,7.076202853124092E-4,0.002135367120938249
0.04807591676198225,0.017025500996795548,0.0027567611214802117,0.005605430381877275
0.13841175206937698,0.0013504116199940814,0.010411124459906785,0.0067623738050012604
0.10352716347869498,0.0022589332591504297,0.006451594847974498,1.255092508424013E-4
0.024609431867129397,0.04954940610625728,0.02240433093963599,0.0073718591163699195
0.0028945114127725555,0.0011958327030218477,6.173676632939509E-4,8.76654904920786E-5
0.12044788035601163,0.029654036861723073,0.0016954612815417336,0.00495346814183154
0.123728492399404,0.03422456743600733,0.006505159063055662,0.003212209678613004
0.01190449150663985,0.004253897851278066,9.661333653212911E-4,0.0011063669304238674
0.039225022368163366,0.027192779743650673,0.012741808803541404,0.003967307449005918
7.527956161304233E-4,0.002441638811618771,8.314244972230302E-4,3.0119405887019254E-4
0.0010107244425791714,0.03363828290241882,0.01344536520389426,0.0012789408718706491
0.008095077838063337,5.549343085677342E-4,4.44747125011466E-4,8.64611127335058E-4
0.001053241850312063,9.019890599114355E-5,9.442520909745129E-4,0.0014594207852211872
0.012950092806955964,0.01246147652149386,0.00569778043515452,4.250363848402738E-4
0.05318543632384104,0.024436904082221936,0.008490751488205044,0.0016495908647189278
0.07446351429296491,0.014875307555948826,0.003674533369456784,7.132612819092242E-4
0.06327810627826361,0.0333534083435713,0.006027491432040353,0.0030542582389989016
0.09276750047651318,0.006133358030077274,3.183527555852222E-4,0.005078870225245648
0.004936501846317514,2.869456382056531E-4,0.001830649702169926,3.8289392206016643E-4
0.23990197069807748,0.029567622483190913,0.006504640155974379,0.0041248883239205815
0.025474890504567388,0.02228461547044353,0.009156063098949991,0.007245215629165687
0.029874997367713017,0.030102659892314823,0.012878466733449322,0.0073969670137861996
0.013385573026149405,2.477753425108297E-4,0.0017310065689528436,1.8521591596847053E-4
0.009789729907514573,0.06667283307625957,0.013380654905118484,0.01071416335748115
0.1701334563109329,0.3153802426518221,0.13145637281999947,0.01756442591730508
0.0025863706110071908,0.001562948773908978,5.2388827609907E-4,3.5804458629440963E-4
0.029391950812432257,0.012245922481075994,0.0010476183036617443,0.0020281207486064034
0.023347573328742564,0.04789213715734121,0.022526152560020263,0.007361634334859261
0.06024793601329852,0.09621892852965183,0.05217129161479427,0.007845729551418332
0.049737957948051956,0.004686572947527797,0.020710276963886495,0.0032228001774797423
7.530142759852737E-4,8.263349679429576E-5,0.001518943529904873,0.001343394520269412
0.0725803685299086,0.02704795383537694,0.016600076292342756,0.0069656317049690405
0.25677290141441317,0.017100506412177273,0.002627766076743298,0.003640335957952783
0.00883476497583905,0.06123203014158118,0.011634444234404647,0.008527373404242278
0.08335238184928821,0.01949985978684012,0.002824279306584455,0.002990140672800665
0.023792503811402212,0.013050225585095263,0.0012572385789309483,0.005298380931612893
0.0013717032251237108,0.0029687301459575335,0.004086396866429543,0.0010567432319015407
0.006438536507351598,0.007033274315747923,0.0015047104340696843,0.0022016770452353497
0.32229994098515563,0.2905503063079484,0.06180131743084821,0.018017102231001076
0.059873627622048876,0.019323254352698667,0.00831480802150618,0.004904603129105812
0.0049985258465939045,0.0014543940158648115,0.001443635669570064,0.002006961052791228
0.007692919232622465,0.003695909550985978,0.0014517241678543454,0.0010570197702063939
0.0032476290671038066,0.009995799856673638,0.0024503409867130985,0.002129137194474105
0.0027448988015662786,1.8001335900954125E-4,0.0015524446016413564,2.7724757572766346E-4
0.021784287072207097,0.013278238006499679,0.004185517326732872,0.0018819511211101792
0.018672709923305192,0.01482070063027916,0.013229461041882478,0.0011601175920158407
0.002186602909592075,0.0010724190408371414,8.283211966786118E-4,2.4457605185011127E-4
0.03017912292251613,0.013699274926669289,0.0032317543218776563,0.0024037465714122244
0.004274604493771194,0.002409127476899771,0.0019049654974916828,0.007331597465083213
0.1100702826315192,0.030008377722984047,0.005483581900815421,0.001684827652639838
0.025189379975282047,0.015292785822360053,0.011954541699654686,0.005511653574097669
0.03840353360951686,0.014145259730715013,0.016533959219570373,0.005760232760177237
0.011509422665523657,0.05735663204409396,0.007000689505918306,0.005472683388500482
0.05085381320659026,0.016639695924539073,0.009410540362334557,0.0035466619817747388
0.0031559507905312327,3.7968973548629215E-4,4.2269435031652296E-4,3.4731001114630527E-4
0.005141286341461972,0.006522804559983831,0.003298634228576959,9.498701084806974E-4
0.00535467491517006,0.0016370753064562245,2.4916886782448824E-4,1.588455058675366E-4
0.001426434509342815,0.0019411059227732068,0.007252905269512738,7.385708365093673E-4
0.04153161217246458,0.008925585231590727,0.0016977116399020324,0.007836951039933942
0.09058312802040962,0.01606879100780325,0.01986279009479615,0.010442655573554149
0.05621916118854238,0.00616627287360114,0.0135131720420607,0.0076559972933670055
0.023070884350300833,0.009000976303030504,0.009239589933049946,8.848528936443289E-4
0.10247809371287088,0.040590957841385215,0.023028482455134964,0.004388074070604962
0.15916016488167278,0.026915845090692992,0.003948593193474004,1.9161952735847072E-5
0.024486294804355987,0.017890751104774977,0.005829298373721116,0.004217629352885761
9.583227513270113E-4,1.8061167064105672E-4,1.0263613564203279E-4,6.129247576773484E-5
0.0034990790477650944,7.26393285359205E-4,9.2743015393925E-4,8.044728532125282E-4
0.19400541905734914,0.056490234695363975,0.024988375737220684,4.601786676571547E-4
0.022342594046632934,0.03907681616296218,0.0240732600522957,0.004656788184120526
0.0027560838309003584,0.037110818718270204,0.015798363661859015,0.0029650993796131488
0.04027332024336299,0.011913660232893367,0.0017529655290250933,0.002936073056655124
0.07987872747219209,0.009466742339472476,0.009377272962155389,0.0037705893248463234
0.016762331409351863,0.032291244356494934,0.004286827417302341,0.004628232626656128
0.008422920005429149,1.487506344895985E-4,0.011117448843952315,0.0019458134416250978
0.20987202358905266,0.10935273889617646,0.007853245790397,0.0020869222072105714
0.00800000000000009,0.024831060818105433,0.00217420845223526,0.00247689168100515
0.12710276449108232,0.03334172305549395,0.002220593527574721,0.004399547635036337
0.006203023238351948,0.0038487578050611236,3.941770464911953E-4,6.719088324092817E-4
0.10187619112611282,0.009546618154703755,0.008151219042320119,7.620408452042707E-4
0.05152892459398117,0.016953163824075832,4.83888954221106E-4,0.002254710260028175
0.05399132717774691,0.04198277480894367,0.005373176250719134,0.0013292537478583359
0.004071421140242028,0.00882622308050938,0.0027430575994266395,4.9215994805098475E-5
0.0022006592577124458,0.001249824590299273,6.929424327376589E-4,8.94928031453003E-4
0.1549495282148875,0.051006731586239105,0.006617632050794551,0.002975083814407838
0.07446900358033734,0.004170070449745582,0.004822301899925844,0.004180190824170536
0.005864020378562177,0.005512990698088683,0.0023787544402793298,2.9175973961925657E-4
7.040936321443352E-4,0.0010127499991179085,1.677870967414969E-4,8.08464944388374E-5
4.6987505792179786E-4,2.964900945099344E-5,1.0918201393710519E-4,4.204242257504405E-5
0.004473057093620112,0.0014013618259762232,0.0012777332480325852,1.4053767946317907E-4
0.09718290925963154,0.02914135898107713,0.0013357239973078765,0.0032883535175097993
0.04200920211500041,0.00826802249260183,0.00411027890441624,0.005295012155239958
0.010414663161986337,0.007752663709147235,0.0016926856454185567,0.0032780543285076454
0.00400661658052531,0.0017501607325323435,6.958981961894078E-4,5.422740796880733E-4
0.002264152382360716,0.001230265056651597,0.002542898183609012,7.957223427648622E-5
0.004237008344713842,0.007171375518920005,0.0012877561198537755,0.0017270807966143728
0.0017393496899595503,3.6419014009286176E-4,0.0013910315994874111,6.245162573532024E-4
0.0608456732783915,0.021626266209939984,0.0024063414170811953,0.005872009369623193
0.012853450623357352,0.0024987086794445793,3.0346420712520553E-4,0.005164766999985249
0.00799807821991659,0.0013853147195007681,0.009686434900156972,0.0011932248140615967
0.08930601404937524,0.020565104658932975,0.016724902734668135,9.726698812302689E-4
0.005656581964965157,0.0034486467005789365,2.0187070960375422E-4,4.563917307142227E-4
0.018555197681715523,0.026372060289082074,0.038387882121840196,0.02889247249708794
0.012777038261339945,0.003449068326158494,0.0039372296912143,0.0010489656303687724
5.980932985086281E-4,6.995116064973419E-4,9.681602620430181E-4,5.73332072174835E-4
0.022726208320262464,0.010729666356119194,0.003631373152765526,0.0010932385373861385
0.08562213954702669,0.0034312674363224526,0.010408137450164657,0.0016010259134667138
0.2913619948101801,0.02241412140478084,0.07549032091957865,0.028790536198249044
0.03175666220562661,0.017207139043668867,0.0020521882189297397,0.0045089423495586044
0.04240079236605141,0.014938463242129989,0.00164280042756692,0.001319610178007803
0.04104609242310696,0.011400110758038583,0.015463668035188753,0.005860635200843155
0.016993375901327188,3.7692435899948427E-4,0.0028270583225574078,0.002277457285040487
0.025673602612321468,0.009844262060455309,0.0054266924791480705,0.004467950708298962
0.026002559419772264,0.008390372448358122,0.0029449052439929884,0.005437778919563376
0.016595339988313727,0.03926791180355215,0.010080471680149253,0.002543395011825865
0.12202409271144407,0.006917748276254709,0.007027553598623102,0.005364666055635702
0.0113114912632725,0.008233244641930228,0.018035565476815812,0.00415298582690027
0.06259059269295711,9.24696490056434E-4,0.0055012765401898965,0.0032088831339094907
0.03509482073834371,0.043637382733504176,0.003194303172639243,9.279500140252894E-4
0.004590969591285151,0.0027075410288708436,9.728492074337974E-4,0.0011798381781261337
0.19034184574566673,0.018484838446869302,0.004948959994007354,0.003219599586676745
0.023151915135813647,0.0023484757946276506,0.004720056344594471,2.5013836917197214E-4
0.008719321045484887,0.016484604437348383,2.6681069011503166E-4,0.0015612237804908348
0.009538039663043828,0.01481641617436891,0.004247618078402112,0.001269877609661694
0.018852546620978874,0.004497189864649487,0.00488079517340436,3.523524087275806E-4
0.0030043145438188763,0.002789635092552223,1.9505825019651408E-4,5.111694438123562E-5
0.0841663438740465,0.01811747213017172,0.004744429596083566,0.0012928154571655386
0.028153564262236277,0.003353117726361477,0.0042371955220120395,4.538427427774953E-4
0.02056892501573255,0.00673552972005643,0.002348003022614371,0.001218857571147187
0.014902946772151574,0.0119478965109236,0.0012502394315386735,0.0014483017409202055
0.10821487791207691,0.006085134977167738,0.012205296833952375,0.004768445964353712
0.0058646154834392505,0.0031068610195557193,1.0675988006478378E-4,5.497447014446432E-4
0.008577418991301551,1.5918395747174495E-5,0.0010166667186717983,3.8470017153256704E-4
0.007258711479865285,0.02545076550414641,0.00978188554792992,0.00476444436417337
0.07812072058292376,0.02365452313120591,4.608642433282545E-4,3.9352446586817853E-4
0.02596264881476891,0.0037884343143070485,0.014764035584958188,0.0011974673012049913
0.0015795133416505818,3.079067619835119E-4,3.948433382565098E-4,6.834689285476077E-4
0.03788242301866918,0.013163193990071683,0.011706052014569349,9.47041694478542E-4
0.12404875220939762,0.04849037090951031,0.0067428091116953975,0.005875918551086042
0.2813769386502559,0.0046757813716604354,0.006791781548128009,0.002940997375269392
0.10164953923378277,0.004878489296741402,0.0015605360355225504,0.005188933157049176
0.09120882394673661,0.01737198883898477,0.004821782721204487,0.0025196588763411565
0.04030149072837756,0.009884446937517775,0.00837167246001827,0.001374099539772235
0.19425499918963846,0.05744228479202257,0.025125933442774157,1.6831506031489643E-4
0.006053840923058834,0.001269199496617342,4.595542756724927E-4,0.0016615328361186052
0.15917031318195154,0.01821804835896429,0.02084036801135419,0.002502096923917297
0.06690636664279204,0.03751405076843325,0.0038827070371685625,0.002628516371521562
0.07879110662309169,0.0016350016207842735,0.005976196240596442,0.0013412333955664583
1.2421052631585527E-4,0.017095404436004435,0.006869418392403608,7.905392818403108E-4
0.03453901941128944,0.013408342520287575,0.0011790106987618974,0.0014929418614814873
0.0042042343312628854,7.962279232809412E-4,6.501280322688253E-4,6.394864374322233E-4
0.005032450825017807,0.0024418111778253997,0.0023034282251676724,9.703770928126556E-4
0.035964597877722916,0.023632954922438117,0.012770369217643351,0.007998617447778864
0.0024434536231792594,0.008018447146538184,0.0035075860167685714,0.001139042832678568
0.05019827922949386,0.029782061373051335,0.014928699533273507,0.012383696171680348
0.10184454543480101,0.019953402145168934,0.015242267752698125,0.005402385063628635
0.09978685506949718,0.036917696253175744,0.01506414850071676,0.002983876626386894
3.018585497198032E-4,0.006257846961755923,0.0010253113607272381,0.0019380064533475198
0.0065974817264207505,0.011164625309571683,0.005285241633787648,9.350437150773219E-4
0.012287809478212815,7.36808786692405E-4,3.634052678863684E-5,2.8025745113956707E-5
0.025085858587480078,0.048195932158937624,0.01368238661802818,2.4758385180624555E-4
0.007340692162940077,0.011602470935693651,0.0034835299458377787,0.005354693257225929
0.07637983839358155,0.006259833959697764,0.007120359782543371,0.0016401178037322558
0.11251155160598834,0.030497980928277862,2.7119842801200263E-4,0.001906861490269935
0.0707626175772405,0.027386199624035525,0.005118345839260885,4.2608558957272087E-4
1.4592353642680337E-4,5.449012049904264E-4,2.205583378924424E-4,2.470789201667763E-5
0.0045339584074868145,0.005157467867497268,0.017474738560370077,7.744184027831986E-4
0.020583553285243045,0.0025858459126674926,0.0011050586193494848,0.014827678416732272
0.020000000000000052,0.0012796417003239913,0.002778094911900196,0.0015930593500620982
6.344122050481369E-4,0.004336176265265801,0.010206869514407363,0.009229701008077082
0.03871624952306132,0.04743334586487219,0.01828898690692828,0.003270663012725782
0.0014193449924573246,0.004335818352106564,0.015454573007847305,8.23628068632255E-4
0.017656273475447855,0.01808819335283558,0.008831835603505582,0.0016639051911433774
0.00423322125864782,9.611982411949395E-5,0.001619366829900358,3.161878710374834E-4
0.03981782104471595,0.0030630069473014444,0.008148938036341789,3.8730775562260755E-4
0.03296412033477858,0.019154443861512726,0.0012816209695288808,7.52011241931761E-4
0.01942005913749435,0.057462269939834665,0.010056280005789044,0.006745237807994159
0.024160914467444675,0.008838926264126702,0.0015301340181520491,9.214849158570309E-4
0.005041093452257432,0.01052957996901356,0.0046149831420575875,0.0017417894784843655
0.024993445595150526,5.719998911713846E-4,0.004761678167049858,0.006257179640980713
0.018672709923305192,0.014983120668391508,0.013304423497840353,7.979559681225751E-4
0.018521775617113295,0.008715539600735431,0.017619655489079414,0.0012606599532935477
0.03080727895917704,0.005965153071800902,0.001262493495029779,0.005001056081385883
0.06090519723139835,0.025782603757052467,0.01535259136296744,6.96947417105511E-4
0.009633926664747843,0.056600868317107776,0.009378943094581219,0.0037614146135863855
0.0029645256639591676,0.006554297510727861,0.0013576451441806574,8.138664515250046E-4
0.08119569335571386,0.01837917078917115,0.005262734254536206,0.0020652156031468224
4.0404040404035953E-4,0.0011458721567131067,0.0017711439601646832,0.001184076217684554
0.010324431663556954,0.006665808629191191,0.001491633398828232,0.006263616130628272
0.0036911538007178297,0.01355253044227726,4.61165016539478E-4,9.190278578445486E-4
0.018815314460321707,0.021110500809465478,0.014372702403041854,0.005386494836720008
0.04286258090597726,0.01486116229636138,0.0014161045829700798,0.0020712844234196
0.08814839848228258,0.01069804082093677,0.00975375565429851,0.0017771351817215237
0.017584791971679503,0.007102212850860419,0.019621042777673316,3.6040013696050536E-4
8.271784385404449E-4,0.03575862762177568,0.015000427251438395,0.002182543683914317
0.020672093676728027,0.03995909252157738,0.020283234283246805,0.009811881935180983
0.023690013842865208,0.00307706441085481,0.010330324311116915,0.001582189948786913
0.02498565614137278,0.00795673487830998,0.009075611389089513,0.006257071505643944
0.009039618572763756,0.0014152802435331816,0.0012307250007765913,6.935174357575909E-4
0.20587609724634665,0.0027409244737436732,0.009146743134515332,4.540588689585134E-4
0.05086046884641854,0.017189624780327317,0.016092451418062752,0.006416032312736909
0.012071830582092135,0.0026882902637264043,0.001957559166950751,0.003613846699646509
0.007402229054280223,0.0037058378014574135,0.0016648565293098457,2.2958380066368084E-4
0.0011555646008496827,0.0012367225321910796,0.0011361600324783924,4.889987024071449E-4
0.02378357078678129,0.003111571920959865,0.01603122425161754,0.0021581324507567055
0.0026839417754318984,1.1696743330202189E-4,7.354619617848235E-4,1.6909249909130225E-4
0.025507517100676693,0.017332221677674765,0.01341585251935386,0.005549112764377938
0.004949272747695863,0.002282891016390952,0.0014268261084142849,3.205398056269241E-4
0.13281829911857945,0.08467513095752753,0.017965416735857127,0.0034588428133250516
0.03585923227920414,0.02198458606218515,0.01135124853871911,0.00418232849468579
0.01111215188498803,0.019300627511958972,0.002431969815547811,0.0024256073496496514
0.049561913155952736,0.08170731936774206,0.032433230766112826,0.004889211550968493
0.01692762023867394,0.003945401351326429,0.01231118582363505,0.0011550996673264202
0.01857280899928193,5.478454277883489E-4,0.0023838324416589436,0.0026104491190962428
0.13001309350343876,0.05384972713062277,0.016269636057497386,0.008623012137714641
0.1606223379481111,0.03855632999134791,0.002218275648413592,9.721919745314064E-4
0.020012210182183257,0.04256035147201053,0.020364663859638518,0.0032980990518944346
0.0915123227625806,0.01388903228300215,0.004813442104546819,0.003581594558121521
0.03648114071533494,0.0042970936694856805,0.011528368965395766,9.266196595032541E-4
0.06642498547597143,0.0064185400792586104,0.007293054701279595,0.001394432400195428
0.003887209362105914,8.354300843556868E-4,7.931498959566508E-4,1.1422995228430983E-4
0.06611565424695656,0.009010610412480724,0.005685841248067033,0.0027816743502089773
0.04561509645532231,0.004381466215527826,0.006278271179566636,0.0012413898171993415
0.09906382978723405,0.07819601621093092,0.01942412334054342,0.011032215854367504
0.019887209781209916,0.040420853404990256,0.01987430747175415,0.0035964470225439095
0.04577224454843435,0.01760675357807044,0.012431444454296156,0.01122617223819372
0.0037910941804465545,0.002627939213006625,0.0042241020157787424,4.96371599796588E-4
0.05132322636880665,0.0010959842659808777,0.00674140028454933,0.0011431804094166743
0.02984034747358427,0.013039783463796934,0.0028680997311850164,0.009374394098028234
0.1534572356968196,0.046255940402510715,0.008516616379512912,0.0015578848026405704
0.0014704840727463536,6.345630898187232E-4,1.1434444562558831E-4,7.35869459245993E-7
0.19776197728562184,0.025883650290296604,0.009960289900281118,5.002606717728487E-4
0.08409108988773355,0.03629283344974223,0.0012857077435358996,0.0057338784934223425
0.0033995143282970048,8.388694995298866E-4,0.0018352818617762435,4.5442160448795434E-5
0.02211039784166671,0.005948859169208973,0.006557616672277897,3.3172346602190094E-4
0.009583991822582872,0.007023182250496763,0.007948955819729932,0.0058249450102729776
0.036071382114359195,0.022866694028597145,0.005907002316882913,0.006076407484545735
0.0016161616161616626,4.2288010544209477E-4,0.0012365264115063866,3.9117296427537246E-4
0.014458433190278036,7.666166892540155E-4,0.0010546736874327254,2.432726178394608E-5
0.0324839978739649,0.006390273962335773,9.061205619291392E-4,0.0028195024876811192
0.019001900965715822,0.03248451529077125,0.010244902416582696,0.0029629272765602076
0.0036949948453145936,9.86639476361013E-4,5.471294468801452E-4,1.1191640801620606E-4
0.02216267279159064,0.018168369690590366,0.001718581152799159,0.006043252906781472
0.08342093310439753,0.034858013617035874,0.002891649269905415,0.0027986540289178926
0.03681899629519852,0.027745481594618898,0.0023605169758629157,0.003178097607651556
0.1221156122471641,0.032011284004324576,0.006629858305330879,0.00590352758335436
0.089592373177096,0.009085598244017988,0.006574281887606895,0.0023761967517501024
0.023150090546166787,0.015630555541066512,0.01427358592687835,0.0013446531082616246
0.0986645078312353,0.005682918285520341,0.007011597993731796,8.317815539637754E-4
0.09174042738233303,0.04273572058924185,0.00888294224265915,0.011734712079570104
0.140062298087362,0.00840403732661201,0.0026894523216628866,0.006891626001900969
0.003541857442377422,0.027791391800459985,0.03699479103261903,0.02535077609276394
0.022363011889090394,0.0013133200966899178,0.002233191499404779,0.00217043205712811
0.07516424550923835,0.018571466138608144,0.004669665102866611,4.7817106480507884E-4
0.01908994303117494,0.004522518547351914,4.203557791590786E-4,0.00370470717907309
0.1365423496651958,0.0030097119738628493,0.0012026302732702973,0.013253534685501762
0.05614282890980225,0.01625664754797386,0.03322381207101696,0.02126036350476317
0.03931620272193428,0.0190394506169221,0.0013330520071661903,7.42103894193716E-4
0.13523433018592307,0.03711898816471479,0.010607266113358093,0.0051500813940494146
0.008500601276703256,1.1768584320919459E-4,0.0013583534800673965,2.4204877736652098E-4
0.015516968047069134,0.001174786089980851,0.0014551710142957468,7.651678729278094E-4
0.029567649460684346,0.01675238317750785,0.0018934117324638747,0.0014660480693868203
0.10812707661736247,0.04773862440734844,0.007555163671602982,2.565841769295698E-4
0.014693486656023467,0.02551586852344131,0.03919168793696251,0.028743681393376158
0.004765242362972477,6.670535174261057E-4,4.3908041934921573E-4,1.753229975432022E-5
0.12444732789309781,0.019800323797348918,0.01605447100750209,0.011248355058562608
0.05421773309178135,0.042544982695513406,0.02122190239718177,0.013701460025208466
0.01785841736253769,0.03204327770625013,0.013616160579138559,0.010180957938316103
0.002615892790229107,1.4227633949863265E-4,6.872370083839325E-5,2.2761383203496265E-4
0.05194830279500371,0.013810378491144595,0.007179138001853207,0.00406411104617907
0.046431315645944965,0.008882133850988374,0.009311536365394758,8.982927721357176E-4
0.06279098424662616,0.006428822508743794,0.0020645471856080675,0.0011330850864499547
0.0058575096237796056,0.0011329796912370367,0.0017463880205957816,4.952538030840656E-4
0.05333360183121688,9.960297083438348E-4,0.007476762535450283,0.002848141205036788
0.029430389179831713,0.006663978700815865,0.005977804391515512,0.0011017196727558644
0.04810510653107335,0.032390598644003774,0.015295235302814415,0.013011101204561604
0.10853384951574066,0.011945710056233029,0.007150047880632256,2.9863353543563905E-4
0.10150662223791979,0.020420579426617624,0.0017315426662740702,0.0058635661629738165
0.004708588641076764,0.06111716615257582,0.019185261173179934,0.004116795973313808
0.010928959081877425,0.012702849258786385,0.001612604545895946,0.00588388307427769
0.10300772285267573,0.011450405566626104,0.00750724303896188,0.0015392255323866861
0.012193548030719504,3.397206010780866E-5,0.0015104282789108357,5.134140716246808E-4
0.04974055299556526,0.009547881211028087,0.02536126803802202,0.007999491859663695
0.001030012238148931,1.5841458897128435E-4,1.349899266655148E-4,5.300394858532039E-5
0.03068549516407721,0.004816957892157841,0.01319123952048276,2.279192601032744E-4
0.007863909948319574,0.06121691401487453,0.02469163726918199,0.004963545711844395
0.011150187947656346,0.008233319198136356,0.0025807672999913493,0.0013161206425072276
0.04534613949365321,0.020372782892670575,6.697011119099235E-4,0.001094406706388254
0.00980162239711185,0.061670682335932314,0.017504397084715528,0.007425494249275393
0.22266708751764566,0.12279750321822004,0.010375451775529529,4.3892364632293476E-4
0.03220816721186915,0.04803757370737798,0.01562766747672773,0.0047369972651853404
0.025043569388837367,0.010016549229878059,0.010172067833562759,0.0025393207501327552
5.898833547720665E-4,4.4034281603702683E-4,2.2125670309619595E-4,1.3219024717423406E-4
0.058181634040583116,0.009643423923142243,0.014939187381830869,0.0066745860335490305
0.00473245906609871,9.359932798741908E-4,5.2093733576839204E-5,1.6319256111688282E-4
0.04785384261884697,0.016360871741185657,0.00393909869381367,0.0012908407738473286
0.05183890083089026,0.006082682905405603,0.007101707727824452,0.0023934331835555878
0.05779064145003557,0.012157704836833979,0.009237443983768974,3.8300146675783415E-4
0.049737957948051956,0.004867436620308554,0.018416235614084616,0.002201399582490856
0.0071308872613132105,0.024306247061574124,0.016164297338634743,0.003383158812803688
0.06832018954594062,0.0026291677862405115,0.0029280555556703775,8.620941059832534E-4
0.0130164895974534,0.019426196674739146,8.748342469177233E-4,5.798340673224578E-4
0.0020840185675732336,6.129974648914505E-4,2.1565118957678458E-4,2.12361478662149E-6
0.016888784024243028,0.02723688936606043,0.009391910123717786,0.0020865870634768488
0.0013360284638301633,0.0019986196305896327,0.002244150253036859,8.087685308692746E-4
1.6640667178907903E-4,6.147742785949492E-4,1.5738431555983181E-4,2.643409555373018E-5
0.02877196230370006,4.5819306135327535E-4,0.003639751241722061,6.656543580340603E-4
0.0026362883630012177,0.0012096409634951247,3.4303551382641447E-4,1.0894981729858604E-4
0.014843675032823418,0.003984972735111665,0.006402300912195237,0.004263458456957468
0.11523492962310646,3.8344928261917135E-4,0.004829813408493881,0.002063659608441123
5.552967666654677E-4,9.934691860605876E-4,9.571359303428905E-4,6.0755445652805136E-5
0.06984590207318106,0.022215337796160816,0.002623411963169934,0.006831373652683619
0.0036916572030322257,0.003995727016412429,0.0015350603727960716,5.702934520568049E-4
0.026955286771603214,0.001874364764347975,0.0026943696850629814,0.0012747975106827984
0.0030098079119618222,5.688504036409677E-4,0.0011882469047225252,0.0012396299108164155
0.031459822418345294,0.01563978003873122,0.004658855644219202,0.0014251031447785844
0.022883122790465872,0.012796417233349854,0.008318311708133425,0.002290817281075201
0.022895063494117726,0.005009219350303882,0.005996476973764399,0.0038409336007675793
0.010650015139747449,0.001770183058536052,0.015498155572683973,2.2135265477402527E-4
0.15336834514059944,0.08009152134017639,0.01094019850678184,0.004338771783212408
0.081878945695475,0.01615427978098886,0.0018346716190567347,0.0012958485287841153
0.027757865891113054,0.04960684807825243,0.021849649304183302,0.007316680153455651
0.07325808144131887,0.017497317179959716,5.021572470763428E-4,0.0022759999639212322
0.3229402650134013,0.059317664575627975,0.006772215548125849,0.010816478410971291
0.021838274372132045,0.02984754427536561,2.192530911139165E-4,0.002264766429372583
0.06090519723139835,0.02525646790863391,0.013361666786348548,1.0386964652101472E-4
3.498976678554265E-4,0.0018803857688131221,0.008710742017711123,2.518792136166461E-4
0.10373512940488132,0.012896116258925778,0.008348842006290687,0.004592908879335325
0.020383099767162016,0.01166482402028351,0.008607480182377229,0.0025162793939484665
0.038339877459824534,0.019761268779241926,0.00611003082556322,0.004042487956818723
0.01965253215057906,0.010087129028775269,0.009150752290888246,0.0010305031220600855
0.01539514356891926,0.001141933564946245,5.426972162764939E-4,6.103304671709325E-4
0.0011628355038547096,0.002198565664268243,0.001093149869907614,1.6427830278677882E-4
0.05038937778643792,0.060830979257519964,0.0030498000526530625,0.006491389463011849
0.0014704840727463536,0.00131356122848116,3.2036910043899575E-4,6.320720186819205E-4
0.07640309612445335,0.009202994278154224,0.00452378931127526,8.743428582938355E-4
0.004792191203014651,0.009513417499820138,0.002291642005640711,8.906632665751063E-4
0.05282594290477983,0.05826911119407096,0.0021914390680611118,0.0070790563342337355
0.05303107349672323,0.0017113522945235238,0.015996031024182945,0.004079316737900165
0.0013039575015749954,1.8708133295805733E-4,5.970798209995477E-4,5.378188182458358E-4
0.008038904139727356,2.0628600078760202E-4,0.001332433608291446,0.0011835670429498383
0.0784569572344137,0.03225355649311377,4.3894335249862536E-4,0.003955183134263654
0.10426683258595458,0.045129486618410104,0.008118962471769884,4.664758527296224E-5
0.010140306882853344,0.01220587758471791,0.00582960404649208,4.107925830969261E-4
6.942171113957349E-4,5.057366552825462E-4,3.7459852093259466E-4,2.7300964284363038E-5
0.012823850901028186,0.005556669471469116,0.006537200572891218,0.004135897388523202
0.14338479066805834,0.05130914304648087,0.007740931959543346,0.010949387396616146
9.744644054755786E-4,0.004679564140466175,0.0021105129628331237,0.002109449240588678
9.96155213520075E-4,0.0017698441443946417,0.0017930134255221774,1.9926719936043283E-4
0.008279821947528902,0.005435788242892352,0.002162423728232388,8.302396672875831E-4
0.006663978097124921,9.223560724092184E-4,0.0019393112297892477,1.656486523602565E-4
0.04964716625815216,0.014041857329650666,0.0029050611882285994,0.0024541827822663043
0.0035268670405768296,4.149294558362248E-4,4.314959090037357E-4,2.1796629315312894E-5
0.017873657845049597,0.0027070071778705863,0.005362205349307733,0.003743048000683999
0.0027618609489571096,0.0018191214647939277,0.0011152231061172266,2.7185629912161057E-4
0.004843789124957979,0.011893569878805419,5.899181864950036E-4,8.987633543815367E-4
0.005471597563618205,0.0010623880589823683,7.036714909745254E-4,4.25520931715491E-5
0.03714239520299981,0.00484478967924539,1.2481727279647459E-4,7.002351537874168E-4
0.08987121784247305,0.0028453453467828693,0.021259590352239597,0.004316799267272248
0.006030946542511346,0.06062365531550892,0.009390379639722881,0.0014848875533281585
0.005999999999999894,0.006004615156168051,3.7085976768066096E-5,0.0021122621184625308
0.051405574067818,0.006939795226190468,0.011512274814688174,0.0026612355846549396
0.026728321383434166,0.003646263700463887,5.466908906636464E-4,1.6044872708077904E-4
0.07540645590769285,0.015708473225954044,0.006707839248474418,0.0041304426891015005
0.022863615491753468,0.002316685882165576,0.003293200457920906,0.0014831899952114334
0.008028051084680635,0.007923978650357303,0.0012731078245838716,5.039718439455864E-5
0.001362603113933715,0.01436533815178856,0.007291244113651759,9.878012613913107E-4
0.019337116990341727,0.006319226445971605,0.004106815585166629,0.0017732089229963366
0.06441209134935258,0.010673792381675873,0.004068922875228943,0.001730162027157486
0.11140186354058318,0.028753003505527883,0.01456765823057708,0.007078219451325371
0.03683581913441491,0.03838897736221456,2.1833455845944244E-4,0.007509520719244434
0.1002493966597495,0.02444226830306948,6.589626363970992E-6,0.0023069523050437755
0.03922385966077409,0.02225041286121292,0.01964835633476877,0.00497326369539085
0.046431315645944965,0.009649138181104454,0.012017145024927893,2.1878920140291927E-4
0.04278877970929201,0.016808956823770198,0.01517978702970795,0.0025804802267705537
0.01990995312868702,0.014833780739783977,1.4188776043558803E-4,0.006061669281621505
0.00271399065575822,0.0072047205541715,0.004787464213602082,0.006469828857740459
0.0019531484693031554,1.763836823616654E-4,0.003587212916684261,1.4214915487328637E-4
0.009873755184769717,0.012517734883041089,0.009042946663120473,0.010117646002583988
0.09227001892332203,0.07960624154257372,0.01815783626359371,0.009766910455254647
0.00520440837252558,6.109883840338979E-4,5.22028592694151E-4,1.3043163958162713E-4
0.00836333942072348,0.004522283804415453,0.0038935781711163103,0.0012287153856844625
0.063466097508452,0.011731463871799139,0.0039683429113484565,0.002029846331670046
0.0011742610154504278,0.0024790396507190626,7.642909838770753E-4,3.2002914113841383E-4
0.09154608902844695,0.029413026208028485,0.0032972744411012265,0.0102831913128706
6.146492411756158E-4,8.851373790272831E-4,9.653554147132016E-5,5.262319536978529E-5
0.0023674598906224644,3.440478284378571E-4,3.0769440850390357E-4,3.2192312286659065E-4
0.0021853407111319667,0.003709953009132536,0.01599065245589764,0.0014918164285691164
0.030473380617235396,0.007741123165531928,0.0029794366797925333,0.003188181079900409
0.0714572635995165,0.021010397463943748,0.004231967411129554,0.0077053821075613
0.006647305313759284,4.594808040542908E-4,8.860122397158287E-4,8.841328437360419E-4
0.09558153322860435,8.468233507532222E-4,0.006846760428732414,0.0017675740318035386
0.09373142151249539,0.05549258965951343,0.007844430967510379,0.006981978371602845
0.06869972004280825,0.01724744034726776,1.1494516911092557E-4,9.253350576393917E-4
0.02506703953405694,0.006699967388771713,0.005003068280529663,5.033684784597055E-4
0.03786168870145884,0.01983725850271854,0.048935002084412246,0.0019806682466923086
0.004029530310739441,0.005159320606316897,9.999593890392346E-4,0.0010157463125680382
0.007600540893468992,0.00379625829312647,0.0014247584249153442,0.007123773640385716
0.0012199753393629569,8.272452365387995E-4,4.663221689844907E-4,3.756272637344566E-4
0.13666473167185156,0.008242473146951184,0.01861852004656384,0.0061899948587256
0.030033513484556698,0.004377716775509815,0.0014203621191724385,0.003623358232809767
0.0183746348832196,0.003244714201312797,9.47256393817499E-4,1.4158065183231613E-4
0.004318519506485165,0.001436050045630274,0.0015030850469088378,6.293109789432932E-5
0.07124725582922982,0.006698610654949914,0.002363096530426137,9.433673018220516E-4
0.0018185083154781297,7.135857437272597E-5,0.0019105992787634427,0.0010318074283668895
0.031025950229132584,0.008939881001754926,0.003836990302461074,0.002426399621777588
0.02506974595594601,0.05608737659473903,0.027449362751391284,0.002049371521007508
0.072372406461048,0.02676534694472518,0.009862773150086527,0.003367975541392161
0.016115472950216942,2.3681157234111677E-4,8.93352758296966E-4,9.175812068326447E-5
0.013651240814585991,0.008033543320384922,0.0011981709248175029,0.00395426455674972
0.11100140461931278,0.05662173160856738,0.0033024948270943136,0.006286919361945544
0.09496735823293109,0.004318246791165377,0.0022207956601997397,0.006394353370498626
2.2119448494927892E-4,5.122978216455723E-4,6.602841875733036E-5,6.120943334339172E-5
0.042705596331174926,0.0014518180269555811,0.0030717954274532672,6.476955463314582E-4
0.02516166983654001,0.024848788230792125,0.008217649664986124,0.005975634174370511
0.0025612249532387435,7.941773397097933E-6,7.967030108570476E-4,6.973680957092573E-4
0.06233788185245979,0.01698660220798146,0.036952621567170114,0.024396196361545976
0.19115404363677155,0.03679257320668187,0.007548118821903155,5.35142733892283E-4
0.006769878242137634,5.754900104287045E-4,5.990103877449283E-4,1.0269746756519722E-4
0.0015638925918223555,0.010922269813703771,0.0021779025426099372,1.5454127675715336E-4
0.06442367406619694,0.013433378210886991,9.156187204318596E-4,0.001378002885167996
0.015646486605098466,0.04261300847881498,0.016601029258570377,8.540992238990664E-4
0.029510181830450986,0.019543952079677088,0.0036162802258970722,0.004620307031390955
0.0018037561054314534,0.011236090148070522,0.01758746294409869,9.220693986294412E-4
0.019383821741437747,0.03874398380110455,0.004191497186066332,0.0024201289288553825
5.709852605776119E-4,0.020170421590271045,0.007280324064944247,0.0026153720692201387
0.1625542952549923,0.006725965563484792,5.416623137716162E-4,0.0010139585253940153
0.01970556847981521,0.0050928651588920855,0.001190848109946946,9.241905170348924E-4
0.0790664921031168,0.025682618356144986,0.014347856410106939,0.0012953893753535849
0.08450541057650544,0.035303516755802,0.016611070852582472,0.0021806107563515473
0.010982298429110035,5.228552184412882E-4,0.0017782632084698362,0.002262449454030104
0.020685538232016312,0.0023027569429453147,0.016515951192708166,6.295350117196637E-4
0.09900799894271256,0.027085409265141996,0.010172718353675569,5.869872533482722E-4
0.08914463995069084,0.009263717316163187,0.004014820601784254,0.001318621589758403
0.1608572137042573,0.029464762751290736,0.0036542267907593595,0.008137897968230088
0.047324410121679955,0.007916569035387124,0.006853152958380366,0.002257260087584202
0.1549495282148875,0.05071267318577931,0.0052530160711202825,0.002417422143488236
0.005278026396220203,5.7159609471508E-4,6.058946860628191E-4,0.0018404641968193412
0.016496194016090433,0.0011384186398314439,0.0016535331681824766,2.0572966130116087E-5
0.005278026396220203,0.001272683277420381,2.321362410132213E-4,1.831828052194098E-4
0.002375967951534045,8.234459604186613E-4,3.3362765400343715E-4,1.240894811297547E-4
6.688654136349254E-4,0.0018814745802899742,0.001298337825852578,2.47867927574808E-4
0.006470336946130632,7.75400006206923E-4,0.0010152778036972663,3.7470002907717204E-5
0.09350757648706189,0.0280535772491423,0.006608160705281558,1.6071975709886332E-4
0.03957160191318263,0.037389739531734946,0.005011965105530469,0.004884283415872647
0.038857897772898324,0.016897497998565617,0.011866751649148386,0.0033932528195263893
0.0034911783441765247,0.00750335921507405,0.00340003935395556,0.0011644424012187886
0.11927061533895032,0.02112037542609925,0.009580934207892725,0.0017209851497233337
0.005544960715799885,0.001161216215735592,7.910579374429592E-4,3.9040611203322877E-4
0.006605960854317671,0.0031109680594409643,0.002264276640764856,1.4164469673560466E-4
0.03953153275785949,0.0024612556483523573,0.004286382880090969,3.321560706194217E-5
0.0020209828564083116,0.004100665191943179,2.3734879148191909E-4,8.058267279295972E-4
0.05864724589288678,0.007215175514014601,0.008102024467686193,0.002658464115256763
0.03156710677166404,0.014834639829173,5.32009105148175E-4,9.481983245514692E-4
0.15995560988599036,0.01081688751947093,0.004649080721163221,0.00359283144858665
0.0734285952494678,0.020621369681454862,0.0028532393323109644,0.0022115977751280737
0.039510811449736,0.0017679884670933285,0.0028022018463031754,0.001099622281561517
0.1144943521780618,0.045154985884857474,9.711529738749943E-4,0.007059972699418406
0.040602174528746725,0.00922567617676754,2.438292954415182E-4,0.006209378907788845
0.0025021366964555086,0.003899411071705163,1.9429536368070882E-4,2.3167399286513806E-4
0.004170184492419513,7.026924250609303E-5,5.534704991119091E-4,1.1160296253616386E-4
0.08504242060144152,0.03146315766681408,0.0128031487987785,0.02417308997456108
0.04019296482412082,0.005032481551675989,0.007340745315239464,0.0015546687928372003
0.10826303412403557,0.037938507291289225,5.6279350717392E-4,0.0016169829102630137
0.640005274915839,0.046436739410258235,0.01525791905234612,0.0019161380214145216
0.10437486091995109,0.013897168391783118,0.008670838520152269,0.008166340031709483
0.1624586413250669,0.024724215367852024,0.015007166966213466,0.001831725450320385
7.043432274663736E-6,0.002381137387692795,1.9090683013617277E-4,4.033345229755638E-4
0.0010315104190507394,0.00231396090287691,3.6998781143695686E-4,3.047929936732947E-4
0.08361789917251183,0.015694129594740865,0.004119779444373046,3.1977310880925233E-4
0.08318487545292029,0.026027952955925474,0.0043445059659886235,0.0012433621345553324
0.0246556203984749,0.009677019531683742,4.9255938112899986E-5,6.666242875543031E-4
0.011999999999999974,0.0015202952116762556,1.947018110481924E-4,0.0012454241539118969
0.0964446136882408,0.00859775425300359,0.0039384904290021006,6.836661521411454E-4
0.0024538815868966183,6.494189798380502E-4,1.6596924401250573E-4,8.28221537506574E-4
0.0017531808793694913,0.0013320449292733886,8.149773565231425E-4,4.768057791598181E-4
0.00486526370077625,3.0735852857654596E-4,0.0017468937258795795,0.00142060962789179
0.002855276793558797,5.63270242009272E-4,6.359536417676647E-4,9.602802937824626E-4
0.06805253197016756,0.0511589128786247,0.010152202953787274,7.48572207514053E-5
0.04891032010091925,0.012152499801285443,0.0022080826430690677,0.0036803314243864186
0.020000000000000018,0.008275465962722939,0.003749237657941773,0.003924975605314185
0.039958131673210266,0.011057480825726369,0.017436991840720742,0.006094468009298095
0.07646073479799755,0.007733420028102111,0.004163372709382136,0.006164371193640607
0.02975123014824443,0.018347277674105482,0.004640068761545828,8.266360007382837E-5
0.07145726359951639,0.021831559766229077,0.002317216713589562,0.0029706100313453593
5.069544132476829E-4,2.659184867304444E-4,2.2345103724945593E-4,2.3893376354091134E-5
0.0014099573213920138,0.0013468368256730294,0.005064242120216581,0.005512718421406845
0.020804070312396044,0.00738498068644671,0.006720397214029009,7.197045761517492E-4
0.0011708223042112887,0.0021693893990815867,0.001816180214480483,6.857118594644925E-4
0.0533384595821979,0.02909471356893801,0.004809417499812289,3.754764470750675E-5
0.02898533509059127,0.021644544019858766,0.005747456323744969,0.004630240277079724
0.027817983831477128,0.04925873624643569,0.01641683318752404,0.009269034886730792
0.04975768549693621,0.02801042428597293,0.013460950509723497,0.006907900331127348
0.03610067482913128,0.048906425557509695,0.02456435520454551,0.012249640913957112
0.1214736406910753,0.007641563650818083,0.010544806407022992,0.008359711827553878
0.021152973233311122,0.00887655729839929,0.00787314741876409,1.818467593251957E-4
0.04247385131094628,0.011969925920198252,0.018001040784938777,0.0065768727708348735
0.07008965609200503,0.002144790008394842,0.0016930685808262526,5.810686749261827E-4
0.04062728792303917,0.031435347554310114,0.00939523901021284,0.0013456070919408353
0.013377983141449945,7.082924425499865E-4,2.118677602765947E-4,6.762093102050529E-4
0.09381335589038471,0.025931954164323603,0.007195757155013164,4.3237444548249656E-4
0.02276894392027561,0.011257242231841597,0.009356549684555241,2.7688553560954504E-4
0.16698659193534787,0.07532194784924562,0.023058746658723907,7.445203807449363E-4
0.13284626436521257,0.0186906723189916,0.01930609110711905,0.0013400146629032627
0.022370678146453705,0.008234038324009386,6.924592806209146E-4,9.080973218608728E-4
6.846569320176131E-4,0.007577473221127264,0.001609983304570513,0.001114779498367751
3.751622539912779E-4,0.001105935439890887,2.5794952067785125E-4,9.755137831898212E-6
0.23990197069807748,0.031010015303786515,0.006748447894962388,0.004207739240202004
0.027774913538591874,0.006298921917117848,0.01522860317415892,4.119313683606231E-4
0.016477522568391554,0.019767007971270983,1.8929961848581365E-4,0.0018650990112756957
0.010666947221134777,0.016186947977634505,0.021477836086221995,0.0011887799574749993
0.016847841252218925,0.003481887274893089,0.008006103477555846,9.971336597338002E-4
0.11992802770301479,0.00848320866117948,0.010220392149106718,0.002591550770967847
0.010947418595570892,0.00918805701758886,0.0024608681153200818,0.0011111457746464956
0.001321775600258166,9.076340807913576E-4,0.0015834353529721728,2.495116620132627E-4
0.020158520042827182,0.013185684094577472,0.0018579011338407234,0.0021367235314494353
0.08480061477720838,0.046653957136886144,0.009951041990006435,0.011619814623270237
0.05982385543833161,0.0064962286930057254,0.00949973900497342,0.0039539987774508374
0.0636930741283216,0.017321779086913153,0.013447289039782716,0.00392116923092822
0.01813219208130208,0.002060938580032981,0.0014340326665785532,8.941269695447741E-5
0.0304357141051507,0.002621674492923227,0.0020907958894673374,4.8556807821180305E-4
0.020188649826932605,0.07377546470633277,0.007183119217426253,0.009235212857645909
0.007618657853297608,8.973917981674909E-4,3.602796475173002E-4,8.112409989148809E-4
3.635025937572697E-4,2.668427267185807E-4,0.0013433312051792754,7.827008471024195E-4
0.005222057584702398,0.0012365926370624019,0.00655781727874131,0.0022842233741527736
0.0714572635995165,0.021441060098464006,0.0031359991881186986,0.006665590513898999
0.050054079573347274,0.0046798738833737745,0.01834136230035558,0.0026531054132250802
0.011952675900540662,0.003503279998909269,0.0028742927387328606,6.815656091495325E-4
0.0020045824304425475,0.008774239873575694,0.0025065711480939295,0.005480172298744147
0.06367869945958579,0.009587938742748492,0.0032280666668588584,0.004879239105709844
0.006533040223762924,0.006692122259000173,0.002235915198321402,6.448164576519848E-4
0.06853454165006918,0.043146586715261136,0.011326213821597918,9.288855927399515E-4
0.07900729864729943,0.0096405862225007,0.008642431177198921,4.448283719377461E-4
1.4719981590294027E-4,6.032385623040828E-4,5.337427994359138E-5,1.892178243952852E-4
4.779787287859408E-4,0.0034899865976547825,0.003143271028936011,5.801863633435738E-4
0.03350347636278429,0.009501685796629706,0.0034823228635050517,0.0029423157108048963
0.008452736517328528,1.8833188172740194E-4,8.202436582468324E-4,0.001278812165624389
0.021615415874940327,0.04092157997658445,0.02217047565141176,0.0037503354676553537
0.01802638237208479,0.004650753718990376,0.006247468970000195,0.0011164777391800813
0.004151203142910236,0.005219144846587961,0.0023460588723505267,0.0012185791576937708
0.08862337409984496,0.05516387497417506,0.006496381154404182,0.002093586965862814
0.015369127613978283,7.262895021362173E-4,0.0010037558500298732,6.507831254709891E-5
0.04799999999999999,0.04063805960886541,9.430822370781744E-4,0.0019626693414276364
0.03185185681002269,0.005932613159792683,0.011113758526120307,0.001220314389945136
0.05883976564264478,0.02097023411962742,0.004862897144798812,0.004610709255568157
5.862395460712443E-4,5.61141150029278E-4,6.751393286591595E-4,5.488244682227563E-5
0.004309096661232792,0.008893681434676165,0.0027942285611828265,0.0010286073575917804
0.3031023965155258,0.19023180932923764,0.00295783560449768,0.0029218708501236664
0.0282062802111799,0.007673762098931033,0.009992972283297976,0.00352647032918855
0.005976868293326689,0.0021781482849084657,0.014592869350632347,0.004685554319608946
0.0649563377842064,0.010437406168962361,0.0026836030548773072,3.798236961428051E-4
0.006885333855531104,0.0016637799165776768,3.5957498497071646E-4,4.46508301792978E-5
0.0021456518531955005,0.008157134874359975,0.011875059941893437,0.0018282696762046927
0.0023674598906224644,2.959245539449757E-4,0.0017711159671419448,5.869039856768067E-4
0.013922880607619653,0.023749923542741365,0.02022025863664267,0.004080119134394384
0.04570856995651185,0.01139680649505425,0.01264818307115713,3.694665433573297E-4
0.05946926629267773,0.036945530345800025,0.00876059522737072,3.544736212558228E-4
0.11267647982960764,0.01720491382319677,0.018339637287864332,0.008110933184465851
0.0015452634904038168,8.772480694031888E-4,2.101651066783172E-4,1.4527669422994082E-4
0.0027448988015662786,8.002135559463917E-5,2.451320222186613E-4,3.2564150314310926E-4
0.08993386727066598,0.02325060514037368,5.973724494475416E-4,0.003650084158030145
0.13760915759677714,0.003054232740146405,0.003361306610278267,5.714404526929953E-4
0.20228188877007824,0.024542168018463855,0.007091430473039866,0.005416509851009826
0.019047539175217648,0.008104923398390551,3.5250866785155056E-4,4.7979319759557104E-4
0.004765242362972477,6.670535174261057E-4,4.3908041934921573E-4,1.753229975432022E-5
0.007407371342966013,0.00483283822840383,0.0016981266327001717,0.0010358045453806753
0.01159277704288214,0.005543625990078387,0.002306654581069042,0.004181577351956693
0.015701485100203437,0.001761518180487191,0.0014099146621436077,2.5498935632905298E-5
0.002297714901096621,8.95722306030412E-4,0.0020206121461745457,4.682636537543513E-5
0.0013673706572337923,0.0011420569137809355,6.389480808315787E-4,2.0769236071943258E-4
0.17199577128402171,0.00709926638942526,0.017085446930387344,0.007149216107290456
0.016847841252218925,0.004225058408383253,0.008441527280353899,0.004215555296754815
0.14890170503707487,0.0037166242402391766,0.011414790899741886,0.00162711513372363
0.001069518716577541,0.0013229241880278655,0.0018795318035868436,6.515737098469472E-4
0.10674134734799127,0.034901675827617475,0.00221349881524916,0.001472188787592428
0.029476161638317303,0.0018092402034568817,0.001214017917169665,0.0012312146573047996
0.032686686344803165,0.010451227890261077,3.883757190902357E-4,0.002159478329113173
0.007144930634927291,0.0023828480767124887,2.49402827210775E-4,1.6110634500814813E-4
0.022782248453353963,0.03970495547754508,0.020845574401557952,0.003090558391341952
0.012791505976491752,4.4063411783968785E-4,0.012267222094740418,0.0018607770001617496
0.09271673701458627,0.06677427771293451,0.026530278173307897,0.011748577121425584
0.016672682925171496,0.026147312964745286,0.010150386235564886,5.105058943931194E-4
0.0019531484693031554,9.368827735241007E-4,0.0036936055027934223,4.593160392629373E-4
0.06868216591710408,0.0069231287899405615,0.009160826319184943,0.0012673531313661637
0.03346678415452851,0.027125991532167326,0.006341335226231704,0.003829232294334841
5.709852605776119E-4,0.0199939110577312,0.0073770127270562065,0.0018587929455544082
0.009193877962051688,7.094790959258265E-4,0.0013051201877862563,0.0011465123599390082
0.015695395773510718,0.006572604581834001,0.003993538093991195,0.004436477548631529
0.00190744794144114,0.004681463028435819,0.0015885551734989756,0.002083771134301281
0.009049846769427891,0.014381479649953602,0.0034465841288290155,3.005047784835112E-4
0.013443330062017844,0.004294194447267628,0.022877257566250357,0.0035706598492048543
0.0010311892852053074,9.387938390693402E-5,6.542993931585493E-4,2.369483568817683E-5
0.06833945112910218,0.0155144295793946,0.0013643321550766436,0.002962700489797231
0.37245788828003673,0.20611802516729746,0.008421081880310806,0.09369102727134347
0.0976806919241729,0.01932405608713215,0.00726947427352825,0.0018768929738436839
0.009564394992256147,0.0022887503876688844,0.002185412909345062,4.7674519375624205E-5
0.015613152672992446,0.010335614164310546,0.02199629373554541,0.005319611063173899
0.002126597375618296,5.877652703553189E-4,0.00103193103782938,6.842099090335081E-5
0.002584712460757389,9.631983633406644E-4,5.092108714614315E-4,9.322468648736451E-4
0.10307464768753766,0.019687987350111145,0.014392232761727582,0.005365118732981463
0.014612981746745588,0.007933202889783527,0.002603203853459878,0.0022952527950236196
0.12041514644686267,0.0034109859427375413,0.005511036813948116,0.005304568732544366
0.16975363343267938,0.03568230530857599,0.0021760102485971623,0.0023302234651588734
0.016430134695139063,0.01065840560886957,0.0029292056135730394,0.002334648598895825
0.03921038177351781,0.02066310100626204,0.0018206922210184,3.676578061319103E-4
0.0012385509861538172,4.930691494017417E-4,1.4453528853464463E-4,3.0455576853018595E-5
0.02411171065099361,0.00126829581797241,0.0069349989555723005,8.874276174362115E-4
0.01591542935321507,0.02378135194663345,0.0066852284432953974,0.0010275044891759001
9.358611942046783E-4,0.001862168374189378,0.0013344384363690558,7.898993287321402E-4
0.03521360742753205,0.049253355703655584,0.02430473624497607,0.01236631527057901
0.02306759182056566,0.04893786176176792,0.028735143474867823,0.009586042762730515
0.037966784964847754,0.019433637474525495,0.0013926822231116,0.008722088967255933
0.002782056868294141,0.0038474849255743637,0.0018203440220843747,8.154101034608174E-4
0.09333623654666068,0.018851884310090133,0.0025945215203776652,0.0019368703419790927
0.07759168919381322,0.014406209709736984,0.002269529959845609,0.001865654799389115
0.062207405714172104,0.008247731990346775,0.0054027943541059805,0.0030273780081308747
0.08756357659859139,0.030263011123614778,0.012466363161808996,0.02404081598792777
0.03215715472565753,0.017634468591369093,0.0018725832132304079,0.008038246989962498
0.11541502181103894,0.02430326961993493,0.004133617007228956,0.0034585278477961435
0.0017929116945552951,0.0011416545457534639,5.520420280915136E-4,2.317649723016688E-4
0.06354793317457762,0.002564042249303951,0.0054810554212150865,0.0034369989215294696
0.06295965824390824,0.0631182529698309,0.018674983739776555,0.002071611897112222
0.0016275003195567335,4.476837062594751E-4,5.457770858966958E-4,6.114133002599353E-5
0.0010621340782557577,6.697304174547408E-4,4.0014370119594085E-5,6.167412344458284E-5
0.0029520250169660545,5.894932611119141E-4,0.0018311186978406289,7.308047164543021E-4
0.0015996807129854084,0.0022986195040223057,0.001174933797245323,7.141097885748908E-4
0.015081222987450026,0.005403584960911754,9.57384005140558E-4,2.313964789832483E-4
0.00925727642010507,0.012660404031864969,0.0026186975704438893,6.365346288695185E-4
0.06236444063419863,0.07419811524043984,0.021590875074635356,0.0033985206438745166
0.07737314534992591,0.02504239939419883,0.01427957977025866,0.0013340682078952094
0.007160220327643202,0.0024557038819983923,4.191463832784744E-4,8.237127280429679E-4
0.14422243093987663,0.008576313471444972,0.011588849730487433,8.291542940224955E-4
0.10346510918710668,0.03984393527371542,0.0014125744644229547,0.0059139544412443465
0.05443316864367137,0.007585154402153145,0.005313642494582226,0.009643462504447833
0.008995160906992518,0.0028407925189852024,0.021376734848075455,0.0033423784695439497
0.00910764904591022,0.0025066544508299516,0.0074369160982811836,0.009337806969929582
0.02000229774267224,0.017329101342281602,0.016461111301729284,0.0021301854638296983
0.05936081470533625,0.02062312539072182,0.0025158792170038567,0.005688581377197534
0.04344183801708401,0.012392475500979548,0.009342835422881033,0.004966065148796565
0.07032326156674605,0.02632450093301578,0.009260240736715719,0.0027157174300962077
0.05347180236805592,0.0097219885916194,0.00464029468594977,0.006156506656618687
0.06235988772844128,0.007243383532109606,0.00469443914341463,0.003214117861701516
0.07029664981172633,0.012140241516670907,2.0168469112021836E-4,3.516263087395523E-4
0.11285300028734971,0.027756145578856486,0.0014594431021442604,0.0013888798618530045
0.10486434488196815,0.061610989157012935,0.06798232496028532,0.001238458208382833
0.01916430430603802,0.002220250084197103,0.010133796284363105,0.004983763592690178
0.06907728313456159,0.01812112574110782,0.005363427157380178,6.543315719218817E-4
0.009687852757357089,0.006803835488306758,0.0030870982456061846,7.408751246039507E-4
0.05057660149785766,0.013990489196050528,0.0016285677802458313,0.0036407497357702793
0.0029650744011740487,5.372421615331068E-5,7.350672347008605E-4,0.0010174084949998467
0.00559230223576801,0.007651763000748904,0.0014914663529263302,9.286644066895263E-4
0.1450632059750822,0.052469528125396674,0.0060163266590926206,0.006009911904167147
0.13718652881257107,0.1076034032918514,2.832489524280455E-4,0.0029973029463726568
0.12055681983522515,0.006124264582788532,0.006201908360608403,0.005463114686868159
0.06781181577733675,0.018271337366867986,0.007812708875513788,0.004376346061663957
0.15187419712427824,0.007710237652219301,0.0014296108538707055,0.002892666614049327
0.007255594388266277,0.012906021940455875,0.008955767763629078,5.646751503628081E-4
0.009148906081171037,0.011489657160986877,6.078129457034976E-4,2.6349355906088705E-4
0.06609446365295404,0.01737190128327798,0.013513910956509325,0.002995129567475009
0.15430152353517335,0.020719484045898566,0.0027992083333747224,0.002204223755512742
2.509803013169312E-4,0.0017005497057870707,5.544534177498576E-4,4.130703025729245E-4
0.010312897335113676,0.011979885675920506,0.0010865976950227443,1.5255263662240437E-4
0.0010107244425791714,0.03296176204836507,0.01448598015317346,0.0014802233005719978
0.008463194365151581,0.0029172473445717453,5.8828111238096E-4,0.001210461178209641
0.009039618572763756,0.0012551434752845318,6.990467198849398E-5,1.6950585399723453E-4
0.022261303627381948,0.00854113941631209,2.0809444008288687E-6,8.16247845691957E-4
0.00257329421127419,3.88127375391882E-4,2.541706114271891E-4,1.2682825020935683E-5
0.02241104412697377,0.0034437799982788317,0.012961120124738495,0.011275786337298635
0.04759012751556279,0.03197004803343586,0.009576503134958878,0.002660502642772793
0.1229257742753232,0.0046159841337801225,0.007401601794928629,0.0014694343744056965
0.005270152435215596,0.0010372630222489905,0.0020549780981873674,5.494077125014006E-4
0.2794955265674105,0.022309612893775255,0.010398078439877416,0.011907385727145985
0.036408833589521294,0.0035453945977206172,0.005133037058701109,7.406181524319136E-5
0.015569488546756435,0.0035904943609412223,0.02693666136276157,0.002860860799924532
0.2767272053060632,0.006043917499228876,0.009580538132687057,0.0022613971893751116
5.352482821480874E-4,0.004940467277994524,7.499520681162667E-4,0.0021213179618729985
0.030375428383782283,0.0015351506938288252,0.005154238402198377,0.0028591759421573407
0.16698659193534787,0.07680659340457506,0.02133695241204603,9.067328592342488E-4
0.012632716803686116,0.015775722447333,0.005779708699965408,4.521124747628617E-4
0.006011909971995544,0.005885276532612862,0.001871094199458202,0.001003205900810283
0.03963977767082983,0.018616408469756568,0.009966680650365415,0.0029585202904288017
0.004729096156977026,0.03710869523766348,0.003069839584132962,0.0033247391540684986
0.01967125539670163,0.0012268132335057508,0.006776233747623992,0.0034871053305499515
0.021784287072207097,0.01355438045148991,0.002313859487548874,0.0028464707966973503
0.0644494454792938,0.03891390461512632,0.004658597433789726,8.930960659891526E-4
0.0059355379378428896,1.201534169802823E-4,4.974788172979851E-4,7.871445102049183E-4
0.008806064388572241,0.02719454078211119,0.007102982991679332,0.0020880760199862357
0.04322085069026687,0.0022791465880333678,0.0011739896192680434,0.0025509351117036306
0.06661130017991805,0.006872543490460457,0.006847019875914962,8.710044284577285E-4
0.10314805331032402,0.027573641548349993,0.004062690546281569,7.583854234908951E-4
0.03263615831467484,0.01013995831273493,7.300557659765672E-4,0.0032252949438955087
0.020460619916994684,0.03304492242807569,0.010717514369819919,0.005076826650549861
0.016413724655771067,0.04265134467847605,0.01607787710638073,8.135845411317684E-4
0.02776880508933684,0.003140086543746671,0.006613973241767273,0.003405771718883529
0.07642045823585493,0.007829908513685651,5.414902807925368E-4,0.008412061798619443
0.006016079631460591,9.855364275592627E-4,0.0016135654100627073,2.663840892992114E-4
0.0015893645225504385,0.0037292560835218234,0.009462563016726221,8.968547855450078E-4
0.04824448813229282,0.03134047898019385,0.01051371387362003,0.0026778589647034226
0.009555026552471238,0.0012274230684338743,0.0017984107496268346,0.0014981140255357903
1.1137447669246067E-4,0.009038548201884052,5.339162928128756E-4,0.0012320054258467506
0.05734228956068347,0.025169687994130146,0.0020181076034711115,0.0036560378977176
0.03282335337371828,0.01952454711055403,8.358117870672474E-4,0.004503341427632256
0.001211790343162536,7.749084781669981E-4,0.0010576119641132527,2.621473986844772E-4
0.03764454843933493,0.0867562170353523,0.009955617086249547,0.009106475549966183
0.03732109252202399,0.022144076082306445,0.0024968943715178568,0.0034306937818865996
6.669258858052898E-4,1.4983186567828064E-4,2.5792284639738756E-4,8.003584617139973E-6
0.1387759542065453,0.05739251311479327,0.006998597523248486,0.0011207899639416382
0.003980452089192697,0.00290118994260139,0.0027074015396757636,3.8110859314779153E-4
0.04332249781306874,0.012844322051376799,0.01316328762356041,4.0087753689831574E-4
0.1064902000827257,0.015384193829083032,0.0010891930880817195,0.0016275239083168229
0.14996610033742389,0.009124827391586782,0.012713910587720298,0.0025542106931924807
0.001745344019435935,0.0035484544694253184,0.002312764858963479,0.001629786315601924
0.015073287968446087,0.007745502197025098,0.0016116558441259038,5.979150459523272E-4
0.04227542668815428,0.014429671764544986,0.003935743699048107,0.001381504997242855
0.06648789859474745,0.0604512927972392,0.012384702439582633,0.004258833238735742
0.12319907898352084,0.022823709815589874,0.005610604196917568,0.005623205364850508
0.01002162128052082,0.0014594769510754358,5.001581460018674E-4,1.6407161676197627E-4
0.067780559463213,0.006179170564408068,0.01580873071943395,0.004965088011462775
0.09811898267868042,0.010456709337785149,0.006947556513038833,4.928195646836122E-4
0.0020237225065344593,0.0031679267876928013,5.208049984001237E-4,2.6236653343558036E-4
4.0404040404035953E-4,4.960043066772352E-4,9.499114375615955E-4,8.938446077999876E-4
7.224060646736941E-4,3.408012472806784E-4,1.0167134883600187E-4,2.5359615771457454E-5
0.19061077064452023,0.021078907508590553,0.004539774330083861,0.0030560089387381465
0.02487410320686614,0.02912952297968602,0.009395080741355482,0.005285269849866766
0.10437486091995109,0.01486284204943828,0.0064981951482165476,0.0074929326174704314
0.09144359697327237,0.048002456291276474,0.0016407471342510735,0.0032576277787941116
0.016847841252218925,0.0033414503679611287,0.00856069983400046,0.0016319485417117766
4.342197935177425E-5,6.972100335666523E-4,1.5466619999693953E-4,2.511356849809142E-4
0.1279598533948785,0.006157720788115912,0.003126055699064823,0.00796745655500875
0.087676518604588,0.03355792284354073,0.0061540501991397024,0.0042500084678525835
0.019151282502673086,0.013246035688104923,0.012030587520965674,0.0032362421126716653
0.029037533966084907,0.003463655431244638,0.01018850955526223,0.0012295722437418474
0.05941356163268817,0.011646420595742507,4.323779659301001E-4,3.724689542797479E-5
0.07236058355444486,0.007425260349002126,0.0018891787042314898,0.006112205585630145
0.005893686361974949,0.02215584557144309,0.0067893617113953374,0.008412278163134055
0.03317991520510482,0.04358118101865095,0.00948661198850481,0.0021129559254472125
0.02062916364328335,8.564543804583116E-4,0.003420213476791796,0.0016156585626083473
0.04314626011431383,4.5326864762567043E-4,6.684529888861709E-4,8.351171947683421E-4
0.002162423119970941,7.283691139699775E-4,3.05980858949448E-4,2.9903888539280772E-5
0.004329959505353325,0.0015570999941981727,2.998896845298376E-4,1.0083216546186017E-4
0.0740492667828026,0.01392565740464137,0.012306718108651577,0.005776036987176059
0.16698659193534787,0.07508598023607299,0.02044121658179546,0.0010606469776640775
0.28227807191639526,0.07717094320802027,0.019924916944957825,0.011925117969579098
0.04247385131094628,0.012375184788055948,0.016629126376359715,0.0062554813661920335
0.06540986003947599,0.013660504434842857,0.0031958235352312126,0.0024218313546385765
0.02967567608543792,1.3131670919774225E-4,0.0018733528698308814,0.0026780186100965084
0.00497185449677765,0.0013239609784359667,0.001501713224560219,1.1977152179589801E-4
0.05614309880804554,0.0032963524002506427,0.00711016299139271,0.0031779394223502974
0.003612502544081607,0.0012137568351728693,9.075248403691928E-4,5.92049582239134E-4
0.04766146912524008,0.03049588578153504,0.008767607099556722,0.0026930414520595584
0.03583341027490435,9.19988925158804E-4,0.019641397142828584,0.007213015736806642
0.0017192364401934412,0.002260906552316329,0.0014579658520820836,1.5866022922856427E-4
0.0030515123203367607,7.276304378112495E-4,0.0012257924240456919,0.0012705665458764839
0.023728349376806054,0.027550824616379366,0.013224440026256432,0.0038231916946857643
0.022306846881429695,0.008197770891407724,0.008905950024832018,0.002641715865474157
0.5195499540122906,0.016687806887546904,0.034019121191750226,6.274928206093814E-4
0.010143299545730242,0.026020800310320023,0.020038272243040844,0.001753155355234374
0.14049628088343796,0.003300965408868451,0.011068417324674881,0.001417538777154496
0.05595124445484895,0.0064190647852944305,3.0103718612335985E-6,0.006679004388809179
0.04925055601772521,0.012086746254241233,0.0031734663187997507,0.003674770485742358
0.002522228766186349,0.0017775344937201278,6.725894827189234E-4,7.2361678370029E-4
0.00698866215545913,0.033025208398907074,0.015913885308819493,0.004745357939058098
7.173953740564912E-4,0.009376811179411948,0.007750902960815991,1.690851403052279E-5
0.006951555276712914,0.009739723788275043,0.006604163027642141,7.331322543462938E-4
0.002776414686739992,4.2383972470981556E-4,0.0011723464973093928,4.7662701933860464E-4
0.12934778817646464,0.030885298942143535,0.002674033260139481,0.0042742719932266325
0.04278398944692497,5.026608732122516E-4,9.026300077730502E-4,2.1351020628609547E-4
0.07327804160725629,0.05038056517229209,0.0010559103281954552,0.004160781150854862
0.01375667905144188,0.020869822921647515,0.015489560513932733,0.0031945347395243464
0.0012203376740882353,0.0014707305312750608,3.889708328231631E-4,7.601613769226951E-4
0.0028759825712473468,0.001894955269409669,0.001007820670144417,1.3235793937075213E-4
0.08323952298069806,0.01574135437172793,0.001890705200925644,0.0023908479799781435
0.011291114803523173,0.016031849289067302,0.008155644368029086,0.005042490386019129
0.01946377891785879,0.0020335900898505272,3.2832149796593673E-4,0.001724243324417858
0.019387457049851245,0.015740792693052688,6.731901753668015E-4,0.004685952589339882
0.006663978097124921,9.82382203628431E-4,2.3952743835086444E-4,4.2026396860263954E-4
0.0803596300554319,0.01559270768835075,0.0016718293462162986,0.0013351098738064989
3.4059898248117395E-4,9.742680905026694E-4,1.358271965347434E-4,0.0011935436176346416
0.16933321876802057,0.03927119122693392,0.023565574895357908,0.004603759433447328
0.0037560570823727416,9.319912794369577E-4,0.0010410074649785037,0.0010416762192323
0.15320931493257986,0.02675229222826293,0.0033638999161862936,2.989219075114437E-4
0.030513450178922964,0.003983435296487135,1.030120546333535E-4,8.671277594166896E-4
0.5823084727650916,0.04675266955817636,0.046021804301819284,0.013296043648366932
0.06860760548945213,0.015022968330370711,0.003545501034379657,0.0035694193087523435
0.00903124709373088,0.0014684447695822917,0.001741000023341705,6.11096659676791E-4
0.025652714067122637,0.014275092482950976,0.010818337494247826,0.005187267226135373
0.13411533325184913,0.014972128152125746,0.004928052695945527,6.832944913122341E-4
0.09527130467810428,0.001987155021799908,0.011368465570867304,0.0034294339341092335
0.0541889656303186,3.5206193495862065E-4,0.007624509624266748,0.0010340740328299695
0.05934316347316047,0.012107256124055511,0.0013937274431959652,0.004649735706219428
0.0010613710147227315,4.849933586869885E-4,4.2054443475683407E-4,2.990155725002691E-4
4.343208890706475E-4,0.0017421407340011193,6.755064868996676E-4,4.6780842645680984E-5
0.10478160009498882,0.05998263554033086,0.07163378121011812,0.0018257645702996624
0.042740137142411774,0.017216953712468095,0.007198053450194369,0.0022950787165931913
0.02482702129629183,0.02021934032856729,0.021175066122179904,0.003304423448914813
0.001524839982353602,9.02063674800301E-4,0.009787948371556771,0.006301073139618004
0.004570610179881475,0.003121510905911952,0.0018998829352333555,1.8458513394481465E-4
0.020019023187101644,0.036037484931983534,0.08476245315500654,0.00748611858935542
0.010267465065004536,0.014715694029693072,5.713156788878216E-4,1.513946923471184E-4
0.0039283853250394055,0.004163126633127998,0.0013935411874616103,8.56238368358831E-4
0.016206677130695818,0.013853273814884163,6.27858396315813E-4,0.0038173580000961495
0.01865722550864115,0.029858250607153716,0.0012144575786623435,0.0032847992125840547
0.04622475934459371,0.07368303665449871,0.015809581118519666,0.0033665810266763933
0.02567461703866474,0.019885050018902443,0.0027435822601315405,0.0027393944534403903
0.0013673706572337923,0.0011420569137809355,6.389480808315787E-4,2.0769236071943258E-4
0.03946041300394229,0.009154716997026403,0.008427489732394444,9.98782523849995E-4
0.05118439204655174,0.01102328752911008,8.908285303822479E-4,0.0011877443283446387
0.0024100639156819197,4.983373698460915E-4,5.975601859946532E-4,9.693136795641848E-5
0.001602763339665706,0.020289534600909404,0.006612255238072944,0.0026115996569182104
0.010160485476822138,0.0038630122718856367,4.2276664384712057E-4,5.265480291066183E-4
6.89125701378946E-4,7.851342902263027E-4,7.316492615183383E-5,3.835423537119583E-5
0.018453574632639125,0.00919278479117713,0.005774730142812985,1.116893143460684E-6
0.023056650031654,0.001231575825010645,0.003716979316539149,0.0019941356102438175
0.008265156341268547,0.017600821924611258,0.0047556959878989865,0.0022032771726578464
0.0032203905915866478,2.4405403885642576E-4,4.955397719213189E-4,6.99850333976841E-4
0.03194082483536556,0.009839950835441303,0.0037966417256291387,0.0014607266939204
0.17021408078963185,0.020654006137319783,0.013849390522902537,2.212534292225291E-4
2.3176249074094397E-4,0.007762057160761594,0.00736339890027922,0.0012275334899138558
0.032154154702500846,0.04154663288660348,0.011488377923820898,6.076712870956879E-4
0.02798792667935983,0.002254767314445875,0.0012124619100962425,0.0011824509930484092
0.006249544917226441,0.02523108958482189,0.015383077451317187,7.536192987343379E-5
0.034820122787375,0.0217583570658206,0.01407292972057926,0.0027863116859827815
0.05070489988329417,0.058317214200814704,7.623789094080307E-4,0.004399491388797024
0.07529493619330643,0.004747227778948194,0.004379371243961446,0.0024451050328627238
0.028352869199630638,0.048301116787227275,0.01616081478487404,0.008241934977341988
0.04985134412136636,0.007050097331639838,0.0012254593871475167,0.001062104054518874
0.010690908321500922,7.642643843344883E-4,0.007575632237760508,6.915814206567382E-4
0.05285510313773875,0.0012446223491599066,0.00469113074921801,0.0036758103781562254
0.1767359532485279,0.022567396089779954,0.01736736192397096,0.003496665302139348
0.003768981285481254,0.0016772830325158927,3.997107484319682E-5,7.846139496796131E-4
0.06081952380561219,0.026325196169386476,0.010349447614232423,0.0011502863667460159
0.11800275716585401,0.042282367197321466,0.0025965141822825635,0.009089091016239398
0.0031127324107145947,2.9611424900020115E-4,7.714789595888262E-4,0.0015595698463349212
4.8326300448511096E-4,5.212635507133752E-4,8.076405532532932E-4,5.531771973123278E-4
0.003143600448789089,5.57003067051463E-4,0.0013654319643463097,5.365897311687095E-4
0.02896087941925492,0.011343328489440715,0.022004360740474353,0.00560054454738549
0.060331469564250444,0.014300484548634711,0.003344675416658511,0.0027918408086130882
0.059360359872650814,0.008423590134849779,0.012367267920858292,0.0031910007611078294
0.008575730297390817,6.553283045670629E-4,0.0012389593999725728,1.0493078695665368E-4
0.004731354340155492,0.015674182943539592,0.0017898713286999479,8.696808743804504E-4
0.006339555655541862,0.004477889952073098,0.007883617054317458,0.004086084240966597
0.005398266067060278,2.6114993231459165E-4,2.0010286407171323E-4,2.2694686980079014E-5
0.11026273649172848,0.02817943875364087,0.013260219303643803,0.005368641243622408
0.004508026439897368,0.015317699076929887,0.007860414993092512,8.281607170372548E-4
0.004786275065404022,2.571063480485689E-4,5.107867147610892E-4,2.871133282298953E-4
0.039695892371872855,4.295948699592306E-4,0.003367768228301986,8.872329920384536E-4
0.003717164872468453,6.388843470809302E-4,7.570239661697986E-5,9.741339766783255E-4
0.2599178039283551,0.08468366228612005,0.015841493657190463,0.009805998409919425
0.011676797298104136,0.056775361256645056,0.008747345172421865,0.004819415249641927
0.06740399170959895,0.07515806357203512,0.021481331300810712,0.003534607995597749
0.020013719686619334,0.041240569929824514,0.015366397397150955,8.84152329387026E-4
0.0011519667207883966,9.539304229544388E-4,1.4805099601439617E-4,3.605976790316226E-4
2.0857527041696507E-5,2.4073787162911872E-4,1.0717695158138925E-4,2.9190818650187346E-6
0.09217750049776872,0.02859037092002056,0.006850746382451537,0.004303789223530677
0.00283666886625636,0.0020315085200731894,0.0011660835394398676,1.8044989778576398E-4
0.07583555633239618,0.02180720000853102,0.00953005665015955,0.004013150027494889
0.004570610179881475,0.003121510905911952,0.0018998829352333555,1.8458513394481465E-4
0.03777277119870308,0.01581100685895072,0.0056812060948958935,0.0038540715911191278
0.01125549728227473,0.003213251543591823,7.336595376210956E-4,0.0020149613720498193
0.03676595681523147,0.016124016448471664,0.0025532342195323686,0.003422245545403626
0.11011213114171589,0.01426309870068308,2.590719945875692E-4,0.0018517527622510608
0.14609197502517093,0.05005022183713202,0.008371819058310026,5.336898460736736E-4
0.007004931792162991,9.8087233095079E-4,0.0018689950085141898,3.9358591538684836E-4
6.018939495539502E-4,4.243850927281359E-4,7.925868614203523E-4,5.862966333396373E-4
0.033696597871320906,0.01778565280381758,0.00685370977502054,0.0031734465329203367
0.0062586819558597745,0.023797599158109948,0.016139606581658902,0.0033912759469056086
7.117365801596557E-4,0.0018219966817284558,0.0019143397617028832,1.3706011129983693E-4
0.02518471414610192,0.008460433147541253,0.0012973325915839877,0.00236988116126402
1.350760083202197E-4,2.1182727572858627E-4,1.4619252834764015E-4,6.300085978767001E-4
0.007201481226271101,0.0457681811000045,0.02951750333729648,1.1724679333751287E-4
0.007933624320054811,7.599059612405544E-4,0.0025483148642900994,0.002584899746345471
0.04919371172304166,0.004267465301644243,0.006826773904385435,0.0013376500358297041
0.03333333333333325,0.02125503373603214,0.005434553987977014,0.005948968736628479
0.11169167402011208,0.0652501072429854,0.004624644589170257,0.0071673257042306395
0.009869208639651562,0.0014872681192667858,4.5864014745574E-4,0.005661042398543492
0.025548777495476124,0.00682932759527005,0.005832376727142033,0.0016147480731445094
6.79943227333055E-4,3.2778920660705204E-4,2.6061884859217163E-4,1.183142287677426E-4
0.10472015412711544,0.01462665151345868,0.007612458692087132,0.00848333310373667
0.08431483872522867,0.027819747966327173,0.00477925271350325,0.0030157272327405228
0.005048968742379868,0.0010375112024091828,0.0010526009149626908,1.059253765262214E-4
0.0035747484756298744,0.0013071947331706145,0.0012300190405778422,5.775535425951229E-5
0.03086954501765398,0.015042723373785294,0.00815764041071929,0.0042287042061028585
5.470242357003023E-5,0.01990243532382004,0.006862806976664751,0.002556833487423217
0.01143901461775348,0.01285011650868499,0.017013649482277852,0.001337703975691174
0.001716434818313463,2.380874840947855E-4,1.4837958554632505E-4,4.590026189529985E-5
0.008237153531435289,7.362528339165473E-4,7.506339403746369E-4,1.9284766050539176E-4
0.008155035279904787,0.0062832481009109,0.002139541582136007,0.001115851705269723
0.09760545614272742,0.020749816299208898,0.005227337549351242,0.006605992546507894
0.04766253467650347,0.00528698616882261,0.00259359223890527,4.936469395249642E-4
0.002363926816719435,0.0044007411079937985,8.376723327015768E-4,2.829229420278796E-4
0.07783888355902722,0.018823267716996484,0.0015625016142178129,0.002480252354516091
0.010825771879550927,0.0670971002041801,0.013143001619619357,0.010805804106706887
0.009792715240929969,0.008137241483279213,0.0022777657175228607,0.002437368988269917
0.10664113799244505,0.039943460421889274,0.005235267986718864,0.0010832359735651897
0.011927319456377636,0.007649428552157748,0.0015244475715135986,0.0019100577278296637
0.004140099941713327,9.479349068668122E-4,1.3791849870925535E-4,9.794570914755808E-4
1.463761178894501E-4,3.904218845044318E-4,8.978250782612125E-4,7.644952858244161E-4
0.025781293555909846,0.011296755690893103,0.006400842014646174,9.941135797002145E-5
0.07800238686385445,0.0010569662378478997,0.010830653126224398,7.465101907018276E-4
0.0015585659572499905,3.2522065655759977E-4,0.0010333001171032373,6.025246986057584E-5
0.020395821560350993,0.04567778932535297,0.03582337722567067,0.026974044508625863
0.03142242242571338,0.05032774049426755,0.0035756506689201446,0.004213954213903372
0.055748069820733805,0.01485299145575641,8.243653190241652E-4,0.002262020908497568
0.1748155499571268,0.07542030349141537,0.023770532881414688,0.0059652199760021635
0.1092298770890744,0.0051403463186746635,7.663157441661451E-4,0.0010265845005857322
0.044051343247525986,0.005082322769251377,0.021437607561974326,0.0034286490130300386
0.036918904154183085,0.006261768635563111,0.0012846188696734558,7.507144443086283E-4
0.0015057246573762363,7.751173447445973E-4,0.0013787923398527607,5.319661453065006E-4
0.0014645268308769105,3.18214096045107E-5,0.0014788987420581905,7.491765251005499E-4
0.0013820155324961707,0.009968792888648477,0.02561053560368157,5.273900436926693E-4
6.951334679764352E-4,0.016125146239282104,0.012739492803851248,0.0028218008004127887
8.566108584119266E-4,0.0030862502500803705,0.02226286316294993,0.0013117061310416467
0.016157655658611488,0.04537169373257122,0.012335216252482782,0.0035664662512670427
0.050162346849696705,0.010398648077869329,5.72466125144946E-4,0.0015455199274559512
0.007471146390214002,0.007259878170262175,0.0031161626125998884,0.0014464142321686546
0.003750330768594573,0.004095390160232574,0.005881049586078595,0.005648374584536432
0.008715083798882714,0.001438798153568414,3.482452015792607E-4,8.120306636134896E-4
