5K,50K,500K,5M
0.0025612249532387435,1.2310622849643152E-4,4.3880350396254285E-4,6.972384993927944E-5
0.08323952298069806,0.016332014301718965,0.003664166619897965,0.0014661418252846828
0.04305820792021569,4.848827899797613E-4,6.825741140580608E-5,4.6464877454495504E-4
0.034810880665271375,0.0014820541985252913,0.02237464203277201,0.0031741927008517227
0.028287003052986964,0.012308685638633424,0.006100327033471795,1.647302798576516E-5
0.00853527400039806,6.861650853160504E-5,8.472650371179301E-4,8.076787103606009E-5
0.08092721125676362,0.010642178280317022,0.005335651849916981,0.0077005382319401605
0.014383249155720442,0.03252618069002033,0.00718062720520843,0.0023340097453812313
0.0010854169113085092,0.0071366776673158685,0.00500723893993323,0.002350351053301292
0.049029346772338625,0.08105114316457801,0.031033511769253244,0.004508160680429124
0.014895743424738548,0.00777871517350437,0.0036910041937855582,0.00160905378907127
0.08180304447872296,0.004290420960232311,0.0023267513797876685,0.0033033484372594745
0.02123168890868149,0.004059197127599936,0.00236386144606737,0.0021054240427964815
0.00927830600550271,0.001814209035991816,4.960016379208698E-4,0.0012540370948844017
0.11627553830380942,0.02608757475830611,0.001113072922591135,5.887876907721839E-4
0.004095205626693071,0.003304122815140643,0.002276847907992826,6.096013300035262E-4
0.0802502946819529,0.009082145600255553,0.0059222623357409986,0.0017739106498171934
0.040084398312728343,0.0010031999673032208,0.0041965371517485705,2.53951915602099E-4
0.023963775258246146,0.01099053874309712,3.37477370148266E-5,0.0014181397324959514
0.015263545002739739,0.0021364736606651895,1.7680778926555142E-4,3.3700247673541453E-4
0.001801140456396487,8.339748132450299E-4,6.140235279058914E-4,4.8100238600905996E-4
0.0013333333333333717,5.333333333333117E-4,0.001463333333333409,2.2733333333339417E-4
0.005465047119519061,0.006727546507806537,0.0020592947331270605,4.1775925870181634E-4
0.0060845831056434395,0.0041283029893322155,0.0018516205989384605,6.214899183288583E-4
0.028331288460580802,0.002861132839694513,0.0020178971879273025,0.00114670356981681
0.03324507401077106,0.03030001809384579,0.00188242221699086,3.055272366889704E-4
0.022427958767292682,0.004972755709091625,0.00838424100145465,8.11517777410705E-4
0.11871378112952179,0.039139064716379145,4.052303302291873E-4,0.0074226927396736425
0.0643361299509877,0.015929710650040455,4.152736402433003E-4,0.001917395972072745
0.0043803008128525415,2.664090150859161E-4,4.6405139878399264E-4,1.2082744897736614E-4
0.005145820854567776,0.008395229361289622,0.012658906643983612,0.0027273707384810296
0.008429749890430209,9.183819151858643E-4,5.241137254599017E-5,6.730854620199329E-5
0.0018181440872059372,0.001596669421490306,0.0010878262326595215,3.3947456707684185E-4
0.0017777777777777052,0.0017333333333333398,6.15555555555616E-4,2.5444444444448305E-4
0.06680976245602191,0.013658834293590976,0.0039886278472134,0.003614449216328535
0.0324839978739649,0.006572026324060945,0.0016531233110397873,9.165723701667908E-4
0.052178020103420916,0.0027585183732152328,2.4608286549785525E-4,5.245553650712243E-4
0.0337012475512076,0.013232249912602018,0.008013509840332843,2.709257382173903E-4
0.05600000000000008,0.024400000000000116,0.004119999999999957,0.002531999999999951
0.07114817612887864,0.0026637536661926965,0.0015374388645421231,7.857077897676935E-4
0.010258858914510388,7.978217289314366E-4,2.2215941229438856E-4,2.7701707150112317E-4
0.061142493769775014,0.028949588080177457,0.0043259626079357755,0.003009272814379158
0.001426434509342815,0.0020339293404243253,0.0066464973117153665,0.0026660477891542276
0.004074501122073791,1.3681787707066286E-4,2.5993059574043687E-4,4.7011916138612713E-5
0.0919009540628942,0.023508060739411734,0.002601994171736269,3.7444121348628154E-4
0.009190791876484252,0.018777017463553664,0.0037140554713818285,0.0017447472333366294
0.1666321198779895,0.0013805476066955167,5.769772678386484E-4,0.002190185817656445
0.03657697738858689,0.0033302474933736064,0.0044105023703347864,2.736488363518276E-4
0.0028324642562336986,0.0017981538612964877,5.333666104265503E-4,8.923855330490764E-5
0.019685062139663045,0.013587477592809505,0.011636645242697653,0.0019334862949540162
7.977239269370191E-4,1.853787293559709E-4,2.0974828438999986E-5,2.994593351938031E-5
0.041889336577522245,0.009327479272417227,0.013120158382065395,2.9446169435232893E-4
0.12428842234064297,0.03424153188736662,0.0046327249169705615,0.007338736959753416
0.06269186361386736,0.02364733262499827,0.006078915487200794,0.0029743717248162933
0.014969269759118404,0.0024285159138779516,0.0033839622513693085,4.017174199745233E-4
0.0039354876381430415,0.014293284645758068,0.013010995204427195,0.003261189855771724
0.06263300367875362,0.02895299916949607,0.01620909307979039,0.023125725753737055
0.0185550911348871,0.020132419179070764,0.005209206748544726,0.0022767679452524686
0.0,0.0018499999999999073,7.900000000000962E-4,4.052499999999959E-4
0.010889110946505774,0.001470659542103,0.0015333145972734968,1.6243517731003967E-4
0.02774374592803961,0.019997011803064534,0.001170041865433536,8.667053812025827E-4
0.0019403590014283106,0.005429031427629822,0.001958585293621104,4.342779121898906E-4
0.0060727911036956295,0.0012654673511459543,2.0246381362382776E-4,5.867509146341669E-6
0.222564781327067,0.024159438642127898,0.023282962477165853,0.006400727593723933
0.039161920912962875,0.021474960617751428,0.002562004598692203,0.0017360684501188588
0.07561432176135367,0.014240501709586122,0.004035497131923805,8.969899848342627E-4
0.020822237297488475,0.002372957468786804,2.2300488016364591E-4,3.0224262636182296E-4
0.0030230992405232662,0.0013022823986119096,7.006418011253349E-4,2.751471785851645E-4
0.0012328475534651656,0.005934228167936841,0.0022955750315691733,4.946822574226496E-4
0.003774150425336149,7.088468734414082E-4,7.248710764601073E-4,9.872253607765844E-5
0.005069689742699633,0.0029836114135294387,0.0011628711478362205,4.4523314188519127E-4
0.013953680914891036,0.00787595358124406,0.0011541497988688495,1.7333622563363564E-5
0.0036014289698399855,0.0023631152158015752,0.0018080476090442089,8.530372694947671E-4
0.00329414727057865,0.002309755089545101,4.902901534137522E-4,1.4370706312875196E-5
0.0028565206864078923,4.115963547969239E-5,4.0895645266213414E-5,2.6142559687432916E-5
0.017177752654180777,0.0025289233632749997,0.0015273737052516263,0.001349278629609503
0.10508553260885384,0.008770642528772682,2.1134029962979658E-4,6.785870155249171E-4
0.06661130017991805,0.006676957031576424,0.006832216869435686,0.0015778187441746676
0.017367358230232645,3.613538097835251E-4,0.012735646860004274,0.00410063875138877
0.08937370706605881,0.009824750113923517,0.0012498862124143805,0.001636324818885691
0.006708695777554353,1.880121378539657E-4,5.597655823042484E-4,8.298810962410135E-5
0.16698659193534762,0.08131237411110515,0.023129790693605604,0.0020881215438719645
0.061440334534558126,0.004865210028111004,0.01028227409405568,5.133761858924055E-4
0.05478044692704739,0.003474838835632982,0.0015065904251706428,0.003161284092301669
0.04807591676198225,0.015212234906005134,0.0051812441606810065,0.0024791848089382573
0.13841175206937698,0.0021764473586856673,0.008374524060445965,0.006036946677911442
0.10352716347869498,0.0031475072470530836,0.0029048238969133994,0.0023343492846593047
0.024609431867129397,0.052564777286206885,0.026095330185081683,0.0058647160252628654
0.0028945114127725555,5.33519368413343E-4,3.7036920718918405E-4,1.2610974499364038E-4
0.12044788035601163,0.02698975456877115,0.0013211344548018852,5.055796950558569E-4
0.123728492399404,0.03198836074096177,0.002748843056181454,5.409720341077158E-4
0.01190449150663985,0.003737553232017884,1.311428878801329E-4,1.9013487028084455E-4
0.03925522610329024,0.026763419452463612,0.009933544651259197,0.004190779476065244
7.527956161304233E-4,0.0024445710039422415,6.963830698857706E-4,1.8800166957975737E-4
0.0010107244425791714,0.033031033810953216,0.009941266784327597,0.003571957715162772
0.008095077838063337,5.970772340648982E-4,9.692550601303761E-5,1.2151476064560817E-4
0.001053241850312063,8.991069747131011E-4,6.425717864913778E-4,2.0243572402991726E-4
0.012950092806955964,0.014272234123040196,0.0010512971248522124,0.0019204690168156053
0.05318543632384104,0.02414955927968505,0.007887376673352695,0.0015744149259759943
0.07446351429296491,0.013534370535123179,5.438127603974837E-4,0.0018081262814632199
0.06327810627826361,0.035837073733720026,0.008476707666415733,0.00181867100887874
0.09276750047651318,0.008957487379236179,0.0016718278281790237,0.0020277221275599045
0.004936501846317514,9.281339471058208E-4,4.626665868340866E-4,2.6984971055269097E-4
0.23990197069807748,0.029074909047678465,0.008348293429106507,0.005990916170278197
0.025474890504567388,0.027230478503588455,0.010808559116712066,0.008681583959686
0.029874997367713017,0.030749962204064715,0.015242207476035332,0.004326962803424892
0.013385573026149405,2.367045795200952E-4,0.0011717217985813646,7.396330474769134E-4
0.009789729907514573,0.0693958479698505,0.014020701658627581,0.007932221008631021
0.1690347386912579,0.32404913539852304,0.12801099234310542,0.019936124117313905
0.0025863706110071908,0.0017438992793561924,4.434883589960388E-4,1.6059716288923558E-4
0.029391950812432257,0.012430777726621534,0.0012579816500239958,2.0059699199300788E-4
0.023347573328742564,0.05110761783726437,0.026547052540354728,0.005712737538645226
0.06024793601329852,0.09870282099476665,0.05217013224641051,0.0059356828431621845
0.049737957948051956,0.009120146617907755,0.01969280035615378,0.004921480986942715
7.530142759852737E-4,6.26776789935983E-5,6.115462777937556E-4,6.825739915014907E-5
0.0725803685299086,0.027175306703151846,0.01846633057553517,0.005613727429592286
0.25677290141441317,0.017184286468130035,0.0068674849129395825,8.444266029964671E-4
0.00883476497583905,0.06685533117349927,0.015391305535331216,0.002561012507756093
0.08335238184928821,0.016030131433971195,2.8396472203297144E-4,9.969105857739482E-4
0.023792503811402212,0.014404048510969651,0.0015935558400408016,0.0012185048050716164
0.0013717032251237108,0.0035935622681558897,0.0021321290858940696,7.551287210118643E-4
0.006438536507351598,0.009391336359379653,9.636655261551274E-4,6.006143999477442E-4
0.3207870165116739,0.2905798887532662,0.06239758360961349,0.016225061938527043
0.059873627622048876,0.019229100545666886,0.007686112078258414,0.00458600317647263
0.0049985258465939045,6.455035930623756E-4,1.4213075167483346E-4,2.657286189962354E-4
0.007692919232622465,0.0041331510996516175,9.86231746049559E-4,5.147684126963568E-4
0.0032476290671038066,0.010601982823753294,0.0058805242245972625,0.0025734047791441
0.0027448988015662786,1.0826158767485087E-4,1.9420887083303038E-4,4.7567978519082204E-4
0.021784287072207097,0.015565203084477498,0.0015151064123719313,0.0018023453828650614
0.018672709923305192,0.01352962084004123,0.0114442220746574,0.0034584619049858067
0.002186602909592075,0.0015144121732182318,8.181519554579386E-4,2.6793222811100515E-4
0.03017912292251613,0.015561649221098123,0.002707448484570634,5.466183738277034E-4
0.004274604493771194,0.006013855163213309,0.010684566270832021,0.0057339712317825
0.1100702826315192,0.030228160161847165,0.004235124939074408,8.586098421418342E-4
0.025189379975282047,0.017906204073122465,0.01125250003978422,0.0031015017381347777
0.03840353360951686,0.011852682226905945,0.013517960090807253,0.0031424694698444547
0.011509422665523657,0.06138364197143875,0.007876905859637438,0.008575877655329753
0.05085381320659026,0.015394201485187421,0.007921846319900316,2.8355626043563277E-4
0.0031559507905312327,2.7917593967794147E-4,2.378180860267037E-4,1.3479486879587835E-4
0.005141286341461972,0.0066148920855005145,0.0026421466922682516,4.746750762483706E-4
0.00535467491517006,0.0016467082588065534,3.1488660651796346E-4,1.78125686370545E-4
0.001426434509342815,0.0020339293404243253,0.0066464973117153665,0.0026660477891542276
0.04153161217246458,0.008681015845273962,2.124380922084223E-4,0.0069963308087400665
0.09058312802040962,0.01763595511739632,0.015431669653023377,0.0060948322411936515
0.05621916118854238,0.006206225036083206,0.012743363567165813,0.00842728438929035
0.023070884350300833,0.013070911728547543,0.008172668611652239,0.0023031529135885353
0.10448374376883024,0.035935595406962555,0.02587198318385828,0.00933951284772464
0.15916016488167278,0.027269985154521188,0.00499487593537409,0.00208149329432065
0.024486294804355987,0.02010077749908531,0.0043185546389784045,0.0025994097829549145
9.583227513270113E-4,1.7201300291152347E-4,1.0170186421919757E-4,1.9863680746750073E-5
0.0034990790477650944,9.923001832185965E-4,7.038620253200111E-5,3.834023507066526E-6
0.19400541905734914,0.05341970725325421,0.027526132717684962,0.0018921747894495194
0.022342594046632934,0.03906624015415658,0.02205265065184511,0.00320672184966325
0.0027560838309003584,0.03338226164717586,0.013645639332483986,0.0017238197564492573
0.03995046930239021,0.01417113277746357,0.0018648666223058652,4.4037420434370385E-4
0.07987872747219209,0.01128501904899217,0.00892773724436923,0.0036142442035719717
0.016762331409351863,0.03225033466981727,0.0037616724608863215,0.003539648843251848
0.008422920005429149,0.0018216068509297704,0.0086903839320452,0.0017583767951868108
0.20987202358905266,0.11316359127344018,0.01013703255111757,0.004326645922307573
0.00800000000000009,0.025199999999999945,0.002999999999999947,0.0022919999999999885
0.12710276449108232,0.032794485411190934,0.001996032412124733,0.0021081831635868745
0.006203023238351948,0.0037449880505299833,2.3517204291571576E-4,1.8527256231089248E-4
0.10187619112611282,0.0030144044494803046,0.004474699762832939,0.0010806044939211793
0.05158273987964642,0.01463259892093902,8.341551691438705E-4,0.0017410116953368903
0.0545060533537731,0.04013288803872926,0.001401451600319321,0.001640576397160185
0.004071421140242028,0.014380934721078648,0.002151257712153203,0.0016129058784471865
0.0022006592577124458,0.001948883875482023,0.0010114595758491547,2.1726160995021358E-4
0.1549495282148875,0.051370428246843326,0.005541919443941577,0.0030736811165479275
0.07446900358033734,0.0030314734725637423,0.0028471361163420264,2.3639231049267054E-4
0.005864020378562177,0.005080472776330985,0.0019780422246168956,5.395333830582883E-4
7.040936321443352E-4,9.266479544130515E-4,1.7572589200105112E-4,5.8161890632354306E-5
4.6987505792179786E-4,5.3136295496810075E-6,1.084111466569669E-4,1.2566217382099083E-5
0.004473057093620112,0.0011361785389096823,7.874953078722681E-4,2.026892815367885E-4
0.09718290925963154,0.031166796753371875,9.445566751063041E-4,0.0031802297543061346
0.04200920211500041,0.003204028053511437,0.004414329196453407,4.674389596549147E-4
0.010311413285160893,0.0061821343128546785,0.0020152782573440546,0.0013843031150557025
0.00400661658052531,9.731797091470712E-4,3.65080084440078E-4,8.965386071078693E-5
0.002264152382360716,0.0015353870647184897,6.499519750770455E-4,2.7911680152043476E-4
0.004237008344713842,0.0073299346765355305,0.0020921994161003346,7.972387996623455E-4
0.0017393496899595503,5.694106388603393E-5,3.3273598786225393E-4,9.76267805792726E-5
0.0608456732783915,0.018197338929109755,0.0010489281222215577,3.5346512104117564E-4
0.011546499143930139,0.010061195156162392,8.323686074307846E-4,2.080086749390282E-4
0.00799807821991659,0.0010485796991122405,0.006285871908539518,1.51097232241932E-4
0.08930601404937524,0.022895698123668845,0.012535662413780195,0.0026097457933475132
0.005656581964965157,0.0037006616229009488,2.3312266288956305E-5,1.7893427413373064E-4
0.018555197681715523,0.026431731326718656,0.034894601871849534,0.030290594757711335
0.012777038261339945,0.0027947116601842745,0.002048017996114961,3.245091474722013E-4
5.980932985086281E-4,0.001309813485807712,5.644775711317109E-4,1.5096358445455593E-4
0.022726208320262464,0.010812865640138399,0.003674244192686941,3.477761236476109E-4
0.08562213954702669,0.006245505299710798,0.007347884050906463,0.002380691546465313
0.29123022554138306,0.018652987051396133,0.0772624478751867,0.030741828395682364
0.03175666220562661,0.01765889056042421,0.0021279260408050547,0.001969409782900613
0.04240079236605141,0.014216315326101885,0.0012157958203587967,3.719406853785692E-4
0.04104609242310696,0.014054948119617515,0.016153149257298903,0.00498744921902367
0.016993375901327188,6.724586427745957E-5,0.0031430000512827506,0.0037423335107893423
0.025673602612321468,0.010747603690422507,0.004913053682427119,0.002103838157973487
0.026002559419772264,0.008411781991689616,0.00484421373983083,0.0017299168062672357
0.016595339988313727,0.03915856042003661,0.009861186147221476,0.003616054323490264
0.12202409271144407,0.00670600978355882,0.006147504986158633,0.002137184326599102
0.0113114912632725,0.010832374044154327,0.01699479981704718,0.0020474167065977736
0.06259059269295711,0.0030695852236103456,0.006707321512626697,0.002055297316105377
0.03509482073834371,0.04359654307808607,0.004199445809948999,6.254766111395264E-4
0.004590969591285151,0.0027164538094945666,0.0014977625787396453,5.867367958920129E-4
0.19034184574566673,0.015469512396591747,0.00480954498644562,0.0028775211474251325
0.023151915135813647,0.008312232258809853,0.004837020324109405,5.86524813516571E-4
0.008719321045484887,0.017486620648497916,0.002748867654412833,0.0010708210073320681
0.009538039663043828,0.01490515119808919,0.002883907217480596,1.0674696742884631E-4
0.018553563976454444,0.005210505726929291,0.002693514296606856,3.055740052740729E-4
0.0030043145438188763,0.0028120757351733135,1.1559084797638403E-4,2.618794612509517E-4
0.0841663438740465,0.02526386120647487,0.004045075964621974,0.002394933682888249
0.028153564262236277,0.004212902077842938,0.0015993289045916174,4.389781765449946E-4
0.02056892501573255,0.007407152823087823,0.0025968604654380287,7.282385543618711E-5
0.014902946772151574,0.012332001458222488,0.003468179052587502,0.0011727876052730812
0.10821487791207691,0.0059375692233897305,0.01114527533068964,0.003376547992975496
0.0058646154834392505,0.003162684464790173,5.455812023008743E-5,1.886957786870084E-4
0.008577418991301551,8.322486654068332E-4,8.509659099731152E-4,2.899529342182772E-4
0.007258711479865285,0.0254937998122056,0.01130583205797082,0.004808103913968486
0.07812072058292376,0.02320310202769945,4.304587227543457E-4,5.258664304666922E-4
0.02596264881476891,0.0035289163066981,0.011497348063645024,0.0038178731435187675
0.0015795133416505818,0.0013935870796004779,6.960779487201089E-4,2.479553933372633E-4
0.03788242301866918,0.018279082640387394,0.01324686644859168,0.0036805472029769358
0.12404875220939762,0.048404936058704884,0.008484649555514957,0.003665094704792469
0.2813769386502559,0.006428142274035546,0.0077101627072067485,0.0032346675076214597
0.10164953923378277,0.008351416906098731,0.0024893558214532413,0.002572846192678332
0.09120882394673661,0.01895225411752839,0.003454824411922666,0.0024073001613521476
0.04030149072837756,0.009667947480699613,0.009261684714582013,0.001563797652331447
0.19425499918963846,0.05440973219007876,0.027707475399291494,0.0017012865966190293
0.006053840923058834,7.23945581270009E-4,7.131372129164867E-4,9.549114381229082E-5
0.15917031318195154,0.016833926337675727,0.020935765294093283,0.0027922581929440164
0.06690636664279204,0.03919188139290052,7.051829952453113E-4,0.0014617599843512023
0.07879110662309169,0.005199155459007115,0.0054667915788564414,0.002111181223353789
1.2421052631585527E-4,0.017390282105263003,0.0064153785263156675,1.9224925052638726E-4
0.03453901941128944,0.014104440401852596,1.081556312362323E-4,0.0019144510784335188
0.0042042343312628854,0.001327285081841767,9.908696498516997E-4,2.3025233003391165E-4
0.005032450825017807,4.8087647116777774E-4,3.6060748941089347E-4,0.0012091431858684222
0.035964597877722916,0.025279702745206033,0.012272513275692534,0.0023074023025287478
0.0024434536231792594,0.010629760718008753,0.0022635834024140743,0.002241521170336464
0.05019827922949386,0.02776708760368969,0.007470111347508613,0.0016248538609819714
0.10184454543480101,0.023271567582941258,0.02163480645851293,0.0057829182401088405
0.09978685506949718,0.035077472084126676,0.016270230583625492,0.0031574639862403738
3.018585497198032E-4,0.0063358376318374205,0.0015939220374950227,3.002713153268698E-4
0.0065974817264207505,0.017495763827136124,0.003139954171446607,0.0014983334180639464
0.012287809478212815,2.814027998764564E-4,3.731431420801037E-4,3.667177143208367E-4
0.025085858587480078,0.04791928082576641,0.01248277537969115,6.920107301920117E-4
0.007340692162940077,0.01126361090389877,7.920573662677491E-4,7.760087813385604E-4
0.07637983839358155,0.003749681676255988,8.948325321880949E-4,0.0010025809787955345
0.11251155160598834,0.031083031610485323,9.519333181992459E-4,0.0024520867883072797
0.0707626175772405,0.028564879859957055,0.004130041745979711,8.047755672169161E-4
1.4592353642680337E-4,6.134055652003853E-4,1.9783488581384223E-4,5.518770509592621E-5
0.0045339584074868145,0.007509548249667165,0.012762144479522423,0.002782225707131295
0.020583553285243045,7.057758718082417E-4,0.003241314058129839,0.01718536067797463
0.020000000000000052,9.999999999999593E-4,0.0012999999999999123,0.0016600000000000295
6.344122050481369E-4,7.269343841806798E-4,0.012913691034927023,0.005624528431258559
0.03871624952306132,0.04731928718178355,0.017092328130139216,0.00269564417836813
0.0014193449924573246,0.008735796333518599,0.005565728470900547,0.0010381723875533542
0.017656273475447855,0.018073135875397318,0.00860861081827689,0.0012173421688599707
0.00423322125864782,3.2681540539329916E-4,0.0011760609041214763,4.4058366602389536E-4
0.03981782104471595,0.002343364243186942,0.0053039943944739,0.007522181247705411
0.03296412033477858,0.019884431297865053,0.002189927623324807,8.337401770207074E-4
0.01942005913749435,0.06102980006231473,0.010907605641910241,0.009559175638104829
0.024160914467444675,0.010890628705592629,1.4001396238060089E-4,0.001423183049753307
0.00487395936381632,0.010667177993253753,6.696054100879684E-4,1.8945413895797285E-4
0.024605517675587316,2.5178676566052E-4,0.0017718821536271117,9.432974523120856E-4
0.018672709923305192,0.01352962084004123,0.0114442220746574,0.0034584619049858067
0.018521775617113295,0.011884310060761157,0.011059061205003324,0.0025578755279718588
0.03080727895917704,0.0052529655576504545,0.001031160354024241,0.0034311906612555106
0.06090519723139835,0.022160280530440717,0.012576395109293504,0.0016501151882436207
0.009633926664747843,0.05612696358191355,0.012677803437245679,0.004829094561661477
0.0029645256639591676,0.0077130199708821436,6.643386008934551E-4,1.3416640048778634E-4
0.08119569335571386,0.018318913796609645,0.007222006752619825,0.0013936154451803977
4.0404040404035953E-4,2.2222222222210804E-4,9.898989898982977E-5,4.323232323222068E-5
0.010324431663556954,0.007068633512874401,0.0036170215471186882,0.0013612776396373849
0.0036911538007178297,0.012427233383917383,0.0010930864823953763,4.410965566201462E-4
0.018815314460321707,0.02973238255059689,0.012031534088266994,0.006066104157565714
0.04286258090597726,0.013906754503258548,0.004317168015883978,1.1202512287297E-4
0.08814839848228258,0.009559367484670435,0.011537876693945369,3.994436557309439E-5
0.017584791971679503,0.008290078266332126,0.0193449043003153,8.770692143322767E-4
8.271784385404449E-4,0.032840681743830875,0.013512848723124275,0.0016183719319255586
0.020672093676728027,0.044093273250924304,0.02006919295671423,0.009101449006722434
0.023690013842865208,0.0015158937391061508,0.007888958145910882,0.001145685492187079
0.02498565614137278,0.010960649824904503,0.007953670968891383,0.004767827001485159
0.009039618572763756,8.947198222750025E-4,9.187354992512885E-5,3.00881124421965E-4
0.20587609724634665,0.0051691943476182695,0.0069164315993539794,0.007056169786190283
0.05086046884641854,0.019439774882337165,0.01707595516109893,0.005481491112140142
0.012051974469545531,0.0030761427962189155,6.837935281503229E-5,0.0036505004568457016
0.007402229054280223,0.003986044890109048,0.0014165746155186628,2.605199032967779E-4
0.0011555646008496827,8.372834457279516E-4,7.082281022972831E-4,2.1402764607815743E-4
0.02378357078678129,0.0047525076443719685,0.011952174841337725,0.003027386741619517
0.0026839417754318984,1.4383958345773776E-4,7.69035726114613E-4,2.721519663469352E-4
0.025507517100676693,0.017689282752857877,0.021360729376195858,0.003682641552754606
0.004949272747695863,0.002423831237135117,0.001089101087227828,2.59087641493957E-4
0.13281829911857945,0.08830974402105181,0.018267582774116487,0.007357043726375976
0.03585923227920414,0.025317525300669674,0.012712691134384082,0.0035968975406932588
0.01111215188498803,0.018909163464317646,0.0023933999045540337,0.0020165324942337183
0.049561913155952736,0.0819544243811411,0.03161359435619202,0.004670437025533758
0.01692762023867394,0.010736685252921383,0.01120299717999983,0.0019137939971947482
0.01857280899928193,9.980974299406825E-4,4.991728070087605E-4,0.003719742166082145
0.13001309350343876,0.05454801466577536,0.014875043945937125,0.007976019724622446
0.1606223379481111,0.036915860243295844,9.643863526631656E-4,9.972332301061558E-4
0.020012210182183257,0.04558093536506733,0.020613827404131826,0.00913155112801274
0.0915123227625806,0.01612807260912099,1.4966122962265118E-4,8.276945725168641E-4
0.03648114071533494,0.006123265276992677,0.012062895262353102,2.2263077059100322E-5
0.06642498547597143,0.00759797568302682,0.007412123230220191,0.0016525626125628568
0.003887209362105914,6.158884846381591E-4,5.160182599849842E-4,5.0191409613875283E-5
0.06611565424695656,0.00455210236270637,0.003456208887881873,6.759412989207173E-4
0.04561509645532231,0.004423834619259424,0.003906174856714475,4.784000875255645E-4
0.09906382978723405,0.07903942553191509,0.01849700425531906,0.006930986689361529
0.019887209781209916,0.04330362674380322,0.02019122459769593,0.00906061706797325
0.04577224454843435,0.019726423982026793,0.01038179775314823,0.00560286445807644
0.0037910941804465545,0.001034782465009179,0.00108470904931983,0.001510376730836969
0.05132322636880665,0.0035693145230519404,0.002805969808779514,0.0012262458276888035
0.02984034747358427,0.01539329922052231,4.5631864599180664E-4,0.0012783214315049735
0.1534572356968196,0.046033476484497134,0.008935377202003734,7.94083034305495E-4
0.0014704840727463536,6.557135513113789E-4,1.1996120376144419E-4,2.9675755507124843E-7
0.19776197728562184,0.024937492980545414,0.01113234076737119,0.0017272117161059362
0.08409108988773355,0.03426173858856193,0.0030257775093104535,0.004032931034649888
0.0033995143282970048,7.77178719667543E-4,0.0012074477572277275,1.392986790298638E-4
0.02211039784166671,0.005565121806433081,0.0053425064266682965,0.0010741756666420694
0.009583991822582872,0.004978706985566971,0.009777508259194807,4.5554509574843936E-4
0.036071382114359195,0.02309312657892209,0.0075296330441535055,0.006618026606592615
0.0016161616161616626,3.8383838383831915E-4,1.6161616161609895E-4,1.5757575757580303E-5
0.014458433190278036,7.417983714924565E-4,7.761129195056004E-4,3.7425397624310633E-4
0.0324839978739649,0.006572026324060945,0.0016531233110397873,9.165723701667908E-4
0.019001900965715822,0.033117863068157095,0.010314877655529221,0.002597543704992468
0.0036949948453145936,9.630705237147839E-4,2.6685846745918917E-4,1.9399149892663307E-4
0.02216267279159064,0.015518126078756753,2.614899510684244E-4,0.0033633751478136845
0.08342093310439753,0.03614324130090496,0.001513820405597497,0.002346589796439196
0.03681899629519852,0.028758503133540076,3.5408218000681726E-4,1.382542061960854E-4
0.1221156122471641,0.031579839313275175,0.006823880624892787,0.00373532448379539
0.089592373177096,0.009609881785799442,0.00889713482460006,7.392842643472949E-4
0.023150090546166787,0.016565157345521515,0.014726143584821107,0.003879923366438242
0.0986645078312353,0.006100707158701594,0.0061851816829823,9.781280567894865E-4
0.09174042738233303,0.04002164386278009,0.006238667414832724,0.004171085853277187
0.140062298087362,0.006817683924447027,0.005425827234129328,0.0025375444295832284
0.003541857442377422,0.02778966442751844,0.03349534403689886,0.026734922080603348
0.022363011889090394,0.001444867611075151,9.575741906231973E-4,0.0016596638117815899
0.07516424550923835,0.014106635347969673,0.0041312362711206285,8.834413912043761E-4
0.01908994303117494,0.004436251631378638,5.364430151571595E-4,0.003448120603117606
0.1365423496651958,0.0049962830603386445,4.387786075979648E-4,0.008843479413782556
0.05614282890980225,0.010518772209404788,0.03214586174956016,0.021335343490630123
0.03931620272193428,0.019337932673418236,9.652292471100237E-5,7.84735612509077E-4
0.13523433018592307,0.038519731470766747,0.0064234466415448695,0.004063910141805294
0.008500601276703256,0.0012812553136790175,8.676875579144167E-4,1.7536803455136022E-4
0.015516968047069134,0.001531838112379196,7.668936372702528E-4,3.6185038140876453E-4
0.029567649460684346,0.018916229405723833,7.697287787138874E-4,0.0014860773243505988
0.10812707661736247,0.04877068195231048,0.007977517632684224,1.6924734776461263E-4
0.014693486656023467,0.02523694666048782,0.03560436123940405,0.03023837203217342
0.004765242362972477,3.362488535269202E-4,4.288187690358328E-4,1.8859809947560684E-4
0.12444732789309781,0.02248176979100229,0.018436333187044136,0.004521515547130799
0.05421773309178135,0.03832057012866723,0.012059779037473874,0.001428091920775362
0.017878875035390002,0.029446391852681653,0.0136257815528013,0.004036323370091561
0.002615892790229107,3.2754045605867577E-4,6.376901684704454E-5,6.700723790648129E-5
0.05194830279500371,0.008034223851614111,0.004517986953856004,1.2249134954612972E-4
0.046431315645944965,0.01076033532431542,0.006319408954289893,0.0024174094831856665
0.06279098424662616,0.0073456385030885975,0.0013757111691047874,3.1123900671601587E-4
0.0058575096237796056,0.002156670190229455,0.0013852111926911377,4.208744453846556E-4
0.05333360183121688,0.00100595259477579,0.004248734291755507,6.152617073785965E-4
0.029430389179831713,0.006373937350485345,0.004751906008265391,0.002521764144604775
0.04810510653107335,0.029882779559593366,0.008522142466547453,0.0018848338500570586
0.10853384951574066,0.01264268965502683,0.002290662701471251,0.0034097538394283265
0.10150662223791979,0.01906679476876439,0.0019333523116754103,6.12245757139438E-4
0.004708588641076764,0.0638776868990934,0.016355645152064842,0.003490141051898922
0.0111241943302992,0.012044431256912637,0.0011198266128503132,0.0020661290807729078
0.10300772285267573,0.010827194061187087,0.008418783931415664,3.925576601435103E-4
0.012193548030719504,7.177864247402127E-4,0.0013215555954652525,1.6684228243738492E-4
0.04974055299556526,0.006443535684221996,0.024588634094800974,0.003891821104858291
0.001030012238148931,1.9638546439431045E-4,7.134650339272722E-5,1.5911496562368847E-5
0.03028931397530223,0.005487332784166357,0.013907815203379125,9.51024846643267E-4
0.007863909948319574,0.06274796487233779,0.027265357408389316,0.004799902941514644
0.011179575723924919,0.007899017951136632,0.0014806966346714205,5.456567263487623E-4
0.04534613949365321,0.022182400793971224,0.0012508051712233452,5.52075270655521E-4
0.00980162239711185,0.06265402337276292,0.02082940745782757,0.004408578341387406
0.22266708751764566,0.12389216544194141,0.013248119090914784,0.004454439428236532
0.03220816721186915,0.05043914097915929,0.01859953978486757,0.0012791030214230569
0.025043569388837367,0.008112761506372334,0.011014664207656568,0.0019472165929037598
5.898833547720665E-4,3.934498331891827E-4,2.9392224577120293E-4,2.5516899444919038E-5
0.058181634040583116,0.006506419022109829,0.010832489441594114,0.004978820282921189
0.00473245906609871,3.099599733500607E-4,7.810505912905704E-5,2.728506738351344E-5
0.04785384261884697,0.0174316014450467,0.003827992251732652,3.95183297362579E-4
0.05183890083089026,0.004304653060912666,0.0027226576448873647,8.60234598731863E-4
0.05779064145003557,0.010389294122738165,0.010275811256270188,0.0010511694914940883
0.049737957948051956,0.009120146617907755,0.01969280035615378,0.004921480986942715
0.0071308872613132105,0.027918062983182786,0.01666730828096935,0.0038758137167820045
0.06832018954594062,0.005078385745015966,0.0024746384453771205,3.898259343737562E-4
0.0130164895974534,0.019395426533417918,5.585887788887043E-4,1.533240925588834E-5
0.0020840185675732336,5.639803951241928E-4,1.8621219487560727E-4,5.5855319328818074E-5
0.016888784024243028,0.03043101848777999,0.0072815444063151534,7.066152358954096E-4
0.0013360284638301633,6.878462114560301E-4,0.001799537974018571,6.620992004429898E-4
1.6640667178907903E-4,6.084050375936721E-4,1.7295167583818746E-4,1.908503916853281E-5
0.02877196230370006,0.003540511909011074,0.0017486541046416778,0.0019472178331718585
0.0026362883630012177,0.0012257622620278302,3.176845122805886E-4,1.1663288362468907E-4
0.014843675032823418,0.0030614958036895047,0.006848564242056493,0.005064362469367793
0.11523492962310646,0.003197822938841854,9.485675781681449E-4,9.251158894075444E-4
5.552967666654677E-4,8.718784716356637E-4,7.93091421710783E-4,2.3541276683645455E-4
0.06984590207318106,0.01778824047764111,0.0011988160370668217,1.79579194382254E-4
0.0036916572030322257,0.0028065305109100137,6.931169343082972E-4,1.577877592163166E-4
0.026955286771603214,4.33240518777793E-4,0.0014541490943295653,6.130805954574224E-4
0.0030098079119618222,0.0012599798754594361,5.75974788912798E-4,2.466404434535684E-4
0.031459822418345294,0.016172731501075597,0.005729239009130899,0.0010864181534792274
0.022883122790465872,0.013157318016578719,0.006363946828830662,0.002476157795668008
0.022895063494117726,0.003592785349476943,0.005978537663747363,0.004715622672023595
0.010650015139747449,0.005934801355155588,0.005427447969517953,8.810928823821051E-4
0.15336834514059944,0.08087344053840191,0.01411312912213988,0.005695979269302535
0.081878945695475,0.020123842089721976,0.007487484614831267,0.0017540678381863417
0.027757865891113054,0.052661336603535565,0.02594298981657552,0.0054809369832515015
0.07325808144131887,0.014347212510510765,0.0011761662493789261,9.898066134936474E-4
0.3229402650134013,0.06117326331747854,0.005487615184438152,0.010237017817979966
0.021838274372132045,0.028145349478208702,7.645436875575597E-4,0.002463482161062626
0.06090519723139835,0.022160280530440717,0.012576395109293504,0.0016501151882436207
3.498976678554265E-4,0.0022370554737347337,0.006554619310729687,0.002681953070680885
0.10373512940488132,0.01630593800205501,0.005271759845613653,0.004022961007614836
0.020383099767162016,0.012060578470596163,0.00664980315441931,0.002605008464973526
0.038339877459824534,0.02372578790875707,0.010703732821070667,0.003024052328218773
0.01965253215057906,0.014076182179869409,0.008101707166012643,0.002299310059739565
0.01539514356891926,3.0897732132297625E-6,2.9713908221631137E-4,2.804748942185298E-4
0.0011628355038547096,0.0027275500767752927,0.0013876784350063817,4.5098825581600926E-4
0.05038937778643792,0.06045140840951941,0.0010727079009836419,0.006389799547664984
0.0014704840727463536,6.557135513113789E-4,1.1996120376144419E-4,2.9675755507124843E-7
0.07640309612445335,0.009274504189752418,0.0057328283893693,0.0016834769291402818
0.004792191203014651,0.009018904281737518,0.002670185258782362,4.695392330921204E-4
0.05282594290477983,0.05791159909634578,7.899080937509298E-4,0.0065078430588933825
0.05303107349672323,0.002547807737671992,0.016856620039089432,0.003376646012530069
0.0013039575015749954,1.8306835955857748E-4,3.553869867463501E-4,1.4135918782696887E-5
0.008038904139727356,5.181907736897093E-4,0.001321894989875375,4.938386356252902E-4
0.07987043967749033,0.034375199392432436,0.0014707249319720083,0.0017811276579308658
0.10426683258595458,0.04670114169856671,0.008527467494835255,1.0684211143495644E-4
0.010140306882853344,0.01858518361636202,0.003666943487762076,0.0017697513679410758
6.942171113957349E-4,5.031648939849555E-4,3.183498086931105E-4,3.0066768376552946E-5
0.012823850901028186,0.005318307577587085,0.006278009417056111,0.005622538224596657
0.14338479066805834,0.04900650475262089,0.006271812490391111,0.004734818777978523
9.744644054755786E-4,0.004208791001525067,0.0028970251017115763,3.1176853622603425E-4
9.96155213520075E-4,0.0021165704002121316,0.0010162885451980145,2.87075518976701E-4
0.008279821947528902,0.005396627522540704,0.0018318033609257306,5.273479407237515E-4
0.006663978097124921,0.001038494118655071,2.0682928315704963E-4,1.9823205112520241E-4
0.04964716625815216,0.01516748406453969,0.003143021670319894,4.7856029156598755E-4
0.0035268670405768296,1.4978412890195132E-4,4.3245097175675056E-4,1.8146115101697535E-4
0.017873657845049597,0.0011534037932086007,0.005629855311649027,0.0016029093753539125
0.0027618609489571096,0.0019112415330442426,0.0012473860962808623,3.6254046814490805E-4
0.004843789124957979,0.010778424382726977,1.049186297987972E-4,6.51339940850879E-4
0.005471597563618205,0.0010782128092637663,4.543089562761193E-4,4.4941071473237046E-5
0.03714239520299981,0.0058467715591677604,0.003744367258430502,1.618163871429195E-4
0.08987121784247305,0.0010016396183075758,0.018309964586755004,0.005218132012203324
0.006030946542511346,0.0582768749115999,0.005695299673618265,4.671276049300277E-4
0.005999999999999894,0.005666666666666598,0.0015533333333332215,2.5866666666670335E-4
0.051405574067818,0.0074761206736853655,0.013255298415607306,0.0015246570285766168
0.026728321383434166,0.0021869403870030195,7.53989621104944E-4,6.089379583303807E-4
0.07646434009684155,0.012802805883390934,0.007073463893807427,0.0016728827424511334
0.022863615491753468,0.002591438937664823,0.00481838006054994,0.0017910703155682996
0.008028051084680635,0.007738488942088385,0.0015707610680412041,7.007592484950452E-4
0.001362603113933715,0.013655384396831866,3.970618688322163E-4,0.0015476331729817204
0.019337116990341727,0.00984861098047737,2.748164465705669E-4,0.0017769283178599308
0.06441209134935258,0.011704288580917965,0.003382760004952796,0.001580693010300486
0.11140186354058318,0.033723478411893576,0.013073055252837766,6.529922528491625E-5
0.03683581913441491,0.037905597612445885,6.946020108331715E-4,0.00921376691852642
0.1002493966597495,0.01927511360884358,0.0033578311566268555,8.152885664061836E-4
0.03922385966077409,0.025121102161035785,0.02419804738290763,0.0028072721539858137
0.046431315645944965,0.01076033532431542,0.006319408954289893,0.0024174094831856665
0.04278877970929201,0.01738622334386951,0.012654366396614611,0.001033652471754199
0.01990995312868702,0.012677692034125155,0.001560318138645507,0.0038573957761420703
0.00271399065575822,0.00432211661846197,0.005765990010961896,9.821331640563695E-4
0.0019531484693031554,0.0018546574730938584,0.0021660576873125293,0.001125831357374754
0.009873755184769717,0.013011646502151846,0.005591709375149426,0.010415818402197276
0.09227001892332203,0.08022795225381148,0.01835068447986626,0.007112672268527962
0.00520440837252558,5.127948024637146E-4,2.9223025766405094E-4,1.7704655045038944E-4
0.00836333942072348,0.0043724236440314986,0.004082446842442661,5.514031190478787E-5
0.063466097508452,0.012462398254984748,0.003288122715594543,0.0015090840658243008
0.0011742610154504278,0.0030006694246726235,0.0015039028107573331,5.034149872411407E-4
0.09035542152439044,0.028921341584337776,0.003958668211234483,0.0021661423160457658
6.146492411756158E-4,8.790796207947912E-4,1.019369020668027E-4,5.470277318837864E-5
0.0023674598906224644,0.0013412948884554074,8.386529464435575E-4,2.3634213851971957E-4
0.0021853407111319667,0.005101053397796283,0.01116656319436749,0.002532713823085301
0.03056488181930626,0.008622634743526779,0.0026140113082923767,0.0017187873491096037
0.0714572635995165,0.017753376249762698,9.580810093716934E-4,2.9543236920225668E-5
0.006647305313759284,3.0643648245459363E-4,3.1461984865229647E-4,2.3018205022492703E-4
0.09558153322860435,8.92546574367093E-4,0.0033494953029238233,0.0021289912251551057
0.09373142151249539,0.056324701492332936,0.010349623005841174,0.005275325124374355
0.06869972004280825,0.014436865921095964,7.359154199431007E-4,0.0010816382535585377
0.02506703953405694,0.011004671586929781,0.006646036763479052,0.0017336599604106735
0.03786168870145884,0.015375770843947171,0.04800196457705112,0.0013301008526951231
0.004029530310739441,0.0048443748677188736,4.296802497693199E-4,3.799184408910759E-5
0.007600540893468992,0.006750734832901524,0.010104580098126247,0.005610995073607191
0.0012199753393629569,3.78932038371099E-4,4.219281070354352E-5,4.352234756400546E-5
0.13666473167185156,0.009433291201578483,0.015169334156153402,0.004131032422432587
0.030033513484556698,0.0050685264252829255,0.0010102067144977989,0.0034011428773376207
0.0183746348832196,0.002910848279787994,5.797475866802755E-4,6.399942442305915E-5
0.004318519506485165,0.0022626105160822346,0.0010226433739588278,1.6169127055503445E-4
0.07124725582922982,0.008242308453006417,0.0015334152182061107,0.0016319035690524819
0.0018185083154781297,2.8278951127430054E-4,3.3532545658597447E-4,1.0707150290696732E-5
0.031025950229132584,0.005949732525564939,7.584828566414346E-4,0.003467661390120624
0.02506974595594601,0.056944950492699965,0.023196883634982964,0.0014663084443425518
0.072372406461048,0.026132522975456554,0.006667252136787408,0.002658036844085101
0.016115472950216942,6.339830316559161E-4,6.685825255269061E-4,8.280577993750553E-5
0.013651240814585991,0.01107457905710615,0.0022149541175558256,0.0010248770409779736
0.11100140461931278,0.05641711932165614,0.008715296392400148,0.0031786143465977372
0.09496735823293109,0.004060906382815021,1.1486074623047113E-4,0.0015409951599029427
2.2119448494927892E-4,5.198502082094399E-4,6.259598427457751E-5,5.298922429173824E-5
0.042705596331174926,0.004852752881284751,0.0036372148899660663,5.948625588594595E-4
0.02516166983654001,0.024842591495009513,0.005860382654422808,0.004049906909984378
0.0025612249532387435,1.2310622849643152E-4,4.3880350396254285E-4,6.972384993927944E-5
0.06233788185245979,0.011166776694082675,0.03509023162989709,0.02593316006541901
0.19115404363677155,0.03627091939400279,0.01001297270950547,5.619903558673116E-4
0.006769878242137634,6.141237057545132E-4,6.721284299393543E-5,1.748138208306277E-4
0.0015425041266946037,0.011511888913965831,0.001207460466513197,4.521723810494494E-5
0.06442367406619694,0.009417767985507823,0.002810403998210469,0.0012189172720751152
0.015646486605098466,0.04130633919877664,0.017647174789742176,0.0027348727415819566
0.029510181830450986,0.020848561113362463,0.003650449499730636,0.005993843535509369
0.0018037561054314534,0.014438318219383314,0.01565122574013464,0.004263798498631454
0.019383821741437747,0.038427571458183124,0.004011346269956941,0.002552650012959425
5.709852605776119E-4,0.016481634594982423,0.0044744475359484335,5.683827560354986E-4
0.1625542952549923,0.007387728727234919,2.3956239558675315E-5,0.0019625067761103953
0.01970556847981521,0.007894679710900663,7.812468740239263E-4,0.0014031128819582614
0.0790664921031168,0.02631981302474337,0.014518769267113329,2.9181235871520225E-4
0.08450541057650544,0.036188523312160284,0.016265705511355796,0.003423679506181436
0.010982298429110035,7.766221134604716E-4,0.0013431386962028545,6.273546033195776E-4
0.020685538232016312,0.0043022409108978655,0.012067063864129788,0.0031764262228562126
0.09900799894271256,0.02656568534145928,0.008892906351641168,7.927239192925855E-4
0.08914463995069084,0.010251952471321933,0.0041411723539086665,0.0030140294737434174
0.1608572137042573,0.02923174387541346,0.001491557448511064,0.002350048576301814
0.047324410121679955,0.005612122471577287,0.0044072504240522375,0.0014607121516105044
0.1549495282148875,0.051370428246843326,0.005541919443941577,0.0030736811165479275
0.005278026396220203,9.250210957521792E-4,4.1832123087542175E-5,8.841235724726453E-5
0.016496194016090433,0.0014878452276368137,0.0016908022646135552,5.636120999857185E-4
0.005278026396220203,9.250210957521792E-4,4.1832123087542175E-5,8.841235724726453E-5
0.002375967951534045,0.001210107177219282,3.376692967883993E-5,2.1833268824493778E-4
6.688654136349254E-4,0.0019195449384774648,0.0011981730055974132,2.1250929522746847E-4
0.006470336946130632,8.48162364332073E-4,5.684038399011564E-4,1.4117407234084654E-4
0.09350757648706189,0.02618776186220503,0.006522653510590714,0.001137169138784325
0.03957160191318263,0.03826945660924824,0.004848882831115492,7.919323293903865E-4
0.038857897772898324,0.016079225090476778,0.011250502532822167,0.0031752509652549525
0.0034911783441765247,0.010076663539225216,0.0021769198453063165,0.002223259257625327
0.11927061533895032,0.027513944037135602,0.005221488415001518,0.0021991886557407862
0.005544960715799885,0.0017041650175306986,0.0010041672382467852,1.8831208249849582E-4
0.006305574866926097,0.00394836035380502,0.0014762808831390033,1.9735038386735476E-4
0.03953153275785949,0.0022772880409931444,0.004269178404561425,1.6146323696696727E-4
0.0020209828564083116,0.003821598557132693,1.2746674450441132E-4,3.1366506079626735E-4
0.05864724589288678,0.007213655437991252,0.010655039816732777,0.0012442809418625898
0.03156710677166404,0.013923676220143684,6.043870237166827E-4,9.329175269234068E-4
0.15995560988599036,0.012422048407864893,0.002967907505262824,9.425878272587587E-4
0.0734285952494678,0.023223079856585033,0.005457545059270433,0.0011923884841396417
0.039510811449736,5.135043852912638E-4,0.001831729550878142,0.0016203473475801034
0.1144943521780618,0.042778839386348355,0.0029070291526159396,0.001263860921958386
0.040602174528746725,0.008519862795434164,1.3630113795377532E-4,0.006976838054316112
0.0025021366964555086,0.0037778827347336326,3.855240661153897E-5,1.3700264123658784E-4
0.004170184492419513,1.7244322734927319E-4,2.2762708406053037E-4,2.912677155358919E-4
0.08504242060144152,0.03112293976056437,0.01333171196746307,0.0223857934290249
0.04019296482412082,0.005397869346733438,0.006259927638191079,4.115040723625712E-5
0.10826303412403557,0.03852795340642652,6.005722935339855E-4,0.002566823019172894
0.640005274915839,0.04576546978372611,0.015859482265606677,1.435027801039843E-4
0.10437486091995109,0.013664156312955046,0.010355042992855501,0.005122592709665007
0.1624586413250669,0.024486054396753665,0.014088947250413599,7.254159973131636E-4
7.043432274663736E-6,0.0023118036066822225,3.2366444339103904E-4,2.485128069740656E-5
0.0010315104190507394,0.002865819584229367,7.017738998228446E-4,3.881196965011417E-4
0.08361789917251183,0.01387398783781798,0.005921463722338507,0.0014655389504979815
0.08318487545292029,0.023713511410862177,0.006656367247675395,0.0013285058605007935
0.0246556203984749,0.011198672456900573,7.188444549192279E-5,0.0013965136176197336
0.011999999999999974,9.666666666667083E-4,0.0015233333333332841,6.863333333332704E-4
0.0964446136882408,0.00794218027844211,0.0035532208659086015,0.002524216636340453
0.0024538815868966183,5.689739376561874E-4,3.1333401030950094E-4,1.4199536016944178E-4
0.0017531808793694913,0.0014285278506659042,7.27177915049877E-4,1.960196777486946E-4
0.00486526370077625,3.2516439547310627E-4,1.5895856547630194E-4,5.435913981605796E-5
0.002855276793558797,8.881034699947434E-4,1.8499640811021044E-4,8.52872482724789E-5
0.06805253197016756,0.054004523696450216,0.01843866394113654,0.0022572260418914575
0.04891032010091925,0.013374643391614165,0.002465462705663557,2.6104503255190156E-4
0.020000000000000018,0.008799999999999919,0.005239999999999967,0.0030079999999998996
0.039958131673210266,0.009184099614780929,0.016823592486880447,0.004138764902450533
0.07646073479799755,0.008842170975262248,0.004675591679430163,0.001645901117732726
0.02975123014824443,0.01803127287669833,0.0030672479607848128,0.0016543523161640507
0.07145726359951639,0.017753376249762698,9.580810093716934E-4,2.9543236920004955E-5
5.069544132476829E-4,3.114354794807792E-4,2.118687432903773E-4,2.6707441711900794E-5
0.0014099573213920138,7.342849564859605E-4,3.3395879650515125E-4,0.0010742053946024587
0.020804070312396044,0.012442526521950324,0.00574411090714553,8.069308010736747E-4
0.0011708223042112887,0.0030792226308671844,0.0017628112645752632,4.2937431285071E-4
0.0533384595821979,0.02852050132711404,0.003815066329241141,1.2428278881521345E-4
0.02898533509059127,0.021024227558139562,0.00508638872066534,0.0024572540467102592
0.027817983831477128,0.050148495332376634,0.018199904784100124,0.0016668174028627047
0.04975768549693621,0.025855766948829118,0.014797003282708731,0.0035179111317800663
0.03610067482913128,0.05241922145852761,0.024284844868874337,0.009170276938470326
0.12198067716880026,0.004852859766844475,0.017919090010310692,0.0023387980215975675
0.021152973233311122,0.012550515556153266,0.007776792976101758,0.0021467197431128066
0.04247385131094628,0.0142865535677821,0.016740569281107554,0.00516031153911166
0.07008965609200503,0.005132091567419403,0.0013690476588527332,0.0034376944510895787
0.04062728792303917,0.031172129459906734,0.008926173933712101,0.002639124545796461
0.013377983141449945,0.0011357968125326006,3.220451854358305E-4,1.5585407384769142E-4
0.09381335589038471,0.025116847080737453,0.00640657796052156,0.0010537560897938081
0.02276894392027561,0.012902407276756924,0.00678744187652058,0.0012390704653775497
0.16698659193534787,0.08131237411110515,0.023129790693605604,0.0020881215438720833
0.13284626436521257,0.020482149534146118,0.020578529133235154,0.002103446441267481
0.022370678146453705,0.010062135822194892,9.308055866697327E-4,0.001726660920896065
6.846569320176131E-4,0.01003414101263006,3.584530464058166E-4,2.849312600378488E-4
3.751622539912779E-4,0.0010673846142439638,1.9317930765373146E-4,4.238787067511328E-5
0.23990197069807748,0.029074909047678465,0.008348293429106507,0.005990916170278197
0.026548465598312847,0.01047633708030914,0.014058986362335414,0.001319349802536108
0.016477522568391554,0.02059558959194612,0.0017413001801225853,0.0034506467193210436
0.010666947221134777,0.015720993721288216,0.023388420588482492,0.0019926715871104116
0.016847841252218925,0.002808941295260498,0.007107111900013359,0.0021155318346550004
0.11992802770301479,0.016138197061348964,0.0072508414192555696,0.0027399956451957153
0.011360616116179566,0.00848218981753594,0.0021860001975921714,8.857326592372149E-4
0.001321775600258166,5.704461092419642E-4,0.001781337959749741,6.421401273910435E-4
0.020158520042827182,0.01305199541046815,0.001117225713725611,1.3656061566112964E-4
0.08480061477720838,0.04367018014779621,0.0061421180009363805,0.004376240540087568
0.05982385543833161,0.0073707277291408,0.010022230987969165,0.0043163747453202955
0.0636930741283216,0.014070344229066178,0.013408115314339589,0.0022349566331546743
0.01813219208130208,0.0014499692285048105,6.968773386316981E-4,3.159435962673168E-4
0.0304357141051507,0.001715412281605281,0.0015383683599517397,6.980955572358971E-4
0.020188649826932605,0.0740652722512624,0.008407692483573929,0.0023697671716956196
0.007618657853297608,3.0841574408227093E-4,7.012537557754565E-4,3.8840787765160445E-4
3.635025937572697E-4,1.0413698998543036E-4,3.890117871322281E-5,2.6252615712892244E-5
0.005222057584702398,0.002652998024969053,0.004906008704034443,0.0016758966902650314
0.0714572635995165,0.017753376249762698,9.580810093716934E-4,2.9543236920225668E-5
0.050054079573347274,0.00861681702893167,0.018828452054711693,0.004735777413081916
0.011952675900540662,0.004590849189882718,0.002295785949521638,9.806228766790184E-4
0.0022015792842705116,0.007551022106214728,0.0020393430721949023,0.0025005039634702912
0.06367869945958579,0.0075464411068566365,0.007148058168737628,0.0012778193083003233
0.0057058236182740245,0.007270117956784417,2.942056581635363E-4,1.6539811368112883E-4
0.06853454165006918,0.04176206637449882,0.011115492155971043,4.3792021917537865E-4
0.07900729864729943,0.011191053912378271,0.00827942415268229,4.819798032748511E-4
1.4719981590294027E-4,2.0132823150583167E-4,4.6156661298239445E-5,1.0219379013774846E-5
4.779787287859408E-4,0.00403223488363802,0.0025911656367584497,5.091620553508713E-4
0.03350347636278429,0.010451048454318606,0.004523590338162648,4.120799766312508E-4
0.008452736517328528,2.1162059964820667E-4,0.001417953377137099,1.0298225902579644E-4
0.021615415874940327,0.04471058110346538,0.020490862353662244,0.009233527864070829
0.01802638237208479,0.004802882814381482,0.006371631338056202,0.002258053999032954
0.004151203142910236,0.004835009778026609,0.0017467177762998671,7.26291101634492E-4
0.08862337409984496,0.05192544932583064,0.0018135489154877317,3.462250623188513E-4
0.015369127613978283,2.865749054405763E-5,0.0010407133489299142,3.406871613551625E-4
0.04799999999999999,0.04119999999999999,8.799999999999086E-4,7.399999999999074E-4
0.03185185681002269,0.007768410363814186,0.011609126693444069,1.7202969808599675E-4
0.05883976564264478,0.02121450260895481,0.008652887425337841,0.0014964963885853973
5.862395460712443E-4,4.5316966347916176E-4,5.299782410799493E-4,2.1436057219613124E-4
0.004309096661232792,0.006561455624294166,0.0030141577875751314,3.6560887245044263E-4
0.3031023965155258,0.18830493390368952,9.616083406286826E-5,0.002691016784452615
0.0282062802111799,0.005779469650506904,0.01039916336086559,0.0018008946157838349
0.005976868293326689,6.50404626325309E-4,0.014613499374433904,0.0036181188065925332
0.0649563377842064,0.008948295053206788,0.004459400678313019,0.002170810299026533
0.006885333855531104,0.0019459906371800193,2.3703366832110738E-4,2.200079211545788E-4
0.0021456518531955005,0.006442094383405878,0.006723979494932701,7.6888170992032E-4
0.0023674598906224644,0.0013412948884554074,8.386529464435575E-4,2.3634213851971957E-4
0.013922880607619653,0.022966475895999712,0.014773885488723928,0.005957182952988971
0.04570856995651185,0.01170025429768153,0.013157956646442013,5.578892451095465E-4
0.05946926629267773,0.0369892180547478,0.009426139246337454,1.8160577107928806E-4
0.11267647982960764,0.01948040490528887,0.018571998445277103,0.001339869490286056
0.0015452634904038168,7.868047874321618E-4,4.239381123127496E-4,6.766367657595553E-5
0.0027448988015662786,1.0826158767485087E-4,1.9420887083303038E-4,4.7567978519082204E-4
0.08993386727066598,0.02266657327459316,6.857297363909241E-4,0.0014949685538829128
0.13760915759677714,4.4123785208267127E-4,0.00355017806199121,0.003571838677637492
0.20228188877007824,0.02542458912025267,0.006988016736702581,0.00564243802861216
0.019047539175217648,0.007744862246965364,7.576957782611677E-4,2.628940718257975E-5
0.004765242362972477,3.362488535269202E-4,4.288187690358328E-4,1.8859809947560684E-4
0.007407371342966013,0.004606144738021367,7.712544796712925E-4,4.883593689638799E-4
0.01159277704288214,0.005737521505856656,0.0027529984915134822,0.0044323061753854184
0.016116625717412802,8.219944600196914E-4,0.0010239218340293526,7.61061432319463E-4
0.002297714901096621,8.76688105670466E-4,0.0017574138052059549,6.359775459646041E-4
0.0013673706572337923,0.0011784100657947568,6.177310381572878E-4,1.8391525721627908E-4
0.17199577128402171,0.005116326793436375,0.011678012546660661,0.0018699878799027718
0.016847841252218925,0.002808941295260498,0.007107111900013359,0.0021155318346550004
0.14890170503707487,0.0020326982539883172,0.011656225445307427,0.0016527130529673827
0.001069518716577541,0.0016898395721924222,5.604278074867165E-4,1.0502673796784729E-4
0.10674134734799127,0.03646085859865763,0.002989698048847212,0.0012868239699749676
0.029476161638317303,6.206862600316865E-4,0.0015938206947054398,6.754010170937661E-4
0.032686686344803165,0.008330541420771395,0.0025767683038667765,4.129760805554424E-4
0.007144930634927291,0.001733720876497581,4.934327968654737E-5,5.682587411872784E-5
0.022782248453353963,0.04287017835466792,0.019805842026008155,0.009017024623663732
0.012791505976491752,0.0017353089292706585,0.013274764642719483,9.136851892732088E-4
0.09271673701458627,0.06807640514206677,0.024668733758093243,0.00977661250275471
0.016672682925171496,0.03078412131993155,0.007328268265403828,7.004817772122491E-4
0.0019531484693031554,0.0018546574730938584,0.0021660576873125293,0.001125831357374754
0.06868216591710408,0.0068266549312237185,0.007858933251738897,0.0015722208560965845
0.03346678415452851,0.02757337030954359,0.0014666217155032194,2.872543308298323E-4
5.709852605776119E-4,0.016481634594982423,0.0044744475359484335,5.683827560354986E-4
0.009193877962051688,3.323984285676788E-4,6.705620679544235E-4,2.724360838897616E-4
0.015695395773510718,0.0070907360881208095,0.003873519908818157,0.0017638226733959364
0.00190744794144114,0.004550354231191197,9.361479669390057E-4,4.351720610106981E-4
0.009049846769427891,0.01572126698540029,9.906119125315963E-4,2.623312597085191E-4
0.013443330062017844,0.0037015220476579133,0.019379579329819364,0.004345388895066946
0.0010311892852053074,3.675864579273326E-5,4.7459003535604485E-4,1.1084168371184177E-4
0.06833945112910218,0.014168921468406833,9.005254074963439E-4,0.0012536801404282743
0.37245788828003673,0.20881102434275348,0.007727453383581037,0.09689180101085192
0.0976806919241729,0.01986220565807611,0.004072539267306194,0.003565160269062671
0.009564394992256147,0.0022454458292746195,9.525595769791236E-4,2.1273525782270324E-4
0.015613152672992446,0.012294343540331893,0.020231830665996223,0.002950367084333937
0.002126597375618296,1.6080419126883753E-4,7.018592894721652E-4,3.2210722706535336E-4
0.002584712460757389,0.0010484783172012085,0.001613946928820704,4.3314015144008057E-4
0.10307464768753766,0.023037910467828746,0.021044558798032638,0.005609948847310662
0.014612981746745588,0.00692791484483309,0.001721140102958444,0.002687427618044276
0.12041514644686267,0.0032834550295040323,0.004783232344141475,0.0017927631407228092
0.16975363343267938,0.03639555529218839,0.00101359297412749,9.448903494465344E-4
0.016430134695139063,0.011508427488134004,0.0025778724181178066,5.475144115552092E-4
0.03921038177351781,0.022028514990441346,0.001335023635316453,6.42360779881699E-4
0.0012385509861538172,4.40748953984609E-4,1.892256959885512E-4,4.718510522234968E-5
0.02411171065099361,0.001147326778253827,0.004540059212812287,0.002045311942779244
0.01591542935321507,0.024214910762305742,0.006778628721843908,8.000642500580631E-4
9.358611942046783E-4,0.002148379317123113,0.0011647508651544546,3.242528572303528E-4
0.03521360742753205,0.05265567764598163,0.024323060184912648,0.009146254536963775
0.02306759182056566,0.05256907875069481,0.025814391050301744,0.006751175652880253
0.037966784964847754,0.019721647521614823,0.0011161840965380934,0.007960962126724695
0.002782056868294141,0.003992040164138982,0.0015188616225250405,3.2825108135103685E-4
0.09333623654666068,0.01654968276387189,0.006273293807141745,0.0014268207139623641
0.07759168919381322,0.018234230242525882,0.00789407028446559,0.0015510794035353173
0.062207405714172104,0.005873562410401173,0.0048244230020497445,1.9962658966829908E-4
0.08756357659859139,0.02975149375391465,0.013505123271156114,0.022252003540440046
0.03215715472565753,0.020073896661676246,4.532713191866461E-4,0.0017116095717233254
0.11875713425210446,0.023590839695013997,0.005951400483839175,0.005213426457560313
0.0017929116945552951,0.0010278845745151904,5.484337790290961E-4,1.1438716149521626E-4
0.06354793317457762,0.0024427443529342003,0.003077605870786189,0.0018924483330560037
0.06295965824390824,0.06077307014519877,0.020151416691295696,0.004337568174061442
0.0016275003195567335,1.492814159329615E-4,4.3780657562285586E-4,8.883523958208477E-5
0.0010621340782557577,6.704628232207659E-4,5.310915324507589E-5,3.89150759815057E-5
0.0029520250169660545,0.0012639420474197627,0.001586075695189943,3.145198722724569E-4
0.0015996807129854084,0.003042874180276514,2.201123417670149E-4,2.648104285426582E-4
0.015081222987450026,0.005574624622103191,0.0013676113242461064,1.8998777718408079E-4
0.00925727642010507,0.013013472484371905,0.005156920495562343,6.586438969991146E-4
0.06236444063419863,0.07466123797448712,0.021016362122840172,0.00204770485087173
0.07737314534992591,0.02575488043747205,0.014478956977904153,3.146786368281731E-4
0.007160220327643202,0.003056980636008329,0.0014317043513694884,5.779164165264854E-4
0.14422243093987663,0.018935687492585358,0.012317670423447571,3.658126186035556E-6
0.10346510918710668,0.03792883989899535,0.0019648087738752523,0.0011429636836203288
0.05443316864367137,0.009226993670417504,0.004747007445543299,0.0037430245367333524
0.008995160906992518,0.0017905584765167237,0.0180303685163237,0.003830991503202158
0.00910764904591022,0.0025575730232719487,0.014656058914673916,0.0018864870141264368
0.02000229774267224,0.021471151045309753,0.016606990144219323,0.004451032030697845
0.05936081470533625,0.0172257088685433,0.0013028676140116552,3.898941107915651E-4
0.04344183801708401,0.012173719651705243,0.0034844427574538274,0.0014075610777821933
0.07032326156674605,0.026303307870320924,0.006819452687830704,0.002663877554227822
0.05347180236805592,0.012502395540859359,0.005967206204511917,0.005649020787706211
0.06235988772844128,0.005793398684874175,0.004813978057409383,1.9122015070962583E-4
0.07029664981172633,0.010932666899337628,0.0018130030085412433,0.0025544401465357556
0.11285300028734971,0.027281248463043136,7.819757617470144E-4,3.952513975717132E-4
0.10486434488196815,0.058289757995458505,0.0676310385393724,0.002485766617656699
0.01916430430603802,0.0023861648187350473,0.00952069096303686,0.004778292629637934
0.0701424089185167,0.015778728928087942,0.00563903069412765,0.0010554742439828006
0.009687852757357089,0.006574632076940848,0.0026917592152742,4.1259374857159783E-4
0.05057660149785766,0.014411630385001711,0.0012500806235880237,3.134926758111231E-4
0.0029650744011740487,5.327681584785151E-5,4.0011987426589996E-4,3.189358278725719E-4
0.00559230223576801,0.00815660603443536,9.83522183638175E-5,2.0883855929295316E-4
0.1450632059750822,0.0495456373307029,0.006667096938378571,0.004891655945723061
0.13718652881257107,0.10504188957712567,0.0026211775408264745,0.003059704601498656
0.12055681983522515,0.005996157132989855,0.0054166100630763225,0.0019298763835205565
0.06781181577733675,0.018156066458320873,0.007007149267736791,0.0048132512049132384
0.15187419712427824,0.006862281178632481,0.0019176987873501215,0.003518011718357304
0.007255594388266277,0.020666499872408643,0.005888158017099244,0.002872542881857301
0.009148906081171037,0.010547128214172438,9.057606831872431E-4,2.4847675660780177E-4
0.06609446365295404,0.018722890764704164,0.008367167731977522,0.002745257518801722
0.15430152353517335,0.021549329215735213,6.493005779242435E-4,1.8681706112724008E-4
2.509803013169312E-4,0.0011392146107651183,6.264092537373833E-5,1.0756731366417605E-4
0.010312897335113676,0.012413007832468119,0.0018187729648083204,1.5607370885827515E-4
0.0010107244425791714,0.033031033810953216,0.009941266784327597,0.003571957715162772
0.008463194365151581,0.0016923735614866673,0.001114611746850593,1.1817006192783409E-4
0.009039618572763756,8.947198222750025E-4,9.187354992512885E-5,3.00881124421965E-4
0.022261303627381948,0.010033567389830175,1.0435643004676875E-4,0.001539126002723463
0.00257329421127419,3.6012744312484066E-4,2.6018301484573693E-4,2.9461833945902756E-5
0.0261045414078803,0.002234869219553309,0.0015817666913358632,0.00239346455584268
0.04759012751556279,0.03461940997539998,0.0061814568956596845,0.0013998643783904234
0.1229257742753232,0.0058216647807801565,0.00928775827447803,8.54762579965588E-4
0.005270152435215596,4.800769540496991E-4,0.0012152613883932878,3.9714767295863715E-4
0.2803553074549987,0.020667032671650216,0.011447041915070443,0.012167313176935998
0.036408833589521294,0.003712432971440527,0.004913204623696438,4.693206379836342E-4
0.015569488546756435,0.011355535886658254,0.024544064198626758,0.00799184758861365
0.2767272053060632,0.0072708525300183265,0.008274184061018895,0.0030930367840958264
5.352482821480874E-4,0.004777658399350069,0.001513355299348816,2.631223461994301E-4
0.030375428383782283,0.002234489728944436,0.007115511327067424,5.83349220895037E-4
0.16698659193534787,0.08131237411110515,0.023129790693605604,0.0020881215438720833
0.012632716803686116,0.016633567535655803,0.0020187123373963498,0.0011425435649572357
0.006011909971995544,0.005397633313482054,8.493643625466078E-4,4.200031028007673E-5
0.03963977767082983,0.025434392766157346,0.008293351456606533,0.0017499103816207737
0.004729096156977026,0.03824680625915342,0.0032561218323709016,0.0014328511551293663
0.01967125539670163,6.906869142712599E-4,7.698471746906653E-4,0.0015619285304480832
0.021784287072207097,0.015565203084477498,0.0015151064123719313,0.0018023453828650614
0.0644494454792938,0.041054039400313394,0.007688646960894094,0.004259540539686343
0.0059355379378428896,5.18683437781254E-4,5.978073833726407E-4,2.578390831539444E-4
0.008806064388572241,0.03023436978856131,0.007157022459799542,1.9045809833345917E-4
0.04322085069026687,0.0021766613548517776,0.0024748199115238773,0.001454610631506724
0.06661130017991805,0.006676957031576424,0.006832216869435686,0.0015778187441746676
0.10325461174725552,0.03215389317980127,0.003342439640866996,8.513004354711904E-4
0.03285604727583238,0.010878525702226097,0.0011620450276709643,9.796886582645024E-4
0.020460619916994684,0.032228811454874294,0.011394691293655699,0.005177991829892215
0.016413724655771067,0.04133453243444151,0.01709706863697664,0.002667465763437917
0.02776880508933684,0.0026861352510245927,0.001982630158826128,0.0018043469021218241
0.07642045823585493,0.007346336434660358,0.0022265874821782573,7.756706991175897E-4
0.006016079631460591,0.0014996953600327323,0.0016548041039622056,4.930761845945431E-4
0.0015893645225504385,0.0066025836118272846,0.011845470785853959,8.914419111122006E-4
0.04824448813229282,0.033347560566846506,0.007101021713895802,0.001731082454888769
0.009555026552471238,8.356517657619961E-4,7.523869809323915E-4,9.051348456002153E-6
1.1137447669246067E-4,0.008603011348596383,0.0010632335051579298,6.276824618430913E-4
0.05734228956068347,0.026904422160495628,0.0019411554950469762,0.0056361034654389885
0.03282335337371828,0.02078640983051122,0.0013658851511193367,0.00201797452166752
0.001211790343162536,0.0013526756629878484,5.174797294935015E-4,2.0803114564281903E-4
0.03764454843933493,0.08763016733032562,0.012897215288081,0.00537697509521258
0.03732109252202399,0.025287415423543565,0.002244274830736548,0.0015624528568120829
6.669258858052898E-4,3.1123129452933135E-5,2.0916207918645653E-4,1.8690346171159258E-4
0.1387759542065453,0.05945312370510732,0.006739408018182732,0.004252535263858735
0.003980452089192697,0.003121570193103297,0.0016084085179649756,4.453750100366378E-4
0.04332249781306874,0.013134948176656681,0.013683431065168004,4.137273423701102E-4
0.1064902000827257,0.017003839854080525,0.0015997379168293593,0.0011542418775039788
0.14996610033742389,0.020047567164952197,0.013030051768113088,2.1002526587876374E-4
0.001745344019435935,0.003861160188255917,0.0014669176535827778,4.054320408037367E-4
0.015073287968446087,0.008025917781464078,5.432821043731207E-4,7.816582538241303E-4
0.04227542668815428,0.01502738480090451,0.004355843591338941,1.092153873717124E-4
0.06648789859474745,0.06591013314684585,0.013185926338100434,4.124989373897059E-4
0.12319907898352084,0.0246856249639226,0.004781352425621978,0.002106975542383647
0.01002162128052082,4.1051007563953706E-4,1.1570633185064644E-4,1.769466543562093E-4
0.067780559463213,0.005805069940742936,0.015206042474783202,0.0023817590184982166
0.09811898267868042,0.0038704174031874627,0.0034858202747206075,0.0013692846072325515
0.0020237225065344593,0.0031636505283830596,4.647848441573004E-4,2.7153680216656766E-4
4.0404040404035953E-4,2.2222222222210804E-4,9.898989898982977E-5,4.323232323222068E-5
7.224060646736941E-4,3.755757196711347E-4,7.028832272777575E-5,1.8115592596628351E-6
0.19061077064452023,0.018072432738193617,0.004521598221035123,0.0029976413234151077
0.026231004799905845,0.03521523194160652,0.014051981030050776,0.003462583921947128
0.10437486091995109,0.013664156312955046,0.010355042992855501,0.005122592709665007
0.09144359697327237,0.04602652865397829,0.007373447658028979,0.003079219325418829
0.016847841252218925,0.002808941295260498,0.007107111900013359,0.0021155318346550004
4.342197935177425E-5,2.1096480576221667E-4,8.624098098453026E-5,7.183091402568385E-6
0.1279598533948785,0.0028138643048929387,0.0024186067682885463,4.185387364393035E-4
0.087676518604588,0.03461063016467492,0.0060416594109714864,0.003171938534913528
0.019151282502673086,0.010204672042066045,0.009417807321325723,8.895372901435391E-4
0.029037533966084907,0.005873712405283987,0.008853580593015895,9.231143846188296E-4
0.05941356163268817,0.01252139280448371,5.868287493207599E-4,0.0012559800504048574
0.07236058355444486,0.005124326224816808,0.0014927963333709819,0.0020773113146900562
0.005893686361974949,0.02321713992889282,0.007514874555110498,0.008100439813606194
0.03317991520510482,0.043406976750955985,0.012172535394514055,4.202527467274901E-4
0.02062916364328335,0.001994897553608518,8.833741863012829E-4,0.001753915777583772
0.04314626011431383,0.0014316430979995406,5.394616061414134E-4,0.003547424003008013
0.002162423119970941,4.288720045864283E-4,2.1660532446557082E-4,1.9356480646544447E-4
0.004329959505353325,0.0015432346798259057,3.049354194799163E-4,8.499051602709134E-5
0.0740492667828026,0.012243472115914577,0.006086641933838802,1.361887527851008E-4
0.16698659193534787,0.08131237411110515,0.023129790693605604,0.0020881215438720833
0.28227807191639526,0.07967606381374859,0.019926757410873755,0.006133429324165512
0.04247385131094628,0.0142865535677821,0.016740569281107554,0.00516031153911166
0.06540986003947599,0.014814818243717817,0.003396199015132574,0.0017248704195559107
0.02967567608543792,6.843464698828495E-4,0.001467053577997923,0.0037402538899844267
0.00497185449677765,0.00183780422406751,0.0013001749668812353,5.532230614566686E-4
0.05614309880804554,0.0048058854908292975,0.00775776243066047,0.0012586308621727526
0.003612502544081607,0.0014944632022275161,7.526852135474561E-4,4.147766356817028E-4
0.04766146912524008,0.03303189310340806,0.005526843199639799,0.0013273845876793397
0.03583341027490435,0.004612955844923768,0.020941544206409233,0.01232984557259711
0.0017192364401934412,0.0021633879706132106,0.0012795056964644462,4.2669068459622646E-4
0.0030515123203367607,7.494005580216904E-4,7.488993329468178E-4,3.3059639188768827E-4
0.023728349376806054,0.024247433304564903,0.01198132990039923,0.0024665468079816543
0.022306846881429695,0.0058040243800242435,0.009937644578192966,0.0013677999738330783
0.5195499540122906,0.026829522608561616,0.03265595922006376,0.0012764428625599371
0.010143299545730242,0.02320100630774281,0.019998560733831886,0.002337604979220378
0.14049628088343796,0.0021503687704490194,0.011287556562503593,0.0021072369737421288
0.05595124445484895,0.006585172210179258,0.0033640892496735733,0.001216461855897985
0.04925055601772521,0.010155361767896921,0.003215090320861124,2.4889239849174184E-4
0.002522228766186349,0.002558303570578694,5.794318531903359E-4,2.875343125656419E-4
0.00698866215545913,0.03363945177370174,0.013012961986300187,0.0028042130283714105
0.00306348508348623,0.007946127322260677,0.0015162248288609107,8.064202601160214E-4
0.006951555276712914,0.009741460322122173,0.0031618007334383,9.208473560564926E-4
0.002776414686739992,5.918796827994959E-5,8.589983721603875E-5,1.073322311046058E-5
0.12934778817646464,0.030729823113892486,0.0024033346735179233,0.002035141670873097
0.04278398944692497,3.5554526260654667E-4,0.002417271238384993,9.264419193038703E-4
0.07327804160725629,0.05122589186539878,2.2912277481074248E-4,0.0032367979738536726
0.01375667905144188,0.024101940385366397,0.017058758924954436,0.0029146109080394503
0.0012203376740882353,0.0011888644236048337,4.6063541649864643E-4,2.0684019376043634E-4
0.0028759825712473468,0.0027806327931461433,8.96477445703727E-4,3.9496974050329053E-4
0.08323952298069806,0.016332014301718965,0.003664166619897965,0.0014661418252846828
0.011291114803523173,0.015971120198065215,0.008521155679397045,0.004101171017794736
0.01946377891785879,0.001645955235316595,6.458642488807783E-4,2.7971310001591396E-4
0.019387457049851245,0.012790488882385731,0.0015630478547843292,0.0037672988071694538
0.006663978097124921,0.001038494118655071,2.0682928315704963E-4,1.9823205112520241E-4
0.0803596300554319,0.019518803417484392,0.007322312963216049,0.0017981633467941377
3.4059898248117395E-4,1.5432541453928484E-5,5.475950363709794E-4,1.0979860076264577E-4
0.16933321876802057,0.040019681888540694,0.01952026432167237,0.004134906876685479
0.0037560570823727416,6.003914708350293E-4,7.245469826405523E-4,3.530702238883953E-4
0.15320931493257986,0.026937255696960358,0.004499960026539053,0.002370876648914615
0.030513450178922964,0.008244339144229701,0.0018921140454524377,0.0011866611671034132
0.5825495410477908,0.04874975858950075,0.04738790304354432,0.012882764353468561
0.06860760548945213,0.020407122745181683,0.0011308500346335045,3.5789210663391986E-4
0.00903124709373088,2.690535549496136E-4,0.0013274986976789108,6.399086012436414E-4
0.025652714067122637,0.01744678372968109,0.010719449516520225,0.0028266762751354866
0.13411533325184913,0.015798192631469393,0.0016093403163453463,0.0023965664673531984
0.09527130467810428,0.004559788108937843,0.0071840030850208545,2.463626266177937E-4
0.0541889656303186,3.932526016444985E-4,0.003965705519617347,5.230022308481781E-4
0.05934316347316047,0.015449662192272878,0.002121871549064435,0.0010568948964567637
0.0010613710147227315,0.0012941962387996453,6.718726215750715E-6,9.198198815753496E-5
4.343208890706475E-4,0.0019204746338131018,5.87342010734006E-4,1.523041735714826E-4
0.10478160009498882,0.05857360719610086,0.07087860083905334,5.605179506538601E-4
0.042740137142411774,0.015780399790738964,0.0058707167828623485,9.470702451278712E-4
0.02482702129629183,0.018616291065349455,0.013497831642442233,0.004803744172562107
0.001524839982353602,0.0034943946796692367,0.008259639287487667,0.0028080959481591276
0.004570610179881475,0.0033842246223714247,0.0014881823770607212,6.473779830520335E-4
0.020019023187101644,0.03751861769404615,0.08864440653672037,0.002633301223177866
0.010267465065004536,0.015934482892744194,0.0030996991025662884,0.0010765361695234856
0.0039283853250394055,0.0038697368368463387,0.0014132881647835706,3.010317827667133E-4
0.016206677130695818,0.01476822755172165,3.991504368158873E-4,1.7042391452568208E-4
0.01865722550864115,0.02898456720563316,0.004287608351434784,0.0026915493735181688
0.04622475934459371,0.07571594959416664,0.01607982843166423,0.0065232904084648385
0.02567461703866474,0.018584598044256363,0.0024084161724319385,0.0024501645411150906
0.0013673706572337923,0.0011784100657947568,6.177310381572878E-4,1.8391525721627908E-4
0.03946041300394229,0.009490979357659893,0.009430798825078293,8.66537139961859E-4
0.05118439204655174,0.012444604059316758,0.0021998002086119953,0.0010037030666924748
0.0024100639156819197,8.032494234059992E-5,6.106471897814397E-4,2.5967559739875585E-4
0.001602763339665706,0.01651778739820694,0.003997733972378232,4.5747807182215173E-4
0.010160485476822138,0.005020606540004941,0.001624525718194651,3.3754414239326315E-4
6.89125701378946E-4,8.329755174612862E-4,3.1904781300373165E-4,6.241004317766025E-5
0.018453574632639125,0.0154462087309344,0.00320097449046158,0.0020125192964943646
0.023056650031654,9.09377619848066E-4,0.0016313191456402525,0.003995623564708087
0.008265156341268547,0.02111358795238365,0.010163537768492367,0.003497083835021589
0.0032203905915866478,9.240720865940906E-4,2.624201579420699E-4,1.1303619958882574E-4
0.03194082483536556,0.004955106665948541,9.093990226453997E-4,0.003776913715787433
0.17021408078963185,0.021317303958409306,0.0063021921065913025,6.430447398464915E-4
2.3176249074094397E-4,0.009621373051530234,0.006336677769530448,0.002589510537425482
0.032154154702500846,0.04433020341314375,0.010457911674880504,0.0032593062111083678
0.02798792667935983,0.0027922158114154975,0.0012539519633922728,6.855780000502817E-4
0.006249544917226441,0.025301904380178555,0.01639482812266897,0.005342464613125132
0.0353771708487417,0.025818528780170297,0.014256099849787778,0.0037995939128169357
0.05070489988329417,0.05846533530026979,2.674058122658069E-4,0.004506461018041004
0.07520587097528642,0.0034218047161127356,0.0013708116981288035,3.266589941002134E-4
0.028352869199630638,0.0496839539409269,0.01822285216935766,0.0016660423123828858
0.04985134412136636,0.007942705753487487,0.0022182448148829717,0.0013696234403775378
0.010690908321500922,8.007088484286404E-4,0.005210801704706192,0.0011511208214513664
0.05285510313773875,2.593190745678887E-4,0.007758523453388723,5.103239675051727E-4
0.1767359532485279,0.02358235653080611,0.008595747823502262,2.722112173227558E-4
0.003768981285481254,4.3954108160112413E-4,6.776231022025432E-4,2.3193529307990115E-4
0.06081952380561219,0.02999288536599313,0.004312107187685235,0.0029303800421901366
0.11800275716585401,0.041178294240142604,0.006109092516625511,2.9329946545296416E-4
0.0031127324107145947,2.54553798487551E-4,4.46255937880218E-4,3.087196037818007E-4
4.8326300448511096E-4,7.441110903053499E-4,6.952582897620074E-4,2.534176738795693E-4
0.003143600448789089,3.2878807430196475E-4,5.670991920574378E-5,1.0391628700144167E-4
0.02896087941925492,0.012353471035688486,0.022150547355721716,0.004004187356412785
0.06049480268035466,0.017358182942557393,0.00358179646809904,3.8532879293584605E-4
0.059360359872650814,0.00786371442652174,0.012037985576999555,0.0024509425133148128
0.008575730297390817,6.684016947791393E-4,8.087620841741274E-4,3.890058681237609E-4
0.004731354340155492,0.01595814269690831,8.147855684320596E-4,0.001316093218982008
0.006339555655541862,1.083171255926335E-4,0.005428485503131972,4.1795170040954564E-4
0.005398266067060278,5.643341757121639E-4,1.396124803405145E-4,1.6935975205719915E-4
0.11026273649172848,0.03332652525193229,0.013337577366996721,1.4464352491698706E-4
0.004508026439897368,0.014959461419197273,8.671919071242494E-4,0.0012792949760428813
0.004786275065404022,4.4196614333566584E-5,3.6509764077272404E-4,7.759848050745769E-5
0.039695892371872855,6.678610394435789E-4,0.00357304144732358,8.918854427741507E-4
0.003717164872468453,9.209660891192294E-4,3.471964296413463E-4,6.304772750142864E-5
0.2599178039283551,0.08745656632812615,0.019145382830964747,0.0028023961263030136
0.011676797298104136,0.0612804338684117,0.009835856295367668,0.008792223362365714
0.06740399170959895,0.0756576690773894,0.020804208178011475,0.0021310410988901207
0.020013719686619334,0.03989663201132349,0.016634992329292685,0.0027515725002552906
0.0011519667207883966,1.608727931499715E-4,1.3465255089177867E-4,5.280037688595773E-5
2.0857527041696507E-5,2.520185287531917E-4,1.0047798339829057E-4,8.474821315773793E-6
0.09217750049776872,0.027972684290211536,0.008024682194760957,0.0034339211166474373
0.00283666886625636,0.0020578205866685494,3.930139903800511E-4,1.2975791656282055E-4
0.07583555633239618,0.02289150265202455,0.007685569526307713,0.0033485135491407446
0.004570610179881475,0.0033842246223714247,0.0014881823770607212,6.473779830520335E-4
0.03777277119870308,0.017153959788371094,0.00663746282527516,0.006555906427101832
0.01125549728227473,0.002837316555226607,0.0011329222935301455,3.3793871683469786E-4
0.03676595681523147,0.016349993423914126,0.002988901590993513,0.005995815342612158
0.11011213114171589,0.01598292465997046,0.0010766836361418954,0.0012047629536423255
0.14609197502517093,0.048966050892889745,0.008264301991945354,0.0013961527175169034
0.007004931792162991,0.0018147308950163567,0.001427354741766602,5.893143677328128E-4
6.018939495539502E-4,5.145714234713303E-4,2.332728971643317E-4,7.950014905550409E-5
0.033696597871320906,0.019915061139795246,0.005427476291121107,0.003367149749676982
0.0062586819558597745,0.027408894228770107,0.016634808484300358,0.003898329778290449
7.117365801596557E-4,0.0021989952939345863,0.0013549503284453566,4.5602404155417446E-4
0.02518471414610192,0.0069096592057497856,7.79141895268128E-4,7.44955117317729E-4
1.350760083202197E-4,6.0472795576399E-5,1.2185542832493209E-4,3.02705475699627E-6
0.007201481226271101,0.05500490466703865,0.02833516689861657,7.036315265806603E-4
0.007933624320054811,5.296679695213432E-4,8.641086745394824E-4,3.4698255193078126E-4
0.04919371172304166,0.004471664076246589,0.0031803504680854846,0.0025030044010779643
0.03333333333333325,0.021333333333333274,0.006999999999999946,0.00670666666666662
0.11169167402011208,0.06873020523001518,0.004360437011780249,0.006292721639101248
0.008558306116199446,0.008745810240189769,1.3114361406519636E-4,6.719573664605138E-5
0.025548777495476124,0.006870832300352391,0.004424913800745248,0.0012094776777771652
6.79943227333055E-4,3.5009456884521227E-4,2.560501241588064E-4,2.098544697515336E-5
0.10472015412711544,0.01464334427916898,0.0029777861515339274,0.002580172608781647
0.08431483872522867,0.02718640406160604,0.006572926928136095,4.2821903637756364E-4
0.005048968742379868,0.0017433579128388606,3.4736428918315617E-4,1.4383431950578058E-4
0.0035747484756298744,0.0013607990698841829,0.001161361975164187,9.469435012680804E-5
0.03086954501765398,0.00892263619800214,0.005401919928368024,3.5528671017767585E-4
5.470242357003023E-5,0.016620152764576273,0.004326152243082035,3.6269555381766275E-4
0.01143901461775348,0.012602967688986211,0.01308286276464445,0.003053700649245306
0.001716434818313463,2.905391594016538E-4,7.531644060923342E-5,4.687200851294042E-5
0.008237153531435289,1.309629126726333E-4,7.560141369207496E-4,3.7479354703040925E-4
0.008155035279904787,0.006641533638584649,0.0026782500666309487,4.332592678159806E-4
0.09760545614272742,0.02117871099622802,0.005729423982124596,0.0030176374619223967
0.04766253467650347,0.001724523643922549,2.33801724967084E-4,2.914470423774441E-4
0.002363926816719435,0.004462403393813723,8.276315431765903E-4,3.8445546246050415E-4
0.07783888355902722,0.021597524303722,0.004317162594803209,0.0014662217866171826
0.010825771879550927,0.06980665718719592,0.013756001221384774,0.008012206254131233
0.009792715240929969,0.008392056444032656,0.0026191417935469575,0.00239391205635266
0.10664113799244505,0.04008710335150044,0.006227415872648768,5.498625433166785E-4
0.011927319456377636,0.006915199345839034,0.0022911305184120656,7.003943406781226E-4
0.004140099941713327,8.667292018576599E-4,0.0011473715361440347,4.2976851189261133E-4
1.463761178894501E-4,2.0871528202825017E-4,6.820421601398774E-4,2.7358124255111077E-4
0.025781293555909846,0.011244482321868117,0.005649510718690889,2.475693584107233E-4
0.07800238686385445,0.0029065857313888962,0.008561302923763676,0.0013390766890534836
0.0015585659572499905,2.3212496974053275E-4,8.366473814843212E-4,2.1375916514643328E-4
0.020395821560350993,0.044630952461719046,0.03102626029719282,0.02946327710898239
0.03142242242571338,0.047113281641216816,8.367667092137949E-4,0.003553425554375159
0.055748069820733805,0.021703583094834323,5.691686815812879E-4,0.0018975625389994158
0.1748155499571268,0.08110907425996061,0.022557077850545164,0.0020049601449883343
0.1092298770890744,0.006673259378656648,3.14857920435885E-5,6.870066713171447E-5
0.044051343247525986,0.0013163642782733557,0.02306939369654881,0.0035199968645340156
0.036918904154183085,0.011023386642240547,0.0013133486462241768,0.0011983407383323811
0.0015057246573762363,0.0015010332238916213,6.418514009686665E-4,2.3449670424311798E-4
0.0014645268308769105,5.71425510201255E-4,1.6522141257228106E-4,4.3537306184208704E-5
0.0013820155324961707,0.014823752923899878,0.023743116447997672,0.002669246090257579
6.951334679764352E-4,0.0166475154624136,0.0053693729534569435,0.0012497358366620867
8.566108584119266E-4,0.00574275692712658,0.023135463116191853,0.003588331351800337
0.016157655658611488,0.047003055790583136,0.012398102522031733,0.005465513908793909
0.050162346849696705,0.010677627183190132,3.034677556215169E-4,3.5744611994636364E-4
0.007471146390214002,0.007279134244062438,0.0043709620719062136,2.0996264267206084E-4
0.003750330768594573,0.0044196334216825795,0.006185567577079379,0.0053200563956243545
0.008715083798882714,0.001474860335195517,1.9888268156425864E-4,6.681564245816118E-5
